1.959478962 3.630453677 -20.513375858 0.646129358 -0.640652359 0.379384694 -0.167775630 4.680524520 7.819427299 1.785593493 0.945330284 1.482814887 6.259673017 8.169913218 7.118380739 3.797432240 3.089289982 5.426953758 5.964517476 3.118205367 0.689770646 1.539734137 0.620509222 0.661458589 6.579088275 11.613446424 4.853614041
-0.508321869 7.741960989 -29.140084784 0.381676953 -0.796136357 -0.165864714 0.439293183 5.389335698 2.276430332 5.449401722 4.901999946 4.785132637 4.082875546 8.720790227 8.408862004 2.110698439 4.280888382 4.204520069 2.224255179 0.876124438 7.791654095 7.045073437 -0.443346027 4.494438179 7.702576539 2.701822025 9.191076454
2.906431078 12.961384981 -19.318870959 0.337531628 -0.935222595 0.079905912 -0.071036211 0.247754824 7.539479439 4.913965262 4.207692398 7.587401854 3.009399048 5.201088785 10.404660755 3.434003403 5.440432477 5.529163053 1.265852062 5.794507333 4.301880055 3.710641154 4.712011714 11.196776285 6.546766106 6.450302091 0.894079351
-1.998915229 -1.663593385 -26.266977155 0.993290732 -0.097474809 -0.023617879 -0.057570638 6.573284538 4.191169541 5.049143110 2.808388004 0.633647842 8.466016681 5.701955554 11.706528144 6.779434867 0.985351508 4.555499836 2.207857228 1.565911379 0.220060810 -0.308598129 4.836534678 -2.736389571 7.479168287 5.410525004 1.204023411
2.520975311 9.355140985 -28.015368821 -0.145885309 -0.906473846 0.301099731 -0.257607442 2.412585910 2.476827137 5.816141689 5.066611116 4.616325914 8.286570029 6.829966681 2.785545785 3.317767188 0.924099590 2.743442158 5.475977189 5.360761630 3.951968504 3.626179999 5.051779601 3.496264950 4.967798540 5.428108432 7.614108179
-8.441994175 10.696743672 -15.917290048 0.760538799 0.411327853 0.000690513 -0.502383973 2.419871003 4.968988873 3.451970359 6.197259801 5.811877883 3.284298955 8.970022489 0.766892437 5.493939447 0.435080186 2.022525563 0.924746694 2.760605730 9.856630761 4.727483536 1.585275018 1.612120362 -2.481264423 5.371247890 5.713812661
-7.828983316 11.741072699 -18.320077584 -0.714591142 0.560819830 0.181338245 -0.376771893 5.435712622 5.185145799 11.871560592 1.488363879 2.356901575 6.128197124 3.938241892 2.713962968 9.356331597 7.108941165 1.308270261 3.641114279 3.446787344 5.209380378 1.434037406 5.526942938 -1.282935940 7.549728208 0.380203648 3.648907148
-7.183116821 7.360137787 -12.781182896 -0.035476224 0.977473826 0.177994736 0.107722936 5.509565362 7.946073047 4.252707010 4.560652365 1.201882398 4.979170913 9.050938567 1.996316159 3.547096019 4.140774299 5.941905950 1.177185776 4.642192307 2.686148566 1.204068525 5.881594006 0.495410602 3.897521069 4.057310551 2.792839670
-4.518504852 9.597298096 -21.237451763 0.726029069 -0.268609968 -0.589317191 0.231161685 -0.170579201 5.592618215 3.117755884 4.273674618 8.929299624 10.050243780 1.950010544 4.750570503 4.626034132 2.694802930 2.514243620 7.211726339 8.007316137 5.378629301 6.838146229 6.828304340 -0.252032706 7.212631196 4.544785241 6.067397560
-1.342631750 -1.117690378 -21.318583747 -0.618811126 -0.164068404 0.701819665 0.312415600 3.905592580 -0.255347881 2.596799218 4.611585315 2.846420596 4.825732395 3.646949136 3.275722983 1.775820264 -1.407707683 3.555028012 1.330262102 7.507091538 4.663111469 9.869359287 8.869701430 6.363018636 5.260797245 6.011300593 4.669612839
-2.967703931 8.166188411 -25.720882813 0.071089572 0.565680783 -0.801605375 0.179945402 3.528653601 8.626494149 0.851018335 4.245876217 2.973095962 3.549479347 3.393074461 5.404115395 7.893719528 2.020028252 11.187679284 5.930315574 5.601100866 3.215333223 2.464881657 3.903350584 1.924950769 3.397286374 1.143780495 2.760878206
0.900690572 9.753155916 -15.859387045 -0.295161333 -0.149405102 0.794281793 -0.509582512 0.276205823 1.215837700 1.025555218 3.391953462 5.708322076 -0.311999844 -1.453365474 5.688126410 6.406209549 6.315398278 4.921504324 2.620807665 4.459306688 0.757748895 -0.400731988 3.835952633 6.381750257 3.029553741 5.895022893 6.859816198
-3.603866908 8.481818433 -14.194680175 -0.563600230 -0.418177743 -0.168667994 0.692122289 1.834715191 8.476022372 2.756892690 5.033426989 2.834890063 7.288868528 3.852307766 7.979663484 1.867582375 5.448477382 13.568992322 1.478197776 3.264489507 0.609227851 7.397373230 10.141292832 1.150828878 8.646535804 8.061261649 0.251956541
-11.166209715 4.400678809 -22.165621582 0.028502764 0.650835690 -0.657284825 0.378915764 5.620958673 8.191885396 8.775931654 3.101580792 0.683127239 9.492921947 5.218851216 3.517571954 7.296517353 5.356187649 3.301840663 2.382891456 9.450474581 7.082172902 3.654616647 4.510140535 4.270202564 1.971443744 0.376535358 7.771440001
-9.895653974 10.209564891 -24.561544996 0.020664262 0.150025600 -0.310340049 -0.938485142 3.198977471 2.066546357 1.003078802 4.926318502 3.771549269 1.170203011 5.908003196 3.448070662 8.072584053 7.174274437 6.630401289 0.385851977 3.000985100 4.089890891 2.489068536 3.177935300 2.857574027 5.217494365 9.501915090 -2.064692073
-9.610781273 8.416762053 -21.798868352 0.674012982 -0.309024611 0.017101993 -0.670759131 -1.193570442 10.338399572 6.083628731 0.741982761 1.615263381 -1.061996215 3.572391684 8.672922438 5.412288355 8.154372667 2.565184102 6.553233535 3.018992536 6.127861061 5.563763505 1.464676106 1.378261950 2.389902386 1.318162293 5.178468089
-6.689528596 14.093627510 -23.348310764 -0.765924960 -0.590097868 -0.124121550 -0.223018613 0.395462817 2.149782504 2.009625821 -1.094612760 7.773536883 6.687385201 2.816114503 1.792932701 4.045879706 1.103809762 8.453194539 0.133530535 6.805090793 5.203284390 6.594540141 -3.562471941 5.367448307 5.487402011 1.675561202 1.572626337
-6.610042361 5.431099529 -22.336343347 -0.605730981 0.404303710 0.519054758 -0.447449043 -0.495256584 6.698160249 1.011941328 2.911377410 8.602998952 10.471483247 7.859668139 5.136319406 10.449503202 2.632655736 -0.910110955 7.569297468 0.474347004 4.999755627 1.685402510 5.595901810 1.368765374 0.217919485 2.198333052 3.798670695
3.379829033 3.827911227 -18.153326059 -0.079723434 -0.107566819 -0.296214799 0.945690407 3.442799619 2.860229233 1.268270023 4.005560400 5.942118725 6.298628175 2.752186158 5.620986503 8.073276205 -0.258399182 2.234456939 7.409668087 10.514424890 8.869779791 2.177629110 8.397663796 4.171443791 6.333244438 1.687972294 2.573830910
-2.600197219 1.649223801 -28.819385534 0.242160347 -0.869178011 -0.384704506 0.194654553 1.753330622 1.762231158 1.891101621 2.222012689 -0.078497488 5.434294889 7.597119760 7.147482093 -0.025333556 4.801160190 6.308154135 8.176834576 3.091554194 2.457101518 2.292536074 2.886268608 5.468018996 4.276102333 4.779412369 2.500474250
3.585798625 4.033767441 -18.599459946 0.546105619 0.369537806 0.602488866 0.449686145 1.241035763 3.089428255 3.399487092 2.638819109 3.976778116 1.621506586 7.390375761 4.705514213 3.206955320 5.283265616 2.645009081 3.744766364 4.522752046 4.857410773 4.475747108 2.940455588 5.094139312 2.631607691 1.309791217 3.069244097
0.821811051 8.625152198 -20.457103671 -0.839844234 -0.391802095 -0.116450634 -0.357200266 0.837548817 5.141943103 6.168393942 -0.179034924 0.980841750 3.787853403 -3.511983966 3.476674548 3.100677802 1.259173717 5.081398185 3.997734944 -0.582780617 2.604962985 0.915964656 3.745850788 1.087286339 0.529673090 2.148350164 4.348806001
2.437284697 6.036395729 -15.812415432 0.103210277 0.750216836 -0.150376511 -0.635538545 2.470449757 -0.242802775 4.219016852 7.455285411 6.739294486 5.734169799 2.648297038 6.914810089 7.041865832 2.439191333 5.148448965 2.093465148 6.611649483 5.060112846 6.900711833 2.779780479 8.750053029 3.307847900 5.071797961 8.332423173
-3.732571311 1.862896790 -19.299939650 0.266388246 0.734588022 -0.329865585 -0.529722980 2.862803505 7.079399528 3.125973587 1.855777259 1.036490152 2.950098666 -1.216450145 1.743347142 4.838285122 4.739254423 -1.605953459 6.302140925 8.228112651 2.124961474 1.742235280 4.062813119 -4.330887743 -0.519646307 0.943535990 2.062195898
2.140436686 8.498078241 -22.711843496 -0.112098630 0.512195422 0.085113342 0.847257615 8.796317483 5.530586616 3.810132398 3.177200287 5.424793713 -0.966146532 1.817551940 6.694723529 5.711051902 -0.156340036 -0.263174503 5.512585568 1.777368402 4.711853280 3.593759791 4.529360947 5.742141270 2.735863226 2.676491455 5.413969543
-1.168254550 2.763052198 -25.919131305 -0.170464952 0.187437610 0.692168302 0.675804620 2.606965539 11.190849778 6.038517788 1.698857486 8.342924253 5.802492238 4.790418120 11.357167742 9.444683188 8.794970774 4.914205234 6.239887072 4.788528784 5.097110338 3.677414514 5.604972175 6.678190121 10.387258966 3.343364386 2.324432259
-3.950807116 0.633057998 -14.643577753 0.284384909 0.940305887 0.141802203 -0.121828554 5.808581662 4.034943992 4.669455251 4.468758797 -1.091763332 7.866947247 4.418455031 1.003830535 3.129453444 0.734037582 1.372104716 4.981701058 1.243575312 0.186077839 4.776080018 -1.416144770 -1.059761289 3.298802044 5.304203402 4.136676876
-8.717466332 8.563222220 -13.975548298 0.040628840 0.772192539 -0.628576436 0.083424477 8.230290885 4.162952643 5.303869240 5.773771252 2.616522107 5.684125036 2.035454462 3.282097649 4.611173890 2.293826263 4.411733209 -0.055647594 4.892245911 3.598284767 7.676198608 2.379846290 7.059436158 7.943324491 1.972281961 5.130507495
-3.415089878 3.437004092 -21.406904684 0.046008591 -0.238776004 0.886160061 0.394448446 3.435817327 0.625230918 1.715764131 0.737050212 2.375342798 -0.154800345 5.455717458 1.992914276 2.367034577 5.568378731 -0.925824739 12.117101550 6.475088089 5.843764871 6.111027697 3.671356343 3.546499627 8.155896370 5.539183787 7.269532746
2.647754675 10.632492629 -14.903115856 0.625336044 0.592357877 0.501970724 0.078053632 0.955711321 2.520759314 -0.654252833 10.722510280 0.875157839 3.895897777 3.257238355 -0.387546424 5.192329462 7.241173338 1.090060904 2.882015909 4.847341536 10.935902905 0.563733889 0.080602193 5.682726343 8.749365813 0.755087266 5.752310629
-5.823787049 15.033850448 -18.836488597 0.227090739 0.288316582 0.746751317 -0.554676315 3.063644433 5.089153586 5.901689534 2.587234875 10.809748614 5.963688361 3.294437733 2.740975929 8.016577175 5.042811368 4.547206708 5.300115113 5.002790014 1.668725520 1.440506986 6.579468752 5.514199427 4.394849420 7.885085508 0.296665130
-10.741496931 5.298112383 -21.951171275 -0.635422967 -0.319095858 -0.640269892 0.290637149 7.903841007 3.671106081 8.126411262 7.904779256 4.730323967 5.707266091 0.806081091 3.386586450 3.169652045 2.811533136 9.556961944 3.203131132 4.812773734 2.251609601 1.639579719 9.171084208 2.346654626 6.993933603 -0.481111170 2.007712629
-9.597307252 0.846090681 -24.574006214 -0.740070133 -0.596803254 0.043883124 0.306914233 1.364074739 4.649617825 5.193383185 4.565027839 3.466835369 3.375579305 5.778150620 5.862584155 5.127846119 4.205272479 4.072046691 8.580162349 3.926117268 1.681401334 3.640559944 5.574195597 4.498912293 4.564511022 6.154244372 1.739818643
-8.024377215 3.827929957 -23.726186592 -0.030944759 -0.541330039 0.574506613 0.613144651 1.057542830 1.034063772 5.232236573 4.281219323 5.165939396 -0.422811310 3.972060387 7.092417347 3.191034665 3.223190342 2.943268350 -0.297566216 5.579283469 6.156499615 8.588578014 2.645737750 6.736332261 6.710009437 3.691198522 4.650454227
3.634422486 0.356062181 -18.899244888 -0.093038808 -0.356179797 0.865926619 -0.338601275 7.411845146 1.570595051 5.021186099 4.997778789 5.213821501 1.421345418 0.193882738 5.348523356 6.714156595 3.897856312 1.986672627 4.534103097 3.002656772 2.870927041 4.599523911 7.756561863 3.844978735 9.879906940 6.506577478 4.233225896
-7.677251170 7.054495613 -24.331971250 -0.559240231 0.679632651 0.130284426 -0.456481973 4.325534326 9.635762148 4.446777084 3.824345394 0.550412868 1.677415788 4.582832318 7.869185463 2.956721811 4.246432757 3.933095589 3.228562983 0.403615412 5.725061850 0.779053591 6.745948357 4.441887089 6.491800089 4.137137745 6.318801861
-3.229559934 3.579176130 -19.451652932 -0.446305110 -0.371914141 0.812244826 0.052440081 7.266537674 7.979435312 5.161321742 3.872178542 7.273437780 0.823588171 2.554308658 4.882625135 10.586241350 0.563862335 9.084660211 0.012366490 4.145904196 5.229650628 4.914075863 8.595414716 6.510131782 8.271203043 5.263166531 6.574350069
-0.588294460 4.080450146 -24.177212580 -0.339389836 -0.318786929 -0.576521445 -0.671425689 4.251914421 3.673096539 3.106646779 7.632929387 2.559727729 5.047059819 3.307381472 4.589853449 7.230199202 2.471615407 5.240145027 6.383312468 2.664526942 0.013923883 6.479571381 2.372683031 1.709514707 7.293185108 -0.146439546 0.696156300
0.965868402 7.351474718 -14.741930156 0.105510975 0.035067595 0.420562837 0.900424676 6.255637808 8.940775720 7.294202878 -0.783945897 6.317767298 6.873011081 2.345378665 7.226595154 1.609374341 5.533471491 7.428556820 0.681804168 2.734118451 2.426465152 3.561564390 3.202217265 5.688041487 1.096142224 4.335745025 5.257739510
-1.099187609 3.085058334 -15.984585438 -0.511642285 -0.030141929 0.683579560 -0.519646631 -1.244746889 -0.262454498 4.257201280 3.828986349 -0.705810122 3.511658081 -1.871574789 4.375764606 1.021209598 6.917953578 3.570647513 7.336506380 -0.166567200 2.620433503 4.803766755 7.294403576 6.599371031 4.276070081 1.986657894 6.199540183
-6.606190858 1.357117130 -17.677652988 -0.394354796 0.686175319 -0.546669930 -0.273495362 8.191548468 3.431222205 2.214695836 4.601127299 3.726303257 3.338456815 5.205165942 6.458278139 7.676275709 0.359353326 4.463567817 7.921483889 2.189621892 4.394943718 1.491136602 -5.015864677 6.365802196 2.203077404 1.680824133 7.011084085
-3.991848261 1.225683839 -22.748023070 -0.264984688 0.727619414 -0.276029240 -0.569351352 6.006656018 0.972317465 3.068182762 5.156319554 -0.974992058 6.067999404 4.892749199 0.563193565 0.863799057 0.243283902 4.143544901 3.355280432 6.490844932 1.238058963 2.691601428 0.867854464 5.783983005 -3.305165885 3.741926649 3.158750146
-2.783628350 1.457837141 -14.866558934 0.662174520 0.292953862 0.561706617 -0.400235700 3.191121778 0.803951847 3.450121597 6.002768475 3.229721176 7.475121401 6.541003034 4.911477220 1.230745710 9.550863237 2.214899765 -0.243008072 2.767514962 5.510103444 12.433620656 -0.800161190 4.469770461 4.651634869 7.852014361 1.608903157
0.909849652 0.170827494 -18.039703039 -0.945468477 -0.179137422 0.163221846 0.217618411 4.883376671 3.449849983 2.735540408 -0.536183383 3.032309144 9.523555719 4.854269557 4.584601288 0.423045200 1.910615299 4.132564741 5.537174781 6.085803160 4.501463603 2.372550669 6.329506172 2.973147080 2.491931573 -1.092761313 4.865908704
1.314302641 11.437033619 -20.631524674 0.163696400 0.740739238 0.407775298 -0.508161565 0.400238284 2.430295002 3.685613355 0.821462605 -1.347090990 5.068415804 5.907626217 1.433359778 0.683591054 7.244806828 2.325788181 4.036972634 7.530574259 2.733650969 2.273802535 3.032835540 6.313216917 9.473821921 4.097289321 2.533642982
-4.091511929 6.080381737 -30.507675235 0.777359061 0.022384294 -0.612312095 -0.142427990 6.147382436 -3.597084613 3.164096955 2.378271295 5.232384457 11.919973981 5.487657914 1.146502273 4.442435245 3.829911072 9.342603501 -2.600159322 4.486962021 7.971037602 8.457146301 7.643770811 6.789229488 6.888666610 7.323965917 -0.350604697
-3.106711510 9.631088026 -31.135840845 0.637865245 -0.432077193 0.266460595 0.579168352 6.028795834 4.972407058 4.155197811 1.977644656 3.580604380 3.204620509 4.499922098 7.062642783 7.837720569 5.742906674 0.108246466 1.447244487 3.988666289 0.523244688 3.509211050 3.666654437 8.405045836 3.794019242 5.703105152 0.391887742
3.128649632 8.067416005 -26.434012218 -0.131505353 -0.035105391 0.915356553 -0.378941070 10.102382238 4.802685512 4.884018746 5.367647089 4.226131554 1.239045139 1.601629399 3.828322612 1.862500724 2.108514934 3.247062961 2.721172815 4.071040164 3.848791803 1.569031585 4.609528473 3.869969940 7.489171508 5.330453954 5.381064909
-12.442998729 7.990859915 -22.209350610 0.063246843 -0.513358460 -0.577355507 -0.631762255 6.531329551 1.812602607 6.253313049 0.661478937 10.084723846 1.510921120 4.541463843 -0.968635199 0.598888682 2.205556286 4.037859898 -2.507024170 6.563369318 1.069438987 0.912782917 -4.272801612 6.270288384 7.861631413 5.087215773 6.722723109
-7.868809399 3.085084733 -24.463037282 -0.896879335 0.046333204 0.385894769 -0.211059043 2.060273079 5.897425833 4.165649989 4.699348561 0.067433503 5.524997416 -1.003201123 1.154040636 4.895244248 6.889369762 0.166709641 4.914675670 7.160979501 10.156639104 -3.082623291 7.743173683 0.533398182 6.511663049 3.166957568 7.135870409
-10.028196297 5.308425440 -18.532880738 -0.162094160 0.548770168 0.578179743 0.581622705 3.784816648 4.751723020 5.160731193 3.314882212 3.413664003 2.796713785 7.487818362 6.805984915 3.442279589 0.891306126 0.656457067 5.059775293 3.576470225 3.027446904 5.784197081 -0.228914969 4.966814161 9.922752199 4.220790551 5.569274830
0.504266120 4.839823260 -19.140071002 0.442119148 0.542413290 0.437970273 -0.564358505 -1.009061493 9.512873382 3.118902631 12.702016269 2.946694607 -0.625127201 6.134856337 3.412501003 0.465080118 6.714981135 5.469995661 8.620672077 4.661793763 7.893892575 3.945945799 1.579385080 3.203800026 2.906478798 9.333435891 2.157144349
-5.202670193 6.410696690 -22.618300887 0.703773460 -0.522571595 -0.084236672 -0.473841775 6.242884788 -0.213442882 5.298535014 5.271495449 1.157786875 7.563820345 5.485864545 4.007170398 2.119311861 2.916991579 6.668510547 6.311984891 0.835860604 3.049260044 3.439159456 2.280958031 6.129248317 2.983686277 3.600007671 4.126450186
-3.819413410 12.356851760 -15.611109716 0.205943916 -0.657126805 0.493044597 -0.531675174 9.196924630 7.188323777 4.312724498 0.251758877 5.677621310 0.026290362 -0.725921735 6.737039488 2.812803127 1.285307822 7.588462417 1.991925777 5.864751224 -0.616537509 6.919378999 4.696014770 1.487776708 -2.301112844 3.948162671 4.820011576
-10.961604826 5.394980908 -19.235511243 0.722114257 -0.218585798 0.228971577 0.615096144 4.727063683 6.116269535 3.915719617 6.003075194 5.690258960 -2.411702682 4.655763949 3.599160351 7.881844521 4.989474317 2.290319518 2.279467050 -1.532082490 7.838927342 2.128862239 1.395493103 -0.391601054 10.826571524 4.002872319 2.278218029
-0.453775513 1.304144894 -24.293774903 -0.336422941 -0.119016028 0.564213448 0.744525335 0.700804071 2.616882195 0.952682250 5.246604094 5.597464113 3.862647363 8.287449783 3.844296058 3.617655978 2.931292069 7.668719145 3.785400420 4.866760239 11.131814890 1.130287173 4.675804142 4.713331808 0.872111904 1.629898659 3.604577717
-5.136368093 14.405099839 -23.841637075 -0.493158513 -0.488854174 0.717656736 0.052773916 3.785775995 5.404103966 8.177372545 7.487809442 4.638034520 5.552064153 4.447893775 1.978609159 7.129248485 3.225430114 4.598553680 7.425897304 0.054552297 4.238906634 1.045692247 3.914491721 2.674987899 1.876886130 5.012829099 7.840336953
3.851251740 7.793214753 -18.980662680 -0.772512483 -0.526532562 -0.342848559 -0.091884655 -3.069879862 7.969482592 5.894614495 7.366616033 7.325719180 3.125624331 9.148192829 1.840362572 0.238241987 4.921781317 2.839477234 2.940959292 4.324350963 2.911917722 1.843212805 5.333982690 2.809987898 1.336338950 9.233922566 2.749814801
-2.531633536 10.178996897 -17.083457913 0.075336336 0.092385362 0.954950891 0.271768608 5.085045914 2.655529615 3.658846922 5.319693497 0.310858359 10.200420264 5.454081627 2.574571170 7.520202849 2.567850079 -2.113429451 0.243863754 7.061115807 2.325512463 -1.023748386 0.505643592 3.238306107 6.295039865 6.541731322 0.897970651
-0.021937677 6.002322280 -12.776136179 0.542465949 -0.406131086 -0.322141391 0.661069708 7.039910612 7.701211061 2.826485083 7.122484713 1.831925519 0.841056080 4.643273496 4.439711718 3.457342043 2.133510701 1.889662032 9.388173212 3.573342897 7.306349670 4.790195356 6.217864980 3.054384366 5.574022060 7.469414487 5.880903809
-4.610945281 8.795908697 -17.391800086 -0.346558839 0.306096660 0.851238407 -0.248183363 6.595000243 5.131466871 0.598037055 3.246909300 3.878081344 -1.654628410 3.811667314 3.542461821 2.904682559 7.677594062 3.659307042 3.355840722 -1.132229513 1.415977328 11.196211315 6.916795613 2.938289832 2.424916843 3.099353571 10.012605324
-4.572373806 6.275784927 -24.904824197 -0.713300046 -0.166033072 -0.599719250 0.322448267 0.548371436 3.870842038 7.277993382 3.497965868 1.113685287 5.693687449 1.818980297 1.571051514 7.229093365 4.788597682 8.903710775 4.217218193 -0.491336266 3.012554660 4.933044352 -0.603425132 6.113295110 7.543056287 4.324827329 5.590772002
-8.632424062 2.394632803 -16.457516836 0.124437406 0.329437553 -0.900970894 0.253451530 3.353185657 4.324045944 1.678139883 4.261856826 1.589999567 5.324679782 2.204172199 -1.948373268 1.200951770 -4.343458313 -5.239867174 7.610234012 5.812691456 3.416765163 2.577262878 4.997972328 1.710138007 0.588400810 6.250638354 7.873560285
-1.695892378 9.143051982 -24.923575334 0.345844711 0.521569874 0.218938840 -0.748613443 1.872256422 4.058381686 2.995222327 6.935272873 9.225166747 7.121923459 2.777811521 3.488100145 2.176184954 7.125233392 4.770324427 1.054622509 2.327510546 1.955600073 1.516455864 5.252429077 -1.808162592 5.189502156 4.425801578 5.349877423
3.528558724 7.399704685 -27.774399236 0.342789302 -0.291633370 -0.156582911 -0.879162820 -1.460672196 1.646758996 1.655093361 -3.271485669 -1.812447681 7.302880110 8.118195905 -0.146513681 5.294184766 4.804418235 1.228683797 2.554774176 5.956847003 2.649572416 6.086464645 1.553332711 7.017992457 2.031727612 4.901382783 7.126861608
-3.049905224 8.342540790 -29.364093934 -0.809257534 0.229292720 0.503477530 0.197579019 0.907485981 5.460868530 3.850800671 6.309148339 13.171055511 7.267629298 6.240104512 1.908887790 6.571491106 1.200394468 3.090489093 3.838977840 8.322633467 1.182744262 4.321142349 8.243396610 4.044168531 10.690711801 5.860342573 8.276748585
-7.588498040 4.482483034 -27.244855475 -0.811565257 -0.238025575 -0.375486388 0.379098445 -0.358232825 1.634030255 -2.069409848 2.342536500 -5.585610934 0.987785358 8.709200960 6.393142235 0.087711343 8.727071010 3.208932929 1.381520883 1.573578762 3.667213306 1.377709884 2.930124120 5.976203953 1.476916909 3.888017457 6.144772544
-3.951833321 6.387871473 -13.961309720 -0.438310879 0.084520863 0.431964908 0.783674751 -0.841498953 1.771621175 -1.224956418 4.180954638 1.182842267 4.756798758 2.486276443 2.267742531 6.526100667 9.327971702 8.124961730 10.387502471 7.500836002 5.634914592 4.199583973 3.387074841 -0.636543678 4.308649011 1.197913107 6.967319084
-8.205560692 3.914947329 -21.354051772 -0.484041594 0.141484738 0.587433120 -0.632936121 1.004469828 4.272942905 3.896476138 3.280183105 3.700460455 5.050704374 4.285835618 10.466025162 4.638922715 7.966780610 -1.306654008 6.562656232 7.085288038 7.818509439 3.628287156 -0.017747389 2.644091772 -1.807481950 3.364971531 -0.894879996
-9.141076304 0.540345069 -20.676607735 0.115202908 0.181316156 -0.642692532 -0.735390407 2.443461483 0.858332199 -2.153395971 5.179856213 2.073493989 -1.140093650 1.246245825 6.280452680 3.378390139 5.218992529 8.227017810 3.796464887 6.415419411 5.272049744 7.428308794 2.430143926 1.888612761 -1.184829574 1.935197480 3.795823329
-8.526240487 7.165412192 -23.173523311 -0.778751630 -0.340860106 0.068803143 0.522136394 0.734002542 4.244648369 4.313319324 5.893765540 7.945652015 4.933308710 4.428602079 2.442227538 4.940864346 2.109158568 3.454496428 3.089641138 2.595717933 1.393413814 5.056878791 3.610252109 -1.625671066 1.569692839 2.540226251 4.011114822
-2.362520608 13.708469777 -23.323509534 -0.798902543 -0.291377550 -0.151593730 0.503858305 4.700955465 6.182646935 -1.610834545 3.220770056 6.492467128 9.298802595 7.054231322 2.406269434 0.019469446 8.761147007 3.405927809 -0.062059383 10.384321004 1.808367433 -0.361334956 8.518730536 6.176069559 2.872402834 4.927929126 9.388793375
5.366114971 8.362650104 -22.346374832 -0.556626524 0.632632384 -0.527308866 -0.109034575 8.339591116 7.831148097 3.796420308 6.765623915 3.443949043 8.606899710 2.826510988 4.003987505 -1.276522090 -1.993305676 5.512435953 3.718668756 6.247404139 8.174986006 0.306234636 1.783227579 2.477127111 6.241599401 4.341025132 2.724737898
0.723535414 3.849970469 -14.970989707 -0.738225054 0.136983552 -0.651913579 -0.106150658 4.752723438 0.112924139 2.846876131 3.382861356 8.973999643 3.531434832 1.126250727 1.204182260 -0.131998160 -0.996664106 -0.596295370 11.003460309 -0.736320094 4.338944265 3.976516106 3.983984399 0.317995825 3.291262046 0.629559776 0.998344478
-5.773885537 7.578155399 -13.777428162 -0.496144352 0.358268592 -0.642838753 -0.460698096 -0.056315393 4.065086561 4.595551986 2.713444938 6.315866035 3.442459405 7.375234904 3.973877213 4.771500543 1.636561450 7.898260369 3.230253545 -4.695809720 7.576140970 -0.516121762 2.288924891 6.946785271 2.924187580 2.846363605 5.935835632
-1.141344216 8.757256597 -26.050892549 0.528304516 0.274757110 0.445449557 0.668563805 7.582019681 3.267323025 8.977918485 7.269524303 9.149722463 4.478201915 7.436634392 8.291229363 -1.061677736 6.796532449 5.229947514 6.096905719 2.553798583 -1.633050400 4.904665590 3.496570831 5.075232329 5.040410026 7.407054743 5.119813748
1.496137850 0.569439246 -26.693276612 -0.141531478 0.909908592 -0.249780590 0.299407501 3.335642046 1.741681105 5.474740879 -1.050117612 3.170229472 -3.641136406 1.932238692 7.754217830 2.148523109 0.152996901 6.449854698 3.543602364 4.478646744 3.936487959 8.810776217 4.790391859 6.969346828 6.148986930 2.102128109 0.082479245
-3.929971863 2.236526757 -25.982160838 -0.698514076 -0.586952069 -0.228290685 0.339777453 3.228604502 5.311084259 1.946149828 4.008286457 4.430969273 1.579282860 3.181882821 4.340182069 4.941593461 -0.249952896 -2.199783501 4.996506175 2.050157095 2.247089984 -2.307914168 5.012425804 3.215578201 7.881064659 6.279449608 5.014429533
2.335608785 8.440467190 -29.209148957 -0.454664421 -0.478621885 0.702367089 0.266236413 2.322746899 7.772670251 5.176568926 -0.560426777 -0.249636703 3.220975262 3.279560636 5.111124602 4.168097725 1.323972989 -1.114594099 4.972896070 1.619384217 -0.138359003 0.167257330 6.467185140 5.117901649 2.992024460 11.719858280 5.791364865
-1.794116985 -0.541063961 -19.049023384 -0.593203318 0.064682443 0.491625092 -0.634216662 7.428497453 7.924277359 3.429157289 1.008581479 7.394274372 6.154423570 -0.051004949 3.701452656 8.446621340 1.038606371 7.840788075 9.563566170 8.029481542 3.763722087 1.285376688 7.437139286 -1.801125655 5.743835071 4.899499860 3.191875511
-4.383856438 3.508664814 -12.633181281 -0.444862417 0.014298505 0.884590700 0.139256149 6.897007645 1.374930001 6.412011185 4.185023948 4.430364867 7.207891034 1.785969828 0.259857001 2.352577134 -0.240788074 5.497808365 2.133098583 5.836395010 3.480694326 8.403190734 4.887657742 2.611769506 8.975021407 2.629721210 6.224102303
4.789710648 6.221721946 -18.780289494 0.573548637 0.420839992 -0.393309934 0.582445670 2.216928488 0.344355329 10.021217953 -1.006436400 3.630315438 4.790933126 2.498293163 7.140689404 6.203899137 4.333546277 2.634062352 0.338824058 7.091306512 7.075895696 0.659821588 6.536327498 -0.433265199 2.526333551 6.423067560 2.077548371
-8.113638469 1.692651549 -18.668446294 -0.516006472 0.375680508 -0.615263994 0.462657211 4.484513870 4.909396692 5.903094092 2.185758288 4.788799080 5.629081434 -0.896616520 2.768869031 5.166325122 3.090218911 4.731934658 5.712935801 0.826192656 10.455006084 3.998790183 6.894988870 2.233374380 6.540957350 0.358816696 4.444600604
4.713265401 3.138298663 -24.426743921 -0.138498092 0.259455108 -0.367278792 0.882387451 7.028457865 4.916534673 4.802436893 6.075578717 -3.265997478 7.788855696 6.967840103 8.520210941 2.104797143 5.335105239 6.915709764 2.981864491 8.415492407 7.170520829 -1.683237107 4.060013790 -3.296506049 -0.898914720 5.066232374 4.135734701
-0.925341074 -0.206287349 -23.270565847 0.023739675 -0.916916326 -0.241350335 0.316939893 9.453149984 3.865085056 2.273223539 5.253592429 5.835910766 5.478824263 4.042422723 4.226026139 1.849658712 0.659096738 4.139997926 3.534203624 0.013328848 0.765847026 0.357473661 4.416891203 5.016526159 7.505143951 3.284921187 4.414677977
-8.832870962 1.933561704 -28.237619671 -0.551692369 -0.603679365 0.093013563 0.567939461 5.579138428 5.297367999 5.870556085 0.501949321 3.312589841 6.400881612 3.384162358 4.563438448 4.824371873 5.841331954 3.849658028 5.411476557 3.670566757 4.174650661 6.856840357 0.764286440 2.570177079 13.611819312 7.566738485 0.916547391
-6.824301094 3.049402927 -22.320154681 0.576940952 -0.025155149 0.586176983 0.568245459 0.344942269 2.624807580 11.656816271 4.309423242 1.565743042 2.290799948 -0.960683819 3.283005790 4.318604835 4.579140892 8.767705750 6.273067658 10.948101986 -1.886599605 6.179237874 2.575136303 3.528861626 -0.032594671 8.652207933 1.648431119
-6.194105914 14.067502944 -23.568055327 -0.056680866 -0.326926972 -0.408169544 0.850472608 3.088276247 -0.101205014 8.227959814 3.555208415 -0.029457396 4.391917866 -0.267615699 7.723499951 4.673175444 3.811242426 6.229767995 2.829057994 5.378114264 10.480209404 2.304090830 3.480060214 3.420154833 3.509137585 0.100871177 2.894234203
3.827451083 11.554755575 -24.296377154 0.774679991 0.113519122 0.587980299 0.203134163 0.458094374 -3.729207112 3.526727687 -0.477400538 7.088366865 3.223313435 3.214509547 4.755593573 6.766865123 1.685102880 11.566699777 7.919007005 7.287901108 4.190903917 -1.307501881 5.740431283 2.218527649 5.911265465 6.868087381 3.395988986
-1.945178626 11.184395848 -22.266479473 -0.333276930 -0.524465906 0.526596555 0.580136251 6.080994834 6.505756003 0.111469882 3.265771654 5.070370280 -1.766600119 4.633288187 -0.009132265 6.449976975 4.919747296 4.806040779 4.947448761 6.726100018 4.377833529 9.479778525 4.458329749 4.387055349 8.095057640 4.525912672 4.833396415
1.411546022 3.629415023 -30.163392078 0.344060314 0.263933717 0.898634771 -0.066460828 5.277133236 4.273252748 0.762473143 1.643154291 7.549560893 3.589115736 3.600088056 7.681582170 2.560376555 4.135444268 7.542002796 4.922393864 5.695669303 4.725319503 3.586394476 1.302341844 2.896765527 0.699259405 3.609130773 5.921788303
-9.084445304 10.720428029 -27.118874500 -0.476682313 0.667938311 0.571324029 -0.014874103 7.646015430 9.409212084 6.899430588 6.769636133 -1.233643662 5.614268740 7.369182606 3.688363824 10.352438627 6.450961316 4.498111507 6.066188187 5.133093622 0.993020498 2.468018895 6.520771120 1.086998554 5.266315121 5.167064317 0.085045998
-7.012825324 1.996172988 -14.863181181 0.303598815 0.508602875 -0.804780007 0.038470966 9.091835571 2.696518706 -1.513266187 2.997035942 2.958971079 0.457559099 6.711116224 4.909320414 7.150390209 -0.464152706 8.212707851 5.245571600 6.656619597 8.568311387 0.359684355 0.650270447 4.993158996 2.349174657 5.453584708 2.143450345
3.404034655 0.452045188 -17.281531683 0.567763759 -0.198579896 -0.404331306 0.689004015 0.706644084 1.676742086 8.614182955 -3.585522025 4.430206452 1.347305996 2.767298891 4.241459170 4.958348883 3.463197706 7.026358764 4.117395378 7.960826645 5.345806030 0.468983234 8.330368822 6.643072492 0.679256078 0.415797481 5.370855241
-7.022897274 10.211241697 -14.977012488 -0.136420899 0.083318918 -0.047031009 0.986019970 3.169406984 3.767576037 0.699569102 5.730362199 5.890282632 5.243354993 1.420145758 3.409163524 -0.326641488 6.371987986 0.109952330 6.650667689 6.643033273 2.483611766 4.194307004 8.507078334 -0.333785621 4.128454540 3.375154615 8.951901455
-2.122181224 11.604273333 -13.988594329 0.058500129 0.718185457 -0.657486840 -0.220223610 0.260891015 7.593252533 0.488837903 0.453499682 1.698585914 -4.793360127 4.860025816 1.109952350 6.162128301 7.681667391 -0.699902627 1.161443195 6.311097254 5.162337367 1.630063770 6.668074970 10.536739097 -0.299732551 -2.802567294 0.321463789
-7.314641715 5.513231751 -19.901923461 -0.197291517 -0.836067443 -0.511918171 0.002659750 6.432219535 4.562231616 4.484315175 8.071130004 3.265168598 3.248657490 3.886098634 4.744774210 4.016512888 6.672462847 12.779438044 3.757467218 6.623185132 5.582362117 -1.651690755 5.702798935 1.993266948 5.667338160 2.759212052 10.041240988
-1.649654470 3.872407741 -22.792533084 0.338905512 0.062313199 -0.384468900 -0.856413326 7.021856038 8.426206928 7.542206370 6.484548553 7.915901266 7.236196726 3.200657302 4.134224635 3.498794783 7.840769506 -0.824124982 7.863335040 -0.697532820 2.015291410 4.414565092 6.272983586 3.572416310 1.169673762 5.018210372 3.712183229
2.898238713 9.266629734 -21.924710002 -0.055185031 -0.487020796 -0.870961868 -0.034507692 3.446722065 0.339656497 8.466540454 5.593133006 5.572496320 3.737101904 4.969249624 4.380619362 1.043703994 2.824860552 4.164048132 0.688909812 3.986919677 6.588872606 3.854170194 6.252620209 2.695909236 6.854980893 1.589566063 1.010012710
-5.239505850 -2.717094366 -22.879510525 0.596037097 -0.549080568 -0.570948632 -0.131407645 5.033127600 1.218872102 5.972326418 0.432295141 6.431519622 6.609681280 0.712342641 5.906295266 4.880768669 4.555171718 5.554737801 1.204255960 3.993745371 2.084987966 7.674569938 6.824156894 -0.125030776 5.603175181 1.678235773 7.277975591
-4.525346773 2.629693976 -27.933236614 0.776921683 0.417508511 -0.118697371 -0.456059509 1.692714242 5.491477052 2.036829367 4.072130984 3.926294619 4.427739545 5.035545061 6.057872829 -1.723935391 -1.728431328 6.900206749 7.230377109 3.527177550 -0.099050357 1.881017435 4.964733153 3.519815695 7.330331621 4.194091184 6.722103911
-3.254646340 9.639290101 -14.859286050 0.517936864 0.056025242 -0.848408198 -0.093840856 6.426338378 7.171969252 6.073163477 6.605505467 -1.685466492 -4.004071832 3.388353334 -3.403812580 1.205950121 -5.255210236 9.240647401 0.551385240 8.445662112 0.048156164 2.675120579 3.805135854 4.491257299 3.968349346 7.417748134 9.222496906
-2.051027883 13.190881402 -19.807448822 0.511512886 -0.202360312 -0.623211479 -0.555888770 4.490877134 5.016369529 3.101086308 3.273740327 7.653062907 -0.094485408 4.760578239 7.650091299 0.403450943 1.993911368 4.513512184 6.096001588 7.282843123 0.807606669 5.531683062 3.043593910 0.664032630 11.018786096 5.004970726 8.752429619
-0.571667417 -2.135291496 -24.477534437 -0.362720130 -0.211136987 0.769180815 -0.481888114 3.908713747 5.176566945 3.650993491 5.235600570 5.893254956 2.554731239 3.691809294 4.362889230 1.104178627 4.719953523 9.322161367 6.524257285 3.531569691 4.374688907 5.475684129 8.708000356 7.374737131 1.316662083 8.924034048 1.599747118
-5.277840797 9.231391122 -23.702619582 -0.831366922 0.325702737 0.351517807 0.281392962 11.340106623 0.510265602 3.129751390 1.919193825 0.143372825 0.651470164 5.361183405 -1.432294848 2.730724281 8.204792168 5.814610526 -0.909948170 5.796366080 4.472977348 8.948574896 4.698491481 6.488092564 7.958089312 9.896392709 1.201194380
-1.359075492 2.382466839 -30.551065150 -0.193601259 0.413955275 0.194114647 0.868031732 5.552036552 3.309208858 1.676920387 3.897136756 7.143379353 5.575962219 0.518276277 2.050714219 3.013706596 0.926217949 5.038431830 7.268795576 2.128725364 4.437923581 5.706800360 5.368278877 4.740305997 3.072039251 3.232480775 2.704061760
-0.781094335 10.973429820 -15.095540717 0.176325960 -0.182310303 0.900150065 -0.354121405 5.221129438 4.500449117 0.635752062 -4.276740402 4.201642697 5.138530464 8.075586696 7.028109247 0.272493687 4.934213413 9.605808134 -1.947979066 4.648134199 8.003486303 3.348425669 0.573483855 3.512687810 0.154411904 5.532207244 0.347781623
-3.162625893 12.839468970 -20.582071221 0.033465133 -0.214482014 -0.825602840 0.520823867 -2.425491038 0.860049347 3.093715227 1.486656262 -0.998180166 6.067523638 2.128226000 9.798772147 4.775870533 5.252127259 3.863923356 -0.739163843 8.788259397 5.345030788 1.412457077 7.446535708 3.045486296 5.181682462 0.076386025 6.218735054
-1.342671130 8.265413122 -28.387593082 0.043238016 0.084892585 0.725463539 0.681635076 3.571119409 2.604350592 5.712579196 8.281553328 7.985451762 7.346156304 6.273850963 6.491004806 6.344292958 0.813383816 5.957908991 7.458535906 6.171677574 -0.318685343 3.186217729 7.907203871 6.073430733 5.029222205 9.478014438 1.278863761
-1.056000792 2.927509392 -26.098504952 0.572950435 0.587441931 -0.454282419 0.346795704 3.330102092 2.323262622 4.405195992 3.945138252 5.482741808 3.585607554 4.123943031 1.464227941 6.526284482 4.405766287 0.603526864 1.212674016 2.017282832 5.025730918 3.836455525 0.106213228 4.918959522 11.127673277 5.476837985 4.294304155
-4.969413841 6.947401250 -15.447413291 0.497726946 -0.582239752 0.293949411 -0.571715403 5.808181428 1.785471968 -1.144918271 4.324410423 4.166226161 2.692787713 0.970984957 9.001684289 7.364064518 2.544104056 1.835653084 11.091597297 7.773673867 10.466384731 5.264547202 2.563630531 3.248687835 0.488454562 3.198552549 10.115369269
1.842442431 11.736892782 -20.802173902 0.373967349 -0.036004963 0.895018801 0.240402601 5.480553964 5.705631195 2.296670770 -3.508601307 0.336430731 4.461976435 1.954968194 1.465141541 8.567117274 3.718560094 2.496022811 5.472912315 3.244308114 6.018597284 3.840468413 3.853468115 5.495276101 13.503453190 1.940660774 0.671698581
-3.790258216 -0.383244914 -18.907623593 0.164923373 -0.151908511 -0.872198296 0.434734651 3.956749612 2.096726336 -1.433963547 5.937790184 9.080460905 4.149755187 5.999061321 5.557573909 4.875384889 7.381156725 3.658639554 0.840229722 -2.981658375 2.224608733 7.457374116 -0.139169356 2.236486064 8.077519081 0.300861754 5.916083651
-3.194610308 5.939205807 -29.400628548 0.627869690 0.323842809 0.076295298 0.703622423 7.593606345 6.639227879 4.610928562 5.045833135 2.465161592 2.713841928 8.178632113 2.759867519 2.224976855 8.557299273 7.059377361 -0.717338997 2.857115851 4.476482692 1.997080700 3.873189946 4.665535693 6.856909667 1.383170111 6.827706795
-8.097179411 10.857464505 -27.029395766 0.330755112 -0.715849398 0.598753647 -0.140195456 2.767841616 2.276263556 2.864467528 1.198074408 2.030088594 1.999615555 7.035684392 1.902172201 4.148652264 5.091405978 6.706933240 6.600974715 -4.673435334 5.688521548 1.205490231 3.668453462 10.198875739 4.766624147 0.278739456 4.526979661
-6.208852776 7.860071375 -30.108432066 -0.300351933 0.079755181 -0.950483293 0.003055698 6.334567910 2.429835912 4.877378428 2.242618392 0.212169221 7.424591933 8.259569353 2.536467385 0.630647886 1.215156036 5.242129547 4.403179854 6.557378982 -3.035860086 3.846160985 -6.961496031 5.845114627 1.649272983 4.442655120 2.301183489
-4.848546995 1.644532394 -27.382063445 -0.110135971 0.640990775 0.277255214 0.707199010 3.230797261 8.903057379 4.261423182 3.167254780 7.896883827 6.068558109 4.979432668 3.424130669 0.569546081 3.306749109 1.720358693 1.778087573 4.387811361 2.510490873 1.907933376 0.782110031 4.140837115 6.224875965 2.117939699 2.112797498
2.497664225 14.365538222 -22.442461542 -0.339887521 -0.906721563 -0.236130859 -0.081084512 1.541911691 9.488413953 7.387452951 -0.354093359 4.255975870 -0.852847269 5.227583284 6.194808201 2.183073506 8.026832761 -1.076063125 4.434337457 8.828090862 2.834553201 3.518477333 7.030324062 0.766646293 5.835151069 9.658153102 6.210155255
-3.635176485 12.955656506 -15.532564786 -0.556696505 0.278188585 0.539897827 0.566754311 8.340957194 -1.401877414 8.377286234 1.640693943 1.851622036 8.121756293 3.677168155 7.491414563 7.194414026 4.318824550 2.032524823 -1.289781805 1.369438440 6.404140602 4.953995243 5.117115964 7.923771850 5.014419350 5.104217455 3.451013036
-3.608742074 9.417240414 -12.455781310 0.006238764 0.176563117 -0.980966803 -0.080564722 8.652577821 -2.735715764 2.368064183 4.478692301 1.567177464 9.016371829 8.712909414 4.529775958 5.609562413 5.570014291 4.644141886 7.116521288 3.006992504 7.835419161 3.246224221 4.416282996 3.937325805 2.599606168 5.241968673 0.641873197
-3.489395585 4.325536614 -17.319073133 -0.814555281 0.343372799 0.144924792 0.444512790 8.308026477 4.951426807 1.761475094 3.087371389 7.105136604 9.263611902 3.111473364 1.330942162 2.321914062 6.743960734 4.004700959 0.470963025 4.032773826 5.674849570 6.450493438 2.852063434 -0.344289559 1.199996463 6.550793699 4.540887882
1.857033213 5.807349933 -23.730788471 0.233452363 0.200726760 -0.360226054 0.880594090 7.088727886 8.716209019 2.739152086 8.049733707 3.618834142 2.873318624 -0.189252080 3.039541060 6.761588068 5.494084356 7.840870876 2.132983621 8.810522664 3.962786131 7.653209522 7.324952606 5.821740289 2.356885729 5.236076717 0.925028618
0.047007964 12.372023910 -17.895292284 0.088805639 -0.321568385 0.438528769 0.834505752 6.753738917 5.737573078 1.815511160 0.311177865 2.209475004 -1.422361624 4.069236947 6.933878792 4.503107589 5.320065295 7.150371996 5.465251832 5.217904004 1.849597845 6.084863420 5.677186290 1.270345622 6.587105485 4.383538427 6.608685455
-6.962046087 2.245850442 -21.133182467 -0.017497131 0.921924940 0.222581827 0.316552659 2.544914944 1.832776043 1.513784662 2.393295177 -0.172098764 -0.814139377 2.232621696 1.738384998 0.715005704 4.790694599 1.028747706 10.417789834 6.698504427 3.850485439 3.206419371 4.451990047 3.370629189 2.693447187 6.949419909 4.818279679
-0.470689885 6.124830334 -26.065250137 -0.302579860 0.135570911 0.352068608 -0.875279185 8.883946478 0.663006573 1.581882857 10.113064546 -3.551483620 2.929834553 2.817188954 7.975640383 6.970037745 3.245601064 5.142302044 6.693619212 5.905827154 11.074210735 3.792524625 6.841711712 6.191040651 8.633908439 3.704924649 10.683943228
-1.090119397 -2.091030780 -22.101007857 0.958363865 0.236413482 0.102578734 0.122983622 2.357855540 0.170390562 0.331502425 3.826860539 2.332710319 6.863896362 3.217047326 4.319033867 4.826112601 0.320140298 3.911840708 2.043479812 3.149850023 4.833543272 7.430535822 6.318587950 3.304915082 7.220379504 8.429616638 6.453177565
-7.974099374 9.129745811 -21.709969763 -0.709322171 -0.559204602 0.420469925 -0.085774774 3.876517601 1.575704754 3.394915674 9.012675861 5.073729871 5.590654495 5.589779819 5.368427828 -3.975169779 4.655388126 4.293916060 6.008955978 4.235151581 2.531323828 3.248780511 5.046653835 1.049884623 6.616445278 6.035336214 1.890767133
3.364293989 4.220013266 -22.817627325 -0.049051749 -0.288701389 -0.580693244 0.759632010 3.623858773 6.563440761 6.161110533 0.256796056 4.193945603 3.677374674 6.922310426 5.207212670 10.327009084 3.785230006 1.034594961 6.650439735 7.461330446 6.028281534 1.738387270 2.508330662 4.106788641 8.676121566 1.427088688 3.935868006
-8.363475121 12.255954495 -16.467537691 -0.678962303 0.570321183 0.260196067 0.382154348 4.190087182 4.930360135 5.652107003 -0.210645498 2.683487910 6.479337466 5.877582901 6.209580421 0.742924412 1.421589332 1.758790633 1.453599603 5.235368628 2.904832612 4.906821096 4.264964611 8.103251319 -0.524884168 5.306240639 -1.524665247
-6.386284555 0.075991739 -17.646169563 0.458999960 -0.506520835 -0.291874651 -0.669002891 4.511599222 2.439773835 6.332750479 4.055378741 4.020917724 0.671506268 -1.204323726 7.422735260 4.083168908 4.324984204 1.688577912 -3.221985650 4.949882501 0.405110976 5.645812140 5.774697017 2.760528672 1.759912294 4.829158230 5.815954668
2.619972304 7.919362693 -23.560493661 -0.708915550 -0.539138444 0.043574683 -0.452625372 1.444646084 1.232480342 6.243774272 0.960994978 4.164880014 5.890568397 7.244101756 2.379491902 1.600014810 6.923790033 6.345490837 1.618369106 3.499868396 6.180384815 4.646004083 3.472066660 6.186390519 3.792291671 7.766537843 3.369806784
-7.176847726 6.850536648 -17.619984418 -0.469657161 -0.177652375 0.425498471 -0.752869734 3.375164662 2.300304456 7.763138630 4.737125496 3.452362437 -0.092004128 4.502446892 -2.606526419 4.318447930 0.526414458 8.166633507 6.490494624 2.186134236 1.732532676 1.579193314 2.728482761 0.601769692 1.487985281 4.235416003 4.047355932
-2.521328673 0.439981331 -29.153051147 0.566481396 0.433680378 -0.526986490 -0.461849972 3.426917183 6.908807223 5.081794956 5.384291255 5.745750481 2.857871431 6.726799642 2.765533750 -0.254391164 7.388280427 -2.172138287 7.149283723 -2.076393108 4.982779059 5.731001562 6.699660989 6.694137697 0.724835759 3.587354633 3.555734679
3.621695253 5.494721605 -21.165045062 0.282316111 -0.682122662 -0.074419109 0.670423809 5.748855509 1.058232301 2.218161483 6.547264016 3.433789122 2.492877448 4.274703599 5.965947806 0.343151557 4.543895024 1.535624140 5.314025223 1.211123381 1.178227259 -1.122487464 8.046414604 8.875552615 4.381473715 2.722037724 6.746370527
-5.136512612 7.548964869 -17.526018793 0.790063358 0.609857646 0.060936223 -0.012661718 9.240926654 5.264216327 6.562222307 6.925881824 3.185335605 2.350329892 4.617638342 7.832944492 6.086142376 -0.590119737 8.127246631 9.762101319 2.831994058 6.870861938 3.457312411 1.106742803 7.934812785 5.222721778 1.439862399 2.998076490
5.663938011 9.892332230 -18.901129596 0.405359191 0.545220273 -0.564268712 0.469062470 6.791292430 6.705181019 4.810972810 4.575822532 4.718974746 9.795951596 4.352819255 4.534827096 4.021177126 2.041242791 1.905419110 11.451979993 7.058008156 4.941520676 4.769758009 7.074183246 4.922436333 9.723976696 2.408129223 6.866939115
-5.065838903 2.646794025 -22.652259084 -0.203369642 0.843981700 0.044896917 -0.494287310 4.318928048 5.172666402 8.195846633 4.699081388 6.488924480 2.689581030 4.112048012 8.144417737 0.722542341 -2.750846480 3.975029299 3.337222957 0.852413502 10.420837226 7.343224407 7.104371677 -0.260385815 2.793022956 0.580480156 6.969027767
-3.146850350 11.730268809 -17.933914520 -0.068916582 0.565886355 -0.287023866 -0.769831435 3.477834503 0.079521724 4.556931895 5.046690095 5.124857379 1.240881494 8.202049912 8.972874937 6.986204851 1.171427349 4.037812711 5.351491817 3.985307152 -0.710360717 0.783894670 5.050660664 8.640314446 9.373310491 9.206911325 2.067944264
-1.500875173 9.726347484 -15.750730635 -0.325954881 0.643772876 0.686820145 -0.087109062 3.724365094 -2.891059826 2.248985867 6.413450974 7.077729536 7.270695230 6.460606270 5.195582108 6.963988243 5.000604459 1.218868268 4.769605140 4.455624853 5.595795842 5.915721925 5.320078848 1.366916867 2.415789305 5.336378709 -4.964802397
-5.426993723 12.075620818 -26.165346363 -0.540742274 -0.181105374 0.510979549 -0.643194012 3.652746454 1.795460242 4.407429417 0.866009273 5.370132997 5.806439349 2.392806774 4.900185632 1.497010476 8.097203650 3.913628927 2.011397376 0.831404984 6.921377069 8.772224223 4.280408085 2.079615160 1.145404235 0.105090567 7.059122248
1.146809029 10.093187696 -22.014847315 0.449404799 -0.394807231 0.765789684 0.236069347 -0.612290087 -1.742756719 -1.342355458 5.261604419 4.926920847 -0.508645546 3.401978060 -5.479756814 0.594748864 0.718141690 0.784448141 -5.084903188 5.460291830 0.982862999 4.787380561 4.242949236 7.195935818 -2.402557800 7.990172412 3.197831258
2.586261142 9.445355893 -17.936511922 -0.066621825 0.584902662 0.435242440 0.681186044 4.630910356 11.403139376 11.475138317 5.691549081 6.527075221 6.811855511 3.494878717 -0.026557699 4.786860397 2.983534865 6.514866890 3.673887832 5.132729912 0.661084791 4.523320525 4.226507471 2.013677905 6.759148455 3.407641913 4.894474159
-8.573892074 11.187500292 -24.302314712 -0.684701387 0.207718446 0.150139441 0.682272091 7.206232632 2.832323191 -0.182265955 5.139401604 5.223969743 5.043943871 1.254488266 -2.111916769 10.558890806 6.942047174 4.203234917 3.992472036 -2.940500778 1.121944497 3.291825460 6.987909584 4.450868306 1.107348033 1.906004854 1.807266876
-8.756442536 3.345071770 -27.638366150 0.772930767 -0.476236717 -0.082625048 0.411034939 8.861214587 5.343368346 3.424906501 2.984426257 6.350433286 0.293054148 3.744790806 5.706185272 1.486219275 8.476656218 2.874419233 1.525182598 5.389529278 9.745387352 4.016170012 2.887740275 6.088380416 0.067133401 4.486562688 10.855481516
-10.735723409 11.380686415 -18.184988499 -0.045884351 0.393919219 -0.672941041 -0.624397814 7.425999979 2.433814876 3.998105958 3.723502762 7.240020636 2.791111769 5.380070413 4.700212940 2.791376869 2.531132866 5.606258198 3.218003528 7.617681800 5.198999284 5.743580366 5.027813873 5.261485095 -0.404441496 2.411793466 3.162018810
0.062042846 6.656603399 -16.294877398 0.481996882 -0.232903748 0.653854773 0.534704391 -3.788407746 7.776519874 4.169140391 -0.727994537 7.014073589 6.180754726 5.093043323 6.606345732 4.135375820 3.805176818 4.444276175 -1.881000115 4.149345120 5.465562051 4.821606894 3.317907167 -0.600871058 11.146144203 4.669696756 6.716189585
0.673551818 3.863200772 -15.764906920 -0.203190307 0.433380224 0.535498396 0.695799359 7.214624269 3.967675114 4.337414328 3.702150667 5.943180029 3.304361119 2.979822169 7.535799080 1.018552799 5.539518259 11.328681392 11.474861951 5.214840816 2.483801300 4.064106291 7.225680395 3.038337196 6.344290614 7.992216102 1.635838005
-1.657555504 6.907086549 -14.168833359 0.968391513 -0.027052360 -0.236360858 -0.074963933 4.870433142 4.118892896 2.596173153 7.789427016 6.928399498 6.598716374 5.116864131 3.452804678 6.964715839 2.762662399 3.818123699 2.623728307 1.141198927 2.452550090 4.907064751 3.200383704 8.167881273 -1.860143866 2.303879743 5.566890829
-7.213047668 7.415487986 -14.424067331 -0.060744399 0.171035101 -0.567241865 0.803301798 1.704490535 2.852689400 8.188582445 8.808775769 6.505712753 9.200580061 1.449168910 2.754859701 1.633255705 5.184155303 8.713075684 2.469199164 5.304367568 6.285774281 2.168131101 -2.020583108 7.295307257 7.193870595 7.106740451 6.352018197
4.295274564 2.445271344 -22.806250945 -0.091620834 0.911319822 -0.338787916 -0.215231394 1.794334168 9.983036192 2.414682294 8.937020655 1.762594954 4.575840696 2.462774330 1.570987919 4.661257117 -0.324744514 4.727426771 -0.336247784 10.528009695 -1.024612847 4.737073260 4.211634580 -0.204428188 -1.572629052 5.713399337 3.596677051
-1.660831042 -0.952669552 -20.635734585 -0.669139511 0.349273055 -0.442918078 -0.483822512 5.213410562 6.841606479 3.603160590 7.875817474 2.427240416 3.020134686 8.563530333 1.164282997 5.281878814 5.367429714 -5.373821899 5.563352462 6.367719874 7.981714147 -1.599948569 2.413143219 1.077456855 10.280738633 1.518566801 7.306867207
2.070618588 2.019408371 -17.356481063 0.886452532 0.458620458 0.061918636 0.005938474 0.109453907 6.090699266 4.759365397 3.725114325 1.615941956 2.366311501 1.002072713 0.591089254 7.737201589 0.240514468 3.625490451 3.709849209 2.630624303 1.868192023 7.749490403 4.067622897 2.911003230 2.886610626 5.629560394 5.458352965
-2.928709053 7.156684030 -20.463583794 0.298317908 0.370822890 -0.858448765 0.191213304 5.329273357 3.034928325 2.619910776 2.068617533 0.976049807 4.202173944 3.017443602 6.711287713 2.395734434 4.815606818 5.051743434 3.083110592 4.660338823 0.802548765 8.284847701 9.789208128 -1.906601271 -3.602717443 4.215613000 6.743206519
5.347018729 4.479268731 -23.226134289 -0.466203548 -0.318743116 -0.454777494 -0.688646868 5.253718223 9.166217030 6.984366049 4.730716476 0.910971577 5.387352315 7.646224501 4.844688593 -2.069415893 4.741710642 1.351434371 2.369640111 3.363295027 4.417999778 4.145961910 7.645310882 4.158240781 7.810287285 5.533241754 1.816857680
-7.498777821 5.853633262 -29.622932769 -0.712933513 -0.141274539 -0.101496787 -0.679312677 10.542407308 3.589269482 5.574101294 -0.798081726 2.429766057 6.966008300 14.176774076 -0.488192485 8.587416975 5.798152256 2.355413376 5.254056162 5.183216295 1.611882182 1.940288713 4.909756937 8.073118773 7.466035847 2.171090257 -0.959172112
0.622749397 4.836711606 -17.857838039 0.688923053 -0.645279579 0.316909452 -0.092561823 6.400550142 1.792821857 2.824666371 8.710449639 0.444318872 5.266514989 7.058587549 4.307625663 9.029625755 -0.019565498 2.985157812 0.214456863 4.239465750 6.155272518 12.432248941 -3.939828894 7.616640663 6.167566943 3.593964786 2.829355565
-1.858887925 3.441744991 -17.937875637 0.751563117 -0.396365587 -0.495913452 0.179212306 4.884125293 4.280271683 6.378317035 5.522716577 3.176070570 2.143849489 4.069246533 8.069730009 1.049706253 1.174532966 -0.498495352 2.650821487 5.621463600 4.400680026 6.628890923 6.895102499 -0.239114787 3.821243819 2.898965593 6.926727033
-6.923098020 6.919836542 -19.286749138 0.017990710 0.048922963 -0.279109893 0.958843337 4.426326199 4.694263438 4.563931317 4.111034940 1.369706458 8.290250996 1.907919070 4.394087137 0.878755721 7.361700032 1.591989464 5.376482493 3.472837202 2.981125391 4.438859629 10.278144066 5.827973073 3.070565946 2.464604931 5.026497723
-1.107427288 10.774209267 -19.951915666 0.511030446 0.203232268 -0.833968887 0.045171056 1.278017864 2.435087317 6.059627612 2.600952903 5.034727502 6.141875147 5.490281524 3.455246331 1.860693393 9.012267588 5.440701229 0.022830176 1.297999400 0.834223278 1.921247293 12.183962455 3.384828038 2.088027371 5.201774799 1.821235005
-7.604514521 7.055383047 -25.110656325 -0.446018282 0.783882808 0.238355619 0.360252737 7.466016712 7.421988129 3.343768437 4.406189802 7.563658492 1.611514792 4.652816581 5.326299308 2.323300595 1.957400941 7.394348326 4.855086063 -2.284816454 8.781611782 8.974200378 7.353015899 5.010625385 3.213790227 6.281249000 -0.533857507
-5.804183528 10.219419493 -18.538625138 -0.384861262 -0.760313542 -0.389555500 -0.349358897 -0.183554078 4.118697768 2.173795202 8.862477672 4.210487469 0.792114764 4.711831969 10.191757015 8.217464381 0.202042463 4.069411166 6.936108155 8.201262415 -1.854536187 8.015588046 4.093421445 2.343042115 3.911288500 3.019027727 7.579840538
-7.435460237 8.694187229 -14.807327139 -0.013739975 0.308596937 0.303286234 0.901441403 4.676996068 2.072042208 11.111112865 -1.792455768 3.862532286 3.034757011 6.657605552 3.253673101 0.163231633 3.042732560 7.777228173 -0.534082381 4.057837272 1.397511856 2.554711168 2.719047637 1.421079805 5.511339403 2.358747403 2.203344179
-8.268970076 4.201175606 -17.648219579 -0.578683574 0.787948564 -0.173982161 -0.118290275 6.186286890 3.472078795 1.786878898 7.881751041 6.455513524 3.858708688 1.153094039 8.463318946 8.690921835 9.156975534 8.606558960 1.274711808 0.904224215 0.613344360 3.721147390 8.003608628 -1.963401463 -1.143154883 4.022151176 4.976628378
-10.971185745 6.002814711 -24.687974230 -0.482163282 -0.498457469 -0.720234826 -0.017902989 5.636900282 -0.755801058 4.674996848 -0.137717880 -1.649505094 6.387943925 -1.045624086 -3.128887925 10.124880454 5.757670160 3.076692914 -1.042391820 -1.202447705 7.307066268 5.362462806 4.757862691 5.676486431 8.267935551 1.952427659 -0.118977558
0.225392509 9.965192313 -13.111648250 0.298317853 -0.469614911 0.398992867 -0.728884755 4.954811880 -0.818316618 11.041053800 4.192363939 2.199506234 5.772611510 5.922561066 4.705831280 3.464310553 9.527731773 4.533455228 2.634547223 8.708108419 3.330064511 5.235770409 5.961189882 2.041973607 10.317894439 -0.318840445 -1.966554129
-9.441802453 1.538459937 -25.576480429 -0.257031071 0.871141013 0.341017840 0.242394714 2.360786042 4.595358898 3.996744174 -0.296646087 4.936410710 -1.070287924 -1.009630736 2.664589591 6.852947634 -1.333046526 4.908856616 6.506316487 -3.098076803 5.216755386 7.539752131 1.050419390 9.623090575 3.091637259 4.265391050 6.454312485
-7.899847782 8.635715839 -15.767067632 0.058143278 0.110808685 0.974855762 0.184382859 -0.971007549 5.798873841 -0.153021795 4.261201425 -0.173249447 4.034049449 4.243005276 7.516667291 3.233012316 7.663021130 2.167998648 0.974452829 9.846047637 1.954327511 6.415035750 1.736568292 3.265554306 4.103320035 0.358749938 3.960837951
-5.081580262 2.055086235 -20.228854595 -0.662366088 0.444065926 0.518799005 -0.308097730 2.263490011 2.131333486 4.670151984 4.502707271 4.451049590 2.803876856 10.700487153 -0.382880201 4.043271451 3.945032370 5.488864298 5.316909934 4.001360172 4.165530157 0.803192793 -5.263201628 7.586089856 2.900889278 5.927748946 1.892728497
-11.995352986 7.722980847 -18.939422909 0.263074394 -0.410730933 0.869086801 -0.082341338 7.218360451 2.700608823 8.905757096 4.295924558 4.865060215 8.667108595 -2.009526556 -1.171062149 12.279755914 8.068474710 -0.346220746 4.671525553 3.655708972 6.241464988 1.372595102 1.690146640 3.196692503 4.250387141 2.358739001 4.467346446
-0.790955371 8.756759799 -15.076096830 -0.238130920 -0.361729554 -0.821680434 -0.370522145 1.960911722 6.331773455 5.190248314 8.708820426 -6.584016649 1.448193385 4.251225956 0.696958802 -1.188360640 -1.220144853 6.193745814 0.543942167 2.514123689 8.998498770 10.643407005 6.068123072 4.963756522 7.857459773 2.062447012 1.894239733
-1.563870202 10.161258217 -13.046148211 0.096620823 0.470551869 -0.483763372 -0.731586191 4.595425379 1.906697153 -0.042882344 3.866396780 6.269555744 -1.248106386 3.867463707 5.471334143 1.500382343 1.759980451 2.636794584 8.438364351 4.103344740 6.363491142 5.655711277 0.375523630 5.500670384 -1.426287252 1.414225450 8.092083376
-3.581427258 2.130589230 -26.787586159 -0.258278380 -0.657764747 0.618035356 -0.344485289 0.385954285 1.134526715 4.491426857 0.344841671 2.928386031 0.528020472 6.864845758 4.885419537 8.132127347 -3.117645958 10.086570034 6.291135713 1.436545702 4.435345536 1.113142710 2.623383667 4.955998437 3.883315307 3.940892101 8.641544164
-0.759769279 1.342909923 -14.182531439 -0.301798932 0.678909605 -0.347597293 -0.571992373 3.649169675 5.538719108 4.151376460 3.864540570 1.062722076 4.214595146 7.932270469 3.152418192 5.134925263 4.289542486 6.036279464 6.638616922 3.397442436 1.118296944 -2.078823212 8.341750917 2.430010359 -1.823448794 0.571048236 8.797853602
-7.407302248 9.635194690 -19.441699023 0.148340387 -0.739120970 0.423086262 0.502686121 7.843313698 7.147817439 5.565892615 -0.154357955 -1.131162867 5.663712025 -1.124306933 2.351163024 3.799885096 10.839662472 4.188360821 5.026928771 3.325566665 3.481993922 3.283033599 6.579406124 2.646653758 2.143142158 7.992809326 0.193679585
0.886532076 2.758739192 -17.620069478 0.347819770 0.278259589 0.858306870 0.254759349 4.306878338 3.727486621 2.094658189 4.544530330 1.981373225 6.817490599 13.197398619 8.140682982 2.635979772 -0.419867518 2.415434890 8.654513231 -1.117679818 2.794360680 2.665550231 -0.619176872 -2.495210798 1.647866705 7.021507406 0.450775576
1.731711167 6.635550576 -21.087069069 0.386927787 0.088840224 -0.842804659 -0.363420704 0.041575329 -2.802126171 2.271953633 4.279528064 4.707821618 4.466351048 3.125708519 1.687023376 5.235089164 2.664924134 5.615892418 0.593680071 4.890753476 2.276707924 2.525989963 -0.209373496 3.020350476 3.019036116 4.377681928 8.050922510
-0.554891870 9.849997344 -23.713876521 0.785191990 -0.146077301 -0.493566362 -0.344277804 -1.903377032 4.966903213 11.003841595 3.612268816 8.500953199 -0.601365570 -0.139114977 6.594134046 3.196797063 3.643006262 1.243175834 3.580712126 8.569937863 3.264497679 3.569282522 4.384346225 -0.020628467 2.528831334 -0.352359901 -3.035805835
-2.468614384 0.025523410 -20.406790097 0.040488569 0.311712203 0.559887343 0.766630512 5.052057818 6.244540516 5.950626306 1.136645857 5.926674062 0.243611346 3.309094662 5.512214038 4.435480528 10.135234242 3.656282607 2.417986329 7.005456839 2.827685519 8.278221458 5.539614011 -0.291314396 4.070133447 3.551103523 9.148961532
-9.465432997 9.821221873 -24.485639776 0.717248204 -0.368216756 -0.485306414 0.338303294 8.140602533 4.320832880 5.736180824 6.816450675 3.726391533 8.218180654 2.145781079 11.327384052 9.217336282 0.576154023 3.048335707 7.416057157 -0.179013138 3.956523631 3.675454382 6.501209719 6.094086132 11.594251605 0.323631309 1.207596881
-3.425719809 5.957812636 -13.539960008 -0.944288106 -0.161791796 -0.279637293 -0.062820151 6.810821218 -0.457059970 3.186805644 5.623062273 5.680512307 4.963995038 4.320149479 4.936227321 -3.939837075 6.233447336 9.879840123 3.077890941 6.072513190 10.484997170 7.279147250 1.275754579 5.259683849 9.872402693 6.326167572 6.020756894
-7.032213637 5.797105727 -21.420089309 -0.309076595 -0.237811121 0.549116609 -0.739180952 2.161516213 4.500304216 0.040852803 7.974926973 7.746932929 9.832206985 7.527291715 9.855148624 5.118462102 4.712861308 11.377988111 9.996006776 2.342258959 5.673767552 4.614122714 2.040446096 3.819804216 6.368862991 2.475000945 0.326745171
-8.763022006 -0.430293032 -20.089620076 -0.474749611 0.309650960 0.816419967 0.110397135 1.204138700 2.954690547 1.825446762 9.378591891 7.600576546 2.843603820 7.670544478 3.209937457 4.760424940 3.734670663 9.166614768 1.998945269 -0.123907880 3.325917359 5.621135399 -1.847383781 2.600752745 0.744708283 0.267446602 8.344375964
-0.313809307 -0.327844877 -23.041105378 0.444252170 -0.284133607 -0.778184370 0.341082377 1.843907815 6.636136359 -0.250214602 0.254845507 6.583771461 5.455026800 0.420121129 6.208678265 7.241070708 3.373962258 1.227649580 5.290218073 9.241480439 1.085814741 1.093007876 2.766951994 1.701147355 6.116059138 4.670577789 3.020592092
1.732359110 1.110239523 -24.480785356 -0.312995812 -0.460763147 0.344292334 -0.755773599 3.573233055 6.966471062 4.112739918 -0.490107211 3.812453442 1.842781063 4.311202222 3.837303486 5.630282422 6.658140478 4.902850719 5.992571696 8.746117775 6.428572550 5.674990363 6.975271404 3.123224118 5.947093730 5.253766307 -1.893987879
5.096205752 4.989733685 -25.969424776 -0.427039896 -0.313875434 0.715579348 -0.455044324 4.713812443 9.088069126 -0.448527367 4.039432264 1.590690905 3.245356116 4.115798829 -0.587289156 3.158100564 7.037964460 1.311319444 -0.455284315 4.208647305 3.063962234 -0.624043621 3.835918694 -0.789264664 10.512298622 4.893948701 7.637325412
-0.857562457 11.337210250 -22.880488195 0.529680699 -0.097050420 -0.836609903 -0.100515880 4.023086539 1.226981893 10.828563389 6.749153451 5.957013531 1.071849070 5.354693522 5.505258318 0.008250821 7.723099761 -1.659409411 4.018862465 -0.025730893 4.915963498 7.748731775 5.085337256 6.738557488 -0.404734103 11.011233935 -2.339776398
-6.709468272 3.460542091 -30.293511786 -0.491503619 -0.661953427 -0.313137535 -0.471366881 9.126162304 5.835072108 2.815718978 0.774357091 5.324896766 5.632483303 9.675071661 3.793465506 3.981899915 10.562646313 4.878904445 -0.621923160 2.982016237 5.601683867 6.664074818 5.545477974 5.877129405 6.180536445 2.717439890 2.285945456
-1.664124456 13.740436483 -27.628667851 0.105420702 0.557354144 0.599173628 0.565007785 11.008472947 2.205481442 5.918545771 -0.628606722 4.589322041 1.711982158 1.748900481 4.994136344 0.408415785 5.047642741 4.354585489 4.189164144 0.921130121 -0.518504404 1.998921046 6.423181014 3.121967963 2.481283641 2.455324630 5.935882241
-5.523506936 1.645770057 -14.206578180 0.038222739 -0.279036286 0.151615017 0.947465387 6.043403697 2.045054092 7.340646872 5.854439932 2.583921785 -2.446418500 1.803176382 10.827406088 -1.768890645 5.425847251 7.404176908 1.609345415 5.794677737 -0.000013252 4.314772872 0.249555199 4.627715226 5.205403138 1.660554014 7.889256237
-9.568614584 3.976679282 -20.861992100 -0.028796147 -0.684825755 -0.580063170 0.440126330 1.521596311 4.453782359 2.947213612 5.245348907 4.046510159 0.896756603 1.471954389 0.852615142 7.961649877 6.364588791 5.225172462 4.920697838 4.280842778 8.230899616 8.013572446 2.196574687 5.854385833 -0.812123464 3.128236752 2.201340510
3.962752241 8.465723192 -24.556598537 -0.511653752 -0.448224884 -0.729608467 -0.070543436 0.727945283 1.015808169 6.506135625 6.212166452 0.440386164 7.092579943 3.188209408 4.030545137 1.596732297 7.532234820 4.120768771 2.045783352 4.913087072 4.384591577 7.691935214 1.557975383 -3.541145326 3.375466073 0.640813308 2.718402558
-4.677616725 10.050640857 -29.555610168 0.707756993 0.266886511 -0.609965923 -0.236205847 5.609117479 3.325988431 2.335070853 3.487776281 3.282654003 5.346913411 2.501871494 1.375713116 -3.852843174 5.288370189 4.496394102 3.705038331 0.449516511 2.101965619 10.172251129 -0.262008678 6.761687172 4.377812404 5.283153026 4.475243501
-5.047137162 -0.661463582 -27.814596269 0.186298800 -0.865295409 -0.451927854 0.110985703 2.841148439 1.262421319 4.249493135 7.045688431 6.250864747 2.865475620 4.692922113 4.812355965 0.015941365 2.887664060 6.772569954 2.077618519 8.830339737 3.319830765 3.979333743 3.274473582 7.762144179 3.451920754 4.486961988 12.069373846
-8.421415043 0.455041225 -20.371906335 0.906309997 -0.257226850 0.294299585 -0.160699379 8.285861102 5.264658773 0.427101727 5.232038484 2.092438713 6.018975610 3.656413286 -0.549046426 3.247799940 4.808147823 3.493123560 2.971241819 2.868542782 2.620063487 3.742177861 8.302001881 3.708677143 3.855135537 1.498839518 6.029912488
-9.240800804 5.632238938 -15.163553239 -0.705711364 -0.154687254 0.045335843 -0.689918825 4.786691404 6.221482904 0.581958497 0.006812420 4.877910390 5.521039381 -0.276486052 0.269518771 5.613689045 4.161117289 6.462170473 1.228841556 1.903765308 6.362622067 3.384227164 2.241589102 4.239741657 -0.873717779 -1.839227706 7.034554012
-7.880936433 4.701593954 -20.152718885 -0.467985317 0.855570117 0.221035938 0.011516607 7.897002562 5.680200081 2.919697949 2.578484807 -0.441708594 1.631252840 4.776987772 0.289938214 0.387804930 4.994889592 5.410789219 0.579426075 0.367347911 5.069311087 1.548025096 7.641107656 5.420120016 7.204434548 6.512879105 3.550873049
-8.448074201 3.634309786 -23.041317915 0.529265543 -0.449853251 -0.590383951 0.411043584 5.226319673 2.995353530 5.211539178 -2.489547384 6.696226194 5.577008090 1.284800398 5.178028321 7.001573946 5.894009157 6.737663262 3.725444777 1.635972462 4.064815976 6.451243708 10.257149518 5.944391758 4.335896048 3.427020748 6.470272416
-1.100190638 14.845497766 -25.198055121 -0.373310760 0.828028507 -0.418332376 -0.002427232 1.127150730 -0.685085707 -0.122231033 3.478343398 9.303534848 10.154903803 -1.197812304 6.775201782 5.921341939 7.481269954 1.948029482 2.786215179 1.988462122 1.035601327 2.797039330 4.595999051 5.789115763 3.932462022 4.976974656 2.209572721
-5.539746793 -2.206330083 -25.837791363 0.833582287 0.095203037 -0.287059272 0.462248770 2.819213749 4.908321300 9.522263506 4.903011381 2.530448651 5.040427984 3.280094134 11.882416426 10.358376549 6.962868235 4.771341600 0.660989111 11.052940280 0.466161947 3.627030929 3.290391350 5.747965964 8.025534058 2.719186788 -1.934013626
-2.027529681 7.392771835 -27.095782090 0.746263625 -0.044992072 0.650801865 -0.132375405 3.803505683 3.980721170 4.083813235 -1.710725517 1.022317329 9.090064669 5.456117170 5.877303068 3.775237876 5.683678160 0.736478100 -0.484363133 3.090453895 -2.086709312 -1.836579871 6.317363289 4.339130694 6.161262415 6.580433079 4.106968286
