27.795045937 13.036752087 13.539670871 0.443312746 0.845618524 0.254584686 0.153589579 5.027442140 3.305840664 5.164036958 6.638394353 6.727002521 3.304215508 3.265830940 5.479171636 0.634253624 -1.057334345 8.566060821 2.510325314 6.026355794 7.259288067 1.650798696 2.213752102 2.797738927 0.278643011 6.215811424 8.902061194
20.138679662 24.826560102 9.549126431 0.899563221 -0.334051605 0.249915470 0.129374631 0.053368605 3.383448967 1.441936748 8.810127641 10.279072583 4.102907932 1.071243851 4.156441292 5.286474950 5.937618690 5.059776305 2.656598395 5.606573701 -7.137889282 9.111714532 11.601792739 2.764379809 4.318295077 1.805806692 3.064162370
22.949691327 20.800723756 1.675937945 0.312089845 0.454006815 -0.833434424 0.043183335 3.608847095 7.986087345 2.227752213 4.834047883 0.033813569 1.304430343 6.746844914 1.844397310 7.586219114 3.954489643 5.611160473 3.305329001 5.480728575 4.242803525 1.409068118 1.046695748 2.298494296 4.341183408 5.122482173 2.139157442
26.120033937 14.943549452 16.652346270 0.259880325 0.002338915 0.945536896 -0.196001849 5.291923715 6.866692056 2.984953686 5.359779356 6.646975528 3.626402252 -0.790665374 8.243151975 1.812355954 7.327166543 1.902613470 3.862315418 -1.733281028 0.445441014 0.666352905 -2.668173458 12.811325526 3.715003341 7.874433535 9.704756330
17.089920297 20.548180123 9.138790960 -0.302900289 0.001807624 0.731145784 -0.611288794 5.992977897 7.764100400 6.532655669 2.478584519 3.480544348 -1.199526049 5.364125263 -3.084326181 1.225439448 4.151787361 7.354967102 10.002620364 4.225068245 0.196990867 6.415750661 3.293482340 7.928942649 3.821861135 4.243379565 2.118122522
18.501195304 7.241894900 9.879615998 0.853936975 -0.503409213 0.083970537 -0.101586198 6.369819938 -1.122350462 1.123822094 10.533195564 4.357480865 8.640047245 3.275815733 8.347051397 0.932170399 4.534057230 4.319692014 7.808112648 8.746118141 2.843710098 9.043115278 3.549717421 6.469203180 -0.925581644 8.067117103 7.447934492
11.856524764 17.176964596 10.309035318 0.153110510 -0.981305594 0.116601990 -0.000692328 9.782100065 4.687413824 6.793714319 4.056511111 0.975969678 4.135119166 5.896322219 4.374762199 2.147628741 7.695517026 -0.545809681 0.198656903 3.897376296 7.425716479 1.488990328 3.293121642 2.057308125 6.392089245 8.303032391 6.532191289
16.761408136 11.133012823 9.411926004 -0.105575331 0.717627961 0.364972810 -0.583659838 7.018329504 3.651263327 3.148342029 1.533847854 0.904140505 6.197875706 4.795165226 9.002858134 10.341507956 4.232103028 1.248435475 2.957272421 4.383873861 3.331855160 3.131781240 -0.880729236 6.263980272 5.320335995 9.509921533 6.007548523
20.434151432 17.178150016 8.433967611 0.494966253 0.483927060 0.405120442 -0.597244034 10.880621374 5.483187769 1.689264345 11.341364957 2.723866039 1.601532168 4.079571217 3.115983740 2.405431312 0.793401242 5.802274572 0.969527185 1.546815050 10.496838576 4.287948897 7.068022770 4.645518842 1.193363857 6.800999335 0.209782228
18.455530212 10.807846660 7.202922349 0.549638142 0.718087099 0.316274678 -0.286738835 1.618977600 3.546703824 4.029081702 6.473802569 4.929409976 -2.019420733 0.485464831 4.241672142 -0.448578420 5.699033873 4.136073090 9.702083871 12.220128360 4.262202921 5.795984247 -0.038516562 6.910543521 5.804363083 1.603066555 -0.990783682
24.567285375 18.069661267 11.665529848 -0.533124849 0.215735438 0.210492205 0.790524603 -0.479496963 5.903421721 2.660016631 5.604871853 6.706657924 1.975525238 6.624667855 4.928372274 4.616264811 8.233084978 5.818932892 5.751880505 1.179769067 3.539345279 2.466227705 2.582365829 2.550781286 2.702140271 3.157791297 4.386092807
26.559719372 17.165161224 2.172522721 -0.516508603 -0.448739577 0.726140569 0.067613088 9.262395667 6.574273002 3.345873024 -0.615556210 13.882967874 6.906413917 3.487417229 0.461437134 3.428588314 4.423356614 6.744862979 4.225425117 3.966848190 1.525018101 8.225968205 4.472871370 3.400403878 7.709975758 8.796121950 3.654076657
22.315780766 23.691625817 5.779637577 0.023491435 0.143932582 0.944208328 0.295300183 3.823772139 6.839617801 5.579211406 3.599221069 5.633334495 4.203848819 1.673867198 7.203077001 4.069123064 4.310020948 0.638115194 2.698650001 4.705367062 1.995723835 -1.245867729 3.821572729 3.416149571 6.854231086 2.954018272 3.413904812
22.527044794 18.497192344 17.591414581 0.109645273 0.131184720 0.469147081 0.866411853 4.884558256 -0.465831241 1.044647267 -1.801797616 3.025585669 -0.311577286 3.390064462 4.764395973 -2.550353977 5.567139407 0.389360469 4.824787468 4.295482151 3.718381361 0.529230010 5.618054908 5.110211972 6.087461174 1.854738275 3.189237866
25.212316719 10.684610638 3.615518458 0.676564833 0.473625559 -0.185052785 0.532629630 0.449675216 4.986940774 -1.122453657 5.496268276 2.099497075 4.469268886 -1.836020077 9.127040251 2.156401606 2.025456447 5.368695912 3.916602233 2.324639129 4.555922245 6.458866877 5.795349510 6.629578771 6.206730143 4.149292050 1.114667759
22.663809818 5.056630933 9.090930127 0.364828607 -0.901679151 0.134625986 0.189078397 3.476349037 1.949360578 3.708828732 1.465052933 3.377214959 3.494634051 6.889316806 9.107807393 5.542813227 8.833856042 10.648474459 -1.023853448 1.952333991 1.816576525 1.495093620 10.197692601 6.228567809 9.454541603 1.481519856 4.469461343
21.771538260 24.443319227 8.027709948 0.367835435 0.614092895 -0.399993542 -0.572356685 5.433753147 2.798247358 8.818141348 6.603208799 2.958171594 2.407997564 9.566809424 8.761825446 -0.805593059 -1.171312625 5.990847824 8.416299518 6.324840660 -0.896791798 4.599667401 2.799026141 -1.356453458 -0.148313496 6.436231797 3.728116882
20.922103849 20.684448598 7.188076930 -0.144401042 -0.295939200 0.021073923 0.943993760 2.650300400 2.870854276 5.365912015 6.833385107 7.782345622 5.065837345 3.667125459 3.285901435 2.517714492 4.631772190 7.058827966 1.553580932 7.230266397 0.643217260 5.844100153 1.727999282 1.204928524 7.113433503 0.208965036 3.448335234
21.253647071 9.926448684 9.680578164 -0.235935548 0.912147634 -0.332310641 0.043482755 2.938071738 5.506178957 2.916171822 -3.284847986 4.629356162 4.847476006 7.061308636 3.286731637 -0.699150397 0.859142302 7.995251715 -0.127787071 0.967782820 9.204274672 9.777122626 -6.691085218 6.745404293 3.110976913 7.363896695 3.985320293
24.245081688 18.175415673 16.877203422 0.152888259 -0.620263713 0.571455079 0.515108920 -0.982909256 5.833049415 3.681869045 4.178259613 -1.146538829 2.856803907 4.447725151 2.201887216 2.641281686 6.324865866 8.242816569 0.393864837 0.913087690 4.291185563 1.396437531 0.974771582 0.965546529 4.188178414 3.512472339 8.071200121
23.147556410 14.536483177 13.445468815 0.184840169 -0.678679435 0.129790485 -0.698843878 6.895845914 2.833094035 -1.888109346 4.142898029 2.404913904 3.930039118 2.433973505 6.722565088 4.419818909 0.583954079 0.352434541 8.663067534 1.577130581 5.284234932 3.958952306 3.369418800 -3.096726916 5.906844347 7.465935873 6.293975465
28.784550832 15.987523394 7.318030233 -0.168901058 0.660564654 -0.438950283 -0.585191781 3.836636895 4.175978991 -1.963022418 1.392570887 7.353584873 1.821728492 0.865278876 1.355692346 9.409024307 3.926737945 7.434456937 2.680817743 6.386793960 7.448079914 7.097544625 3.202004519 2.643400498 5.531079057 6.858528727 5.766922342
27.041944991 10.878879381 7.817510370 0.287015582 -0.319359652 0.054822924 -0.901457662 2.162903588 -1.423254441 5.667677426 6.283242606 0.381529874 7.175575253 5.872653156 4.029536493 6.506390858 1.385024834 -0.742664944 4.702014346 3.219069850 4.072645317 6.098778579 3.950070928 5.391130589 2.639480471 2.667252606 3.336467474
26.275150531 14.750207894 8.399100538 0.668393626 0.113405794 -0.543475733 0.494998197 1.740653045 2.833614480 -3.665746367 2.559295465 3.065705735 1.044326573 1.384133910 2.640452157 7.261501528 5.713435665 5.440804962 6.047886036 4.797803684 0.395735447 4.040516889 0.154487728 10.345993797 5.174562465 7.191817247 5.231982344
12.900903194 16.545719710 5.810537547 0.773270692 -0.085118802 0.574461982 -0.254559733 3.803705005 7.672351651 -0.907258680 3.488282751 6.565924744 4.551325510 4.678892612 8.894781030 4.481747526 9.121798764 8.613999462 4.630322851 -0.299269070 4.631876126 2.012537051 6.135081225 0.185008945 1.848379794 2.351612720 7.370296514
16.274457604 10.001812214 14.215190511 -0.607744746 -0.743846089 -0.276708288 -0.027782059 3.767305268 4.729025241 0.182567943 9.471273632 7.929514075 2.098103029 5.548478772 9.375798514 1.770031828 4.382314036 5.674901751 3.963800246 3.381325475 2.202365663 1.701978895 3.063470958 4.954591949 0.817161012 0.486226599 0.789274774
18.482608980 20.017528316 5.345428455 -0.455408368 0.508455209 0.622703619 0.382513689 6.097067454 2.716128732 11.340339777 -1.317158046 5.366165142 1.669562086 -2.310494997 2.797517345 1.969891207 1.821729703 4.747307594 4.119464331 10.068737428 9.192820306 3.055742105 -0.876071742 12.080216570 7.453967095 -1.601068009 7.164181049
24.475785881 7.426194164 4.601508816 0.441131809 0.637492843 -0.266666671 0.572620720 6.084617421 -2.210496125 0.608831093 1.624516924 2.937698377 5.029234509 -0.655343956 3.568829539 1.197920703 3.926213235 7.227950731 6.859802833 -3.189430040 10.029289599 1.890872372 4.536184192 2.062066792 3.513155802 8.278451169 7.130600394
18.101543031 16.210237320 4.725195297 -0.033331694 -0.769795080 0.625170637 -0.124363210 2.986006916 1.760913552 4.828565644 6.576676350 7.021856703 4.376763767 6.304692357 -0.199707560 4.324497390 3.819310899 4.774560136 3.112445230 1.418240776 9.400651001 6.169972568 4.251070522 2.955326698 6.206036197 1.252410360 6.661519978
23.194744565 20.895677016 12.198816594 0.858224620 0.395954419 0.083961803 0.315627971 3.654596994 3.647507876 1.524678951 3.098329965 -1.858058405 2.418321733 3.259654249 1.347424795 -0.089356520 2.416320177 0.644851451 0.088674011 4.972317316 6.336242739 7.830429008 1.733986506 -2.558571019 2.993007116 9.481543790 6.750232906
19.851608449 18.982283587 8.487899434 -0.549545530 0.812833946 -0.186113486 -0.051598991 5.841074696 -3.812425745 1.789177337 0.392451958 -2.011624769 3.383692351 -3.260049075 1.745348306 1.455533814 1.167855177 5.008316441 3.303195309 2.152391774 2.255097842 6.383425678 8.624934112 4.916178369 2.111419234 3.501208954 2.696293173
25.917281830 7.425844893 7.199043636 -0.141440288 -0.651610141 -0.596099507 0.447285419 7.204411133 -0.899194366 -0.493607979 1.341112278 6.406996073 -0.236805162 2.733216077 5.748787506 6.266865752 2.692929668 6.233469057 4.596540729 6.389934215 2.006895984 4.206477417 2.403388228 1.268669505 6.223393526 2.913316883 3.080958523
15.873208248 8.811779509 13.384463479 -0.044677567 0.006065631 -0.794568789 0.605497781 9.424785596 -0.713170740 3.957320527 10.863878940 -2.070691849 6.152947624 4.990051334 3.254697492 4.144067427 2.993791670 5.456619261 -0.499109561 3.779133801 4.689321787 4.413419586 5.614605721 4.380769693 4.366010990 4.030812619 2.474426393
18.866648142 9.009376781 12.884566999 0.360380027 -0.203089356 0.686957969 -0.597469412 1.101631038 8.071989134 5.902498290 3.946338651 5.497713634 5.851095016 -0.122857404 4.789458315 3.291326871 1.921375800 0.994229390 6.095483204 -3.234963197 -0.643647181 8.419412572 6.828824762 1.059599566 2.858804647 4.397308543 2.323924442
16.085246075 15.251557821 8.300428081 0.219989243 -0.826331611 -0.370684491 -0.362455251 1.610430203 1.641232816 3.546181568 6.329092461 3.429632897 2.351580151 2.779129697 6.469041648 6.170411886 2.994566533 7.080435193 10.702382936 3.461959729 1.631839668 4.477394044 5.074827576 2.847222599 -1.896237348 5.546544493 2.211114220
27.954315903 8.151940110 11.117414991 0.657168777 -0.517826504 0.339416343 -0.429862136 8.740244910 1.183174103 5.288357049 0.038288079 8.659207600 0.278379099 5.294827505 6.407328196 -1.783470987 5.745014592 4.042184810 7.271458279 1.912118697 4.047286795 8.666818568 8.109160289 5.696996077 2.009391709 7.477121825 6.065483897
21.565745489 14.995820731 14.958106112 -0.899029063 -0.227106678 0.354087262 0.121620357 4.168829953 0.511319486 1.602082146 2.840790803 0.210411952 -0.687524907 9.191506739 0.917818900 4.912063433 5.512915855 6.740190796 3.827480232 2.452806717 7.318707297 6.864613223 4.720213681 6.181061013 4.555441205 4.226546563 3.279289898
16.959240679 15.080800256 4.617631899 -0.767439266 0.136406698 -0.621594368 0.077785778 6.298249924 1.862055407 7.627038736 2.001296123 2.962450244 2.867471864 8.060113045 7.821002943 2.036877038 5.130959245 2.009179275 9.552152620 3.582300987 11.811424536 5.128718621 0.960770755 6.745823267 8.114816591 4.999459208 2.291724202
26.780356820 7.574730948 7.788232731 -0.247644324 -0.733441669 0.324695199 -0.543423071 1.565243485 -1.261957467 4.244500538 9.515923160 1.959485982 3.058478415 -0.043534320 3.588022537 5.197363786 4.519480986 5.874622561 -0.861433196 4.166243258 -0.146838574 7.176491235 5.109498682 4.075126399 6.175759497 4.635217992 5.127805866
14.337851906 11.892904281 13.927488481 0.564641506 -0.669609737 0.442827830 0.191588839 0.753683695 6.841946104 6.790253235 9.009924030 9.623787194 4.598413481 11.266282217 6.182965576 5.852671062 7.875647775 3.888576118 5.635390011 -0.057029070 -0.144837192 -2.069845230 3.704020440 8.429143538 4.459387684 4.977265011 -1.667757227
22.570331332 17.443696739 8.233226624 0.133333209 -0.023627899 -0.273030854 -0.952427494 2.893514534 2.051454087 8.523011449 4.830538132 5.465736015 6.784868873 1.268230734 5.597426439 5.001610590 -0.312332535 2.168535881 2.933230898 4.440827877 1.995326382 7.698024851 1.173405730 5.079344407 10.570851440 4.575735587 4.375563642
18.517074547 16.054240509 3.063590540 -0.301824459 -0.395651012 -0.338260103 0.798712950 3.937384168 5.001374679 9.331340229 4.546961485 -2.040856444 2.573456470 1.016396722 9.254934092 5.945175652 6.538754275 4.689850568 6.689607878 1.759697038 6.007152582 4.595130840 -0.388502764 7.126370219 0.521091830 3.857069400 8.359540436
28.395341018 21.326419993 7.250774214 0.533183457 -0.151346450 -0.801552129 -0.224329753 7.223440957 4.404490460 1.764248890 5.703724480 2.751948970 6.193255639 6.757666520 2.550481133 5.869847964 12.677521913 2.315631061 1.458438548 -0.467159991 6.106111565 0.809193455 6.954657396 7.125174571 2.062328089 7.261624732 3.081645874
16.339335303 12.803842497 11.870253874 -0.068169739 0.997231492 0.024990575 -0.016053342 0.303925694 -0.901400682 6.311810366 3.833063125 1.631541024 6.168709939 0.821438493 6.588654375 -0.236510186 4.674990196 9.473735394 5.649159698 8.014230856 3.336137235 7.014696327 3.547695526 4.678795332 4.715307731 4.294813033 -0.506208377
26.678870672 10.189684588 10.268854832 -0.017749477 0.472867375 0.345143964 -0.810528868 7.662832756 1.943457650 7.532860162 2.330018435 9.499935398 2.317367932 -0.126662136 2.959861333 8.200839487 8.959210472 4.067225103 4.769774465 1.751538381 4.731998225 -3.896131827 -1.935005307 6.238112800 8.580862689 1.289914221 -1.661226273
29.348574747 19.150325718 10.997012285 -0.832179459 0.156562532 0.019696195 -0.531580268 1.301512220 4.121435890 8.528283325 4.955192653 4.442881148 3.102608270 -0.745116760 5.705197528 1.016569141 -5.216150140 4.240204477 6.618104744 2.878032604 9.586444831 2.756689393 9.892267775 3.677806847 3.186586332 3.149009309 5.060536811
21.745582764 10.806303854 5.419090963 0.133098638 -0.271982433 -0.047694799 0.951858978 6.574143277 2.512050608 0.963866920 3.256781649 1.688433021 7.738125311 4.761329744 7.799560941 -1.681645165 4.309519459 3.116261061 0.445832956 4.223201621 2.079739198 -0.048518000 2.533012044 6.362586146 2.035202797 2.996743487 -0.628585475
25.422023495 15.610998029 12.539594960 0.234869817 -0.061263188 -0.592157007 -0.768396428 4.215795646 4.684514664 6.809758816 4.198509639 4.696536229 -0.141995862 6.811444996 1.798888276 5.495972889 2.353900952 8.156219163 0.645622033 5.308743224 2.849785144 2.609701250 4.640457307 0.982679437 5.505901014 1.982116745 3.445802977
20.087144357 20.172740530 1.719180245 0.835486408 -0.094146952 -0.066338472 -0.537306263 1.667064511 2.066292673 0.629168061 2.880951539 0.140000576 1.244143503 3.049697763 3.874068544 -0.804517182 3.914995034 3.392199880 4.054702300 4.254046066 3.443697630 2.588700025 1.745164032 8.723329767 3.057328950 2.481220075 4.025968124
26.756893276 19.328693044 13.322823643 -0.315034044 -0.312038174 0.544357736 -0.712081726 3.904429482 4.591219936 5.234836279 4.394307551 3.918256119 0.044008291 5.633498367 1.389831509 4.005956492 3.458807078 -3.204433744 0.644891360 5.692903817 -1.328603844 1.377077385 2.850609519 3.188534443 9.343792171 5.867457224 5.144556232
22.100336615 20.596229934 10.361601149 -0.297017033 -0.240487020 0.640400379 -0.666208849 2.597676182 1.534563376 6.055941965 3.970226565 -1.246099774 4.183266648 -1.206165222 0.716813833 5.029310974 4.669344865 5.605408762 5.586901958 4.113151183 3.407531246 1.342830777 6.619101195 5.574049218 -2.622115386 9.278824207 2.670370581
26.139356820 13.034673859 2.728109202 0.734384037 -0.575407809 -0.318946071 -0.166911185 2.242547648 2.915820790 2.204993854 5.643964930 -0.515004440 4.187729493 4.997718721 5.751846941 2.286281616 -0.778055086 5.463068938 4.629462706 9.691342922 0.696651378 1.602399131 8.128243132 0.685329388 4.579646851 5.237129162 2.234429918
18.404124453 7.411657566 8.195001720 0.574038892 0.443077943 -0.509162034 0.463589592 7.100268653 1.671350228 1.965980372 4.852883511 3.621118406 3.892953645 5.999746038 6.714071434 5.336139655 -0.301239851 7.734674125 4.256458726 0.546240546 4.479917552 3.910893179 6.152792303 4.936731188 -0.203706244 6.040272346 0.029806293
15.299568648 19.846976007 8.398619479 0.380169290 0.888395993 0.120166483 0.227560733 0.846413369 1.448265926 7.568282475 3.708931725 5.400433337 6.009668575 2.334062813 2.813278643 2.910323166 0.798127530 4.763068249 5.503716957 1.389257693 2.268981650 2.441314595 9.321259963 4.278214737 8.147293752 5.044736910 8.602939695
23.215930053 11.416929626 11.262818040 -0.172209641 -0.128916852 0.486306311 -0.846894596 0.919587204 5.302882618 5.420795492 1.642571817 7.264940635 3.695840782 7.610080972 -0.298151566 0.326387742 2.131145396 3.224146447 3.527988439 -1.932662442 5.157780418 -1.014977752 5.977789459 10.483209382 2.249892254 4.927169517 0.594049627
24.701706611 9.054729127 9.839672303 -0.370080375 0.830779253 0.042885768 0.413530119 8.493743640 9.122735998 4.288197302 1.977426879 -0.615506794 0.867823484 3.608211904 3.687612171 5.542183134 5.962758185 4.935854202 3.447539169 5.430235084 7.477907923 -1.609940019 1.596480222 6.839465934 1.448647141 4.431819826 2.978148407
18.328432071 18.420421389 3.218852771 -0.554647067 0.382242871 0.453177968 -0.583855074 5.448306550 3.214408781 1.492012359 1.919182681 5.994738614 1.479280664 2.608676859 0.652551405 6.010534691 0.082628352 2.364699931 -0.130689744 4.540357064 -0.992830553 1.673379368 0.217565358 5.628548916 2.707942236 6.287063776 1.860508385
14.301722859 12.360985797 14.269082939 0.308021268 0.787734939 -0.249052078 -0.471772856 7.332291350 -1.283404050 4.145453808 3.873028091 4.501821112 5.615647450 5.773060304 2.030754045 4.220121386 0.308922100 5.688527784 5.782514179 5.813822196 2.790213595 6.784764104 0.910659418 1.280544837 6.307797267 -1.134389424 5.105681937
20.136241354 17.127276477 7.880332007 0.101087853 0.134495127 0.894438860 -0.414332515 1.645833086 2.494003665 8.184623506 11.595306230 3.474576943 5.739592143 2.695933732 2.509990703 2.342934856 1.659364592 0.180547143 4.559265943 2.719257576 3.215790008 5.502627976 5.385206330 5.223062826 5.398339226 3.367406886 3.966312313
25.392842153 19.946648729 9.903783261 0.632735884 0.319953175 -0.600109956 -0.370328648 1.462392451 0.873482464 6.311183482 5.907867698 -0.046063333 3.450206773 8.717855313 1.851936314 7.148331170 2.575942785 6.805070042 5.376831592 4.395819211 3.913450954 4.248406728 1.307095636 6.620299780 6.977144106 5.518851760 4.561786626
18.167559015 14.251440544 3.891157956 -0.116334949 -0.755103469 0.429926828 -0.481090276 1.524695774 7.049514959 -1.632043785 7.656040050 6.992220536 3.679763924 -0.942075052 -2.164565319 0.981008594 4.348560131 3.390760707 2.663565681 3.876685458 6.053738952 3.324097893 2.388536580 2.866974077 -0.374343774 2.897036807 6.940686923
15.909140378 15.476404494 11.013654698 0.335482834 -0.595947090 0.453854173 0.571239638 5.566304834 4.769005975 3.867898380 -2.664338353 7.582035497 5.172566846 6.550726754 1.447719648 5.816899563 3.911788495 1.138869887 3.363232510 3.535420703 5.231686245 -1.110273389 6.374638936 4.591492296 4.251355969 12.687386262 2.441995552
24.756985529 11.347025953 13.030289314 -0.334367883 -0.159282753 -0.928825118 0.010536738 7.672951004 10.315359187 9.055891147 7.787214558 4.477852303 -0.647852745 5.146926457 4.264747623 5.700238787 1.469534007 2.214995199 4.586746670 0.155881465 6.333165350 6.401733871 -0.816170723 8.021620349 7.768444026 2.404275378 2.054397534
13.592183504 9.980751672 11.280964916 -0.645986012 0.639723014 -0.133107896 0.394637588 3.643628428 3.958881921 3.397715458 0.762781240 9.281117733 4.898052954 6.948636844 3.671751191 1.276360976 4.085906797 6.507961377 2.201084785 4.106468966 3.569459883 3.472644841 7.323712960 5.328027893 4.003481951 4.953566390 1.087200927
15.006324234 11.302576827 6.877112585 0.772071827 0.563917208 -0.061243888 0.286621114 4.678171815 6.088213624 -2.490195481 -1.059546604 4.683888553 5.673904754 9.902880249 7.206788001 2.771257174 1.224507726 4.689899783 0.065424107 6.759701205 2.277452487 2.836190106 2.369400727 3.223676069 2.061280641 5.287542557 7.370042155
29.008555174 16.816722708 10.116387486 0.485818377 -0.432774750 0.356076788 0.670742753 4.883136901 0.451559977 3.849656050 4.725157164 6.206030353 5.708179938 1.804905095 6.192376209 6.873104522 3.374859457 3.233109320 -0.255798737 0.559177899 2.974256525 2.874701474 -1.517485714 8.065353747 5.938562453 2.020818107 4.175258805
23.311887366 21.673579143 3.017455460 -0.176706303 0.268842047 -0.571508304 0.754902043 -1.016584718 2.933498500 3.638228516 3.060022845 0.224996943 4.417529307 6.996532361 2.543374131 4.639838280 3.964756300 -0.413657889 5.877784382 1.672144207 5.397701720 0.904029978 0.446910722 -0.949999356 1.968108119 4.306931664 7.257207006
29.441640277 18.040980029 9.740572473 -0.557202291 -0.442349284 0.538024396 0.452086792 2.860770983 5.789987149 6.122052886 4.906098054 4.554992808 8.841944193 4.608468902 1.811557059 2.792352680 9.019135681 2.987313277 4.763281582 5.045425275 -0.614543571 2.736161882 1.420428881 6.518706580 5.734827233 7.770520899 6.141562485
23.870067109 13.523699796 10.572542223 0.079466027 0.845958053 -0.366383153 0.379214331 3.982463775 -2.637783196 -1.528532150 2.670778776 2.195877155 4.719875364 2.565428942 6.888660159 5.822555290 9.922795188 4.734641257 2.674817654 -0.977504704 5.742286145 10.368217839 9.253437456 6.202749809 4.876976667 -1.321759676 9.998056877
16.742812759 15.994668681 16.289781397 -0.204499673 -0.249297641 0.933572075 0.156440885 1.485307323 3.898555234 -2.366256683 3.064340309 1.276639008 0.929436133 0.577816947 1.947337763 7.776709552 7.522355123 2.856934518 3.996978380 -2.951603466 6.511682805 5.214357117 4.978251861 4.845518473 3.238799127 2.335384355 5.059635128
19.650067500 11.844169587 16.075427361 -0.641383810 -0.693004554 0.283320105 -0.167634168 4.475165952 4.244453581 6.751327236 7.414332038 -1.520020730 3.242438715 -2.379599717 2.018705657 6.217742967 -0.262096835 2.026273854 -1.704310123 -1.174471359 1.330914894 -0.168035004 5.903006581 7.220513959 4.598363261 4.779731122 4.044992799
13.933711615 16.321860364 9.935211834 -0.922499621 0.355967702 0.021975210 0.147643267 6.227052316 4.275477178 7.488763763 10.019390049 1.512811502 4.648548405 5.967942001 4.334836349 6.867986497 6.596904651 7.370014628 2.863118488 2.962619697 6.490371056 2.784185546 5.416422095 4.373163319 3.197964232 2.973266384 5.684796767
21.501613738 17.423712303 -0.056475062 -0.381131053 0.673175637 -0.437231505 0.458696297 5.249965529 3.298905851 1.772407694 7.631235474 4.911598913 6.239882723 9.284564717 -0.936884971 4.968676242 0.437752253 2.983392039 5.069181674 4.807930748 4.912172456 2.307469257 -0.072372816 5.920884924 3.325046002 2.632970521 1.909356860
27.942239226 18.944031728 14.593718016 -0.618852896 0.587323747 0.047646040 -0.519424455 5.600274723 2.305727310 2.309469887 7.162708310 5.463160307 5.969875402 0.336309065 4.688877516 9.446830871 3.337083097 5.972183869 5.014296459 5.493663183 3.099795755 2.494823219 -0.280922115 11.043374684 -3.017659307 2.234660994 6.654469368
15.241885327 7.490593603 9.414184876 -0.441602757 0.339700537 0.816656245 -0.150542776 6.069802863 3.851949427 10.951420668 0.682474634 0.655815102 -2.330062138 2.544373969 -0.680526373 1.056238845 5.082963255 2.331596325 -1.078587015 4.914299047 6.041425373 4.702666788 2.131558076 4.884788908 1.641298415 1.770999334 3.502700414
24.029990854 23.352463629 12.821848422 0.217706676 0.821483272 0.513728895 0.117693074 3.105396735 2.002884475 7.902315039 8.823971667 5.422281747 -1.383419617 1.130879868 4.824216939 5.776249834 9.524494453 6.158402530 9.093872492 -0.231007422 7.078703223 -0.800430060 0.841502472 -1.244535667 1.680134137 -2.812924131 1.416199347
15.886502013 19.950271810 7.432107596 -0.699442065 0.665021000 0.233699738 -0.117950414 3.126402270 4.461319015 5.315578563 3.982225655 0.176376992 3.468892353 -0.466626465 3.863199083 5.867328843 7.559433504 1.143379255 13.399840086 3.357268336 -2.456518608 10.523020032 5.457075409 2.663521210 1.625082935 11.248776979 1.227586204
25.743453351 13.028334494 3.436534198 0.047440573 0.595450275 0.793523371 0.116228319 7.562346491 10.652929847 0.036677086 3.716555977 3.541298469 -3.173272674 5.484350513 4.866337273 2.679885973 4.321709939 5.056693165 9.488803588 2.471882468 6.213627302 4.106097299 1.981285007 2.342487737 -2.470280571 8.120275582 2.650920719
26.213963672 12.814921632 11.608977862 0.775312983 -0.325877162 -0.452402356 -0.296691696 3.908359290 5.030874900 5.629868163 9.681249731 3.302379367 2.647251441 0.514477204 3.368034346 4.518197832 0.323458457 0.427333378 1.269647577 5.469384887 7.063839739 4.821124913 9.899843365 4.699896571 -0.102790550 1.855723055 4.195166281
16.582121375 11.895726516 8.815872119 0.136771527 -0.949543239 -0.083457446 0.269622034 3.016505478 7.489428934 4.576316007 -1.515967861 8.620398856 6.936770495 7.909486824 3.230911910 1.526135242 0.080773394 8.183419162 2.256397690 1.362421043 8.149905659 -0.235291644 7.287910417 10.297194179 3.996505657 0.196138593 3.981816350
17.815885089 18.630472096 7.226381322 0.284397290 0.497331315 -0.396897127 0.717113948 1.865811113 0.281274319 -0.004121420 6.761308159 5.491835922 5.082357478 -2.941744146 5.860601165 9.214910682 0.399057439 1.685314737 0.911129693 4.911725611 1.563450268 7.685454180 1.451612929 7.458579226 -2.061280104 3.804680870 4.304608069
18.825563822 20.085647998 12.502203889 -0.830968895 -0.465783031 -0.303087771 0.025974345 8.374586699 10.576654201 3.902286113 3.448247758 3.036560993 0.319571785 2.787864234 2.790898339 -0.463708087 0.123544922 2.881870665 5.462415068 8.490091359 9.679930426 2.115604873 1.531357384 10.241007555 2.955941207 4.688269685 7.532981564
24.752194853 20.631784115 4.881848505 0.758562693 0.194812119 0.618239633 0.066412610 8.708621510 13.102236493 -0.908231524 6.610389874 5.995198470 0.994204107 3.139044832 7.576574886 3.206590621 4.778804300 1.313773066 1.636376347 2.984248658 5.204959382 1.688261689 9.387432842 7.768690146 3.218173665 3.014721438 -0.632073791
21.991039694 14.403787467 9.983811635 0.235538886 0.446406634 -0.086446054 -0.858935172 0.286669058 3.767393224 2.803636555 2.059284320 3.318007299 2.639259079 4.104194223 5.169509322 0.227687037 5.060351666 5.625464369 5.596628384 -2.314565882 5.302824887 6.578375178 7.648485610 4.804306900 3.124063414 -2.936136268 2.865857491
19.598385132 9.338669345 15.169519696 -0.476770796 -0.587032186 -0.455575071 -0.469610663 7.874798870 6.310834604 0.157935007 7.340293911 4.086597033 -2.659335326 3.458421329 7.048284043 6.684500469 9.420517571 11.155704437 3.962344558 2.977792891 6.483351190 6.350988684 6.032240036 3.195038819 0.583476813 -0.042617285 2.203553437
21.172744642 21.725623060 7.622445659 0.978834382 0.076068654 -0.073869050 0.175043357 1.998816527 7.153406589 8.517151784 3.755545130 6.877913716 5.607333760 5.690257244 2.814725523 7.046237939 12.285652424 4.275052331 3.839877558 6.671045675 1.093997549 8.025987588 -2.063770528 0.478159711 7.234636718 7.350214271 9.932565610
28.036351890 12.800286118 5.751031202 -0.198862580 0.465392507 0.668047407 0.545505409 2.283971777 2.671560743 6.930594540 9.038703925 4.281782614 8.034393616 4.030822364 9.902917215 1.979185815 3.239797859 5.531814839 5.958894591 5.962892613 8.728560283 9.500060023 -0.840890063 2.579504202 5.012232320 7.477659153 4.599693730
12.815502223 13.078935652 5.156965779 0.649591990 -0.204724878 0.729661909 0.060921832 3.107894961 5.198451776 6.798620744 -0.528548341 5.771997846 5.295048500 4.087218049 9.339919695 4.426772434 4.911017238 -2.014511073 3.000315898 4.971273257 3.414278328 1.050156499 3.982302556 7.183715573 8.231454664 4.566988618 5.033750434
22.470422605 17.651367475 16.987701797 -0.774668471 -0.148484383 -0.043143765 0.613171888 1.370187302 5.803518724 -1.603830574 11.389775567 -0.458079013 4.754991598 4.532442978 6.907473142 10.687223321 -2.540377869 5.764807404 1.878550276 7.904598301 -0.460622814 3.210444375 9.798041421 -1.845906861 3.179244366 6.387166086 7.898764000
13.174622929 13.033265217 5.548445488 -0.215636654 0.751453592 -0.252203639 -0.570273318 10.909422037 2.929937176 8.699853580 4.669381947 6.600384263 8.721857885 5.546749278 3.826222582 -1.764560487 2.909292836 7.939999036 3.202643828 6.157824201 -0.180434509 5.672160956 -5.419862400 -1.039927673 -3.482087180 4.920596751 7.563761966
20.357788382 5.616081216 12.408543169 -0.837746202 -0.150239502 -0.268259249 0.451271946 -1.541958686 5.473193138 4.347657311 6.114999450 7.257271585 4.622174822 10.837994094 3.799935742 9.124575042 3.340313526 3.777127020 4.203733179 4.490930297 3.273772363 6.264081209 6.273825805 1.114153833 1.965210462 6.407717651 7.007014382
23.439089098 20.762850637 6.416820487 -0.650717051 -0.608604584 0.075227670 0.447781841 0.790476282 5.059775331 5.571918977 6.968577096 4.483494845 5.042687187 0.624125844 4.414219047 6.962836676 5.330909843 9.149437840 4.196057994 7.381691636 5.298806102 3.244437803 3.989844406 7.190150313 -0.616582916 5.134837400 8.589428751
22.598947581 13.029958858 16.934663158 0.013168946 0.566489015 -0.621433851 0.541051517 3.854464230 5.521515361 5.147157781 5.412352513 1.498356583 4.862799195 3.618683867 -1.591148295 12.611298072 0.477013853 5.414441694 3.843251522 -1.541145025 6.373480886 6.224651730 9.320905590 0.009546076 1.693180213 3.152660389 2.690508020
19.019795224 13.762706164 4.434192535 -0.058230975 -0.122787666 -0.720351007 0.680166721 5.157357479 4.350674123 5.849117947 -0.162933055 4.571586173 0.406503996 2.919038291 5.247968913 2.283410536 2.710909390 3.353713187 5.063279420 3.440126638 9.512328479 11.227560849 5.123091379 6.216307558 2.045203632 1.380160187 0.017750284
26.890813175 10.511375327 4.340202997 0.587104388 0.063732122 0.806065632 -0.038792400 8.269268335 9.877027705 7.657373120 1.765832318 0.040184271 3.683686883 4.785975133 2.323814247 8.336894071 4.868177380 7.858341176 -4.436825446 5.556736606 5.798064695 2.212463572 6.133464413 0.309063253 1.974526942 5.977258913 4.445512481
20.317435397 13.822332497 7.694426818 -0.860929095 0.173207731 0.145576423 0.455639858 7.115577324 7.783144221 2.743272267 2.441685715 6.467196241 6.012714749 2.246090000 3.809554809 3.327472536 7.705427660 1.063983750 5.801832150 9.959538001 2.917350740 1.029122227 1.888524629 8.047196521 3.476617488 3.747817321 6.870473976
27.366346958 11.559289384 10.988720889 -0.463463975 0.435250010 -0.757288872 -0.149238523 -0.378930147 4.901078070 3.518456958 4.890139775 5.003903620 5.411919311 3.473774593 10.550471769 7.924069829 3.221338381 3.890668320 4.012572128 7.616659571 3.304639694 5.123874499 3.052252741 1.676983721 5.869163630 8.995706350 4.833793638
21.586944675 23.988174015 9.393025338 -0.279895649 0.402436482 -0.870201061 0.049531976 6.740798406 2.732501797 2.823080182 1.305548219 4.101310872 4.797631581 0.978258482 5.673120003 2.247330498 0.619181588 3.799839244 7.565811082 2.190200667 7.406827010 5.281404677 1.245598454 1.781897586 4.777724262 2.610052633 4.789821148
12.837583531 10.695797074 10.687656063 -0.321090478 -0.516576332 -0.694086306 -0.385089597 5.663918776 2.631530883 -0.373860335 0.752425890 5.627751948 3.362617376 -0.070057538 1.980121107 0.792903119 4.131511968 10.301218263 4.901584668 7.302651600 -2.169052980 3.269325894 6.623877510 2.377520204 4.436902232 0.332068500 4.438776568
17.147591332 13.551836784 11.307407214 0.064361129 -0.037868262 -0.307378770 0.948652693 7.449499848 5.419928098 9.664947794 0.791256811 2.485315236 3.497290253 0.186230874 0.723675325 6.718326980 -2.600968474 4.490754263 6.823241582 0.992052287 1.865930394 2.867689024 0.801813695 3.000946881 7.772163232 -0.281269237 2.945308808
26.202646428 18.581785265 14.998785670 0.456697318 -0.206067931 0.010025311 -0.865368743 3.552116844 0.874347397 2.595936414 4.665743344 4.595959464 7.072296779 -0.461058693 8.463147981 4.596936208 3.297139442 3.844337320 1.605259547 3.105060550 1.253322169 4.873572076 7.153686144 9.560082817 1.726744991 8.094680394 -1.807378872
15.949459519 21.229751681 11.772100169 -0.227368587 -0.198748703 -0.858763524 -0.413917489 4.525251805 5.713160595 1.319201926 6.980488477 2.875594521 2.737123510 8.418963332 2.692911472 -1.050710488 6.519372918 3.951556195 5.611148520 5.571646775 4.327968586 3.630406798 6.205141570 2.472181543 3.876241341 7.994021716 4.189512917
19.185727536 7.691368407 7.162556886 -0.196184910 -0.876377192 0.051303350 -0.436855199 8.730564450 2.519272655 4.521932653 7.168945598 4.414463157 2.633665319 5.855820842 4.806306252 10.138680281 1.604326528 2.059508270 1.567564747 2.042245391 4.348298189 3.338867110 2.491235846 6.168807320 6.432783326 -1.076374642 2.664499331
22.436147608 7.997095664 4.972437064 0.205259157 -0.774118963 0.571578941 0.178622571 0.982799487 2.380450498 2.293467555 2.969672318 0.846168543 0.223056636 1.154052677 9.258414629 4.588442010 3.926729479 2.929245922 5.923760810 4.094803819 4.493335127 1.955885724 6.649085052 3.344206122 1.247105267 1.346482554 8.775789094
30.612608619 16.348011345 10.846701089 -0.626057897 0.036544066 0.474361214 -0.617816704 7.966654467 1.576880471 6.204438228 5.420028289 4.830466627 6.320577627 -0.453224646 -0.495584785 4.710241449 1.005326432 5.604666663 7.459956940 6.873298756 0.014253148 4.554137795 2.179405941 1.246450570 5.664092740 4.216494390 9.761789668
28.153718680 11.765960535 4.413756730 0.065406653 0.225995488 0.692644749 0.681829349 -2.257114094 -2.038088102 3.754059375 16.889797327 5.742138926 3.540078158 2.353823977 4.482020760 8.851369997 2.488480146 2.011179861 3.160465878 6.068664897 5.407983464 5.100975316 -4.505147177 3.757513108 1.875409695 4.079884541 3.782025791
27.584285998 19.067357873 13.510408139 -0.606030216 0.107487522 0.773903842 0.149153118 6.867028382 4.070493155 2.629853787 2.790690573 5.849946489 -0.374182558 0.693594796 4.563366481 5.215864428 6.484518397 5.089978716 9.616724886 6.055825248 9.571730857 2.351980585 4.407792800 8.870780367 0.709703607 3.330821154 8.573443834
23.475150101 16.804700570 13.070547880 0.283629548 -0.222486053 0.531914452 -0.766238378 13.049643350 5.157647506 2.135629988 5.390135149 3.040455718 3.763467244 1.953473297 3.831857752 1.281291339 4.475074346 -0.687744551 0.091096256 1.248564071 1.907010459 3.102147301 3.817599632 7.965503381 4.077742040 5.128583069 3.857001380
16.567039477 10.582501093 7.879482087 -0.320041352 0.460917665 0.816336102 -0.136834967 1.209564101 -2.464514557 3.926948139 3.258361179 2.905961148 3.354976617 7.174189246 0.512551810 7.076444657 2.316072580 0.563278788 7.242774621 6.625427715 3.667790105 3.047656032 7.847275652 4.677124060 0.881016829 1.818375251 1.368185583
18.854388756 19.391881206 12.609483272 -0.618863990 0.235797936 -0.290347694 -0.690727813 9.422651384 3.564779753 -0.392258048 6.368227562 3.876453409 6.695587132 3.259560776 8.951501272 6.019092327 4.064814170 4.368570169 5.156380210 3.686096507 7.760725694 3.286905687 4.878810531 3.711083813 1.143754854 6.523457587 7.085842068
15.882643117 19.567737309 12.831800971 -0.697826276 -0.249452865 0.550202883 -0.384822742 2.415087293 1.506434658 4.084338209 -0.593036068 1.439937447 4.731203539 6.608465937 7.324135934 6.922667968 6.946184142 2.980175461 1.593733180 -0.816207100 4.905747295 2.403999791 5.751859141 3.735534652 3.288251095 -1.031577050 10.153242848
16.756368007 20.206685846 10.932392696 -0.472291011 0.573192443 0.286945620 -0.605023831 7.301621499 8.223321375 7.945806916 2.271334401 1.963058885 4.866131813 2.266416811 5.878829301 2.061885718 5.538466057 3.338930289 -1.759242227 6.133454544 -1.886125107 4.093862942 7.638427181 -0.121995098 8.060361029 6.938443393 6.663969016
15.979940548 17.765180229 10.085640271 0.493021444 -0.533417174 -0.505844140 0.465314602 4.870549283 10.316795478 3.461312458 5.627425694 6.303663062 1.538839917 0.230435944 3.966922445 6.150505851 3.985330402 4.248729733 4.958818193 3.424705605 3.793765742 5.167840453 8.823852312 0.936629764 8.059026628 3.103091943 7.138943393
11.192779155 13.088808079 9.200560506 -0.747540738 -0.056477486 -0.260518442 0.608377580 -1.307173642 1.968389656 7.695137392 11.078092996 8.349232571 6.823096101 3.198190506 5.928465723 5.642396044 4.218496084 1.736840887 1.543482564 7.008942650 1.743629513 7.169711145 2.885306577 5.865314667 6.126356872 1.417392595 2.010577957
15.338855791 7.956794476 10.698289249 -0.666291735 -0.442161490 -0.382761737 -0.462646726 4.964064033 7.638331009 7.969580764 4.348703935 0.111244818 2.147370441 5.601219136 6.310771729 2.821379013 7.799075642 3.641263403 -2.847715747 3.186134043 5.304701515 7.503405132 3.677158154 5.826052306 2.923927626 4.141164858 6.820643884
17.550492207 15.483835227 0.030431418 -0.254276711 0.190692802 -0.023471306 -0.947854792 6.559531181 2.893662544 4.174636618 4.460055019 5.194273427 1.107694873 6.829397239 3.808298947 3.958980531 2.600299049 1.773228276 7.402243486 4.322441133 5.695612047 6.826637232 4.373261842 4.824130016 7.797947984 7.970302760 4.571494616
18.034332551 11.914204213 4.043839812 0.215418164 0.003437951 -0.874904528 -0.433734091 0.142351551 -0.563707699 2.900968611 -0.987365037 2.343775618 6.807502107 5.532608661 11.755876819 2.856829746 1.174377427 4.085493944 2.133797214 7.050625313 2.025147911 1.847665159 4.349421623 1.425777431 3.220543345 3.613131353 4.684152464
20.082088852 23.227778535 7.939039489 0.435213545 0.574363646 -0.591989777 0.360892888 1.939971546 7.010785307 0.660144345 1.083412033 1.909514433 5.906631838 2.670666534 4.238989444 5.781764380 8.590360400 3.001066925 4.562295923 1.305820176 1.910818245 4.839329860 4.006505973 3.316318482 7.471218127 2.268495248 8.004177769
27.217080542 19.032853015 3.821652491 -0.016669842 0.518288887 0.841542163 0.151345746 4.499644119 1.620752440 5.692468433 4.115955259 1.536796611 5.863876689 4.020294076 -2.351680955 0.539245541 3.374998617 5.564167499 3.601948110 10.032306195 3.318566031 1.499146643 1.696750436 3.294967366 2.240183486 5.688260749 4.632525963
15.755536323 11.235878485 12.391499838 -0.387796283 -0.228309431 0.829697607 0.330288854 5.457861730 9.079772624 1.800115367 2.963508207 13.098481189 5.578025958 9.888284905 3.521413306 1.722358704 0.440128517 7.212968763 1.131430163 4.845018306 2.232585671 4.720971783 1.971691813 5.376483010 6.159148171 8.027267597 2.379589978
13.319367568 15.945451138 5.160411507 -0.705886440 0.529709937 0.418286797 -0.214867105 1.750120176 9.594172356 2.233239842 7.377588846 3.049818962 7.270216077 8.742512187 0.923260447 2.180900375 5.778784312 4.252169158 3.427129646 7.130836884 1.969110480 0.338647187 2.497900116 3.026128066 7.162410852 2.490405226 2.912234346
15.210877891 15.834701101 8.427755948 -0.402149227 0.435549005 0.065083741 -0.802706155 -0.394210339 0.589554614 4.624906888 4.288262895 3.281196818 4.557779530 2.149517658 2.462381211 0.815343849 1.645326233 5.677946630 9.799534990 2.036513007 4.848149110 7.254078788 5.594135101 7.501434323 -0.157170253 8.605556509 4.956454936
13.657002342 15.652898313 13.766075716 -0.185864588 -0.646751950 0.646794290 -0.358919790 7.207410795 3.808733841 3.733830129 1.559376578 6.804764873 0.636651325 2.106866533 4.402092113 2.887269650 -0.005813550 0.018600317 4.142329994 0.239315228 4.385509554 5.029585494 -0.143119576 3.591369969 3.283070334 6.115341275 4.448240139
22.556890830 16.333169817 1.249278092 0.917960218 0.349086576 0.148366346 0.116081990 4.490666600 5.042113101 -1.756203340 2.254676179 4.680180668 5.296931221 4.292139831 3.488295745 6.589452221 -1.783458385 6.077760896 7.901229954 6.982247228 10.617756014 11.092069229 1.824682963 7.843316282 7.137153315 7.476823260 4.358416299
17.813818897 6.369422475 9.118776428 0.157286746 -0.768928310 -0.240232034 -0.571225615 5.638216511 5.885913578 3.327969640 4.481621528 3.595987450 2.324206032 4.917934556 3.829255454 4.365152630 6.951376018 2.955892778 7.392775025 1.952424673 5.223533301 -0.140200902 2.016832473 4.383546191 2.470442338 2.225241907 4.758765723
16.989216117 6.004838653 10.262081825 -0.609783461 0.781311669 -0.097084252 -0.091054135 -0.515649571 -2.669683691 4.769891086 9.055170216 3.089719572 6.586645933 2.779015711 4.368105345 5.340799753 4.610400563 11.934679420 10.664719403 4.371705128 2.131679457 4.785669278 0.003102293 4.976830937 0.874677007 0.367318971 2.647218583
14.692285954 18.360551918 3.237558180 0.032407077 -0.383180829 -0.643655943 -0.661686679 5.454242117 1.869408333 3.315145967 2.146130284 5.493488624 1.776898511 4.941427871 3.592420159 2.419510363 5.156914139 6.824228929 6.548083686 8.895182074 -1.254568254 1.589014114 2.549797353 6.392129170 7.230301235 8.365389173 2.636704936
24.584130291 17.453870199 1.511846896 -0.119985573 -0.160345846 0.497568488 -0.843989498 2.285859710 0.341029196 3.815221925 7.157909885 2.495227654 4.182316355 7.116565023 2.534384511 3.088196138 6.975850758 0.874470086 9.699751494 0.754789909 -1.700140884 -0.428511288 0.737155523 2.842393297 1.839852282 4.850827780 4.867488430
23.967308807 10.005554106 3.957511304 0.189518091 -0.448830254 0.444693492 0.751586319 -0.073251332 7.220405591 -2.146615153 1.142326876 5.638663418 -4.550091559 5.466732191 2.715211897 1.948037289 8.205082128 0.040923756 3.528785529 3.320860063 7.486025984 5.661015537 1.005388729 6.181827423 5.833124151 5.065564439 -3.659552584
18.827325250 21.101675183 10.644679391 -0.003194272 -0.639357477 -0.700518978 0.316993650 -0.394108217 2.417724061 4.509629437 5.804763944 -1.017354515 -1.080439558 2.012832830 3.807874347 0.718785961 2.074642811 6.857059095 5.413119638 6.593819495 5.758749736 1.787456597 6.672837036 3.670930519 2.940960998 3.729130297 1.936192604
26.360579793 22.755744432 7.038255659 -0.793833186 -0.032740856 -0.112738723 -0.596696648 -0.582268539 7.323793806 0.332623599 2.579655071 6.259757540 8.148440665 6.768862925 6.289575423 1.120585035 8.169415378 4.405140349 2.894503297 5.379710853 5.948024105 3.157404592 3.995419766 2.170772902 1.550203407 4.874222436 6.963165986
16.854883537 21.998060158 6.316947007 -0.270176389 0.219591848 0.029482418 -0.936971145 2.108416366 6.961147344 9.370266722 -2.998558497 3.011326988 8.104218237 2.342629468 4.556842311 1.403462863 3.719914143 4.357404064 -0.665318389 10.633187821 2.710700400 4.286529053 3.338334207 4.566523005 4.351954191 6.906841920 3.973267366
15.676417648 15.810989010 8.442529017 0.024697702 -0.265533665 0.958812059 0.097782060 1.002032580 5.854427264 11.154264516 8.121590219 1.545416304 3.846819804 8.029480424 -1.972436697 5.654416010 5.034387312 5.481357414 7.247719483 1.862672090 3.813108093 3.683109085 5.910732388 3.769266607 5.427886024 7.930060824 0.714086855
23.909272491 13.072224197 6.960162336 0.326431175 -0.823203598 -0.060448058 -0.460569817 2.757482830 7.071443451 2.431447755 -1.168937083 7.293090772 -1.600743386 1.367395426 7.148628899 6.346515374 5.463889952 1.041173209 7.912225870 3.001405401 2.289406705 1.630068352 5.558802997 3.165725198 -1.853816556 8.707255869 4.254059881
19.651726738 17.568798959 10.720872881 -0.630369240 -0.046159861 0.650325646 0.421402946 4.120479031 5.193196198 6.281671282 1.642322759 3.118696544 6.175490006 3.837622056 6.926216745 5.406592578 2.226171517 -0.012489409 7.019523090 6.016647288 4.367545975 0.580175786 3.583257477 1.272225835 5.647440273 -1.134459572 7.836010747
23.172591431 17.349881473 2.977552582 -0.149920333 -0.313439387 0.687254724 0.637934627 1.359062487 2.843020045 2.937463030 3.900850660 3.885390948 1.010112002 2.499732123 3.944448925 7.184249998 -0.872734327 2.959069336 7.007714274 5.955071252 9.599210682 5.022892188 6.860131916 11.869531801 7.788592875 4.541552184 3.257017035
19.065189807 16.362159221 11.071323144 0.768194764 0.472170127 0.079281381 -0.425025456 3.074995387 2.708046374 4.268580635 5.227215093 6.100222775 2.429227988 2.036347660 5.469638284 -0.084544583 5.247276579 8.268610460 4.654908415 5.937590122 7.783606360 1.876554068 5.238283491 9.315174368 2.157035527 5.078646193 3.325239391
15.320500383 12.442618120 16.271629898 -0.647120223 0.098679783 0.651923417 0.382744793 1.437611137 8.119815883 7.508727010 0.997123522 4.691865171 5.745760846 2.738074796 2.393852455 4.104647385 3.173167405 3.029499734 7.837196778 0.728347154 6.604564404 6.597466219 0.448634667 3.462917130 8.992800289 4.525553443 10.228349218
15.150305457 17.091059901 12.770259958 -0.368087475 -0.465156446 0.644940318 0.481864169 -0.177381319 4.737088599 6.403753097 -0.500615538 5.129699896 -2.771394050 5.837867754 1.469193602 3.921584825 2.202771482 2.124729363 0.345908330 2.993715317 3.985193351 3.418261522 7.294936096 3.270621204 2.292516116 2.944884612 2.977536632
27.667924835 13.429612685 10.119958572 -0.144352417 0.987154335 -0.025811764 0.063422806 -0.358955662 0.282239950 7.805638089 2.418629384 2.760685501 6.442389204 0.211113499 7.281427916 5.956808405 8.008920553 6.081103951 3.679006065 8.670782125 7.115776579 5.461590487 1.848280154 4.878386870 1.005075631 -1.456174621 -0.062812602
18.790175959 18.542579990 4.822605962 -0.085103384 0.992857706 -0.080318674 0.023235744 5.346303544 3.427322679 5.465080628 6.781799653 3.991745092 -0.758274263 4.026461300 5.614928560 3.406974461 6.389336302 1.958688004 4.137036085 4.420840107 5.815455028 0.699175742 2.475245462 1.571734459 5.775842951 0.932684469 2.699642247
18.615704835 24.099831527 11.697440768 0.560256009 0.093677018 -0.774996691 -0.276980052 6.842771175 -0.122890255 0.138239862 5.901987022 9.407998199 3.679077222 5.469248341 6.045283737 2.422267199 5.555465193 2.993802000 3.473578254 9.000633336 5.819235736 3.374440402 -2.705728349 9.076591020 3.092192197 4.452288507 1.921538859
23.171384777 14.949038178 0.183854625 -0.349367235 0.115621011 0.929763606 -0.010674919 4.650385295 2.047781101 2.719109706 4.199564806 -0.440997555 7.655022755 5.025554289 0.414021961 5.390215760 5.418530714 5.019969322 9.017054001 3.878952104 5.178538983 3.029112820 5.971684269 5.687877940 -0.474699545 7.798994850 -2.909079787
23.650342774 10.116489537 1.530870192 0.501814370 0.133929900 -0.611809919 -0.596601829 0.361729522 4.319079090 5.858829774 2.716922243 5.724380483 3.734494114 6.146016822 2.779508126 0.401508757 0.381931354 7.794586925 8.499376195 6.136164217 1.888171852 6.893843571 2.445251398 4.494555754 5.258209581 3.096222785 5.919295293
22.184078352 15.428572487 8.927293337 0.629771890 -0.170899148 -0.541725018 -0.529825304 -0.748051761 2.998362259 2.668729944 3.399347789 2.446831264 7.879340300 7.877828735 5.255587913 5.296823802 2.799181017 -0.622877977 1.266617171 5.681621218 8.165276185 6.709586608 9.682354356 7.517327708 3.059645207 2.648409744 0.057606303
19.227874569 12.501486554 11.544670969 0.409694192 0.839987111 -0.345207240 -0.086048150 2.597990063 2.927857106 6.862811857 7.279462410 3.908338598 3.660494202 2.771916022 2.017551901 1.147640305 3.708111131 2.611556508 3.466080786 4.621774954 -0.193537439 8.664206742 4.084562624 1.716306840 3.320689264 5.555916792 4.982574464
29.726328513 13.731310773 5.537095588 0.242022428 0.656664963 0.103064517 -0.706819621 6.969718837 6.456052207 4.142792092 -0.632363403 4.669753065 7.593513582 2.875839631 2.359498095 1.206570716 3.444426893 5.080162097 2.180528941 -2.494463692 5.161697475 -4.508919481 2.719918366 5.349404640 5.043507678 3.225278303 -2.181536290
22.233696796 21.682021607 7.237782373 -0.099692526 0.659519154 -0.744873457 -0.016106510 -0.592906942 7.056738731 3.509244507 4.078295868 1.707146139 6.756648170 3.695389909 4.557955606 2.667664376 1.849432418 1.070326545 4.174697166 4.059114673 -0.285698708 4.789014170 2.539706916 1.655041139 6.978783046 3.693984722 7.103463013
22.711868336 9.488161162 6.358370167 -0.207688055 -0.924526603 -0.146792888 0.283845170 6.678687185 1.103017672 1.884494154 5.765505889 5.344303741 6.054604792 2.194467751 7.271759210 1.109021164 -0.492922419 4.057090248 2.197236807 2.748483493 0.464750792 10.137559902 0.858737291 0.335896878 -4.796839772 5.853592988 -4.605200837
29.771198362 14.424897780 7.009963104 -0.638227009 -0.465950591 0.297445155 0.535801000 7.406528836 3.300158365 3.852050251 3.779415029 -0.156973572 5.947086130 1.869817040 0.642227473 10.756052762 -2.398192007 4.980877826 1.669676159 2.023019131 4.414892117 5.412851379 3.812536441 2.578451127 4.105229259 0.879846586 2.812421146
17.865043653 7.758963762 7.430366407 -0.069468789 -0.501755092 0.326056870 0.798187217 0.177974565 1.691980300 4.739242124 0.990848206 1.225068232 5.510496699 1.780292874 -1.308868247 7.741403261 3.869337399 3.076004932 5.533537153 0.774154965 5.464414763 5.847943810 4.187218533 3.783483965 5.227596203 -0.164296619 3.705345334
14.449561035 13.431598810 9.199810397 -0.219635497 -0.250686099 0.366616510 0.868624811 3.497621783 4.767685636 1.469230370 3.521475745 1.586081722 4.762327612 2.345609579 4.727263765 -1.705289247 4.410442891 -1.931547016 5.254852552 4.097060620 1.814782356 4.095919109 4.938446283 2.658969307 4.533129610 10.847265620 8.519391582
21.714144781 16.100020520 17.555259367 0.147356127 -0.843992696 -0.470576272 -0.210998752 3.638571402 10.713208468 2.337329155 10.241931878 5.685961663 10.040187323 5.107295647 0.523948310 2.732335713 2.233629153 2.568005236 5.971567395 4.620231311 4.640739201 3.305253130 5.097468658 5.344137234 3.865635446 -0.426399846 6.303799595
20.291250230 19.323291888 14.593361374 0.134400614 -0.668925352 0.714779052 -0.153513045 6.231026389 8.405035379 5.573537578 2.232673625 -1.295760397 5.491502095 8.096100722 4.839979555 5.411829073 5.581259355 -0.363017349 0.723468201 8.270283963 3.173745237 4.914955087 4.333622968 6.269485288 4.306443307 6.540006106 3.844188541
17.689592440 6.807715014 8.128345717 -0.553412248 0.316713922 0.220864384 0.738001422 2.569677476 1.042253276 4.123720654 2.480479794 5.885241864 7.119582770 4.661049494 5.003505292 2.245015284 1.587317013 -0.000129228 -1.658556241 0.763836117 1.860783983 -2.719505727 2.208351701 -3.694428037 1.805914833 2.609620398 4.927546786
24.474941122 21.861968385 12.390168136 -0.093720199 -0.236569979 -0.035785670 -0.966421521 1.951181645 8.117997855 4.589959661 3.828084573 1.317024346 2.135803215 3.961616009 8.505683749 5.803321413 -1.390964572 1.231609971 1.801381076 6.740147321 7.547148933 8.180416435 1.982302897 9.512817152 7.236264974 -4.120359560 8.163034755
14.528698331 20.560296178 13.721623950 -0.172677781 0.771225875 -0.094763174 0.605320555 3.227871403 3.631811236 -0.363917835 5.391839596 3.095945068 7.046026368 1.186029434 0.038072050 4.330988123 3.939966536 -2.022221644 2.807453253 1.902802486 5.839312977 8.582222460 8.145673704 0.796327278 -0.087238984 4.469232374 2.961641679
20.205701773 20.159904326 6.623686238 0.379800436 0.745606413 -0.213806446 -0.504092759 2.994304173 0.079325423 -0.112666577 4.591292487 6.241280724 5.009146539 5.897683316 -1.597051387 4.737499267 5.646379317 1.491204143 4.468973229 0.104187198 3.636862339 6.092853914 2.579156231 9.071518666 7.946951825 7.314001442 7.424204956
27.304149382 11.187560590 14.010451835 0.405189466 -0.082655227 -0.461291675 -0.784983822 1.095800770 6.904509889 4.101532877 -1.806459412 5.365258152 7.592203576 7.004723164 5.348644014 9.056308312 2.430151963 5.581890042 0.035132576 4.065651141 1.342331493 3.427254652 9.228784319 0.785240712 5.052118725 -0.064360451 4.887564461
14.193165221 13.794718393 10.127210958 -0.199917974 0.167608466 -0.870706409 0.416905932 0.754377665 3.964621378 6.387960389 7.211677923 1.936529022 5.213556253 0.873327234 2.186140354 8.084054314 1.678891640 2.802806741 2.634509974 2.427382352 2.991070160 4.717387154 8.626992899 -3.071350329 7.039309390 3.965179378 6.275017106
26.681631756 19.032336140 11.598524013 0.577434048 0.722826096 -0.372325542 0.073932720 -1.303018473 2.851211493 8.251614867 5.234115042 1.834589128 4.382359938 2.796425437 6.584234670 6.150439400 2.957384475 7.359725303 4.918717082 3.713666589 7.137238435 1.612583980 9.441745672 2.975078693 0.115893322 6.508417206 4.912190659
28.687525576 15.168293197 2.832409392 0.756416976 -0.276827075 0.590305908 0.052336063 3.334683745 4.369563581 7.663988893 -2.330847321 1.577230511 3.578829614 0.030697925 0.469503248 3.205590125 3.547063346 7.946897539 1.211654528 2.068280420 1.404456042 4.990017575 4.710808481 9.330356500 3.465451874 2.487227946 6.993584516
20.413104869 10.323780275 7.014201899 0.591695413 -0.561439342 0.129615480 0.563810457 3.221552159 -0.786927949 5.841825372 7.000512754 5.316913000 5.854466664 5.141369294 4.814642694 -0.352873537 0.180733716 3.938110815 7.117720725 8.419719536 4.054266759 3.683223388 -2.364285430 -1.369506501 4.862854681 3.444214017 4.393863438
23.870658069 17.706936647 3.282234256 0.743875010 0.018751989 0.286707315 0.603404713 5.107588236 -2.723357170 -0.131195511 -1.203188812 9.413741550 3.605813339 9.152822241 2.342142577 4.348777694 3.902089278 1.290598446 -0.657527012 2.257271377 1.382729679 5.994030271 6.873331417 4.510153234 5.963067749 7.059454364 2.797867731
21.598373235 5.941174791 5.176653849 0.257706328 0.495887853 0.684648028 0.467909995 -0.909860069 5.726909142 5.441578707 0.611145895 1.414869120 5.079248838 3.705876055 5.655342935 2.636150393 2.129661317 8.112270827 4.926153162 -0.101335039 7.950010912 7.775354708 2.524943130 4.416014908 6.156682805 8.440143633 7.805514591
26.532104777 18.515555657 3.977769570 -0.958108414 -0.193628387 -0.014492486 -0.210538077 4.357745882 8.570564148 5.416361502 7.689011041 3.559313604 -0.331318403 5.120982738 0.996187796 5.610886083 2.454723156 4.974901630 3.112630415 9.450118003 -3.573635684 9.475481560 4.354987446 7.005820150 1.453959979 5.509959069 1.590451849
21.781622011 9.575107116 4.502665900 0.693156242 0.018759739 0.205495252 -0.690618707 4.578744158 8.722498520 5.989942312 2.699156119 3.497073048 3.517062072 5.347542119 6.563225350 10.339154108 3.833063954 6.150664301 5.636954363 9.823063126 7.132872606 1.687563356 3.978890115 6.210299024 0.999083461 3.449567697 2.854089415
18.827747237 15.886205718 5.517724153 0.207181007 0.862871796 0.215753398 0.407404916 -0.360736449 4.882794795 1.363147602 1.846265621 1.935986626 4.347907477 0.073369740 0.112095669 6.754581483 5.309102523 6.954453708 -3.377197232 7.442273173 2.022645924 2.030075303 2.909430992 5.884055620 5.973912750 5.558544108 3.545938979
18.666361774 10.666002234 8.668237766 0.443382367 -0.597602528 -0.515477274 -0.424931142 4.076601699 3.917738798 3.876681667 4.816963351 1.517368390 3.748958405 8.974599608 4.596755632 3.845329320 1.913035583 3.363001956 7.648009168 1.108940869 3.266097269 11.330673796 2.548001278 8.568045692 3.859410854 0.378696782 2.604375231
25.848702329 10.541223072 4.359327816 0.705094402 0.437731626 -0.354216637 0.431002880 5.160264535 6.094265199 1.458458844 1.887503057 3.530950042 5.269586708 5.655803417 10.850402448 -1.065133965 3.640398106 5.168978745 5.086325734 3.590378975 3.324604137 7.075497070 2.276357730 8.529432139 6.716998797 1.875696653 4.997511775
29.120481687 13.929079281 11.381430281 -0.101648761 -0.666094492 0.681992468 0.284379905 6.228661888 0.976501124 3.064983563 4.936793889 4.915461402 -1.822913269 7.652739828 0.832659739 -0.748054004 1.507113275 5.390254632 4.326208946 4.569881062 6.101975050 5.433322206 5.348946514 3.736723712 3.030330933 1.492800108 5.986421471
18.505816713 10.013422494 4.942344884 -0.506269319 -0.694680855 0.283473558 0.425150123 4.491516346 2.453757235 6.534134047 5.731221394 8.969612322 -3.791395677 4.626020919 1.169401376 5.210470803 6.952153317 3.978048940 -1.473564835 2.749951812 4.532844630 8.998048160 3.722824070 3.344871788 1.441167102 -0.374682503 -3.599415533
20.782375497 16.487637969 14.393433030 -0.614839071 -0.509000765 -0.489472868 -0.351151604 1.582615292 5.136637852 7.692296534 0.607033410 1.906125473 2.691977543 6.541435316 4.929904914 5.648323144 2.847822849 3.419618416 3.641550974 2.449297776 5.150770688 1.279489222 4.547751098 -0.267108097 3.548624128 1.078064192 4.897458485
21.860785860 20.654307525 9.246064231 0.104652948 0.751813155 -0.083651594 0.645621523 5.425895332 1.105701917 4.419304258 7.692248362 4.008259166 -0.329089422 1.735569173 6.537540953 1.273959265 1.577403970 4.945439740 -0.734451052 3.998289501 5.755998696 6.783310289 1.961813823 0.435053399 5.349458089 3.424074633 1.028107950
11.839325788 12.165387397 7.276191470 -0.856173346 -0.263646565 -0.313331822 -0.315088654 5.701828256 6.132942305 6.887693829 4.791811404 5.734309646 6.110737906 5.374907475 3.264408649 4.356905539 5.161641278 -1.234411753 0.608194661 3.211890056 6.302017279 3.413632836 -3.306143946 0.674344396 0.655453294 7.083667065 1.072482648
14.128214017 19.397344084 13.016242958 -0.297783780 0.469549147 -0.237808101 -0.796426849 0.382969189 3.034073522 4.774059218 0.665342617 2.257396938 1.185697410 0.388860901 0.172481568 3.187027189 2.527903484 4.718290089 5.112591438 4.340490204 8.923978923 2.223783558 2.482179024 3.057009261 0.023792181 5.149199596 6.587533752
13.337906682 17.542353794 9.394537516 0.563059171 -0.561116635 -0.316925028 0.517369326 -1.467762585 0.584442514 3.558784184 8.130912574 -2.192078525 9.256240195 3.944217008 7.226649153 2.995875035 7.251348810 6.921443047 4.727451940 7.855846322 3.305056121 2.847986194 5.172131153 1.304174890 6.010513687 2.145271860 -2.646234270
19.853226553 18.314331788 17.085363211 0.840825764 0.267765311 0.291256418 0.369436696 1.791713380 3.693485004 5.713645473 4.135502273 1.918021244 6.655932515 5.456174780 1.276374381 7.487168452 9.006122341 -5.049324360 2.514247981 0.109351305 5.674810407 1.224820533 2.475325073 7.703196525 5.190356521 4.728182522 0.274263931
24.348679303 15.931150409 16.808713685 0.131697419 -0.361187226 0.641430463 0.663902507 5.198626477 2.473256090 4.022638323 1.674824108 5.640321825 4.400697838 5.373220313 5.359664780 7.050104144 7.454984295 4.231873362 1.577106451 5.849205915 6.227152859 7.374873722 5.153605088 0.310103116 -2.611668458 0.928583489 4.036446437
19.117716022 17.908703746 12.517701570 0.235565727 -0.333509010 0.324984753 -0.853033082 1.501628324 3.067227819 4.449093628 7.383113537 5.271872899 6.123634987 7.061879404 0.794784243 1.910798180 5.962539060 7.755309936 1.936390342 4.136828676 6.788820764 6.924797110 3.194623097 9.929741865 5.646035440 5.879054555 5.424491745
19.644474308 17.799175939 2.199634357 -0.494160409 0.569728024 -0.518342255 -0.403158500 -0.097552847 3.998368183 -2.238795872 4.981520433 0.922322652 4.548663138 1.695891299 6.098171298 5.361972617 3.483056517 4.054284495 6.587990920 7.402889030 3.736890317 -1.642194878 3.899724202 6.899027335 0.215666317 2.530346014 4.830353615
17.410299469 20.874178664 15.312000185 0.258152218 0.458126716 0.063513439 0.848200087 3.767749273 3.158185182 3.595769301 11.343433626 5.427422490 3.393578607 6.692836222 4.674831699 5.933833019 4.459181780 1.130038474 6.088241116 5.245088689 2.628057210 5.137626807 4.647427658 -0.805516424 0.970042895 1.969764025 9.853592955
18.243560865 15.218146007 17.869810557 -0.101888223 -0.272247276 -0.864980872 -0.409033375 6.501254363 4.457181594 3.630682042 0.835783173 5.187067837 -0.798646503 4.391613101 1.881324356 3.454493469 1.914261009 3.596540509 10.085832384 2.173362588 2.106581571 5.246359685 4.252464424 9.580637083 -0.166433203 0.686039905 9.053500910
28.099373026 15.074853206 4.574480306 -0.954371297 -0.035863118 0.138430621 0.262156877 6.121536938 5.476994402 4.918786575 2.808977566 -0.594125480 4.815098832 2.434370395 2.933524742 1.475949984 0.913689189 1.982930474 6.774755787 5.959727368 4.524451826 5.650689928 6.411969193 4.156803566 1.804917924 4.441393957 6.167249952
17.964597894 19.247757918 12.551740721 -0.375531375 0.028279953 -0.318441227 0.869926213 6.038876557 1.499296486 0.409213406 -0.428527192 5.838541005 2.297824052 2.137862312 0.835022660 0.291448524 -0.451504117 3.514552108 0.338259577 7.768958014 4.160439005 5.483451720 7.387291518 1.123731169 3.182786335 1.778915449 5.635387908
19.182976291 15.042269885 14.061179138 0.365181274 -0.304115708 -0.681368414 0.556680660 4.316097306 7.034340434 1.584246388 0.910657420 6.984650882 2.944164584 1.649168286 3.754816147 6.113194278 1.028951397 4.261436107 6.094886290 2.319215834 1.442364379 3.388876699 4.421480909 7.203751871 3.068884136 5.873111245 7.558216796
21.221843654 13.797901362 13.914385976 -0.128424237 0.575282899 0.482895420 -0.647586917 9.448769101 0.657279942 -3.281334300 -1.137237388 1.375376196 2.565722606 1.480643882 2.799121017 4.105579971 7.940085960 5.576315394 2.944520291 6.022401655 1.946354682 4.231643535 5.260837549 4.679800494 3.079805699 5.902919650 1.590824664
23.040861190 7.955092712 9.854230413 0.256577782 0.280161756 0.457253263 0.804112359 3.790852182 1.351349930 6.996800381 5.864492559 11.230023683 -1.368068781 6.402253809 2.201187806 4.752806224 4.541505454 3.897035385 4.732640731 2.269272547 4.571979890 5.919322704 4.135074781 -0.606792803 2.417501843 -1.538604655 0.648695339
25.732073052 20.322057457 9.655030970 0.576212564 0.220231681 -0.391257938 0.682930680 4.850277932 8.176715150 1.990523734 4.876319407 2.299358877 5.472086428 1.105544832 7.712768435 2.741406434 5.821679789 5.558293526 3.807453336 1.751318887 2.538226747 7.219385194 4.655689213 7.528289746 3.597714507 2.642084951 7.128551235
12.798647064 16.753781431 5.776135012 -0.263345616 0.087470220 -0.922155668 -0.269493918 6.370590577 5.484449586 7.449249987 1.774459483 0.856707034 2.628050237 2.317874949 5.156219639 5.353898444 3.033225086 9.932480361 2.015937438 10.172923899 3.312033220 0.638007880 -0.503064137 4.393539487 3.651758305 4.665953776 -0.670155761
23.176115184 17.236819995 12.310615228 -0.174879644 -0.956221209 -0.138463327 -0.189436049 2.373933048 1.975058445 4.727673087 1.292175518 1.254394760 6.840412982 0.397756350 9.124219310 4.960209063 2.551722487 8.134906135 9.154079615 8.646886413 4.238210357 3.479438908 3.272221466 2.376532037 5.031871490 8.012849582 6.632127327
16.648247719 17.936847411 12.849780789 0.631111405 -0.690422472 -0.181379498 0.303507300 0.577537322 11.031889467 0.874284924 4.659237745 2.803434832 7.305362196 3.651282074 10.436891006 -0.015494270 2.621628870 4.023104404 7.353284063 4.679965278 5.334409442 2.646641473 2.417166588 9.740245710 0.508038453 4.539320207 8.449475707
22.057241759 24.280291761 5.721146316 -0.321786696 0.438066927 0.577776468 -0.608871943 5.510430248 4.892812530 4.726462745 8.033809947 5.557349205 2.349297045 5.010393896 10.273902758 5.779015667 8.767902050 4.132696508 -1.231947235 9.256529637 2.600622737 1.991473889 8.066071613 2.937057336 8.217388020 3.569848674 -0.678992605
26.651050932 8.622115637 11.741935709 -0.249796748 0.773868161 -0.404177207 -0.418772539 1.496402957 4.464606260 3.243456782 7.319532429 7.527292519 -2.218733816 1.471643970 0.405927997 10.938482097 2.052142058 9.333926904 4.185160083 3.039020848 7.280529361 0.875509415 1.828650028 2.792446989 2.418521238 4.423980517 0.282025411
24.469613218 15.007784222 16.230822710 -0.003946661 -0.487274527 0.733833581 0.473324660 1.930496494 6.529628728 0.326511471 3.055364343 1.787815316 4.269242906 2.475366096 5.310984881 4.036230964 -1.228323202 -2.023017417 2.525991953 3.882773078 9.041354090 1.637161073 -2.560383299 6.984827531 8.200659784 3.069789645 4.191752871
11.530929073 16.998318520 10.411312533 0.088671515 -0.944145346 0.311336610 -0.061615289 3.996376082 2.907776158 4.264354681 2.168243798 5.602575857 -0.504497177 5.711414320 5.918562745 -0.185553050 1.894643931 8.132556065 3.453417558 4.597383089 -1.185030710 5.716255690 2.184117154 8.266868041 3.823707109 3.773833084 6.814483507
22.798868963 21.670721174 7.635660648 -0.334508785 -0.378177140 0.078571646 -0.859600151 -0.410679492 1.955504764 5.039566921 3.845231100 5.570514917 2.945145955 4.143267786 1.224089270 7.450672372 3.584803028 2.211078219 6.562598627 -1.253343805 0.498416025 1.510431680 6.845744587 6.537388272 1.978474945 7.033730837 3.389787475
22.227027955 10.531180237 4.552823477 -0.065349712 0.400594150 -0.823190176 0.397003371 5.289958578 4.017334391 2.804625723 -3.128467511 0.824125998 0.232995240 7.560274700 2.518032211 3.519451888 5.690003887 6.506570725 1.228259569 -0.028238136 0.719665873 7.361657583 6.129626472 5.443130658 7.009091650 3.417404255 4.551862703
20.379236342 13.909596566 16.816591590 -0.672416711 -0.681901870 0.109198435 0.266348097 10.213024665 7.031666664 6.250478926 3.352119614 10.972671720 6.748740219 7.891966035 4.581176233 3.468968736 6.383349447 0.572146542 3.603424563 7.253292397 1.276081878 12.481698564 7.534827133 7.907542494 2.922410863 0.584528463 1.862129113
20.625876105 13.147133205 11.763152290 0.056620240 0.222067204 0.897114545 0.377711263 0.218401080 0.095051266 1.818290373 -0.032630960 4.388565556 1.934508907 3.854476822 1.368569493 4.138333835 0.797872124 2.388025539 1.436390595 4.368562450 3.430906981 8.388411592 7.784061664 1.299009741 5.165039384 7.543435169 5.317421422
