15.407458194 8.601927658 7.467036787 -0.289347929 0.790673155 -0.386781322 0.376183394 2.481295020 2.470524090 4.219048599 3.217758967 2.119319566 7.359098581 12.872171614 0.923894337 8.937691239 4.719626521 4.469275704 3.018340691 -0.191525906 5.593828558 -1.394643131 4.137060163 12.806516499 4.718891365 6.001161188 5.195340581
24.523034064 8.002633433 15.212398829 0.527490283 -0.504531103 0.604132906 -0.319727695 -0.447191070 3.536784342 3.016104530 9.307141466 6.159026501 0.762600973 4.225525047 6.557508528 10.016165378 9.936935190 1.166089835 3.651475840 2.546292855 6.165645973 3.206422144 0.095955839 9.849153722 4.926166147 5.267057590 4.610102500
21.116087008 7.440644019 11.723624144 -0.315281508 -0.350982573 -0.612241656 -0.634483222 4.738786148 8.921878662 6.869439565 4.674065997 1.021907795 6.049411925 4.363055709 7.476100875 4.748690818 11.316003355 3.015521343 5.685467546 5.461942035 5.407328849 0.612764339 3.736803077 2.885612862 -2.338159153 3.865892392 4.884526573
16.969041242 8.199457307 10.870282754 0.444310422 0.179643243 0.869650442 -0.118425767 -0.406953752 4.887527945 0.881078656 9.886511964 4.102545451 4.348328347 6.907238685 4.266109635 3.514554289 1.918172194 3.685835625 9.253871143 0.868218476 2.693364368 8.690271126 4.736208773 6.194185598 -3.776071045 6.850291277 7.343925787
31.450345724 4.834652459 7.238260447 -0.444185536 0.632110006 -0.633316557 0.045235913 4.349709085 2.415456010 4.715927363 4.012873925 3.723588016 4.268400946 -1.663350928 0.788682773 1.382387276 2.399205956 4.185775207 2.185365909 8.079080485 4.137730265 1.948926245 5.377794365 4.178190900 4.460916123 0.380892977 6.138183744
23.888959037 10.944034169 15.947632057 0.131689809 -0.405190260 -0.693746480 -0.580684482 8.259969100 0.929426148 7.604444708 3.249472825 1.440827313 2.282930660 6.121929861 1.457012860 6.362042770 4.390061288 4.427763743 6.910972978 2.458255383 3.958910423 8.509248820 9.966475214 0.957304919 4.725766292 4.130663112 5.782025467
15.560159956 9.324249176 13.997536294 -0.709815050 -0.474635783 0.096980768 -0.511349390 2.879147921 3.378689880 6.870016595 5.842723599 2.863557973 7.304415537 4.849280970 1.019353402 5.175025952 4.014146816 4.096972177 1.914204205 0.280144148 -2.175928514 7.419466422 8.347906798 -0.414316548 2.722233515 6.477308892 6.808792314
29.921018372 4.247748774 14.367214220 0.339899212 -0.073333785 -0.673929948 -0.651850525 1.698194089 8.866167023 -1.432908670 4.629664615 6.560054686 9.024606744 2.295529119 3.003213400 2.385859055 1.760127566 9.569785862 8.370334666 4.951326248 3.388394363 2.975072773 1.050136843 3.127298941 4.554090439 5.245538010 6.249974923
23.846995262 12.624677840 19.005792054 -0.713860698 -0.233908180 0.453406165 0.479700653 6.174555817 7.985175509 4.636505448 7.362675817 3.566748255 9.602301924 3.369508921 10.127099086 13.329123725 5.064226459 6.673413034 9.461674871 5.970974837 3.374676371 7.662534962 3.480047029 3.884190122 1.937970510 3.177808494 3.314200625
24.222394401 10.962800645 6.920387226 -0.319385439 0.687468518 0.335235336 0.559461569 3.757624473 4.762877582 2.247436399 5.412886394 5.278738011 3.986758162 7.092123644 4.324211109 8.978456830 8.196295624 7.966026239 11.489042553 7.279485505 6.812248246 7.967022410 7.320452834 3.536807240 4.595840103 2.940276107 3.945163936
19.529396760 11.512654736 5.042516642 -0.585616023 0.428971351 -0.216889012 -0.652684158 8.051542623 5.069862829 4.797238964 0.181285535 0.423785886 3.087476512 5.000746040 3.495414108 3.767703340 6.538566019 -0.698924022 4.979650564 1.604885964 3.809869856 6.704666791 9.323202491 10.463723913 11.602032355 4.962877427 2.599644574
27.421032564 13.504691032 18.218713192 -0.933739969 0.010857294 -0.123410363 0.335829824 7.988757096 7.656003353 4.293194856 9.955937840 4.830996775 4.786203875 9.241122863 4.420174483 2.856520593 1.067513118 6.400861700 6.393575663 3.463207754 8.340658327 4.788798560 4.696562323 3.380737853 -0.820932327 6.824928217 2.718840392
19.952208276 14.085741393 13.993048376 0.012051230 0.582496295 -0.713196758 -0.389747634 -1.070749641 2.941072791 2.020284615 5.159478056 -2.564674134 2.969838234 4.038320255 9.248161652 2.643820715 11.254462236 4.284717409 6.095160199 -0.311882876 -0.226505384 8.353006034 6.780977858 3.383036143 6.690714738 3.926991231 1.086506840
20.909894729 4.854870231 3.820525207 0.747983079 0.409131429 -0.313677397 0.418018274 3.640558650 4.097931285 6.925332068 5.137281225 4.330711242 -1.443323123 1.925427297 1.607046868 5.731622585 1.443785533 5.513816751 9.659333101 3.724035686 3.262963172 3.549266521 1.682521671 9.153208345 3.171184428 1.366186441 -1.132445863
24.517468378 15.246087753 18.940076526 0.266672147 -0.186541993 -0.874351666 -0.359996131 5.835443017 4.130760659 5.686704941 6.005988769 3.472858933 8.193662513 6.924656729 -1.260546549 7.711762195 5.264039625 2.297954856 0.948823114 4.590736681 3.065553041 7.934117823 0.472359452 2.679985338 4.490691109 2.026600851 4.772734342
25.952382408 14.693332597 8.774704918 0.274682433 -0.259332333 -0.924100845 -0.057740203 1.944280276 2.837784447 7.528422355 0.481661140 5.223203380 4.100373372 -0.318311539 6.536135436 0.491030527 5.165068229 3.023897122 6.620240616 2.570698805 -0.327366684 5.075619072 4.160905129 1.724750667 2.456271968 6.296554927 5.659136193
29.277907362 16.718546057 16.204492784 -0.769994896 -0.021669073 0.158184715 -0.617750683 6.082494226 5.107257555 -2.688881950 -2.682629444 3.102738986 1.840069802 2.681771113 5.313439871 11.437390713 5.504773691 1.432618030 7.781647265 5.354694364 1.082113572 3.382521909 8.134343487 3.506326127 5.326613275 11.587264225 6.029481254
34.523251600 10.518766199 10.840999515 -0.279213112 0.791925222 -0.533587940 0.100888010 -1.109529272 7.381672628 3.715253803 -0.021756771 6.234956715 3.876918218 -0.144411313 6.503402394 6.774067110 5.137968042 2.946735119 2.509455088 5.215449903 7.744909353 3.363796333 4.427470157 4.346881224 5.692023176 -3.024302037 6.550043208
24.492740473 7.022846606 2.742581525 -0.140022698 -0.477846102 0.714358083 -0.491680054 5.834239963 6.577580856 7.431091177 2.909163959 7.224677907 2.118558235 1.050818656 6.627823426 1.130649152 3.674512455 2.265725610 5.115386559 5.224198653 -0.561360609 4.254814821 6.996119984 7.600598430 5.718287149 3.773920484 5.379096586
32.792559861 14.344637077 12.553868017 0.525383925 0.082193158 0.694027014 -0.485327229 -0.756623801 3.626601035 2.505956278 4.324595703 6.197317399 5.829574042 2.093265895 0.212663425 1.008837155 1.823339965 7.985113828 1.336617735 4.108116534 -0.069295997 4.568095268 0.621062131 8.621738253 2.359597939 3.241342526 -0.694712028
21.983775316 17.126506472 5.184071339 -0.366251326 0.094569652 -0.677317059 -0.630997740 3.978098930 2.144976663 4.408705836 2.551460362 6.738512595 6.884475764 2.978366898 -0.979043445 3.407155177 11.483312757 7.107302874 0.724726942 4.741002396 6.292220848 2.634212303 2.928797658 6.717234253 5.885502892 1.898589799 1.202173974
32.064510746 10.478256448 10.640156318 -0.299706571 -0.244329997 -0.916198296 -0.105164188 6.729853777 7.833606140 4.762331210 5.540682387 5.612830126 5.060710246 4.532353283 -1.375490236 5.721909542 3.483071317 1.247488868 2.348875046 3.210100223 -0.898615554 8.509808850 4.731689265 0.003121791 3.178015644 8.260031068 6.279796066
32.851701985 15.314262109 13.707232561 -0.389830071 0.585739740 0.022065565 -0.710249663 2.690159303 6.343150744 1.318079733 1.987411592 4.383149345 1.277931447 4.508515848 4.395835606 5.553837513 0.027136912 0.046167590 3.496510558 1.451778712 10.155324668 -0.126028143 5.867684735 1.786883117 0.145231111 0.240854398 2.687403560
21.403559042 10.492429623 3.023799993 -0.683978433 0.609327668 0.389751146 -0.094801582 5.437811454 9.185578758 7.682447212 6.974821877 1.020162226 5.952618095 5.666676377 7.954108988 5.173022060 4.382898550 2.229675894 3.698269066 0.410417493 5.237506975 0.185583332 2.758925474 2.505090002 5.223309966 9.849549813 1.317885224
28.501870407 6.026493400 7.175016622 -0.270348536 -0.644492161 0.213536562 0.682600660 7.187803328 0.902319434 4.566910018 2.432109720 2.268786901 4.020325928 0.395777264 9.864307768 5.385647290 4.185833857 7.213994867 1.816881438 6.060456695 6.751095609 4.710644724 6.977208281 5.003027586 7.606364741 3.085683731 1.379062408
26.308144950 11.593379128 19.225273723 -0.088308876 0.476413841 0.213890105 -0.848223094 2.110718903 1.285343020 2.554750642 0.719388329 2.870653873 6.635497416 5.132742776 1.750223227 3.590222873 7.432520615 2.436971615 2.146271613 -0.592929832 4.961798160 4.348603041 -0.879412614 4.693124422 1.932942251 5.180473248 3.456954995
31.235902594 15.740263410 14.700307657 -0.515249265 0.324634772 -0.513374464 -0.604629737 -0.868748457 7.548920949 3.067296148 -1.498758924 1.933636823 7.358840500 1.424077080 0.500642987 5.887244830 -0.798335172 2.137931881 0.789428158 0.922891883 3.602102247 3.977097887 1.812992903 3.878562600 5.647255479 4.044409629 4.058182127
19.323083018 11.374051895 12.693234084 -0.809380035 -0.341256003 -0.434209903 -0.199775021 4.226754542 6.394240956 3.376701186 2.873055414 3.425907696 2.518143151 1.670633930 5.094073324 5.774571576 1.988513105 10.693299939 3.886463471 2.211112612 4.108116240 8.400565605 8.557432178 6.145229766 4.795962871 4.270176516 10.838511159
18.000741435 5.367055864 10.011530924 -0.070783581 0.741529059 0.083853908 -0.661885837 8.090611603 0.651111489 7.242384335 5.512799069 3.678601601 0.200517325 2.076718821 1.929163933 4.452777481 -2.162346411 7.714027845 3.753609168 3.452281561 -0.382545672 1.756022817 -1.554134955 6.126839984 5.915498173 0.748977980 4.889805350
32.328863336 12.486617106 13.298902681 -0.042061298 0.117958326 -0.931302754 0.342040729 5.783974940 6.740000218 4.829950709 5.140749884 4.599041208 4.896860820 5.468544785 5.220476570 4.833311914 1.577651997 4.503852880 1.877543261 -0.384018496 7.604019028 4.111973340 8.939583038 4.890599751 3.170920119 9.314608886 6.000788399
17.041813362 12.519311752 14.923077874 0.576259304 -0.022082979 -0.325696814 -0.749239042 9.774948490 2.129114374 3.562550167 6.057555272 6.939791551 3.365812726 4.995987157 3.984883399 5.620940047 4.775280311 6.921063723 5.411327140 2.133799062 3.596517375 3.691155060 1.866028929 2.551381489 7.635874174 6.618031993 3.724141912
20.087069731 13.307240555 18.366997696 -0.439091272 0.883991771 -0.128855059 0.095675374 7.452384147 0.570090806 0.324259338 1.740063640 2.494952457 4.411394137 2.178089603 5.506493627 5.445122414 5.005933504 6.684499399 4.150258391 2.836594837 1.910748936 -4.176324746 6.569173289 4.604674764 6.703960115 3.158095427 4.520270055
26.700211507 16.639624020 17.886565625 0.670118043 -0.331996845 0.363684046 -0.555386188 1.366391911 8.715615067 5.878181036 9.483464012 1.610767983 6.242690488 4.825406591 -0.764021335 1.269155833 9.226269256 -1.524661863 6.364847973 5.186821745 -0.807016646 8.233061879 -0.593467172 5.008824185 0.921853113 4.719401068 -0.093741962
24.065392312 10.406267064 9.105264721 0.587522799 0.593753994 0.510033801 -0.205277075 5.279358354 1.041494579 6.478357031 6.149103691 2.567616292 4.540467504 1.635344233 0.497162467 5.113609496 2.537777673 5.476819195 10.956312130 4.806626341 5.616443955 4.915170948 -1.483771358 8.904108199 7.485214553 1.508492763 2.531075985
27.997722381 6.831793856 16.410704367 0.327408058 0.520615208 0.199535387 0.762856080 1.261265618 6.121414815 7.256822301 3.210027042 5.714843942 3.174884093 4.612665354 1.716521469 9.243203991 1.675621967 6.330685570 4.363009063 3.484600883 1.007076040 -1.305647693 8.750528072 4.194336904 7.128620177 7.339584231 2.948348159
26.385565669 13.458115560 17.340124837 0.169468841 -0.281664099 0.825564211 -0.458682221 1.232815016 2.602879364 7.767166941 2.831585837 2.516705987 4.134288479 1.475475343 4.531625467 4.309987600 8.624725656 1.002038942 -1.775466951 10.610434528 1.226432848 2.502068191 7.972190212 7.184366909 3.401464472 7.205215637 4.232739432
24.004375278 11.055139246 15.092347714 0.658756528 -0.388815892 0.389583117 0.512920104 4.552363922 5.926194747 3.598081106 2.557400162 5.611549557 1.525670567 1.835178106 3.268932352 3.286924286 5.314932461 0.857243202 9.871195091 5.869495290 0.235219693 3.775499455 -1.579489665 5.859082881 1.474613169 6.218287676 5.968617974
21.724758999 6.508418427 3.000497830 0.321358585 0.559405157 0.021201064 0.763770283 6.763832445 -1.116691974 5.669612269 3.326949827 8.973864630 6.713656035 5.621105751 2.456069591 6.300950799 1.077942692 5.321198629 0.891831282 1.161771254 2.044537395 -2.230108094 3.988971398 1.456171715 7.287679626 4.429417743 1.585373759
25.603895431 15.873770010 8.783769125 -0.197690904 0.840920040 0.321848348 0.387537654 -2.584109984 4.733372681 4.101449978 1.691565489 6.635195148 8.533181805 2.197648000 -1.328325300 -0.440702047 2.684421758 0.741363115 6.059166535 -3.279443174 5.068516973 3.592671339 2.946821500 7.104104174 5.384080120 7.658719456 0.134825412
15.499521824 7.245254803 10.937385851 0.233683624 -0.456438687 -0.767920681 0.383866535 2.404777094 7.935740516 3.923772393 4.668135438 -1.204122044 7.234681183 5.247795184 3.814479856 2.729607676 7.844247631 7.322534188 3.485431846 4.633021879 6.946913157 1.876718343 4.046603634 5.600482760 3.809738123 5.054928263 1.566095537
24.849573601 14.009343321 15.560283732 0.497760686 -0.351997506 0.749161895 0.259014498 4.959049445 2.127975985 2.361990640 6.005698292 4.494885305 8.490376980 -1.113947115 3.331550504 4.031277591 6.669809153 -0.965009401 1.497445084 6.622635158 2.756881758 7.187565009 5.933782652 7.390231984 1.500161687 0.961628377 3.636541816
20.957158764 5.930846899 9.258714973 -0.382176857 -0.382972860 -0.437769413 -0.718074216 1.144401831 3.374411830 3.308144632 5.493993270 3.126287453 -1.173254084 1.413543981 8.391843653 3.553780517 3.874490645 -2.053631402 6.064396985 2.887331379 2.635532168 5.545892105 7.687911056 6.123844480 3.272143746 5.276902614 4.020795573
25.525257614 13.077512210 20.287492662 -0.285096496 -0.930971335 -0.086695144 0.210941494 4.068826114 -0.205059161 8.022889104 6.243816668 -0.727901634 5.555585980 1.469513362 4.985737656 4.029276793 6.079764820 -2.488878380 5.288263940 5.398594739 4.942463643 4.631556814 11.079401657 4.957382929 6.532685635 1.561936208 6.320983862
21.969315598 4.861288016 16.406958329 0.411139314 -0.124416197 -0.786014981 0.444595911 -3.040256934 6.696964995 3.364401596 2.551854800 6.503986098 6.327426379 4.057615874 -2.086669304 3.892857628 3.950688469 4.910578244 -0.414508285 9.078724221 3.485326679 8.469328494 4.203440406 6.420547514 9.264940940 5.698408251 8.566533491
21.426791538 17.553597039 5.123808029 0.528276237 -0.393884259 0.227449592 -0.716970077 5.159851906 5.489675283 3.619555334 -0.605062810 4.129363201 5.489124972 9.134822295 2.817041644 3.048812627 6.544029388 8.483604217 -1.057955606 3.953625382 3.464389063 6.748317076 2.295519549 6.023643977 1.886255187 5.154240903 3.830784897
22.247816642 14.343148031 10.459612140 -0.636332109 0.386733190 0.415684419 -0.522231128 2.071874933 7.024159052 2.692127438 11.744724557 3.669133036 7.614145062 1.747858311 7.703448180 7.489347342 2.288352644 -1.050325256 7.590790672 5.452198250 7.319154518 -0.011963157 3.819330645 -0.596262622 6.319147054 9.279918875 5.300108123
27.887995868 17.189634176 3.675532616 -0.377866499 0.501340243 0.659991216 0.412657806 4.189160159 1.687685251 0.976971781 9.890781105 0.831430488 2.507584820 7.615948781 6.685991106 3.021956050 4.800013020 5.123332547 -1.757899596 0.318803028 1.940282170 6.140945146 1.154530032 -1.545371947 3.226862535 0.009498386 4.392804055
25.359623650 18.270086640 8.680981041 0.409269204 -0.464444586 0.667732654 -0.413428406 0.800346320 2.799535129 2.754312361 8.837780264 4.022407039 1.301284813 6.836918677 3.552309008 6.171337585 6.067616151 3.003223147 4.382598389 6.331372533 8.199819447 3.496562669 9.555309034 7.629513246 2.691332486 6.712684981 6.777665750
25.054774866 5.094954698 14.470980700 0.347469493 -0.220115109 0.833834602 0.368149626 4.606393966 0.937417972 -0.800861769 5.236899631 -0.899704950 -3.824386164 8.204653098 2.890204319 0.717301887 5.937388811 5.622903838 0.992825554 4.247989760 0.495148255 3.172835215 3.818966324 3.016125924 4.377314262 -0.074048099 0.541874226
16.719544623 7.061683915 9.878767986 -0.231320977 0.098484842 0.407477968 -0.877925422 6.672701027 6.756946748 4.776831498 3.226198852 3.216974037 0.347924724 10.068013957 5.584308124 1.104165263 1.618021617 3.218650040 5.804969966 2.319055471 10.107803446 5.614961645 -0.353048800 4.827328210 3.420882571 8.941887492 -1.036913080
28.205805821 10.650050032 11.600948391 0.513850529 -0.851084197 -0.094870646 0.051116378 3.718076540 2.915506657 9.655229304 -0.678117997 5.668027446 1.953285211 1.698960599 -3.158871550 5.254693361 5.834441236 2.887728501 -1.406297749 3.294961368 10.444781607 9.404391636 6.853877617 2.186195150 8.143237271 -1.000388627 4.453774324
30.586535581 11.730880519 17.377265194 -0.226084878 -0.041443745 -0.881725876 -0.411980004 6.319992788 3.637363865 -1.210884024 -1.910813788 6.042284087 3.863902913 4.201193763 -0.107678261 9.094356369 1.455355945 6.611051572 3.137834513 2.431015354 3.572739919 5.198911781 2.726459769 5.343861417 6.956002768 6.660050820 6.315128622
22.256165296 8.568588005 1.654427413 -0.500159167 -0.292100147 0.219761831 0.784998758 7.659870497 1.822357073 2.602712738 -1.065622744 6.166407897 1.764472805 5.412007213 12.928419203 5.903061445 0.273922823 6.134866920 2.421793410 4.844394474 3.240728460 3.579517571 0.070625455 5.545049502 5.099014027 5.803006032 9.705682750
23.593391696 9.531337294 1.185503939 -0.816134469 0.506587475 -0.266050400 0.080689793 9.095169520 5.589291934 4.396217216 12.124678378 4.996419906 0.866033051 4.097142291 -1.120894284 1.320734016 2.501379147 4.758620208 0.294874836 7.280463750 9.528363202 -0.794182568 5.325316015 10.903101563 8.322486603 4.799591949 2.968136713
23.394724255 10.142419758 10.679603375 -0.274745068 0.938490647 -0.172306880 -0.118578213 -7.034751527 4.754867603 5.549406131 8.273799682 -0.893020334 1.982709492 5.047071657 4.056896572 5.514224698 2.223031811 5.517571390 -0.094639717 11.182679127 5.192711591 8.320056837 1.025020266 1.395708306 7.059670397 6.185573156 9.573323388
26.520208082 14.424199508 11.640849803 -0.189886107 0.226016200 0.600047457 0.743507225 2.986375356 7.400077067 6.925305670 5.021817591 3.456359824 7.578063958 1.821147416 1.736362483 7.590375122 -0.393554955 1.033266994 3.015287125 8.377706451 0.274948495 3.158166538 2.188398061 2.687151732 7.375237022 3.111605592 7.130373514
21.206298428 6.775405971 4.413578867 0.544938361 -0.741245168 -0.376286230 0.109573978 2.092557937 4.907352161 4.790800214 -0.319966530 2.398575269 3.795046122 3.083540252 -0.064288102 3.184845018 3.298679285 5.121024714 4.364987688 9.005098518 6.323561681 3.844255243 0.193977292 0.823734402 5.662280841 7.821281832 1.414477619
24.166425379 11.411563005 1.624837950 -0.104031582 0.605832273 0.273333165 0.739887605 -2.495130476 2.668385162 5.240934751 1.494409668 0.338292112 5.804253273 3.715672832 6.332024253 -0.081566245 2.878104061 6.138381878 8.605716074 8.254312426 2.180719484 3.776919297 3.450137873 3.430396630 4.695690278 5.910958189 5.896658975
28.770750509 19.008674270 7.433595477 -0.167080259 -0.663712976 0.320150605 0.655036536 5.393576443 7.001376527 4.201754926 5.303333576 1.613711140 8.339665821 8.589473395 2.247326696 1.543393308 6.094810916 6.820122654 8.965653026 1.896110590 6.328085612 5.455938961 3.204309434 3.095969979 4.996733225 7.503771429 2.301740245
24.567274547 10.679033173 18.023362574 0.026478903 0.702432651 0.372803063 0.605726930 5.455723870 4.947710901 3.393074044 0.716297973 2.341602454 -0.937395941 4.693606087 5.480191561 -3.917519522 -1.160338534 8.753231704 4.322180092 6.003097335 7.137504142 3.349594269 4.177730123 5.771405684 3.911195031 4.423643160 2.735512668
29.486095382 7.222275140 16.064758786 -0.403380344 0.193453483 0.217832339 -0.867415195 7.448713190 10.790282373 8.483368707 3.879858177 -0.786564264 2.061327614 3.934885193 7.408305699 6.578897208 0.255722139 1.358149366 1.538269352 5.353430881 4.204549830 2.558002267 3.628820078 -2.543927401 2.233947701 6.579881844 5.361697284
29.200828371 19.669813965 10.115658228 -0.437194960 -0.803934321 -0.367457110 0.165907947 2.458056897 -2.817335781 7.984116411 5.726847511 11.389227798 3.395503410 4.336794669 -0.165110796 1.532405976 5.879486489 4.254657915 7.157373026 9.792436918 6.923861242 1.646687602 4.240383565 7.193633172 11.356259226 1.933243108 7.331014211
27.657037909 14.579620984 2.658548218 0.347849916 -0.229753366 -0.833104946 0.363524381 1.290067506 6.066550833 1.663204243 3.675044382 0.247644757 3.107640338 3.402175679 5.719846235 5.655318276 5.328532466 -1.606208454 11.561793271 9.896154476 2.121997703 5.444640470 5.039694850 5.020855271 4.711313658 3.609874375 6.959592807
28.678779684 16.503821994 11.875263119 -0.579686171 -0.368989358 0.721350275 0.086397781 8.087863670 7.127830278 3.630257258 9.803047597 4.099182405 5.089607097 1.374234023 -0.614731513 5.772915438 7.821747264 6.914179013 -2.399657176 0.250645901 0.391381086 0.899658304 2.616664963 9.350110635 6.094647428 8.405798520 5.305462175
26.242247780 19.619100637 9.581985386 -0.564206494 -0.433867571 -0.641595106 -0.285981963 1.083974089 5.127225890 3.036550312 1.973140597 4.327595820 4.805101371 1.611548433 5.750259910 4.562420451 1.396078641 8.590652511 3.860654750 6.361623058 4.107803505 2.821354708 3.940983369 2.632349402 3.679921924 4.976593300 4.171312633
32.026210052 12.039762254 9.874566537 0.324298100 0.328317606 -0.880928853 0.104893511 5.275000289 6.794663971 3.881740306 4.742463590 0.642973231 6.841313692 7.496194351 3.727988339 4.763779703 2.804541166 6.064854009 6.601276428 -2.897096790 8.745956272 5.102158121 5.592458565 6.930893955 7.099425983 0.048874849 -1.804778370
15.971160642 15.089134541 9.321416328 -0.511095261 0.738981947 0.295088886 0.324976717 6.108211416 7.754201552 0.263994130 7.424879499 3.721318286 3.437844861 1.372270368 3.139177355 5.941169447 6.313917068 3.568790723 1.397905697 4.688083535 5.340323566 -1.430177717 4.881932930 8.541566360 10.121177763 5.219948923 3.860998827
25.323360787 4.308594528 7.759654063 0.203078744 0.527743797 -0.279924554 0.775814252 5.729080058 3.234468469 3.938972357 3.298572459 -0.085429734 7.191162530 3.236605436 -2.126495246 4.413696218 -0.506802189 10.077649463 4.933689382 1.945429209 3.665652864 0.775764969 6.797431161 3.657096160 5.102086563 6.165504133 2.139273453
15.560686479 12.433540235 8.711691451 0.765720989 0.469967040 0.372363500 0.232696737 12.572443279 7.628133994 -0.099653048 1.221548531 1.524597662 7.122155526 6.730354638 5.538702482 2.058139055 1.841328958 5.623534389 7.150763016 5.223943078 2.415114174 4.606334210 3.371024732 -0.023878095 3.167957261 1.109515233 5.134174756
24.695029148 10.222266100 12.170318990 0.103695794 -0.974045331 -0.030604893 0.198862305 3.064265565 2.843948116 4.606919087 -2.714332845 0.637551883 5.068841828 3.542516277 4.489313662 8.544032286 6.722181033 4.469143489 6.670043723 3.366279092 3.729743286 5.634695163 7.563891835 5.028831728 0.893783699 4.485263361 4.946455005
32.925026041 14.791812928 12.617951027 0.312916270 0.468781640 -0.280563786 0.776924155 6.847870962 0.875422585 2.256126076 9.572906942 4.525151840 6.340707479 0.698551012 6.456454948 0.385849090 1.569848353 6.249160785 6.015914749 6.740617012 1.427184859 3.426826370 -2.970647248 1.700901605 -0.891468399 -3.174623907 6.237103217
32.476035601 7.577710163 13.172148886 0.608266380 0.430481343 -0.652225719 -0.138922407 6.298008050 6.299869789 0.822544047 2.501874039 11.265666520 5.864100479 1.585198662 1.198404571 5.105472847 3.525599543 5.783698019 0.494714703 8.283034931 3.732525148 0.005041564 7.442150301 2.475893264 2.946223713 5.584392519 2.963684127
32.743671051 8.449457748 8.696518879 -0.009627331 -0.796751019 0.603721186 0.024816491 0.910210219 3.707474925 4.670566856 2.746936047 3.419652705 3.932076607 -0.458115473 2.733758428 8.223019060 4.880663827 0.720261594 -4.763527984 4.359978252 9.055644521 2.319046596 5.836553984 1.163348600 4.585057567 2.274643803 6.210181611
28.288883233 15.415476635 4.210450953 -0.638496309 0.169855779 0.610367640 -0.436947162 -0.596082458 3.060953012 6.497688359 3.668371703 0.833283156 2.986446361 5.969419628 1.224591652 7.621656017 7.080257180 3.428161848 6.536503049 5.544354835 2.416093289 9.673179165 3.327026383 3.764512034 1.135996021 4.721896903 4.372067815
27.634684998 9.476424481 15.672492883 0.947356256 0.015102540 -0.268236158 0.174176351 5.358958073 -1.332178154 1.186095102 4.826619403 1.022701244 3.666415403 3.359777297 4.468244122 5.894403380 4.590043492 2.877726654 -0.839094996 5.408179481 1.840056691 3.894679774 6.724232235 4.020051774 4.427310289 2.878394347 5.286846425
27.140012296 8.900260032 14.883893603 -0.057371252 0.978850532 0.149671721 0.127116293 1.493839849 7.790684251 6.171860339 2.720746974 -0.347247650 6.706179587 1.832834092 5.041823264 -2.530977672 4.287744317 2.448234746 3.067434994 3.339705093 4.113170374 8.607942088 1.719705278 2.096232257 8.990309605 3.337717493 4.294076577
26.700443664 5.274392429 11.328873915 -0.695780483 -0.483768050 0.527866137 -0.056703912 6.743329974 4.953206670 4.227302697 9.378271202 3.506664147 6.645668251 4.305756059 4.152871390 5.527542199 2.242313141 -2.329002557 6.701002448 2.271594376 1.292355064 2.320055989 9.297238909 2.127498093 4.110091152 4.605988486 0.979984704
22.975653653 16.451209103 18.310701544 -0.009438394 -0.251770040 0.384535710 0.888062527 3.918006372 4.729035560 2.301339264 0.981990613 3.961118756 2.215727371 4.727112803 -0.505124783 3.394187258 2.768261454 4.220090578 8.818674110 -3.791114678 3.396810520 4.013429084 3.143747766 -2.128750482 4.591595866 2.770502887 2.470362928
22.600329123 12.904846846 14.149412839 0.215552838 -0.919512733 0.033221121 0.327001017 1.398871721 -0.030525470 4.713083997 0.621628649 3.024108650 1.378118751 6.641030369 4.269247110 4.606233876 2.268696305 6.667433110 3.574715862 5.227242006 -0.093891955 1.428491902 9.386430102 9.237458533 7.944515445 2.264543314 -3.066826086
25.689025766 14.823090173 18.585575728 0.066721856 0.377607549 0.808297556 0.446783834 2.406676934 3.685622630 7.503323987 5.035597421 9.358236354 8.391057972 3.304204735 3.267389863 9.636490911 4.437056991 6.139963370 2.831087487 7.672599965 1.665074272 1.867636674 5.765648373 7.316516088 4.583758271 3.718568985 7.297734227
19.992558066 6.709047464 5.408638114 -0.458755246 -0.097657617 0.882350008 -0.038276327 5.998607101 3.371002887 5.245226725 2.290592964 5.086924735 4.574637629 2.305967943 6.364245527 0.700098476 1.170021081 4.690185946 9.166305733 11.369704383 6.739560202 2.095827395 1.164313740 0.236715061 8.425033154 8.292478969 -1.734865934
18.643415228 11.729102922 5.690998632 0.693021127 0.618303767 0.307399528 0.207190011 6.208182640 4.053612463 2.475355765 8.115328246 1.408424139 10.212156717 5.019325483 3.535160390 7.092585017 -0.350308535 7.154216379 4.233227017 7.678674550 4.267562920 10.321046781 3.062743705 5.947310846 3.939718550 0.276455151 6.255559515
22.220113546 11.318063433 17.968083620 0.760820921 -0.402475858 -0.337660136 0.380986013 6.787440546 2.193094935 8.850589985 8.125421863 6.921061014 4.890963728 6.145860369 -1.856330362 2.910330443 7.112610333 3.779996952 -0.647396231 -0.133602195 3.422458098 7.578959843 4.478504867 1.882182742 4.453060810 5.380218740 2.740153439
18.896427864 13.084172590 18.059996076 -0.200443342 0.433782431 -0.862110882 0.168582613 4.423191742 6.319228034 2.687302223 3.550203018 6.176012459 1.863476244 4.166006689 0.640886776 8.049150077 -3.517025138 2.083263645 5.197652849 1.303457745 4.288469452 3.443126080 0.629611654 6.304860093 0.458685960 0.065639066 4.069425200
23.709386966 7.810271164 4.682844612 -0.795594753 -0.070165967 -0.594790829 -0.091266619 2.625945696 5.360933387 12.159049524 10.505268932 6.272692665 5.136126738 6.193077179 3.414453629 3.541775817 4.623283098 2.964120206 5.885531162 8.563565856 2.368255887 0.747358596 4.319117718 4.423801392 7.353545309 6.931469194 3.706315206
17.244018127 9.718794615 16.899398779 -0.363246539 -0.619215386 0.570765287 -0.398561468 6.134937516 2.537967503 0.613468404 7.368765256 -0.684278555 5.335645458 1.460970688 3.764705886 5.443597556 0.238262665 3.084660960 2.142530246 -1.089762608 2.738730330 4.971117081 5.349798369 1.714565912 0.342210052 6.217462946 6.124792677
28.045501885 6.991661555 15.362639637 0.356494625 0.455096689 0.713632802 0.395634692 0.026723171 11.703550389 2.922959783 6.497163997 2.718141050 4.034404089 -0.446976532 11.341193753 1.572428455 0.252375054 5.534702390 -0.791962033 7.542310259 8.210819255 7.699467140 6.863922609 5.791086112 1.288067929 6.891902628 -6.617905822
28.824953745 19.423485262 10.789008538 0.920778220 -0.181623665 0.255040563 -0.232668489 0.335112303 2.848614532 1.068611709 1.089484524 3.467807290 4.663940229 1.478996734 6.286457855 9.776943600 0.741231029 4.473221302 1.335491356 3.847332253 6.751042012 5.745851468 4.076233710 3.073963335 7.542682937 -4.153109203 4.038843560
22.594438546 13.031042606 7.775267484 -0.296292801 -0.483110646 0.458430390 -0.684584733 -0.947520356 9.308867561 3.304087437 3.089293969 5.454185354 1.137996515 6.753753358 5.486387328 -0.477873592 2.854338349 10.039706188 -0.106048110 4.511779291 4.520281805 1.234163226 8.037208457 2.464129878 4.197406409 4.230896693 2.861951942
28.770663212 5.366615180 5.974991518 -0.542743855 -0.672431844 -0.438717667 -0.246558981 6.821783532 9.303131837 5.065899143 2.671667206 2.939888245 3.540276344 -3.975357180 10.975331658 7.037518841 3.174069967 8.847666142 2.104735393 8.017242369 2.930270123 6.281239839 6.666278397 4.944483111 0.571220103 0.928090573 1.525716193
21.196875455 9.237663521 9.563703523 -0.520335884 -0.521227312 -0.649076125 0.190454302 3.919396062 -1.976538662 3.730501130 3.090449580 1.449512673 7.487248946 4.048260351 4.794030605 6.157705013 3.399841121 9.545648317 1.639261767 4.557148019 0.838185547 0.240759286 4.279824513 5.190122562 0.866510487 7.245107212 2.946260927
19.074254395 7.190709083 10.962098070 -0.048717610 -0.223974800 -0.803991666 -0.548688695 2.218087512 7.498244921 4.544545039 -0.701956919 4.518129429 4.054140518 7.450108265 5.337093054 1.679604768 3.963135247 4.930646465 7.405422590 -1.919586886 11.808363797 2.462152411 10.007502187 -0.923103773 1.588580494 6.494414768 3.992062904
32.426280142 9.512703143 10.341635224 0.159454849 0.096508851 0.334175067 -0.923897839 4.651704534 -0.679113183 2.601313872 6.395331249 1.078808529 5.923162607 5.704018353 10.464579079 -3.742127504 -0.471002022 5.514213455 1.040010056 8.731228640 -1.668774924 8.984177710 3.173774568 1.342375788 1.442404360 11.980854963 3.932262237
21.057284212 9.684478552 18.015191670 -0.393128470 -0.609457525 -0.664681685 -0.179470857 8.872329036 5.314834941 10.280735318 5.604109908 7.194144699 2.595010646 3.787830175 0.651656521 5.973043563 2.225416641 7.442092232 6.693942350 5.013183897 2.326896710 0.557138605 0.779550928 5.534337943 1.915502439 3.991989587 0.583485979
28.248334277 7.130811154 7.172009441 -0.090947320 -0.568958944 -0.627228826 0.524021283 3.241936733 5.621036629 3.601792004 0.430448269 3.170210255 3.909850618 4.057685827 4.820765053 -0.222657607 -0.624795300 7.190275661 6.302429598 5.659264765 5.325737677 3.231917442 -0.252896088 5.062934472 1.428860459 0.737442712 -0.837022008
26.785760550 2.877498871 13.068555246 0.233973837 0.486484762 -0.318571607 0.779166831 4.069889750 6.370391534 0.483657401 8.694732865 4.691037432 7.790817469 1.681776426 5.467896086 6.987894458 3.464755955 6.827598785 3.555690976 1.072973179 -1.550815396 -2.753509643 4.766020272 5.090955803 10.774650365 7.750918651 9.024965651
29.229163525 10.428261779 7.371098899 -0.182798789 -0.509610198 0.355342850 0.761979992 6.552116388 3.338639973 4.210178255 5.725151198 2.473214489 10.189603139 3.645460107 8.037983236 4.592314079 5.911967670 6.457591516 6.051312034 5.290549219 -0.772648132 2.774845888 1.226740483 4.940414402 5.607580607 6.495661848 -0.130156841
32.071974777 11.051132750 9.567808240 0.676918961 0.358901992 0.437706133 -0.470513997 2.321991942 6.163243835 7.526793112 4.131587354 2.777797549 6.354424762 8.683828367 3.590891127 7.997487938 2.157293951 7.950971845 2.824657043 6.382806667 5.396720775 2.820219826 2.229865084 6.704001189 1.654958603 4.201608837 6.503187447
27.773024592 10.601173577 7.050859555 0.039718278 0.829105088 0.519206405 0.203548324 4.181349597 5.895784647 4.553830713 9.081430207 4.059059452 4.644943702 2.673253948 2.891749687 1.665089382 4.582189460 -0.066151884 2.570066750 0.800216220 2.147694680 9.449148919 7.391391953 2.456465045 3.514883552 5.627509738 4.151733640
23.112853517 13.159613814 4.814020839 -0.842273090 0.312767344 -0.145011775 0.414396207 10.787965118 -4.881004064 0.228989711 3.385499943 8.074377239 7.150106188 2.335142056 1.667612610 1.224862421 5.444606263 6.245624063 3.655857739 6.874378602 1.755123850 3.757538755 5.795713241 7.529987002 6.641460758 1.070156653 2.592560650
22.925729912 12.918369000 2.309276715 -0.510122245 -0.212533864 0.804116961 0.219090309 -1.737251597 2.192869294 2.604073522 6.058871213 -1.132373235 6.999066606 6.462682502 2.858572535 7.660789977 5.080532289 5.406441386 9.012329423 7.485550171 7.998184449 8.708205055 3.282734643 4.038312830 6.566947640 5.777318339 8.114001681
30.377310288 8.637463285 14.722582894 -0.015686311 0.061734262 -0.726779371 -0.683911227 -3.729432060 7.111008400 3.373650921 1.703524307 4.382610773 12.140863688 1.930079204 7.818719869 2.691756235 0.142576180 5.194574677 0.564313702 7.380703384 4.229734562 2.085117406 1.334729966 6.290095459 1.980618784 6.882963849 8.229233254
20.746733580 8.249009791 13.855486934 -0.126233479 0.483333217 0.341420180 0.796169812 -1.813806613 9.647546481 2.765720776 3.115383829 6.666728486 4.399393142 6.926569097 0.266962822 1.746624162 3.817390637 8.712324005 -0.309603571 6.862302425 10.206061868 4.616503121 4.211609099 -1.263165895 3.965148467 1.608823057 4.442675703
25.220995078 3.399265516 6.670485792 0.765937474 -0.089023145 -0.628159236 0.104070364 1.788428915 5.207497088 5.281216749 3.673828784 3.093453394 0.750484784 6.953423684 1.453520709 4.221433859 0.266891461 5.658990908 4.191156089 5.029772564 0.952207737 5.730126510 6.979022811 4.133060030 7.698550232 -1.175248873 3.690442369
16.056656316 11.066780751 8.365120647 -0.839848246 -0.497873500 -0.125562813 -0.176099065 5.230512483 3.145364198 3.704153211 1.471215709 6.530634319 -0.594248649 1.734889360 10.096977087 5.031703841 3.024848574 2.155462696 -0.654285918 4.570467266 4.442484835 9.237203444 3.287718023 4.546127449 8.883221757 5.703946083 7.809473969
22.325853565 7.846948626 2.636568824 0.767352315 0.600040694 0.033835806 -0.223554754 7.659028369 3.941732053 5.624157586 5.948296571 4.273318893 1.530126791 2.151697986 3.645479886 8.571989354 6.679081083 0.344335308 2.541017067 7.901902135 11.313989997 3.256465479 0.994397931 7.316222121 0.327969839 1.495077154 1.894324111
22.256371415 13.548320156 7.089376680 0.353497732 -0.831047626 -0.401785846 -0.151549763 4.156413088 5.292634233 2.441981670 3.901132884 1.387881135 4.778281502 -4.064275589 4.636240197 -5.713341880 2.037202316 -1.392023269 7.127360490 0.422200008 3.231007751 -1.245882934 2.101672117 6.107516667 0.039362268 6.883843232 2.358634845
25.082823615 6.121720544 2.794269614 -0.192134096 -0.716504474 0.367231298 0.561112289 0.269795283 6.168514927 -2.095248484 5.892923633 1.857116539 1.995294581 3.174247048 7.661975849 4.127932074 4.206731473 5.769372750 5.993084866 6.081128583 2.174407976 5.265024652 1.150310942 2.365845046 7.976052917 1.983085268 8.933897886
24.528658296 14.020696918 15.879439558 0.228793860 -0.507381928 -0.800870176 -0.220961331 -1.974245496 7.899229746 1.668344672 1.497837881 4.311455510 7.032016143 0.280744731 0.314137113 1.480121399 7.720263811 9.124158473 7.306914739 9.852402070 5.011534537 5.992114703 4.418055028 7.312437215 -1.801782703 4.389550503 9.801819235
21.871940811 3.882098051 5.030239922 -0.286195564 -0.007896335 0.923348394 0.255846615 5.897816456 5.645337006 7.209138430 8.788114688 4.972145335 4.682538819 0.839525644 7.813194641 5.970866381 3.430810243 5.307189626 3.273293799 2.288074495 8.689281209 5.565952208 6.267331487 2.759272943 4.933424403 0.429669401 4.589329444
32.231428613 14.731483646 14.596494259 0.669387067 -0.721632715 0.104156141 0.142543601 0.129705937 4.153208484 1.855743244 -0.370152876 4.387459043 3.210332294 2.825823768 -0.089982053 8.086739924 2.502960555 5.096548437 0.436648750 4.821314100 -2.838887288 4.496694313 5.501685248 2.195674756 7.602537153 2.854817470 1.915423426
30.743279126 10.675859861 17.109640032 -0.673207481 -0.640230002 0.363755067 0.067671877 6.033601229 4.794134077 6.556581770 7.160973599 1.938121374 -0.686877530 0.433608551 3.247837058 4.926852773 5.147674816 6.333168972 7.309488017 -1.730766243 6.769427104 2.368306512 3.126908241 3.625324506 10.317628084 4.673910221 5.040278212
23.309242703 18.924632619 5.406236273 -0.041082311 0.528049072 -0.631641461 0.566132039 3.496933122 0.781010649 4.056652562 7.270559432 4.513040060 2.063459416 3.373795525 -1.126746670 11.023181451 4.127241695 -0.505223551 2.978658113 4.590566514 -0.722568140 -0.062288971 4.094489965 8.345104652 5.858069653 1.756028762 2.353287506
26.012561111 13.300183572 6.607845513 -0.709252015 -0.132155535 -0.502172416 -0.476780200 6.444472832 5.341714796 6.559057695 8.087922386 1.684325610 8.334359219 10.096845038 -0.180086573 -4.101958352 5.160340868 4.636026655 7.252254693 5.388899521 0.984760108 7.668238825 6.845632765 5.453217013 4.469842366 7.677176034 6.234435440
19.291186119 6.366473846 8.485075529 -0.779333860 0.080493502 -0.047979258 0.619562363 8.664657777 0.653307097 6.934903842 3.806913439 -1.503505361 2.136238541 1.466294603 -2.132170336 5.718284222 5.509151578 0.771824439 4.602791565 10.254386806 5.889083373 8.147120511 -0.130289123 3.196381414 4.922739459 -0.016864439 2.931166156
22.037882290 10.260993621 12.836008669 0.331440386 -0.755587411 -0.558607669 0.084808062 4.952343648 6.561396687 3.040792802 5.757718936 6.497294229 4.189246516 6.425783756 0.947191790 4.173197736 1.249511409 6.022607677 5.391334081 1.504407019 1.859812400 0.211465501 2.427704570 4.579300052 3.521111171 -0.404001863 7.667760859
21.240275299 2.541591792 11.840309034 -0.707212881 0.548056352 0.436272699 0.095657247 7.496426470 -3.328525622 3.911708887 2.247084533 -1.429498490 7.408257676 8.276741551 0.180210317 3.823206906 0.929176667 3.729391262 1.299590150 -0.415589017 6.540117184 1.759779321 -1.348378998 5.219334993 5.882236255 0.583659775 3.815784212
19.508481501 15.429345122 12.778245612 -0.493769904 0.722909682 0.306389149 -0.373789464 0.082845713 5.899733930 6.815324557 5.952583838 2.575607430 4.027188276 1.535865140 4.647322978 9.264721148 -0.686237946 1.682917070 0.971548002 7.092102193 5.013509707 -3.843028063 4.102198573 0.768049416 5.684177400 2.693779933 1.542854074
28.723260917 16.495993246 4.382570223 -0.949216299 -0.103615139 0.208898519 0.211219621 7.681361243 -2.563563790 5.539225829 0.657598999 5.202249924 1.505758384 4.925197570 2.077504587 1.070587599 8.976234743 3.988537786 2.790030997 5.251417487 0.035015745 5.585968430 1.982874127 11.801803381 7.289418356 1.555800241 4.645044646
30.651466931 6.126674574 10.036269226 -0.899642747 -0.345499826 0.088360798 -0.251922939 10.247406445 5.694449822 4.713047594 6.711761724 7.016547774 -3.390979145 2.717106421 0.861743076 -0.213794332 5.123214408 6.356476789 6.585554630 8.509134888 4.998338027 0.277819197 5.764961772 2.739708802 3.119434193 5.250341075 6.040580104
24.149980983 15.061627054 2.595625364 -0.118673010 0.925379319 -0.338555681 -0.122351478 4.894192123 5.939885619 2.576960705 7.739511442 4.355682324 -0.264558866 3.365862816 0.244324303 2.027406632 1.824112842 -2.339760449 6.750625100 -2.055868520 2.074991572 1.316443263 3.953152593 3.464442919 5.984009141 7.859462708 4.754535600
32.464506856 11.152364510 9.310826847 0.488861219 -0.165761233 -0.131790776 -0.846267755 -0.212273881 7.352140979 2.339849197 5.385711944 6.517442768 3.466483860 5.659398768 6.916997645 4.621180058 8.959673345 8.933430557 2.243069009 1.267144361 8.660482872 4.196553098 0.111387422 5.807962264 0.904948973 3.577873446 1.248009722
26.277391028 3.699034254 10.066334054 -0.233373220 -0.145156904 -0.937612918 0.212951708 10.311867627 -1.112578201 2.668887262 8.169373641 4.639225123 3.837231009 6.211126578 3.774567410 6.023480778 7.277232180 7.132069420 2.685371677 -0.705913978 -0.407838166 3.866555105 6.519932840 4.301910782 6.401288539 1.113493711 2.841437719
29.474013526 14.996381389 11.473547053 -0.823822805 -0.308621938 -0.389373860 -0.272867150 0.221381492 5.251181584 4.515291674 2.216167222 -0.290884633 2.225370822 6.398987444 4.856351246 2.004905086 5.476674776 5.919940535 3.757803391 10.561612895 0.330240184 10.764394179 6.485888473 4.588412396 6.763582947 4.315167770 1.619472300
22.363168699 5.532861612 12.088181049 0.042007610 -0.895779457 0.242157164 -0.370370670 5.300011076 3.546239313 6.108295288 1.040530889 8.512004463 8.463546743 3.668344781 -1.016924323 2.959403460 -0.112925485 3.873698401 1.613781101 7.795420458 15.256141618 -1.464776011 2.827174658 5.206862335 1.792550541 4.360046777 4.774821757
28.584297236 8.986710332 9.116828848 -0.441632796 -0.805607752 0.066495148 0.389274990 2.413875472 9.098340807 1.212917662 2.919296072 1.020606360 3.677334964 4.101687933 -2.643755111 1.305006757 3.527448068 2.282629672 5.916503369 7.044705644 -1.275932149 3.384234929 6.250000020 6.357709125 3.796803828 3.025796774 4.777889517
17.174050097 16.715761479 11.506266892 0.431872024 0.512106357 -0.324753806 -0.667659044 3.514055521 3.487109397 4.332994289 0.538097992 0.972805584 4.286767504 6.621391476 5.515782715 2.144396514 5.610061481 2.333905358 4.135054901 0.029939749 2.082300288 3.946006263 1.722896812 0.303546994 5.539036212 0.187544446 3.268627711
28.535947441 18.010960627 16.197201981 -0.121595292 -0.235120707 -0.446181204 -0.854900679 1.068316666 6.626419024 4.032185303 4.623290798 0.619176485 11.012226244 4.773785367 1.775761395 8.990151549 3.770988921 3.880566795 0.889935357 2.913634878 8.573055186 9.778000881 -0.714319973 4.854565579 0.374944319 4.951383132 3.872198832
22.520903224 4.956981873 17.826167550 -0.580512975 0.037169014 0.713094082 0.391305483 5.570419634 3.954673169 5.612729806 1.485196506 2.048795669 7.330434361 8.608631734 3.590144573 5.549616788 6.046697143 9.252663122 6.412302883 4.556054352 6.905436922 2.641514058 3.716442929 3.993868383 6.165134983 6.306559394 5.805262047
23.806623486 5.499005248 6.414234927 0.684345139 0.326791124 -0.089118569 -0.645706723 -2.163546093 3.048990164 4.675462631 6.548778448 6.802693808 9.157992230 5.271936401 1.955708878 5.366516810 6.215948329 4.487833473 8.748798079 6.072481090 3.088966750 2.286089135 5.940756485 6.062888488 2.383497239 5.228636452 3.943630486
27.932235697 18.796881312 13.722556619 -0.626751437 0.373359178 0.536874956 -0.423734400 8.148360438 9.441355191 6.155684489 8.040142152 2.756831461 2.462650159 2.819077933 1.492722226 3.329866046 -0.397694082 4.901389859 5.753960707 5.563577828 1.230031395 8.744422262 6.637828110 0.157625858 6.904528388 6.288377211 6.953476976
20.331182303 9.098339557 14.914693191 0.326080146 0.315315954 -0.474856901 0.754160799 4.433851851 4.916016850 3.122462043 8.449551569 6.913847180 5.717761391 5.980906971 -3.073842601 3.233897861 1.859035166 0.811993706 4.148069523 3.167093274 0.206127043 0.098727480 -1.077970972 4.399028742 -0.048553293 3.218141442 4.057444519
23.275643624 2.329044261 10.523549460 0.098699929 -0.930660239 0.186476338 -0.298925440 -1.094833484 -1.365942069 2.869780748 4.489324387 6.233077316 7.543171742 -2.934956443 5.012026181 -0.212483144 5.455347293 0.221272697 7.808519112 7.063135725 10.069836512 6.802625298 3.557239583 6.961846208 8.437735765 3.753211059 5.768655387
25.107579520 17.179249182 8.372199989 0.728065199 0.314922884 -0.525237803 0.308009566 0.515952013 5.382764755 -1.150505261 6.767996035 1.343127854 8.072841477 3.374843815 7.476893226 6.179624643 4.226460225 -1.350716836 3.311783320 5.607440957 4.423817182 4.608268394 3.778114634 3.761125647 2.176661710 3.151088068 1.906062859
31.693046395 8.552267773 11.255700658 -0.752730837 0.361715408 -0.549487470 -0.024935314 -1.893773016 2.377855370 5.732271628 10.399345989 4.158284434 3.566125358 2.260286335 2.265721746 8.510446911 6.227204952 4.441247143 5.751888697 -2.170565418 0.999724673 5.004306535 4.819241107 -0.577345904 7.132845124 0.816146898 2.999923813
22.028266910 2.708680755 11.404784256 -0.700967845 0.565237258 -0.053385508 0.431625892 6.789864379 4.507434698 3.437866769 5.024406189 1.147052544 5.967034885 3.843559715 7.095632768 6.906652188 5.273171017 3.858214564 1.106717306 0.444920318 3.782696881 -2.855163577 2.694942812 3.048038731 2.594084399 5.410351123 1.387686955
26.514086232 16.249648484 2.449086197 0.457533245 0.342979982 0.191324573 -0.797761224 1.724701692 7.941512699 1.239400342 3.584233283 3.794539283 3.609255589 5.797646523 7.476260104 1.409771726 4.663436424 4.352727048 -0.095166952 7.329763551 2.085691849 5.526436145 4.347033834 6.314561471 3.575371318 1.880324069 0.884810850
16.689877584 7.894685780 13.840016981 -0.267033160 0.074339978 -0.601200237 -0.749483245 4.353639512 4.228009590 2.764098498 3.076165153 3.477001642 3.430412942 5.576137975 5.727969932 0.846650706 5.197299528 1.075956145 5.276363013 1.638007349 5.074671171 7.319899601 1.768070312 -0.675072815 8.238748779 0.633243285 1.640789088
24.890549236 7.851468521 17.091066776 0.855639644 0.435786250 -0.151894838 0.234305573 2.595904591 5.466794411 4.747244827 9.814400569 1.703295039 1.935135520 5.477329947 3.872467125 0.128295768 1.780828840 2.515363796 -0.916579123 -0.899838853 0.802327126 -2.721496560 5.184801490 -0.334481169 7.428685958 0.515706622 0.291972827
19.997821283 15.602611995 6.711091778 0.946337695 0.049976164 -0.311984505 -0.067919205 4.891953808 5.940277110 0.679711641 7.376450507 5.368288681 -0.276484012 6.645023425 4.748253394 7.379981053 2.350116767 5.547484947 1.145797797 0.380063268 7.033259078 1.088406784 10.093339745 3.493209110 7.008944343 7.122311502 5.850660236
19.268611169 14.081376668 7.306882189 0.668895986 -0.008822753 0.568747813 0.478566864 2.606517763 8.276981749 2.187114682 1.433404821 6.775310703 4.191015484 0.008678658 5.690881211 10.225889521 7.443559733 2.456829364 0.288732097 1.409566696 1.135443865 5.472183462 9.672551996 0.107607527 2.768467876 3.198398896 1.571745356
24.369808018 14.445919746 2.866475586 0.742471185 0.252837119 0.610072279 -0.112346546 -0.714184260 5.216896809 1.567786440 -1.918376534 -2.377466179 12.126559437 7.921624037 8.720634824 -1.365596858 2.774449186 6.212912394 6.777643026 10.897324591 2.596535541 1.941824175 2.187175680 5.922486705 2.491223552 2.809958630 8.964679343
25.056063143 6.569294248 6.929565377 0.259534804 -0.193139206 0.918501334 0.227363656 1.315154304 11.697785318 2.791399130 2.126747375 3.474591244 0.904843873 6.741078350 -2.606990449 5.943531783 3.293684722 5.060531688 6.926804741 1.607488896 6.443025541 0.413849861 3.215750948 7.899179807 2.614715853 -1.832441327 1.331186353
18.617003792 9.618529047 16.515824991 0.839747550 -0.197257418 -0.396817614 -0.313766386 11.344478152 1.240337417 7.803151761 7.549685141 3.849983007 5.376199207 6.172470374 -2.019553441 3.869584199 5.726105441 -0.149485089 4.075046592 2.773978766 2.921986398 -0.803655041 4.249546610 5.053791290 -2.184893910 3.118230280 6.761833477
21.053541059 16.437022439 3.658520684 0.251128072 0.218219685 0.926418245 -0.176250096 3.683645175 6.694202063 4.416164475 -1.190399881 3.374765174 6.906457086 2.093702106 2.159475906 5.019706032 0.792821573 2.668393088 2.428092657 7.213115570 0.183511371 4.553986110 4.193352442 1.957680323 -1.448300624 1.197687812 6.922649665
22.008957364 12.773428492 3.854721229 0.018081630 0.937451634 -0.151072613 -0.313104702 3.805473748 5.230630480 3.481915047 8.245869498 3.900654224 6.840427693 -1.181147610 5.550502148 2.829715276 3.445112101 3.115039226 5.460320754 11.254757877 3.722271404 5.474384526 0.032444623 3.540647459 5.925425935 4.651138805 0.681235522
30.305915739 9.739878863 15.004926731 -0.576598147 0.185900599 0.016755922 0.795421136 1.835496256 3.651482272 -0.130992707 4.888059366 3.121438520 5.170434896 -5.315281879 0.795251425 6.009994103 6.107514722 7.408833442 8.092121158 -1.249162739 1.756614018 7.119954118 2.610623084 -0.730278964 -2.934068981 2.148012811 1.991480177
16.983899039 10.476579112 10.647075696 -0.024636486 -0.900288866 0.434320310 0.015455406 8.127162013 5.164644004 2.010457637 5.060302647 5.076486669 6.226907520 4.359982124 6.628958202 1.699661989 3.491564461 1.221867723 8.799525253 -1.478846003 2.567998436 2.590583819 2.001904115 -0.891060540 -1.362098788 2.113988768 2.596079595
24.756942509 18.659735598 8.661501286 0.854810691 -0.014016008 -0.516027943 -0.053079147 6.467081384 3.070019493 7.132219217 -1.070017933 0.394025454 -0.098615178 7.954935644 0.416362535 2.497331810 0.610895474 7.027762998 4.307372344 12.715240271 7.542496613 5.759167161 6.657067353 3.611240215 5.649820603 8.558173974 9.649231369
22.492877702 12.734288772 12.798645013 -0.239186710 -0.964513107 0.111593209 -0.007151214 1.985486211 7.588492980 2.312777439 2.462422797 4.764227557 5.043825468 1.765988991 3.756888803 0.617819961 6.795871932 -1.203389916 6.615213929 5.633347236 8.334993619 -1.424968029 3.639257111 6.006819046 6.477002739 -1.345485579 8.118072496
22.002047954 11.370439510 2.980935282 0.747446530 0.119196508 -0.646720785 -0.094170608 2.131885606 6.321212641 2.838038336 6.802095928 0.732170833 0.657819536 7.975817953 5.775804375 5.537032254 2.213781337 8.548847772 8.553134907 0.350535627 0.751607024 7.476554609 0.169322692 6.644448146 4.792625610 -1.004051188 2.935200836
20.183741818 18.826317862 9.474797259 0.246304091 -0.210140179 0.657545926 -0.680300489 6.528267210 2.843008358 4.845571559 0.839020762 0.408145059 3.471784128 5.711948315 -2.313986617 3.775507372 6.827207618 3.931925654 2.385331170 -0.456294990 5.121349875 4.140994751 2.768715363 1.427061555 5.103963276 -0.897427696 6.407818793
26.009728204 2.053568059 6.711753103 -0.005152479 -0.225494283 0.941540894 0.250252924 0.652870552 1.156486127 6.262189791 1.987553416 8.577162363 3.124000428 1.449154389 10.430879300 4.247560032 6.257168600 7.130396042 5.638828409 0.445720634 3.029345149 -3.260421879 4.167423462 2.621846288 4.597608821 5.848420806 5.799457366
27.089826083 15.994692439 8.899170252 0.804233191 -0.041872854 0.452465043 -0.383054857 -1.202952275 4.728058457 1.139395575 0.658428829 9.837186067 2.722944475 8.216823580 3.402162156 0.522332727 4.309752548 2.682536924 2.882173323 0.620337840 2.359256887 4.922941368 3.783068174 -1.563465281 4.660490356 -2.115252300 5.448978500
19.031998618 18.324396852 7.168374407 -0.493225551 -0.804713334 -0.171943438 0.282135535 0.795824892 11.604713936 0.983846893 2.574045650 6.391860778 9.027002481 6.472772137 4.305179438 -1.731611378 8.943572159 3.232219792 8.097319362 2.601688681 3.666335921 7.520388872 1.455771341 1.953456438 3.739023729 6.002545696 2.256036450
28.115952610 4.177179324 14.713984402 0.530415123 -0.804244640 -0.045806718 0.264106231 5.418346962 3.768003966 2.688873901 3.986480476 1.483625920 12.493225223 4.997085596 10.762300124 6.556786915 -0.049040518 5.589208504 5.648596396 2.686307392 8.962402518 5.161967414 2.432112945 4.616690704 3.456358633 9.514907119 5.302247814
28.164202171 12.147116211 4.847953306 0.454380317 -0.319086746 -0.325211717 -0.765479924 5.012917353 6.206761864 1.171236848 6.932631959 2.922281237 4.567656136 7.042153176 2.862319687 5.624196287 8.014991705 2.129580956 5.742419041 5.060450124 1.230132219 5.114000925 2.000563712 3.229186891 2.745260136 4.997570726 5.717881082
23.715278770 7.247346455 9.182525440 0.679455067 -0.679709702 0.176936425 0.212200458 1.266903221 -1.866801313 9.186724394 7.454336220 0.524486449 3.863633014 4.054128502 4.350010628 8.731660408 5.019189963 5.151193324 3.597619659 2.780366577 3.295542876 4.496781533 2.794513005 7.844346292 0.928505374 -0.016573729 7.193681835
24.851369170 17.867305454 16.676503144 -0.482132749 -0.439834610 -0.755490158 0.057690110 5.122470524 -0.604908533 7.532487305 5.042047110 6.259024956 5.072107476 7.476016921 7.741239335 1.757780953 4.139065217 3.447055838 7.532730161 4.741743171 9.161893003 3.436003719 4.467712170 9.463127546 10.061079825 5.705599698 4.724046152
29.878182522 18.109060443 13.919790555 -0.932740812 -0.288288771 0.074451748 -0.203325109 2.406292157 3.215091863 -3.210465166 6.697684458 -0.722145971 4.455828696 2.562674331 7.925266266 7.359369558 3.217705825 11.388057700 5.680067947 6.185645396 1.132840926 4.837476991 2.770078095 5.328304280 3.225237655 5.670805773 2.504531662
28.194840845 9.914984834 18.371115308 0.111377039 -0.727426851 0.629529477 0.249274888 4.956920512 0.843993188 0.255582251 4.995969611 1.636023401 5.186627927 -0.628912037 7.797875005 3.899538606 4.287095034 5.676471040 3.919859883 1.950397467 8.496997726 5.929286838 1.285783747 4.773758562 9.022536939 5.464025337 0.681903705
17.872630347 10.472057590 17.222580089 -0.296818549 -0.710724602 -0.501430153 -0.394128266 1.480458604 6.110553768 3.415630878 5.382306210 7.216960056 2.429857129 6.512022613 7.711144541 4.933320673 2.846822213 7.437193278 7.533343158 -1.228864113 9.922695865 7.136955263 0.363784163 -1.066876176 3.977371858 4.627136179 6.213982477
29.396806100 6.189862827 10.125871953 0.134582079 0.128132041 0.096608678 -0.977822380 5.127558129 4.345146064 1.408121098 -1.322510213 5.802013598 9.657201766 6.620438561 6.006727640 5.412630885 10.527856839 6.267850786 5.282733939 4.949201521 0.712642921 1.317152678 1.766149494 6.542686847 6.928868169 7.466572224 6.684088068
25.066375463 10.710853279 13.579384317 -0.341116592 -0.577175131 -0.488070463 -0.558834110 6.240912536 4.687192725 -0.991633717 3.866232196 5.662380603 1.166053966 11.427063504 5.485612847 3.929897080 1.466921455 6.324631262 9.158696394 0.205998670 4.836993396 7.671846515 5.294704636 4.572276335 2.077856239 2.276807942 4.354071073
31.376491226 10.012075671 6.258601485 -0.195213782 -0.144626755 -0.889611500 0.386737715 -0.901186776 7.052747450 4.288247810 1.800415404 5.977141427 5.746686670 0.295265683 1.997545066 12.494465655 5.467228217 9.849405279 6.899730420 4.329458802 7.758557390 -1.430389114 3.370636035 7.084727138 3.615934012 6.125073614 2.346879847
18.634271408 9.562703649 7.431339894 -0.522355814 -0.214932084 0.738084853 0.369024868 3.883714613 6.621061891 -2.112961674 5.083097881 6.903474890 1.827969653 4.424050901 4.646166105 -0.189590075 -0.111200809 5.828160315 -0.506985706 3.214333824 7.545859175 6.429117377 0.539269894 2.870860499 1.728259696 2.552626164 0.098450530
30.719157846 7.789740686 15.373190766 0.088538808 -0.788745723 0.597231544 0.115566198 14.140743763 4.139013211 7.048900056 7.890280382 4.100567975 0.852091159 1.451635980 8.860714136 3.061511733 -2.277054964 2.046106133 1.922345366 3.544536309 0.279838714 6.550031545 7.784640348 10.067503564 1.800481234 -0.782642245 3.257763262
18.456340942 7.632722824 9.394760329 0.002078864 -0.039276319 0.867487575 0.495901558 2.257595650 14.996568882 0.636574507 0.675146622 6.474858223 4.418101433 3.529640669 3.633686938 7.471552473 5.356785133 5.200196267 0.588087079 -0.791176167 6.572433680 5.414145894 8.413257758 5.818317958 5.607203200 8.707919117 7.328824121
25.545140039 4.898837276 13.521505635 -0.846493858 0.447316959 0.274397056 0.089788317 5.726330606 5.417995655 4.542335290 6.897812290 4.377479105 7.638585617 1.046925638 5.604138105 3.199333502 0.793465571 1.130854632 1.841355922 3.776198744 0.880498482 7.143613652 8.874701365 0.876788836 4.551562873 7.813449094 5.189832692
20.250994878 9.323496895 2.215257978 -0.005354943 0.089649851 -0.410249813 0.907540258 2.019177120 3.139627315 1.326741370 0.116147008 6.724210853 3.884788109 -2.093150771 7.450176691 4.227453876 5.117953762 2.644810767 5.523199556 0.641265642 1.495299104 4.579451626 0.374671531 2.520924309 8.326225093 1.508261679 0.387383679
27.074971841 5.349566692 10.845044696 -0.765579195 0.485688149 0.072034289 -0.415700108 6.946572610 4.101956865 4.256841698 6.773363911 7.500205956 2.302276303 6.394088782 0.359182343 4.067310940 4.456239475 0.851507879 4.308314645 9.688316764 3.509825726 6.253867883 2.013419505 5.930370963 -2.978202193 8.783741342 0.865768248
26.879382790 15.489543391 11.869876743 -0.155294338 -0.395617696 0.819364073 -0.384724347 1.963678512 7.018892554 2.235888344 6.309462283 8.873475458 6.028149756 1.086582567 0.264926300 4.752882439 3.279803561 -5.927818714 8.326906209 2.045092143 5.714477388 2.964390200 3.556370073 8.692258107 4.640631606 3.429189927 2.947687211
30.475233741 10.677550585 7.918580995 0.036349457 0.628721977 -0.199888300 -0.750621117 2.327608760 6.122613695 0.289193374 5.368717024 5.503924097 4.196254434 4.518160563 2.420939298 6.145806302 7.345489889 1.727004864 -0.017041464 6.731175421 6.319392846 6.156702141 1.838145172 1.878707692 2.311934433 5.541922980 2.015416522
27.318915424 10.729884160 12.783534732 -0.647975436 0.555966449 0.398730585 0.334728342 5.112177463 1.662589613 5.132839096 4.945193346 4.057877922 3.634822989 5.615469070 3.671872915 3.961269299 4.835774461 3.390855953 3.640136796 4.603345817 3.458912859 4.783270799 6.829856481 1.189139066 2.718558296 1.644789183 5.320588110
28.778705594 9.689680576 16.002221561 -0.794449116 -0.479729435 0.031384394 -0.371113582 3.272978521 -0.456746986 6.792630216 0.919525274 7.778752983 4.355367034 1.885595734 5.394388448 5.958417049 4.897956222 3.429850494 3.748762909 3.025190849 6.278653084 1.328472186 3.827091331 2.034752334 0.594914610 0.123677737 10.640161091
22.131428352 15.154571527 18.674949303 0.055244302 0.303315872 -0.689930748 -0.654937487 5.524411720 1.084194932 1.075427600 5.278239272 2.214114527 5.636338891 6.155182919 9.780954033 8.184868513 6.980521630 5.391046702 0.380250299 0.954037947 1.917528840 0.342061675 -2.061915595 4.125374943 1.897268438 6.939696392 0.136894568
30.298264878 3.809114069 8.813158459 0.826711567 0.099852528 0.512639323 -0.209232840 6.755086247 3.024281178 1.253662199 6.266388495 3.222257167 6.494776487 1.999145962 9.142923946 6.721736701 1.606433941 5.187912669 2.317869429 2.345218626 1.662509783 3.606441787 6.047583312 3.781976961 3.517042746 5.725025688 -0.131971030
29.799144856 7.940771965 15.755318303 0.653317190 0.418155510 0.630105953 0.035904128 7.467906107 10.546644175 8.712011742 0.237151546 5.328222025 2.434521128 6.142598415 6.452013564 5.440440503 0.852639144 7.644134300 4.011191789 4.909448135 9.814242670 4.496201830 5.137217355 1.297150091 9.197196162 3.454848072 -0.446623509
24.258827046 3.467655730 5.407159383 -0.920522268 0.261613295 0.028241467 -0.288789988 3.952003262 5.478507687 6.219441494 3.101660124 7.480330122 3.865205410 -1.903988188 12.262213062 4.431538852 6.279069008 1.868999458 4.850313158 9.381708096 8.812123195 1.056454745 4.775252327 1.127336155 7.381889662 6.707815923 4.434759059
23.620849493 12.356234211 4.213567952 0.649934971 0.686601345 0.210708891 -0.248525431 9.114273841 4.681375217 1.954885271 0.666712487 2.984541033 -0.363304097 1.302734483 2.570348610 1.151570816 3.473182016 3.069568713 9.317151158 0.090100330 6.304530956 4.871119449 0.938737034 2.167445254 3.355284731 2.576856999 6.964034439
19.759308952 15.453252923 8.298175671 0.084668274 0.840776924 0.273857022 0.459268744 4.719640316 7.095341137 7.539508780 6.619221600 1.046906088 2.265163896 9.785174411 10.285687470 -1.063852880 5.036744433 3.382548333 2.224162571 2.665535304 3.266907392 1.816371956 3.042716126 7.483871753 5.044605428 3.668246489 1.468508386
22.454013170 1.434994634 11.315623907 -0.147689083 0.285910517 0.836217919 0.444052591 5.381176956 4.704759186 2.991933722 1.877391168 2.830775039 5.602010463 3.526107535 4.515143655 1.393214596 1.254403862 1.338434922 -0.489152385 7.198123508 4.296282595 1.490140162 3.478611371 3.829851824 1.590515103 3.848941399 7.530940443
33.642281738 7.225796193 10.230858711 0.583975861 -0.126065901 0.365448335 0.713811668 -1.985349979 7.027719906 2.115518904 2.914238252 6.096913937 4.265649247 9.337939025 4.272056803 7.324448138 5.215207848 10.261318821 -2.449752150 3.146907630 5.581855013 -1.708138946 3.105061055 1.735936390 4.861844670 9.782595713 5.146711652
28.079932898 8.735620966 12.006085394 0.843214487 -0.101462676 0.292818935 0.439262706 1.933516444 5.388449517 5.851431261 6.600959021 5.540719823 -1.629087212 7.776708697 0.104485976 0.698762110 4.339115756 7.657452748 2.941851208 7.517914830 3.102104638 7.821294966 3.265382444 0.578252417 4.778210356 5.481373058 7.444323554
23.255714225 17.321103059 9.692170715 0.881218139 0.337209068 0.189992797 0.271380495 4.451524417 3.625655067 2.607690931 2.166741061 -0.431055641 2.497488323 -3.234653733 2.603830434 1.844322188 6.017451964 -0.309250701 5.642927634 4.874632719 6.870117290 4.100587308 0.663907342 2.848033770 8.296322243 2.799277770 4.073137797
15.194629691 10.139499550 12.504576484 -0.799697001 0.339448468 0.451862013 -0.202682426 1.225420127 5.750191162 7.172963299 4.376565950 4.847382758 8.576006309 6.884203191 3.324157530 4.750425749 -2.180744545 2.309603663 4.743789817 5.947730350 1.067603636 1.954252949 5.826966955 1.334177322 -1.749484470 0.946573821 5.256320629
22.425223642 14.482286541 11.083549093 0.746269059 0.451889382 -0.453644283 -0.181893769 7.616229635 6.229358345 2.836351424 -1.095766406 2.169871038 2.786468132 2.500217501 4.654635143 2.183239154 7.231577119 3.243488509 4.445248907 3.907482129 8.350026823 2.480669286 -3.887143161 5.205552884 -0.774466132 -0.400574292 3.970087730
15.443593828 11.825574850 13.323885769 -0.679910732 -0.182264524 0.589297724 0.396521416 2.408963180 -1.578524211 4.685422565 3.608718363 5.096589974 3.040450980 4.660971492 6.492329896 5.477641825 1.943366657 12.103388919 -2.334851147 3.449872783 0.261584671 1.592600698 8.077620743 1.038595884 7.973475829 6.819586601 2.398590323
32.633438842 12.325300852 12.486918268 -0.230605906 -0.128704666 -0.818525704 0.510168302 3.001095118 7.521635116 3.109924536 2.069641035 7.111810341 4.766204262 0.558924557 6.535089317 3.512504695 9.213378857 2.579391244 0.777914660 7.824214793 4.773516646 3.568400231 2.982076089 2.105981858 5.374924733 5.170355286 3.057834661
30.069243293 6.283383028 15.332625167 -0.334622317 -0.182125345 0.807662254 0.450044384 10.129161093 6.081888201 5.501333002 6.519014262 0.857683162 4.012724889 5.790312536 7.559328810 4.246272416 1.477621031 -1.338403623 2.834555463 6.218749491 5.467593922 7.906712690 4.648179031 8.335174337 1.344225820 5.107701836 6.039731751
27.203843075 12.373199916 12.028845415 -0.115311311 -0.167751195 -0.085283758 0.975340719 -0.791702333 7.738773635 5.026435146 5.165535201 0.029451162 3.583226494 5.357265507 -0.328871675 1.460138902 1.631109106 0.800139231 0.828342674 1.867460161 4.344820610 5.454860598 3.388197417 5.160899923 0.341906201 -1.959301800 4.328281402
19.029916698 8.498962441 4.049265917 0.583895971 0.638620557 -0.490247124 -0.104340964 6.165085841 4.120571018 1.199938741 3.332536111 0.872993286 2.524084123 7.132713339 6.705782957 3.585918208 -0.250082672 2.634099588 0.895593250 8.989270302 5.482035231 -1.457920273 3.864140433 1.525441433 6.672366052 1.536695105 7.172257427
20.826189515 18.419558693 10.947785999 -0.098149497 0.864324913 -0.493055869 0.014318928 1.391029439 0.598167574 6.910926435 -0.436599658 3.037023784 2.626590230 2.525076539 -3.455892237 7.580931090 2.735199874 5.780492814 5.452587585 5.012387092 5.160930745 7.464346005 7.759738841 6.399007551 3.556993972 2.085604752 2.625956207
24.110427244 12.331258519 17.921223674 -0.596682032 0.774164460 -0.207630040 -0.039111491 -0.139348998 7.236247939 6.470652109 2.448980375 0.668391558 3.664627308 7.084065303 3.067144404 2.111912799 5.544855075 4.736678407 2.725205746 6.249099883 6.255861060 7.268119360 -0.116618938 4.788116439 1.590750813 3.226309279 5.628004514
28.021951144 8.333520216 15.463452228 -0.405804635 -0.800916594 0.070568554 0.434597845 7.333447414 6.807199910 3.557877710 3.696280909 5.497177674 3.934247903 4.021038052 1.486400495 1.590854931 6.053961095 7.358655776 6.481028590 3.512853286 7.235306624 7.070691346 9.063721395 8.166007683 9.176727621 2.519449576 8.663831896
24.920358075 2.911009079 10.721807466 -0.060056988 0.331309733 -0.299366555 -0.892752309 5.356883690 0.077668411 2.066650779 3.147483571 6.260578350 3.791267076 3.084449472 2.327782281 3.079887365 3.468828109 2.671195456 4.937052624 4.476519360 5.202825614 2.327022952 2.861711046 6.906331270 4.190072133 1.108838012 9.033753892
25.559271361 12.481577057 19.839132468 0.552086702 -0.547126190 -0.317047664 -0.543446395 4.374519103 6.883795566 0.850762399 5.330447314 3.258166378 4.770871180 9.475452440 4.939973404 1.194418511 -0.637892798 1.834322751 5.246480965 8.688957506 3.411926982 3.911651850 2.420634986 -0.042273487 7.080052118 1.720835546 -0.596970005
25.864614778 2.722536953 5.851631303 -0.793251704 -0.397865621 -0.255101396 0.383898371 2.311353920 4.875034152 6.257649609 -0.541400465 3.570776744 0.255943896 0.081834057 -1.081549271 3.593208789 4.591819190 10.800132163 7.295580379 5.167113098 3.051445850 1.702330528 8.142534811 4.400312300 3.896564099 5.675913763 2.833759537
22.133888110 15.205271061 6.455179156 0.205662360 -0.787159643 -0.429194911 0.392268300 1.576448560 1.154850265 -5.133416902 3.806597666 8.435524157 2.343160658 0.563595170 0.771750379 1.598850115 8.429671586 5.886892237 0.248771700 7.179928177 4.264872055 4.259490468 -2.725236618 2.848615016 4.536975316 5.566556754 2.007395869
21.721490884 6.560106568 8.145213610 -0.132752960 -0.034370524 0.933936340 0.330088218 6.212797491 1.086280077 1.999415954 5.438744010 4.671060159 4.921202365 1.550650614 -2.725119303 11.692662484 3.318279804 4.006883570 2.661030852 1.923836853 6.533154934 7.355840481 4.581934955 2.979772028 2.605183972 -0.987659627 6.240732558
