20.507044354 -20.650634367 -6.444975595 0.408893273 -0.647029178 0.022636817 -0.643154032 7.931565779 3.285651444 0.398269129 7.620067077 7.792352598 9.262665193 7.048236394 2.950295509 3.971437246 0.254323570 4.702122334 1.038320024 8.185676342 8.237867084 0.526565271 0.435172932 5.826732209 1.436226444 1.079336404 0.266927988
17.963283953 -31.077039987 -12.762413535 0.889625399 -0.212684808 0.396085553 -0.080299791 5.594795577 8.130213354 4.581387929 0.726314655 3.009764269 6.931429715 2.684037800 8.349935152 6.249363984 9.187635747 0.493286162 5.229938374 12.288071538 6.747870955 8.510447566 2.718717293 0.031006667 7.349253354 4.970755263 1.942953983
20.327012022 -25.411093536 -4.937864501 0.108194910 0.759110502 -0.449415639 0.458334693 4.706602590 9.424935291 3.595170285 2.281906295 3.121037645 4.894158210 5.692511132 0.233064652 4.719825314 7.984803165 7.111869453 7.977379032 4.172275515 4.624193777 5.340576865 -2.450030109 7.430396065 -1.039574401 4.621814395 3.991856984
8.964886202 -19.608604792 -6.358527440 0.275186116 0.889432630 -0.038304090 -0.362925604 1.643213986 3.081997502 4.954241934 5.506571109 3.009968376 5.641218781 1.354485515 11.529913261 0.589630233 5.427305045 6.049883297 3.892810592 5.565606545 1.156415553 6.124048064 2.961225158 5.888539395 6.308598474 0.592541007 5.398130307
8.203250268 -26.531849682 -0.224559906 -0.354142586 -0.670766540 0.060557797 0.648835905 6.119627818 7.428954162 10.598548087 0.627542990 7.072229396 6.698526123 3.377846328 8.459314646 7.225867114 3.595867431 0.071219115 8.869285365 6.050626520 -0.313213407 4.091760639 0.039689180 6.696871147 3.832659243 4.999631611 2.988331168
12.025202948 -31.607330705 -11.366876556 -0.181022060 -0.855137889 0.477879364 0.087186689 5.203683249 2.987854561 -0.362179241 -2.103005384 5.167640938 2.724363134 5.562700950 3.117835667 6.535519031 3.754469289 0.921071833 5.057637507 6.767210410 2.064295154 -0.244247543 0.205383410 -0.217741335 6.834432516 8.816419781 4.567527452
17.817251806 -33.455550824 -11.458496509 -0.338662630 0.163376181 0.707532579 0.598342289 0.018025720 -0.857542337 0.210066560 1.332161688 2.715497444 2.480581630 2.314338535 4.610808287 5.945202833 3.441684394 5.178966137 4.052238469 4.658049464 4.749822637 2.569644085 8.281128882 3.850840470 4.897854439 2.000262970 8.086462170
11.549808060 -31.309287990 -5.929176479 0.157089473 -0.362788598 -0.356551391 -0.846509561 6.985378842 1.209435299 2.411463748 -5.270251047 7.396603450 1.818520634 6.392257893 1.810537971 5.448395600 7.112737709 3.177591164 0.333988802 1.441549016 4.031747906 5.669360056 2.325870950 5.111114973 6.765391329 5.770618637 3.210148487
9.318237040 -25.426202964 -7.218513303 -0.359012852 0.102418488 0.034702124 -0.927046918 2.635859783 6.840437650 4.126482767 4.760673079 9.204912689 3.862522697 7.286796390 4.645195152 6.010820293 5.162831701 -1.006679496 4.425384213 0.554450401 2.502232930 4.335145399 2.399178635 1.169434502 4.594452273 5.787965967 5.227855468
22.314008110 -31.177498300 -9.309957605 0.085654331 0.091232951 -0.723965761 -0.678390345 5.531020839 4.955107963 7.842834885 1.519469427 6.969117577 7.099414399 5.943343541 4.945092288 0.769927790 6.075963161 1.781933868 2.911802159 4.767530068 -1.525104415 4.299442478 5.186501747 3.183873260 0.709185583 4.158593856 4.306126017
6.277729821 -22.498600803 -6.175820319 0.864597884 -0.377407538 -0.204289541 -0.261342366 3.655180816 1.103756160 5.165090271 1.397214100 4.031334375 4.500175916 9.628267727 1.634039185 3.765446448 5.829665762 -1.331713237 2.889357021 1.728902009 6.865184875 5.581760752 5.213719079 6.357920967 3.605469525 4.006792108 6.586860404
12.293015023 -32.568654240 -10.470430330 -0.426667576 -0.516415325 -0.491606375 -0.556410967 -2.287601629 7.069285101 1.171119735 3.790428725 -0.064107756 5.377976529 7.564092243 4.692009134 3.540859350 7.724568053 1.081162600 10.230750906 5.881660382 5.957217322 -2.536056740 3.657295358 4.399438187 5.266846583 8.169307913 3.551518094
20.925804544 -26.501762125 -9.839409318 -0.331302705 0.897385429 -0.290449187 -0.024024544 0.977328496 4.723915172 5.679361687 2.502386946 9.120796827 6.632966214 3.380526996 2.531593363 2.215893157 6.580645830 5.160725061 8.143541058 6.317244629 1.431515169 -1.357258174 -0.506681981 2.215318897 -0.837596671 8.919461989 1.574160861
9.989413548 -31.391226653 -7.246409445 -0.081833480 -0.540773333 0.765811479 -0.338231078 10.056073750 6.460564227 7.221028389 3.978256563 6.712057608 2.962272979 3.686670369 0.913227437 2.190734075 0.513516865 7.218673023 6.984083244 4.187949481 3.817179237 0.840691387 5.679758798 7.245417510 5.900364984 2.435634998 7.526771833
18.961122639 -22.629144152 -6.306836715 0.889167041 -0.342885292 -0.291817074 -0.081574787 6.944021617 -5.559670770 3.113388559 5.742622311 5.983706631 5.542594209 1.753773328 -0.568436983 9.214212175 1.469541643 6.299023025 7.976965378 7.831422773 0.514451701 6.475852627 7.586993149 7.692039916 2.771463714 5.074552722 9.553308209
18.562622878 -23.757014364 -6.748843978 -0.478677932 -0.608833663 -0.265851942 0.574031142 2.495497849 5.642397871 6.626821999 2.643046324 1.569829308 -0.037830914 5.374082156 6.467688175 6.179082336 6.684517419 0.931538435 6.219619670 7.852487335 5.540831786 2.542052632 8.039811508 6.687673810 1.519657162 4.686055799 4.807883729
11.805894424 -21.870815114 -5.392083976 -0.216720788 -0.097770893 0.506164429 0.829017806 -0.902568758 -4.412965300 4.050734889 3.827177708 5.730942877 2.524260687 -3.925080614 1.144280177 2.119693506 0.955884741 3.323362982 4.679631247 1.739870433 7.614911908 5.085154291 3.519809936 1.278858383 2.741455072 6.309385705 0.442978460
16.865890898 -28.280159922 -3.018057132 -0.341850115 -0.751390080 -0.555354859 -0.100659956 5.944609264 3.988651415 5.336383868 1.441712416 3.213727695 3.700294325 7.691611825 5.476983205 7.181879566 2.812298194 4.973692827 3.148217428 -0.025157739 -0.566241651 1.905720567 2.917727883 -0.982658025 7.227652454 1.729525423 2.819493970
10.747004152 -25.398570018 -13.515018118 -0.626996526 0.562490179 0.172618784 0.510571161 -0.769182179 2.626170975 4.885833843 1.382015501 4.215312954 -1.158047860 2.968057070 11.187084748 7.255196000 5.104532592 7.016753665 5.259644702 2.362072556 9.302602604 2.403181569 4.387207854 3.596190220 7.794634965 2.436195468 3.332734545
6.918858145 -25.590329942 -12.330770213 0.544684978 -0.633616178 -0.395750429 0.381091080 1.372445903 2.700747369 4.161211609 7.335300779 3.317280900 4.063912607 8.361443071 2.653695667 -0.127160364 6.818604932 -1.030657956 1.677517731 2.719744118 0.185210650 5.333853287 5.808152502 0.383935479 0.193280464 -0.220468675 0.466693774
14.390097380 -30.068883362 -14.798623358 0.237336293 0.709846345 0.015872117 0.662976415 -1.135960081 8.085829681 2.474223791 6.098118744 2.457917867 2.594602601 0.623882606 6.575189099 2.542531998 2.618594311 4.421597468 3.599709582 1.692293263 3.871047454 -1.341078525 9.346703807 4.011936283 2.039168148 -0.215867258 4.398005646
11.019293940 -19.748564549 -6.354988051 0.226682806 0.295404917 0.917128379 0.142219465 1.461947474 4.666190119 4.746150363 10.874078753 0.173726594 3.690736734 4.875380450 3.634030084 4.980995237 1.184751428 1.463703475 2.441946739 4.445251234 0.533713354 -0.600396151 3.569903405 2.275206215 5.802846632 3.686760145 0.215000397
20.794986648 -19.390781628 -3.825749930 0.725447707 0.053375659 0.682804024 -0.068229961 11.640424244 2.206348713 8.070088529 5.122770998 3.511231659 -1.150405703 7.423562103 2.471284757 4.117274883 10.711047833 2.281620497 6.313571906 1.391831327 2.149691787 14.758710385 5.114854124 3.856499580 2.313147060 4.570199096 1.622246599
19.786942680 -21.311791936 -9.062159648 -0.584905066 -0.140561438 -0.115846308 0.790384829 10.160509983 9.118433706 4.531856301 1.165339597 1.516366002 6.580820637 2.590582306 -2.804563312 1.534268359 8.179799827 1.505194452 0.172252598 2.806138592 2.848518585 2.684663438 -1.225584072 3.988720003 1.425367230 5.517068907 1.569643120
20.460541249 -19.642385358 -4.149527981 0.908508980 0.161977470 0.073099928 0.378194569 9.962111042 3.365130860 2.098758332 -0.057141758 6.630443905 6.083641118 2.445186632 2.493513317 6.786953322 10.056158575 4.399248936 4.201610899 3.210932170 4.630485954 5.552209591 5.274993211 2.453770884 6.276958817 7.450069279 1.705041436
21.980959887 -25.378754492 -13.648984903 -0.257612546 0.558965907 -0.726995117 0.304419104 -0.665700647 2.229239178 5.713850865 0.185407665 1.523120028 6.470484321 5.522139763 1.666623666 7.307135145 3.669247920 1.233898722 2.763545241 5.553514870 2.177118850 -1.413199564 0.842687751 6.771312276 2.631500538 0.631299786 2.586986980
8.470888894 -24.331246615 -1.982914530 -0.365196648 0.007991782 -0.596214831 0.714909376 10.580890530 4.640841560 -0.117855663 0.539257454 0.204751121 8.325657308 1.608716988 8.143543644 8.038225514 -1.143132737 4.952509031 0.959405039 5.086583112 4.714356676 0.143457163 4.317735281 9.001452011 8.422915839 1.056977143 6.235185657
20.391675363 -33.203241877 -9.808694640 -0.553975404 0.411145753 0.723506935 0.024660436 2.395226874 2.676264421 4.150745719 4.370716891 0.528237952 0.209623166 2.422246634 -8.188209665 7.640923392 11.491837704 6.925647262 6.115629249 9.139600311 0.272837799 6.250825706 -0.266740978 6.083939619 5.766145766 4.348192807 1.800118948
7.156737592 -21.042226233 -8.496610760 0.684217797 -0.660095921 0.058297850 -0.304500808 2.396459942 8.427428086 4.738819843 4.306217652 8.212325945 4.676469901 12.027337845 5.129525614 2.290703271 7.249614695 2.517275024 -1.489217553 3.487400418 2.930280923 8.308623640 6.377440241 3.394224861 1.612203904 1.547055014 2.611564795
22.924573398 -27.010561959 -1.931381432 0.354528836 -0.466462069 -0.240163331 0.773979339 0.654693261 1.049235535 7.731557690 3.155173930 6.159546023 0.271060758 6.319561762 2.792450169 8.472798968 0.284376436 2.348423100 -0.845604940 0.489228290 10.032169195 -2.245349720 2.522205913 4.141435961 2.923018159 5.729430077 2.917696860
13.196132358 -26.767012917 -11.517174474 0.362007676 0.039320478 -0.913484403 -0.181522969 0.918425260 1.613309104 1.389194466 0.465607574 -0.477770680 6.245682082 4.569621948 8.729059777 9.663502665 3.538625764 6.944975529 6.245267460 0.620856913 6.786983760 1.740425127 -3.346644584 6.429095876 -0.143259921 5.051954494 3.197178132
13.913846381 -19.423766236 -13.417591773 0.060388235 -0.960950324 0.024396301 0.268947126 2.907643979 7.166220851 1.029905426 0.282359258 6.142333278 2.625497229 5.202781278 -1.095344091 2.933786543 2.441839673 6.678949512 -1.500816834 4.684279622 3.065276424 2.607086176 8.949236821 3.943109119 5.181247645 2.998810256 -3.016743197
14.491996134 -22.119876556 -5.841080461 0.017549796 0.266516651 -0.955983434 -0.121476553 3.384230949 9.511007386 2.704697559 3.474892789 4.205229624 6.261702539 9.651258414 3.286139591 3.809688950 3.697956749 4.062978663 5.193708467 -2.010725516 8.028981899 3.782150040 3.971792992 -1.274262850 0.498845890 0.140537642 1.557194133
16.357830985 -32.794982583 -7.897055456 0.773163615 0.251471959 -0.462774564 0.353298147 8.238575696 3.369626556 9.165225541 6.105830302 3.127789430 -1.609795211 2.977302961 4.968375996 2.383715810 2.051761926 0.053714020 0.718969771 6.961398164 4.444036695 0.795678031 7.301576667 4.530033057 5.345205230 4.757374283 -0.439754027
16.092799426 -27.950920084 -16.277930350 0.057499339 0.688852475 -0.716321295 0.095183487 3.881927408 3.934455313 3.911697617 1.177854309 5.561644586 5.546008884 0.772691662 4.597669689 5.562618137 1.395169726 1.753270644 5.504248135 0.957265069 4.297284013 2.548473139 -0.929987460 2.573911901 4.156602187 4.487215386 3.328033458
16.553341691 -30.190720398 -9.104772161 -0.387416834 0.453992385 -0.044080054 0.801159197 2.092896941 2.139505987 7.169777910 7.093873818 8.664990654 6.903818746 3.766023704 3.363579542 3.597208356 -1.278626764 6.618834276 6.962049252 3.222937566 2.569130459 3.605676315 6.897095611 9.386635876 2.074766994 3.557090318 -3.610133123
14.850936597 -21.242936484 0.956381886 -0.615881140 -0.250312834 0.476000864 -0.575723097 1.426763051 1.087828301 5.661570538 4.288653533 1.615454855 8.209799589 8.005807107 5.074775250 8.308347151 2.931399081 3.211186048 2.547097885 -0.811505234 8.478734851 1.196043094 -1.309477208 4.778577368 2.209020401 5.008620611 3.321135003
11.263425086 -34.281034387 -8.118156123 0.961616909 0.126801295 0.024033029 0.242150294 9.269670815 4.989786015 -2.579881572 3.073499466 2.420628600 0.250559603 6.083358594 1.107086984 6.584897149 4.540546615 6.650170037 0.727190527 4.831880882 4.115309843 4.291995615 5.801185117 5.496253628 4.169893425 5.106045321 1.459284107
8.717138177 -31.210001522 -6.928564753 -0.874989737 0.083894233 -0.388401042 -0.276585157 3.752442006 6.848727255 2.866614855 2.599963650 8.397738104 8.613448741 0.145839564 4.493522909 0.049435653 2.436251405 1.945053381 7.405109435 6.699809234 -0.839306901 4.160418314 0.120391676 6.531029802 8.825515408 0.912798768 9.512680801
11.992832831 -26.798296223 -14.000555999 0.386938547 -0.921810311 -0.005424163 0.022691163 1.595311197 1.384014914 0.586848944 3.490610313 4.180423493 2.221061425 3.467629209 5.382914477 2.713384484 -0.166780370 7.376325880 5.780382949 3.216450110 7.090420862 11.885750296 8.131609731 10.822881482 3.069771062 4.067024604 6.831117036
17.219373308 -30.099265115 -7.543833531 -0.096683285 0.901269608 0.087209984 -0.413230994 2.837576460 7.244831029 1.746240010 8.446068569 2.299889467 6.236608295 8.447310286 -0.028938234 6.099231371 4.544264644 8.099172221 7.164476145 10.166603122 -1.167553994 5.746105164 3.256315521 0.867658460 -1.555129664 9.691939363 2.942287442
16.952391881 -32.590471916 -13.510624705 -0.333572984 -0.381432605 0.452733563 0.733669239 5.714610357 6.123743583 4.534797107 4.318989872 4.401599077 8.152744014 0.349927519 -0.738125060 4.681071914 4.722377364 7.649300918 4.415332117 5.105293115 6.201591678 0.551779358 -0.332198219 2.949864914 4.322648740 6.474378180 4.652812359
21.570999830 -32.149017675 -9.379151463 -0.081892956 -0.834217624 -0.012610469 0.545174721 3.327131263 8.409167184 4.814025274 -2.950554081 3.537925914 4.295972174 -0.243660204 0.866288599 5.628703123 2.012219628 4.244096386 6.649221973 7.368872197 4.346069193 4.838652887 4.578826218 2.465408011 0.883142574 5.867549902 1.022753616
4.984701973 -28.006047771 -6.300695376 -0.611082782 0.332056459 -0.081547548 -0.713909195 5.144268918 1.392145681 5.213430211 7.651901042 10.782476669 0.448785538 4.637234266 2.369397473 4.787211894 -0.748079525 -0.558409254 3.397294050 8.214589006 6.923310244 6.709906571 -0.633918128 1.890197244 2.689153232 8.148918570 10.659594543
9.467301088 -24.466544919 -11.925368686 0.759735105 -0.146249689 -0.057002451 0.631002630 2.606166345 0.486252472 -1.247147005 7.943804328 1.823142317 0.303800090 -0.965350038 5.226176120 7.229354476 2.730361333 0.359247642 2.902567677 9.230725704 7.477989917 -4.487391853 6.739744365 1.264096322 4.082392178 5.403100544 7.150696229
16.261052507 -28.066028508 -1.559479286 0.183542639 -0.055412453 -0.653304493 0.732417094 9.962913612 3.798639534 1.171189411 1.595908633 3.296465272 3.686177258 2.204948190 -0.012017576 9.863711608 -0.801113740 -1.354224536 5.898035509 -0.789057229 -0.560614900 2.507174030 3.984696250 -1.504853704 4.228384002 4.567761684 -1.134802830
10.583655945 -29.809585325 -12.720700418 -0.217021248 -0.207889401 0.162052436 0.939905731 5.816032608 0.550964538 3.269990568 5.560590032 3.043382044 2.171989665 5.259565265 3.342281546 1.391706827 1.212776668 1.935978744 5.977224248 6.925502163 5.088019973 3.204441290 -0.260151010 7.195163524 3.291755979 7.279439941 6.455044529
10.306720352 -32.573726503 -1.754238637 -0.547539137 0.804536510 0.081389454 0.215168896 3.143299448 5.924828480 0.528172376 -1.303744636 5.254616276 8.782872113 7.552167583 1.802208260 6.284322108 3.222152770 -4.416625163 4.199781521 3.597957338 4.222556220 2.208933055 -1.051783878 5.973863098 -1.542525666 5.147782130 4.983711819
17.288839253 -24.517469576 1.090467796 -0.292092001 0.541085563 -0.733561286 0.289476279 7.096079764 1.756104303 1.365962978 4.810898245 0.657952735 6.301619800 2.261818295 -0.472214735 8.090218847 5.268603297 0.108718591 -0.566736514 7.501600272 7.228883404 4.067187987 5.377410050 7.912781537 6.542065129 7.235005956 3.801967853
18.977191078 -22.429636132 -5.194207156 -0.046137297 0.053680421 -0.094237567 0.993030233 2.875511967 4.022871065 -3.713554238 1.813919844 5.748776275 6.004001794 3.940131625 0.943026535 0.877321822 11.533526436 5.260913001 8.452483046 0.496679715 6.341650249 7.964361194 1.906296243 -3.293459628 3.929805357 9.319642341 2.321553286
7.172196650 -27.003608079 -1.741901653 0.474769410 -0.066115406 0.871731868 0.101520003 0.048884150 2.875093758 4.248364302 8.987745960 0.208852886 5.629328817 1.293702012 5.735544752 6.522799568 5.520748413 -2.168706377 7.577603044 7.453604793 5.594173834 5.004357508 6.780628916 1.315343235 1.800970707 7.501645324 1.558382173
15.153590895 -29.558926903 -11.295608318 -0.724974406 -0.097173025 0.585001513 -0.350346605 10.422003088 9.254610725 7.385316451 4.001797978 5.276074293 4.153272486 0.224680938 7.461197834 4.826394579 3.523385158 3.216153884 3.901079086 2.287381753 5.028632905 4.187626856 4.521389732 4.591327247 0.799833659 2.749532926 3.810116338
15.056029055 -31.295563822 -7.300836607 0.310920368 -0.521286676 0.494110411 -0.622449698 5.587991379 -0.353110555 1.731096338 -0.527512707 3.245210456 5.996662928 -2.898913825 -1.266490481 7.424401146 0.962623715 2.155634136 1.755591820 -3.958246293 2.653629891 2.974479215 1.796673021 5.135299159 3.928777965 3.467738473 9.009535877
21.131836328 -22.907251313 -9.481919022 0.678453661 -0.088048013 0.576266925 0.447062198 7.478811481 2.613252500 3.684126907 7.140114057 9.584906469 5.837342351 4.261770527 4.169869483 3.207276757 2.466665632 1.414293531 8.897773101 3.674547407 8.469839651 2.983746400 3.086857298 3.204406892 7.358959184 6.010092542 -1.994878156
8.623724733 -29.995810738 -5.343468934 0.692519833 0.145756980 -0.323798467 -0.627953610 6.564187141 7.564981182 2.670238862 -1.102707491 4.485359145 1.519860376 3.753058243 9.139135190 4.718820134 6.585524476 1.727991898 4.571450562 2.158361393 2.908688756 8.219942227 4.640857346 5.815457034 6.927205716 3.454810830 -0.468423390
17.332766316 -22.131627562 -10.553941664 0.085145955 0.079542116 0.181886726 0.976391539 4.126889491 3.448249565 6.622329553 9.896919043 1.960108336 11.039543364 8.635242916 4.769205216 7.475876519 3.690181223 4.768056531 8.329822766 4.208035520 4.489865380 4.918210892 1.205787273 4.738394057 9.790751903 4.532307217 1.426641591
22.292468386 -28.260786874 -12.353993223 0.480779396 -0.658842416 0.347970632 0.462270789 0.796448081 9.704520511 3.282216178 2.257545001 0.851493961 -0.803734667 4.744623460 10.440197476 4.218682463 3.518043760 6.337114295 3.838971102 2.321181539 5.672173632 3.432191847 6.401271580 4.296475055 1.546599642 1.202138558 4.167100018
21.415667803 -22.540777891 -10.294073244 -0.586301124 0.490020576 0.405399225 0.501779130 5.043256830 5.895453701 5.583042369 4.425206680 7.951059013 -0.247060934 4.300742129 0.246291765 3.873441689 8.815209311 2.035678147 5.978143677 1.457490593 7.883671599 7.606883626 2.692617544 8.073697235 3.224369454 8.111681182 2.831558490
9.646828672 -24.267035884 1.304597271 -0.306939187 -0.051071227 0.634723728 -0.707323020 -0.399413463 7.111353909 4.521160156 4.124876095 8.804742179 3.594412241 2.288495816 0.144569962 4.910660394 5.907114291 2.134527573 3.530523235 4.232917871 2.304906881 5.945310323 -0.847431141 3.954602578 7.812512125 -0.699821194 8.036682937
10.048202710 -29.830008016 -1.048994789 -0.517052694 -0.256018398 -0.658351108 0.483409671 3.662438136 3.297062249 2.563329990 6.823237911 3.254283513 1.112552964 5.975734325 6.518005024 2.727425475 0.608231557 3.964636548 2.205354955 3.574371104 6.926559154 4.926314396 3.796821745 7.586224821 4.057474475 2.000666610 2.788599035
14.070045786 -34.914196779 -8.867382751 -0.479245476 -0.039318771 0.627401003 -0.612491461 2.683966404 9.957404073 -0.160028136 1.833220401 6.781657028 2.090123149 6.353540142 2.362564469 7.018206941 5.892897773 0.944634776 6.215980923 0.591532090 -0.064786267 7.234863187 -0.299865319 7.981831176 5.464490381 6.456691994 -3.199026199
9.757087456 -26.781020576 -11.969746323 -0.048904294 0.554808779 -0.768409199 -0.315187074 5.880198069 3.375780126 5.318946496 3.776225549 -6.222948247 1.236957542 2.928021425 1.968664419 4.834814748 6.359572648 6.877379936 3.771218696 3.831680955 3.289639866 0.578718236 7.021924396 6.555234172 6.299383458 7.641340188 0.209524200
11.450469263 -32.534618623 -8.648356663 -0.660150832 0.192337173 0.654190183 -0.315027770 4.166511623 3.453647716 5.840490170 -0.719901310 2.698974883 1.615852878 2.365964765 3.357315469 4.733998889 2.910782851 3.005640329 3.007962134 2.273827112 -2.031674968 -3.158027888 -1.126044346 4.726783740 5.310475990 0.398481254 0.823188016
14.333831199 -20.536213714 -7.918031676 -0.287148506 -0.785636348 -0.241411048 -0.491977612 6.184167111 0.005294349 2.782763396 1.950280532 3.502104579 5.410638520 1.704303928 3.937894447 3.951658613 -0.321840692 2.270328450 4.116418621 1.357246985 6.031365910 0.899243343 1.751229870 7.008968047 -0.076407136 4.944154003 5.082211036
15.390767817 -25.867231424 -4.103590899 -0.501075254 -0.118270742 0.841109767 0.165740707 5.603891305 5.028729630 3.528478933 -1.139683388 4.552666600 0.972339074 7.061117474 3.722423687 4.756763972 3.767040699 7.880707623 5.249845828 -4.090200996 8.250796880 -0.867297912 4.131628406 4.272330274 5.728570981 6.679331358 0.591541237
11.915936007 -35.272000531 -7.752298370 0.291634445 -0.343235285 0.645645798 0.616668787 1.595319853 -2.392213511 3.761418922 7.057279388 2.703638634 0.576373981 -1.832432643 8.671903504 5.832203207 2.450408851 0.399905146 6.786353272 5.708796901 6.010515746 1.950599107 6.605290887 2.666593285 9.645919824 2.101199740 9.388297181
14.400121413 -19.825189505 -6.243560982 0.617113015 0.272417469 -0.456652204 -0.580025011 7.769580131 7.882539312 4.361203063 3.907627265 3.950972760 6.668000341 2.113076148 10.056231188 3.307522660 -1.040941901 3.220926766 2.726473942 2.379736148 2.064152595 5.035118740 5.542388118 2.036869926 2.501616434 3.791287796 9.171915431
18.588692561 -25.317406928 -8.110789433 -0.352889679 -0.747680826 -0.541663954 0.151797290 2.817529271 3.855557559 3.190444180 6.370476777 3.647915924 3.953711536 7.985658109 7.339835929 7.676857674 3.622033088 6.854573984 1.510572181 8.216339012 0.307329665 0.917615703 3.545192053 2.245330561 3.941773919 0.285684150 3.784971395
19.783848390 -28.224431715 -10.408082854 0.490872377 0.509629040 -0.322712137 0.628632984 5.983337656 0.788776247 -0.684508652 3.806400888 12.314749878 4.549794972 -0.832594640 1.607012044 4.021023459 5.055751163 5.229126238 -0.699005521 0.857996362 3.913239355 5.384711936 2.951687681 5.811843037 1.157118496 3.949542973 3.501213588
15.484357781 -28.367751942 -11.537124165 0.426509661 0.885869020 -0.130610205 0.127540432 3.762598375 2.152089184 4.846626540 6.178284161 4.348699969 1.940866165 6.621242417 9.962899000 3.423811980 6.986866399 4.195054053 1.916695783 6.171485916 4.126207340 0.756052062 7.253749863 0.290537141 0.944180974 6.691098948 3.506966235
15.810737389 -22.182699831 -6.528559041 0.558407913 0.066943912 -0.311816439 -0.765813047 8.495196284 1.261094343 3.776557863 0.483367054 12.433520775 1.629092144 3.397446855 2.175332193 -1.524146841 7.775534029 2.224912669 3.138981984 5.206404276 2.608556722 3.277172256 6.460521100 0.192199515 3.967232148 0.237479183 7.511700768
9.331382493 -19.149290112 -7.352311017 -0.334671353 0.424441883 -0.805137924 -0.244125164 2.046569441 2.259770308 4.282784088 0.512050162 3.323826304 2.486326149 7.857559239 4.360815592 6.676536544 3.747605498 4.859228971 4.023682868 1.505088635 5.429626051 6.717444467 7.021061304 -0.700261076 7.355854524 0.642763701 0.361428158
8.163372178 -28.527769166 -3.758019583 -0.444157678 0.007601688 -0.662576961 0.603040581 5.411827559 5.358645764 6.902073873 2.004524261 4.815135003 2.045767701 3.948134225 2.088557021 7.184476742 5.009506142 6.836600296 4.336991510 3.146518365 6.514642381 3.074748148 3.191044760 6.225853080 -1.376799096 6.453112812 6.519160186
6.354220590 -27.133949029 -4.790134043 0.282525379 0.615083813 0.551529478 -0.487510561 3.533618783 5.948069546 -1.834786528 0.180475937 7.375479069 6.188808029 8.013864121 5.537204834 6.202455032 2.539023979 5.080549238 5.999456409 6.207811699 5.310366072 1.170704849 4.320801232 6.527378637 2.792704763 3.620307268 0.136878063
14.518595821 -33.405433793 -9.005709288 -0.622707906 0.490342678 -0.479273329 -0.376956227 3.170412314 2.949269773 6.261025168 1.801544715 4.477577727 -2.892825878 6.251470516 3.889723787 8.822240520 0.340652628 2.022066874 2.678102598 2.981044453 3.433273880 4.633968059 6.163052473 8.366847136 5.923074815 7.159674443 1.412748443
17.630603965 -27.999116356 -1.699911361 0.228002323 0.346585701 0.061310868 0.907818412 4.454875555 5.766378209 10.365927340 1.993478075 -1.816750088 4.112254048 2.375044652 1.554894436 -2.555992067 2.646372954 5.180653583 5.874299827 0.679590295 6.685761336 5.140487216 0.370070753 3.032314638 3.912538315 2.995180255 8.391343975
15.447248032 -34.591114878 -4.241948870 0.263509349 0.176374025 0.895771150 -0.311527003 4.807098262 7.698771268 3.322623919 4.935918275 6.937861726 2.472037464 5.336053157 3.081238375 -0.630208375 2.059350922 5.414936681 10.220732109 3.012766718 10.652265138 2.363221982 0.522749339 2.473203958 -1.193346490 7.328978554 0.281488253
8.345054945 -33.840972592 -7.772531118 0.626857455 -0.500932938 0.389737007 0.451908163 0.875666511 7.339884493 6.113731417 0.800430670 7.856118973 3.819260776 2.353809137 -1.540421054 -1.790766826 8.330704739 7.625283655 -0.807305884 3.482075873 2.347809872 1.662082812 -0.074002067 -2.721512052 1.712694779 1.786106237 -0.285369150
11.344706087 -24.461438568 0.037872162 0.659679429 0.472722549 -0.023406113 0.583788143 2.211082506 2.152154876 -1.121755836 2.292236671 3.871531535 4.804046995 3.783080607 -3.292029466 4.896150686 0.921034695 1.857311507 4.758617315 5.294771412 2.270494574 5.701770186 2.805468986 3.397258815 5.755967178 4.858009629 2.337248322
14.412206826 -28.968316930 -7.782661118 0.371076251 0.289706256 0.636681019 0.610745431 7.174892350 4.035785844 3.028450453 0.259673092 6.553605938 5.324810846 4.551404119 4.787379229 8.631986538 7.570705645 12.322199030 6.306408455 -5.008972052 5.318652937 -0.353095491 4.892213326 -0.943761717 -0.630722524 8.155874622 2.848980982
20.103265025 -32.351439049 -4.850263276 -0.027251603 -0.239187124 -0.932781506 -0.268263922 4.739074691 3.500140380 5.150710477 3.930758943 5.234854140 2.025827520 6.208186049 3.696359192 3.057501133 5.167788553 5.525903371 3.882078724 1.730303355 3.804901632 3.562617995 2.248212397 2.556467499 2.158036391 2.933661832 4.784924854
11.638946564 -19.923378002 -11.749151781 -0.104769521 -0.252011148 0.580484790 0.767170865 2.994853342 6.012841268 10.142635116 1.546534763 5.354475072 0.349492894 6.495532101 7.186565942 4.633512393 4.739297795 5.347188948 5.493172163 0.396202622 2.308984089 2.965744906 4.344570833 3.840620182 5.970155082 4.054653331 3.586040633
18.727245777 -29.409374010 0.659584347 0.339835142 -0.365125934 -0.758540413 0.419298905 3.597501826 1.192730688 1.510432529 -1.317977557 6.932192291 -1.859650272 4.723056954 5.046715611 1.321073669 5.334421946 7.119950764 4.908611133 8.302954441 7.976460736 0.775398988 4.942990316 5.830094563 11.191451503 7.767108671 2.553507856
22.863210058 -25.428767065 -8.701653113 0.540264189 -0.283026278 0.788985827 0.074243496 7.533702920 2.410238473 3.046037705 2.619106230 4.002746297 -0.093214519 3.440940166 10.340030928 -0.184592376 7.345376652 5.799168168 7.083613310 6.894523927 6.557321905 5.024491510 0.788104989 5.734741366 7.634875375 6.921594159 0.840323293
18.906738761 -26.318255968 -11.473456224 0.317481786 -0.850705064 -0.173571158 -0.381286327 3.025281299 1.201145323 3.162139399 7.016769482 12.596266658 5.708376993 2.550507730 0.127295703 1.086135094 4.412932285 1.593446439 -0.613271729 2.870026718 9.647845738 1.300609481 3.966358225 5.390580955 4.658473130 4.597800324 6.348093006
14.334055701 -19.083314893 -12.002025402 -0.934135671 -0.164852222 0.081782775 -0.305819997 2.443278380 5.132313373 0.669579606 9.047122011 1.566933612 6.094703686 0.989308186 2.957873243 -1.366312826 -2.702390626 4.882528002 2.293758184 3.273762819 9.522335117 5.032766872 2.997557008 5.773026237 0.193832909 2.464551193 1.604805418
13.280201195 -25.864413691 -3.637508548 -0.550508863 -0.716896282 0.352747385 -0.242010321 0.463642693 9.623273775 6.512091300 2.422813339 1.733438803 5.254419904 5.757389273 4.607839368 5.796331511 2.830207181 2.849501335 3.701783214 5.881942927 2.498019213 4.534598917 4.585853048 5.598992885 5.261860721 4.783801938 1.787987911
16.308068080 -17.096260450 -7.327799525 -0.376280340 0.889185624 -0.167901322 -0.198925056 4.992032051 2.012663045 2.725824266 7.577222261 5.183734803 6.418555225 3.625773455 7.686444951 3.079818962 1.584169295 8.505295031 3.832499983 5.173919564 5.606348805 3.396667352 12.051896191 4.963860544 4.827047277 3.207950156 1.696187753
14.503903619 -28.338424510 -8.357010008 0.362883557 -0.363293261 0.388842462 0.764941220 7.040810754 -1.983722921 5.568700645 -0.519026900 7.847646979 3.821471754 6.276142352 8.433706548 7.543663262 3.273032091 2.900938907 1.423710786 1.824187207 4.581456078 7.758630341 5.854770397 6.483712782 4.348763808 3.989764171 3.450678576
13.199255272 -31.235255022 -1.590743334 0.354102017 -0.649036122 0.513846343 0.435115858 10.013146477 3.660660742 1.872261581 2.996514115 4.443312737 0.653239268 -1.424587882 -0.365177777 2.668390550 4.237469773 2.066049322 3.901303963 2.201387830 2.568968246 1.404192438 5.022804060 4.854031724 2.243438228 1.019534705 0.714582673
20.965319728 -28.135961919 -8.563418676 0.322607547 -0.280111003 0.283038851 -0.858691566 2.955821408 4.946110548 6.439740329 7.778528351 2.211927722 3.508348878 4.307526950 2.649853634 0.812931752 -0.436520257 0.939580593 4.350881987 2.934244919 3.247311756 2.644959549 5.058312077 7.260951049 6.088308781 7.518638352 7.533697416
14.324209445 -26.624661089 -11.347067375 0.691739521 -0.378593481 0.073206924 0.610576906 0.427557132 3.542570515 6.278641503 1.852820668 5.332094616 6.461828623 4.936770131 2.942209314 6.234365963 0.955766903 -0.393947096 5.796204001 5.687607539 0.754715402 5.517429630 4.727994169 3.628598182 6.349491677 0.235505103 0.701182564
6.782215446 -26.027903319 -8.590793098 0.662086038 0.367793158 -0.301398488 0.579248844 5.141067248 5.218591898 7.774940120 5.413473438 8.958844632 2.279714076 -1.963658458 4.638371234 5.592363493 3.939269935 7.618694189 7.401609591 7.696393298 1.401852039 0.397156276 6.316907776 5.518072109 6.533271977 3.853290868 -2.410290758
14.211092200 -19.257683296 -9.847621600 -0.247561593 -0.534796915 -0.644810905 -0.486748820 3.247250852 6.845588071 6.400195018 6.543642031 6.831462505 -0.122410205 4.116194141 3.047562299 8.871098918 -0.891022637 5.046347958 3.289079910 3.104621782 5.889255963 2.728051564 1.861934644 -1.099143334 9.748936119 0.248196103 3.599920483
17.432674913 -28.638184324 -11.831315861 0.193798184 0.355143146 -0.854735654 -0.325180830 2.654561937 6.587532407 7.105917368 3.829463637 11.774480632 3.667930196 0.508104054 2.624322991 4.830762565 4.629408282 6.945449812 0.755596013 -0.894021269 2.237921222 -0.867749796 -3.023904333 6.987400903 -1.329457134 -1.264879711 7.929540894
13.270386915 -28.613979924 -6.528390932 0.611365223 0.267587375 -0.052833453 0.742858121 3.665622796 3.361269875 5.458656550 -1.072300403 1.980144942 3.284566462 9.224645667 5.824262503 3.341276496 -0.689886238 4.146057994 8.447818836 5.077042897 2.421945819 2.746555858 1.259405138 8.487635454 7.575241923 0.442012335 3.989035904
16.296425449 -25.735187723 -3.943861612 0.357474551 -0.918467537 -0.159171330 0.057391779 0.582445539 -2.658154923 -1.398722025 3.133069650 1.728982628 1.048727727 2.718972888 4.259790892 1.136246107 -1.638963646 3.841289517 3.968882950 -0.251825462 7.262805124 7.920617970 1.477104897 4.132228303 6.059325822 3.632870281 4.417166782
11.122576146 -26.426542783 -6.929438709 0.419000855 -0.421388227 -0.337824782 -0.729893596 2.300747460 5.618912243 3.808536291 2.788610545 4.035004032 4.722033880 3.837773324 1.127316626 4.874583131 1.584493881 2.070019618 7.319644564 4.787016339 8.816513792 4.082432276 0.346870107 5.838099188 5.435208947 6.509309445 5.682997988
21.986196371 -30.992047632 -5.335268917 0.830117935 0.202781815 0.519248682 0.012827929 6.539178716 3.658151778 1.002116984 1.229463282 4.586173764 -0.982783158 2.955706460 6.585136519 -2.889174949 4.916847378 3.305767217 1.704711161 6.224508066 3.520159815 3.241798017 5.952283258 3.554676845 3.421515784 2.939098071 4.377456852
13.109190928 -21.608775250 1.135506772 -0.367920639 -0.618268300 -0.672395763 -0.173961637 2.533827392 4.543617321 4.090512891 4.452483564 4.547710934 2.039594099 0.036747755 10.914627030 1.644450911 5.337094985 4.500458429 4.961121079 4.411752449 1.947626850 3.373053237 7.018161023 1.790812357 9.317836736 4.586023196 6.315417736
12.587722253 -26.953085122 -9.661469129 0.433187481 -0.537218674 0.589386626 0.419962031 2.415744148 4.478953131 -0.369672255 -0.523273080 -2.843947594 7.981545619 1.540065827 2.455929514 3.909698567 4.815016732 3.876679539 7.085913037 0.780438880 5.945894175 9.477497649 4.363088911 7.064074688 5.128958193 3.117179207 3.678015824
9.686333918 -30.550530704 -13.538676162 -0.411119857 -0.355593185 -0.021438184 0.839091386 0.834998293 0.458028851 3.320837927 3.651060837 3.234640928 6.270815851 5.625413066 2.323939411 4.759720636 3.217445673 1.372649745 1.384532520 4.786590406 2.278670000 8.507650577 11.465998779 10.077563161 5.134167871 0.382549009 -1.857750264
17.236054948 -20.551230757 -0.600910646 -0.636037397 0.165138087 -0.671270975 -0.342901034 4.081828944 -0.918341546 9.089946839 2.033480733 7.541287966 -1.902333142 0.099709729 7.764649666 6.425997751 2.255696286 5.593449919 2.533939428 2.669745612 1.016968215 3.277056707 3.466073559 3.462584776 3.178169571 5.840782939 1.703592940
9.418832253 -27.347113128 -12.630341134 -0.723882026 0.127934922 0.055254126 -0.675702930 2.276567904 0.090734134 1.848815365 10.403307020 0.485871100 4.672002105 7.976238767 6.130794689 2.828210931 0.974910410 7.238290711 5.870878322 6.604894360 2.692775941 4.840542133 -0.161099502 1.997148229 5.302634824 5.215746455 3.865064325
10.598561803 -26.888525636 -0.181697528 -0.772700415 0.282761354 0.377135921 -0.425145366 7.622031121 1.506120602 4.364721373 5.625509742 3.620968180 6.831365362 1.790458149 6.695993975 5.059452897 6.678549671 4.081374867 2.897983827 2.778264798 4.311086906 9.855853699 11.030051149 6.142480943 6.934758131 2.900022190 5.892991727
14.214980353 -28.168924664 -4.058626468 0.385725456 -0.259368412 -0.287440612 -0.837449577 6.602787866 6.424678975 3.404980645 2.202838474 2.788632238 3.470178337 2.835535057 2.690703323 5.874454371 5.658186468 6.028425326 2.355407498 4.391657274 1.208421994 5.661920766 7.164326560 1.649298499 2.441472175 5.080308504 5.487691241
13.585525180 -30.766147814 -5.747646312 -0.523393302 0.251612027 -0.098498496 0.808114401 0.877468278 3.964154291 5.343791194 4.212376797 4.342726875 0.709404031 1.384902792 1.982081902 4.028203399 2.811579859 7.133853635 0.850756094 7.652710959 3.159841849 1.529075259 8.002435812 2.281546172 8.801763111 7.384422211 4.273184382
9.794210755 -18.774458046 -7.055287625 0.771262367 0.080181829 0.587684178 0.230981690 2.338822163 4.631070088 5.796331567 -1.241577771 0.438642556 5.164641304 2.812612013 4.586535209 0.589205307 -0.319815507 5.128406972 10.310578585 6.324207762 5.080876957 0.462558461 3.924332575 -1.387940688 1.431474871 3.129428186 2.870395548
19.743485297 -32.358944121 -1.579612326 -0.514194332 -0.527510049 -0.670928391 0.084808205 5.349272481 3.962672267 -0.926200292 3.702334200 3.202489860 10.035240576 5.720555054 4.437299925 4.115895520 0.735547817 3.135959256 3.243318845 4.557678398 9.290013879 4.797018244 3.998931768 8.741929710 5.580225183 2.590071329 3.645333229
12.801504386 -20.964038394 -10.930226663 -0.184761148 0.534188651 -0.144366497 0.812197093 5.206508302 3.636106352 4.358777125 2.220357233 6.250504238 3.588418849 3.739349051 7.717977641 3.179757413 3.625218313 -2.531507712 5.010830629 2.835570307 5.005698466 3.577474065 7.088949614 3.001173386 6.988297529 0.744780289 3.413546275
18.375812262 -33.279953344 -7.629315896 -0.287928119 -0.375291208 0.624150357 -0.621844224 2.730115037 1.744436305 0.335583086 6.120838009 4.489255294 1.946452369 5.581245035 1.575232233 1.691524110 1.499296331 5.540550385 4.422762059 -1.263932320 0.279088749 7.746304295 8.005387661 9.529981475 3.865275896 6.015783042 1.607324908
16.954176852 -32.186880330 -1.167261361 0.227381224 0.965582199 -0.118517393 -0.043616774 5.693222008 -0.074311681 0.215278717 1.961475495 5.813432908 2.143417544 3.709520083 4.806030393 1.043917033 6.404915960 7.374043501 3.066518376 0.909503787 1.842315739 5.762949762 4.400961811 3.819336885 6.144687262 6.128304104 2.637539339
11.182399443 -29.537638763 -8.421535407 0.070452992 -0.713676289 0.185577130 -0.671761609 -1.506691403 6.251202924 0.157246777 6.379863409 1.686248453 1.875572526 0.038886511 1.706105662 3.806603329 4.792008206 0.735970241 3.103476042 4.938467106 2.100163037 4.107343282 0.516557855 8.921256743 1.467671693 2.285108456 4.854229452
16.550819326 -19.423538082 -3.377151779 -0.707338823 0.421295566 -0.367940746 0.432205324 3.140561385 2.922688624 4.571140390 -0.957405222 -0.068189116 3.733250827 3.339640856 -1.851383272 4.349015268 1.865743271 5.890829655 7.816602901 5.219602615 3.714147413 -1.119252021 2.278056099 1.698877283 8.064272223 3.276830735 4.631410786
11.194108595 -28.199710368 -9.951428296 0.905171951 -0.308328427 0.260103153 -0.133953987 5.736914612 3.086247030 2.345500974 4.569440159 9.404155382 3.165094501 1.502598583 5.095051241 0.726635134 3.330802012 4.812196178 6.757234871 1.339365740 2.911496664 4.776730492 7.137343089 1.130131382 3.364321512 3.092334525 3.994066636
12.135170589 -30.315905443 -9.455314471 -0.693555200 -0.486373926 0.476697345 -0.234906851 -0.144708007 8.610527074 1.155031207 -0.951598486 5.965730372 6.713107531 2.839609362 4.099442989 8.371322052 5.043229346 3.462651329 0.733066292 -0.023701918 2.315882137 5.384280672 7.380517914 4.295177078 0.139349799 2.277218503 6.795760997
17.216061824 -23.732950018 -11.030088961 -0.358604134 0.259294307 -0.301749973 0.844462250 4.109506539 3.849348006 -0.109976745 3.408109694 4.244956309 0.368097489 4.400128488 2.374725073 2.900918191 0.685677388 4.419773872 -0.370616733 -0.898508074 6.423639610 9.232209391 4.707637527 3.443798195 6.337614453 -1.867538697 4.183379980
10.296897639 -33.907150125 -4.376957221 -0.710663698 -0.080878420 0.698114472 0.032434145 3.148268236 2.794188094 5.120569970 4.420191124 13.950486956 4.967087151 2.700235116 5.602963027 -1.759030964 5.689807502 -0.578322112 6.888311221 2.111530645 5.987814494 -3.564389600 6.258861437 -0.492968505 4.585670080 6.051944578 1.617416172
12.369197221 -32.325985733 -4.229531404 0.485344929 0.854714900 -0.169585235 -0.071718802 5.534533355 12.863436031 0.407562388 4.917139604 -1.457102918 2.304004598 -0.239478367 5.337102067 5.004997466 8.220091376 6.611345672 5.386507446 6.758630379 5.058343413 3.856952261 3.612029907 3.671498417 1.817738723 0.668214566 6.389244723
16.931293266 -18.174200352 -3.515559238 0.144050076 -0.557253153 0.456914154 -0.678194629 3.850629871 3.023181056 4.513185722 6.855180704 1.655243917 3.132322758 9.323700888 2.890981395 -0.955003330 4.398444425 7.728715737 10.462695838 3.229190609 3.140074007 9.227799435 5.519977360 1.699295848 1.471481811 5.206031187 4.987569656
9.596924190 -27.700244517 -12.427706589 -0.306070897 -0.028478686 -0.741028431 -0.596981101 3.437033320 5.681730960 6.526692674 9.293388502 2.461950214 2.470572983 3.170043746 7.529232008 3.588908305 6.913060872 9.956150917 8.527159209 -1.485474895 5.759751983 0.468186036 3.246967181 1.382946741 2.128735682 8.433936678 6.954081776
11.090195651 -24.435788267 -5.854517928 0.023002413 0.632645716 -0.739423221 -0.229092966 5.572920090 -0.292148601 7.585425641 5.669398659 6.853291570 1.228809387 4.821342741 6.024673962 5.047730032 6.275780906 -4.170566009 4.922637061 5.973996648 2.401885323 0.871959162 3.487358695 5.441928681 5.127834471 4.709226717 4.056184668
12.485624110 -28.619441164 -9.028005457 0.869407162 0.165626597 -0.407678874 0.224715271 3.666087640 2.517018829 0.583010677 8.956135769 6.842242111 4.097044153 5.031262790 3.636043190 2.040865603 2.583642414 6.665463406 2.748200473 9.225378698 -2.980550103 7.472169511 7.350008329 6.314769894 5.094934302 4.656070706 8.835079182
13.862763019 -26.888203283 -15.678148134 -0.721692065 -0.432761659 0.431472427 -0.325129905 3.498756669 4.820275371 0.544692217 7.030285930 6.970726521 6.430118937 12.065755121 4.342971600 6.318452948 4.474593113 -1.940690580 1.772990675 5.182743984 7.188202840 4.567267544 2.764228746 3.076893117 1.165662480 5.697872944 6.144574535
14.857406309 -33.549636214 -9.529039330 0.852515903 -0.307056219 -0.047252905 -0.420357321 -0.851773497 4.806087973 3.119982856 9.236265670 3.365111481 1.425157797 5.607821972 -1.129369605 4.030179545 8.694890824 3.884994144 2.489215623 -1.794120987 5.536154000 6.964731408 1.245098782 0.493458167 8.976855260 0.228468297 3.608152367
19.504442814 -26.097061654 -3.309421125 -0.473431927 0.084377852 0.608093849 -0.631636335 5.188434485 10.775244899 6.764334848 -4.885688959 4.645230306 7.057186131 1.177150583 6.135552291 -1.669122243 6.395883716 6.954166571 3.247948497 7.715423118 -0.639072440 6.458760359 6.359043937 2.948357456 7.128173422 3.889384087 4.173525416
11.976959458 -35.407582118 -8.646769753 -0.781292523 0.003340843 0.372738706 -0.500636284 0.753755619 0.233065387 4.226530526 -2.799451632 5.428635786 5.320252414 -0.554486395 1.735299849 5.592877531 4.470230656 3.407311239 5.275199399 10.621630309 1.684119721 3.070604147 4.918678890 4.150330843 2.624661034 1.029205256 1.794646758
17.922276837 -32.849476703 -10.334335278 -0.105406586 -0.173875883 -0.462764334 -0.862847495 3.545983220 3.188602837 0.394770986 6.283694516 0.444220839 7.008239158 5.270016828 6.103754744 2.900658551 2.065066737 1.975826914 3.203207770 2.885214703 0.171344022 -1.653566970 1.923147535 3.470672583 3.216592115 -0.419293610 4.899698653
21.358607474 -26.979913035 -7.934016475 -0.127314923 0.856177234 -0.401452959 -0.299310834 4.719293562 1.594132479 5.917646970 8.197889882 1.824634164 3.016216684 0.043746351 -1.269489133 -4.386894230 4.767484369 3.098907997 8.102667980 1.909593492 7.917054740 -1.705954599 4.741385481 4.653989219 1.375967176 7.304348104 5.174119258
14.249789251 -35.810195680 -5.190095816 -0.828098594 0.099949945 -0.014073886 0.551420577 2.728076015 2.919011865 9.696794307 7.673801510 5.780582597 0.188197473 0.875500722 6.616267616 3.145322219 4.158075138 4.507781868 1.627820518 2.189573915 4.441413017 8.414196339 3.107286498 2.842066383 6.342420611 2.195104046 -0.464809604
11.922194959 -25.238475793 -0.199200580 0.401817170 0.732231133 -0.342157313 -0.430475207 2.051523571 2.597244080 5.252056526 1.710822517 4.347345741 4.808475482 -2.537961559 2.412080299 9.786468672 5.333598882 2.000562698 -0.353766360 5.346671677 4.467925970 5.225760277 8.688856809 7.154136829 -0.482291358 1.974374825 1.574949502
12.551830462 -25.091147667 -13.872431508 0.755799261 0.645312184 -0.011045470 0.110533524 5.933187592 6.835532226 0.721367835 6.256605018 3.343919505 5.674723731 2.820429097 2.932443285 -1.358642288 5.803205680 0.566612760 -3.403821254 1.710849960 6.827411134 9.337092042 5.175535431 2.782804790 5.870871782 2.878610952 4.227379788
13.131150991 -28.449036622 -13.067633411 0.779275592 0.145281101 0.604505144 -0.078717754 5.457837802 1.470901953 2.031019967 6.660435510 2.951478151 6.769051719 5.690018787 2.642642491 6.148836625 -0.808482569 1.104947793 2.975880079 1.888864134 3.786132423 4.872460009 6.851227672 4.180466151 -6.306416519 4.582014370 5.391839015
16.469763689 -30.404185061 -11.573103459 0.700082623 -0.282246226 0.609866223 0.241421992 3.865792202 7.071512753 5.230611777 0.250804372 3.158121370 0.082468436 4.601831454 3.150975503 4.257515340 5.412659518 7.877234843 7.664117904 6.536628734 -0.330060036 6.280103902 2.549198667 5.379261365 8.373065507 8.965691979 5.219413809
9.617915038 -28.042674978 -14.052373941 0.090736576 0.270932436 -0.817342365 -0.500313848 3.676815722 5.650694781 6.155450599 1.333149003 9.119911717 3.395216835 9.320802097 4.657577691 4.967955933 2.781307842 5.416595993 1.908054429 0.884629876 5.504763509 4.968900294 8.818759189 3.421955190 5.782951205 0.751713711 1.366705784
7.170333647 -23.213761831 -1.405441811 0.672347601 -0.219422867 0.185610374 -0.682166474 3.262442360 1.508850746 0.751113545 5.027545846 6.248199694 2.861494308 -3.230781588 6.806443511 2.990923435 3.700358360 3.237591236 7.070470717 5.660166577 4.009596770 6.580029035 1.828384365 -1.515131985 1.983336413 5.099016494 4.035626942
5.958899033 -22.839911980 -10.048401706 0.116820663 -0.753203352 0.618674232 0.190472666 1.669107739 0.863152209 2.051352504 3.277168384 1.195036022 -0.067969570 4.699842673 8.483562421 7.023615550 5.422859648 4.262576841 4.453259462 8.807427441 3.240539281 4.271902023 2.380598441 4.730927598 4.195724575 3.287020867 3.617429144
23.337862340 -23.960026115 -7.169405642 -0.054213441 0.173535884 0.802287693 -0.568577750 11.546296926 2.610127722 8.682798572 6.021903373 4.161888688 9.787062543 -0.325427846 7.393592845 2.480568649 3.974094374 5.312770727 3.320989828 5.230488238 1.678132812 0.668767514 5.399642445 3.890025968 4.428478053 8.187871132 -0.397172890
13.971994811 -35.531285685 -7.136880730 0.589290823 -0.806913620 -0.036826337 0.016448571 0.637236302 -0.455125038 6.040018106 6.104830323 8.634997399 -1.014415286 4.619948274 1.016634642 3.800507763 6.922940072 9.797453662 8.803665058 1.524206850 9.816314142 3.854306864 0.049438844 1.514211073 4.854733259 8.194216820 4.187908994
17.782255810 -20.817479329 -12.296977039 -0.717827342 -0.485672721 -0.261373990 0.424887694 3.507960940 9.847491220 5.261638409 9.847064337 5.447193404 2.523486039 0.766630779 12.151744583 7.188034146 5.592705698 3.886062752 9.351500970 8.172074679 -2.522321747 5.333278740 11.723281643 8.078132075 1.898578486 5.433390001 2.633339540
17.292561317 -27.253719970 -1.767269341 -0.506962829 -0.833490595 -0.210605837 0.062668176 4.012415936 4.313727284 5.899081593 8.024361365 9.199907861 6.614982855 5.813770208 2.511604706 0.643155645 9.003296833 1.826418911 4.685608011 3.788716542 1.304805785 6.976196639 13.370269559 4.692070424 -2.535759076 1.347947441 0.597037984
11.745396863 -31.002943481 -2.688736822 -0.123386910 0.424770955 0.804497566 -0.396394970 5.447380242 -0.141982168 3.828901023 1.711707031 1.206797953 4.786218080 5.823887698 10.847104440 2.300140314 9.739498145 6.068987849 3.508676889 0.781969003 3.502214213 1.997140335 3.338546563 2.224657491 3.111477723 7.435268766 5.228412958
16.080076827 -33.012075506 -10.848262596 -0.779994403 0.306121011 0.461358027 -0.291628923 8.623687479 1.095797045 1.737070323 3.295948287 9.118246630 -0.821385412 3.457651415 5.267096312 6.133216886 5.679765741 4.938712584 2.113990697 5.587784189 -1.117400202 3.911449008 2.675526162 1.690806526 9.817372316 5.624516576 5.777854147
12.106788747 -28.669934115 -9.447916991 0.498509029 -0.635333905 0.035084888 -0.588734769 2.022521008 1.120684612 5.606403272 4.780089318 -0.958554091 5.459987800 -1.218077975 8.408794875 4.560574047 11.923770414 2.896643915 7.141026177 -0.754989251 4.656377075 1.501476845 6.373848838 6.437661802 0.260850742 1.560325562 -7.811605831
10.942000524 -23.729698228 -5.035053994 -0.334712780 0.499002724 -0.724452333 -0.337834949 7.675301265 3.716367312 0.529366614 -2.880253361 -0.608639791 6.969289052 0.989239612 4.733049861 7.987073616 6.186472587 10.173200756 2.305633934 8.828608038 -0.000135411 3.556898221 8.155714937 0.231149922 6.674104789 4.127731423 10.757191816
12.801971708 -21.568681018 -7.579902613 -0.053504513 0.625351681 -0.554820835 -0.546119385 6.452436776 0.711451164 5.987041026 6.206803797 4.066265956 4.322862451 4.614666816 6.388590668 5.030596924 6.986651882 2.419055387 2.431455146 2.886463820 4.125724575 3.281393954 3.868408718 4.754768090 6.268454945 3.931766592 1.262781416
10.623264191 -20.221206822 -8.826824299 -0.667735714 0.438073246 -0.248841891 0.547995038 1.796550514 -0.309803795 1.552971249 8.533220599 5.061636506 5.215043115 4.964302276 2.326386992 9.443463770 0.732641130 5.090846170 8.712107772 2.606607879 9.460743638 -0.548103842 3.812838703 5.641582166 0.932371045 2.891790356 5.830707650
20.946376870 -22.481528794 -6.380962793 -0.562722932 0.294248882 0.027535315 0.772011855 6.368880934 5.075584401 2.614053878 6.962580832 0.218961776 2.455135892 6.173538065 7.643636596 3.192961600 3.900130569 5.287606689 2.900150466 5.979615351 9.054768959 5.507420229 -0.204407432 2.097155203 7.387492077 -1.663249730 2.401236064
16.395717623 -25.890836446 -14.138102115 0.497396484 -0.374476276 -0.546443657 0.560146040 2.546084196 4.916739979 3.131464880 2.213970111 7.583146115 7.447768996 4.888457930 1.740202551 9.050860179 3.249548205 6.639517271 3.987798231 8.257514000 0.719173436 8.575087858 2.008879476 8.441020659 5.958509602 5.691815563 4.454716296
13.844711309 -18.148485503 -2.781594677 0.834039227 0.269810731 0.474181976 0.082049935 3.578674016 0.349726396 8.898245362 6.387899363 8.317648335 8.086049968 0.883881019 4.400628188 2.607685416 4.381719701 0.990860829 3.825042008 4.571687634 5.430952853 0.970182687 5.030923141 -2.469223051 4.907369609 7.027605288 -4.364127462
18.317156158 -25.313685386 -2.654586607 0.750462111 -0.642914491 -0.113043907 0.103385942 -0.699817753 1.756441690 -0.903802935 -1.395638565 8.192531321 7.319433573 6.435270832 -0.488880039 3.550093491 4.420480317 3.071801177 4.805501950 6.183619445 3.658653965 8.284952005 4.322127016 4.780834271 2.145604012 4.629580321 3.971731345
18.542140616 -30.032844640 -11.511773981 -0.145163509 0.429485917 -0.039202989 0.890467590 0.370778851 10.577207667 -0.720675312 1.286874252 4.468976246 2.940090367 7.549128715 -5.760931460 3.911838087 0.838344331 0.543667255 5.440626182 7.947238099 2.910182834 7.822158673 7.287812794 2.228721721 4.268442635 3.574511289 2.062296474
12.291301951 -21.608914333 -5.090178110 -0.035245689 0.703276262 -0.082574677 0.705224548 6.392868263 3.742515028 2.268124903 2.269243974 3.845199405 3.556273389 5.837303410 2.491663471 6.192712841 5.692838373 1.073771298 3.732263360 3.588855260 4.135263719 2.245346001 2.855422622 8.298428406 4.394320710 2.408078306 2.872425560
17.809197449 -34.657967440 -4.746246495 0.726766306 -0.310076694 -0.240755972 -0.563648598 8.214262853 5.120583790 5.405103735 3.382192782 -2.277995798 4.893799577 5.968564716 5.925043273 -3.564789704 0.173967362 2.097192084 3.921551109 3.121137716 3.999722184 0.287025223 5.009059917 1.130974520 1.686632347 5.265270123 4.457047884
18.421605758 -22.427708642 -5.922906098 0.249648690 0.514266586 -0.805028149 0.158540498 6.009319972 3.670158853 5.336283710 2.634269807 1.630975009 4.949435803 7.031901587 7.194744249 2.289579966 3.298681045 1.469119702 2.202085088 0.241374355 4.913109522 9.133870154 5.817111800 4.700086361 4.880215939 6.612036745 2.321839096
14.760531364 -25.869471806 -5.296171883 -0.203713934 0.182086444 0.792295847 -0.545538679 1.324026132 7.419088531 8.344923220 -1.161084691 4.942511528 3.249527025 9.688761073 2.352100062 9.603187440 4.418242025 -0.330991457 -4.342169516 4.746848115 0.772222062 4.845823634 7.407767640 8.104102105 3.392766349 1.297303732 3.250251121
21.214571533 -31.890751254 -8.458859325 0.646408649 0.745800908 -0.077160800 0.141361503 6.004991853 4.742355031 7.578288294 6.470688604 7.040588975 0.898033965 1.348499825 -0.304017262 4.057273588 4.671903533 9.505015106 2.309390723 2.735419833 1.797327342 4.316265960 4.156720226 6.129325599 3.232515343 2.755019678 6.034435982
7.813778730 -30.777862252 -9.384553506 -0.417160144 -0.726257704 0.444662364 0.317494165 6.542848261 1.742493783 8.282234486 5.948592975 6.855999147 2.768335407 3.396177879 -0.253660561 7.583170437 6.070779528 2.325946035 7.354147009 3.387844231 2.049011657 2.383440575 5.000511833 4.191576120 4.373614646 3.546152908 0.303971612
20.548866632 -23.940785952 -7.674265982 0.780455687 -0.271537971 -0.070605145 0.558722619 1.179001918 -3.864746732 5.249042830 7.285737328 9.336358321 4.398574751 1.849973557 7.473181338 9.433580416 10.082466836 5.506985277 5.234160438 6.056214946 2.439993915 4.251765773 5.291865965 2.334108573 8.701978645 1.427430353 6.698315006
15.736051005 -18.703821728 -9.774458854 -0.662890497 -0.650390578 0.028431185 0.369810699 3.321360121 -0.949772196 4.818078172 6.524172274 2.979898289 0.364054998 9.247939213 4.353690635 3.858974867 3.879816325 5.281651234 3.265111941 5.472532382 4.812342064 -2.868897531 8.944627727 4.418821371 -0.338523133 2.906913937 8.061964280
9.899670332 -27.323576267 -10.809620892 -0.057651611 -0.576856997 0.807400489 -0.109620918 0.550121623 2.169437881 1.805748918 2.982112956 6.196370520 -0.545855958 7.584926781 1.925169104 7.414349903 0.420540367 3.902492501 0.795319964 3.478052204 7.943861649 3.500880384 -5.248464716 -0.928587293 3.209398042 4.012555027 6.346879419
7.749376468 -25.990065251 -4.903054623 -0.299784586 -0.104817428 -0.397050724 0.861100013 3.563777446 4.445120594 6.237601656 2.457041305 6.903727838 1.455318089 7.678778546 0.329387673 6.027509149 12.341229236 2.321855177 4.949232996 9.559800507 4.806106555 3.085400209 1.413160916 4.065611476 3.532319710 1.033105332 1.222609490
5.653856510 -23.040188982 -3.793022426 -0.003540629 0.555151964 0.312246464 -0.770905900 5.609500666 10.998856744 5.794892901 4.170179549 4.334841890 -0.493796700 2.591346501 5.547565314 7.132071582 2.685216480 8.872234183 10.447470625 -1.062285963 -2.122568531 3.622237323 1.084110009 7.732878517 1.179589044 2.801496116 2.435333080
6.563502480 -30.029333017 -6.311798142 -0.201085587 0.407562142 0.890573897 0.018325408 2.656249986 9.115516170 -1.651419747 2.196828630 0.245025145 5.725046850 5.381230092 7.804434016 7.121485994 0.167541320 6.219159381 6.398465123 -0.673758282 7.777937755 2.773410832 4.852341717 4.087682415 11.097799005 1.192110268 4.535381581
9.714078729 -29.959574178 -2.311893448 -0.310634832 0.920699474 0.174295975 0.159497312 4.959177146 7.399182535 4.736547225 1.786563440 3.435628228 2.149721908 4.583483462 1.133270218 6.851051597 3.877082819 3.159427828 6.565827013 2.676245192 1.119534100 2.171000028 9.582150876 0.453248627 4.116568280 -0.668197281 2.181740988
17.035729916 -22.990308162 -11.090321136 -0.404271765 0.358256584 -0.102277878 -0.835317781 -0.255294516 2.217158907 5.691655702 1.428846004 4.702949461 4.462524295 5.454351184 7.785670205 4.315188796 0.550055738 3.906506442 6.304252377 2.344179238 1.296523259 3.989591703 4.687144519 4.462517762 0.274548788 0.968977519 3.279247235
15.636986717 -23.977331615 -11.186751359 0.532217682 0.129785559 0.828732177 0.114468451 5.284362516 6.480097224 8.247698808 4.254322881 8.098061918 2.058285678 9.710829227 6.642408043 1.672199326 3.706301350 -1.219618153 6.275155900 4.756535739 12.890379349 8.866520635 7.680724162 2.575136350 3.938449756 3.249932814 3.501170947
14.078780686 -31.481584751 -0.123854835 0.035599764 0.550639899 -0.673317120 0.492110164 5.397704610 4.520572792 4.107063788 4.261099250 2.556809553 0.732694760 7.641367936 4.971584092 5.651755566 3.119517983 4.484556090 3.719201669 6.355955984 2.317563355 7.229004729 5.451639397 2.462895277 2.466155094 7.162342126 6.661362506
9.285404890 -22.686276486 -5.246300334 -0.101464498 0.706232981 -0.087592251 0.695174460 -0.690268753 8.789885244 6.004119789 7.797477382 1.027662430 10.253979859 4.466859714 7.547926106 6.213057337 1.352822739 5.140171393 -1.024782604 5.857641099 -1.272236640 0.834547746 5.652228077 4.660228104 0.397081318 7.841477913 3.285579917
9.642314865 -27.185174594 -14.279011602 0.735168393 0.447247852 0.334863667 -0.383879039 3.066195894 1.779274359 8.525874418 3.214985661 1.657784118 7.488356546 7.881259064 3.312267342 -0.601208278 -4.161460316 1.318754983 6.877448388 9.935336085 -0.401688853 1.795478801 1.970923176 7.542184712 6.150208426 6.063227882 -1.283749914
15.907640846 -22.492799618 -7.676952961 -0.329149950 0.477878044 -0.026133596 0.814008551 4.547240083 7.757681117 3.843315519 1.291192616 2.978177325 -1.391955139 6.263237260 5.130796455 7.378497492 5.713437563 1.146408370 5.489125212 2.208142479 8.132973502 8.156503061 3.908316032 4.983640431 10.528587074 4.919410832 6.933082959
17.270279214 -24.639446915 1.223089409 -0.910757949 -0.197961384 -0.135252839 -0.336211123 7.284974432 3.553752972 0.372461854 3.771155532 2.848522865 1.921405787 2.720060037 5.284645620 -0.953491951 3.094787782 4.074490055 -0.341013917 3.153469236 6.423021912 3.591688382 6.151256519 3.751865382 4.503255838 5.524568947 3.807117703
7.147519224 -30.383008781 -10.485451828 0.851454599 -0.071711284 -0.267991560 0.445042786 7.315988609 4.569539787 8.847348294 0.492203976 7.868053839 3.363524126 1.060124954 4.386515140 5.304973434 4.596834220 6.869088241 0.175444084 9.372908221 7.525278611 3.212206946 6.765767029 6.481445475 7.048996420 6.614829627 -3.323136108
18.939734295 -30.225022261 -1.607317477 -0.140086334 -0.467502572 -0.044804599 0.871670644 7.771026569 3.462550721 -0.712176569 1.722502143 2.142524393 15.763910702 5.239902714 6.634607583 2.064645084 6.751343106 11.828735408 -0.746229049 4.656768401 1.045932809 4.444890522 4.625065008 -1.726518993 0.194367006 2.168361984 4.818302586
15.858833700 -20.325637983 -7.316644809 -0.027857353 -0.479244346 0.144038440 -0.865333319 2.225504978 10.512230036 2.478718534 2.980108601 4.295711130 9.389805974 8.566843553 1.780717646 3.121802354 -0.284138668 2.047596900 4.706862108 0.860522911 3.485672569 6.641579530 0.117529153 1.449595723 4.575344758 0.918717752 6.136892885
16.157857168 -16.857206854 -6.343525791 0.162718172 0.551082957 0.711575808 -0.404339264 6.350808582 2.748829775 4.019399081 6.534812777 10.933539019 7.682134206 2.801148032 2.826710069 2.363477533 6.389335367 4.754720787 7.631183984 -2.130385961 3.327931913 1.469999769 2.763345799 3.026019714 0.341425179 1.053377761 3.912712360
9.170401782 -29.942734506 -13.067019707 -0.501278476 0.853277791 0.135813127 -0.046815538 4.981227611 6.809535528 3.380771646 4.675270705 3.531104513 8.115316688 3.182983765 4.333297167 4.085965901 2.712204989 2.935823749 2.900060494 8.780783519 3.779613618 -0.122711390 3.069742932 4.324146806 6.443060710 1.025493690 -1.512122355
12.906043530 -23.945317300 -6.147870149 0.280520005 0.208932317 -0.886669459 0.302445176 4.244990852 1.348564575 2.523687023 4.343318653 2.132361875 8.590209558 0.267630701 6.171958220 8.194812436 11.841464705 7.647369194 7.182404580 7.049634603 3.523388445 7.721632087 3.514990529 5.430117602 6.302966652 5.104744178 2.149868739
16.776757337 -17.949334854 -10.765020570 0.472415197 -0.559760186 -0.445708911 -0.514622174 5.718428181 1.972699565 6.591552748 2.768151898 0.670629235 2.276117910 2.390655696 6.572278731 1.212010114 4.507103280 2.254302106 -0.075452481 0.741995471 3.727288976 0.383432331 -2.620322103 4.747031212 -1.714502867 0.537632959 -0.919036357
20.395029002 -26.315955382 -13.906501254 -0.190170984 -0.687231520 0.700283787 -0.033918334 1.870291422 5.550787768 5.889306541 9.425215758 4.148335069 4.578676653 8.820803364 3.771124717 6.772658833 -1.444476966 0.252291886 2.329053222 6.432682603 4.400268555 2.079425313 1.470681364 4.255530958 4.553712307 4.586778816 0.032247103
9.660775931 -24.175619517 -7.407339340 -0.408652901 0.098077203 -0.640172966 -0.643088051 2.775410670 4.038217410 2.216334592 4.677465781 0.762366561 7.897027977 4.814202480 2.653670287 -2.121288747 5.245332131 4.750942286 5.900525711 7.443228836 0.654789156 3.171922189 3.426350403 1.991508346 7.565777162 5.181358438 2.670392475
22.566865694 -24.417641921 -3.023885546 -0.091574932 0.242299859 -0.372811402 0.891019904 3.819115001 7.532409913 6.028728560 2.410542537 6.487346154 5.386363472 3.563946614 1.298879607 6.917225591 -2.618338374 5.826682219 5.777349025 3.569123197 4.432351846 4.907499030 0.718466026 0.809564205 8.127426404 5.327222063 2.876245501
16.610768550 -28.833974744 -15.886539529 0.322853341 0.908762369 0.243633336 0.102759304 4.302358344 7.568832774 4.856157030 -0.092762021 4.181104622 3.690259077 3.641687999 0.136704696 1.508007025 4.844629991 1.622342224 3.475088767 3.733175506 3.943817209 0.650716488 5.229321471 2.677358985 2.995913442 1.154990261 6.602455963
19.862729332 -25.996853568 -3.319594157 -0.286470824 -0.010981533 0.399812147 -0.870611348 -1.955820845 7.596272995 8.287925358 4.870928083 7.186369582 1.954674720 0.248553845 5.656046506 5.106010480 6.184113832 6.848709593 7.305300174 4.357356552 6.964431863 8.447722029 1.115640373 0.514737488 1.758839128 6.224379987 2.941335723
21.198027506 -27.536331699 -5.833455788 0.387184250 -0.436195990 0.016161778 0.812133124 7.876985494 3.491828735 0.066887202 6.146138203 7.244952284 4.423436602 6.310845115 8.285736811 1.356100028 2.216990672 -3.901662748 5.565557806 4.866091505 7.691633328 -0.962879551 -0.996803582 -0.960563996 12.984367880 8.948930833 3.048260146
21.314105348 -25.483127844 -2.124593872 0.205598129 -0.384336368 0.584698256 -0.684209701 7.349856198 5.055135817 1.407277566 3.307180822 2.868916798 6.300085445 6.925794465 5.136421900 2.116348738 1.333558489 11.331288963 8.229228936 4.900202844 5.544402094 4.682158510 10.076532425 4.052683473 -1.748926913 -0.148345101 7.452136782
12.891856428 -27.041139662 -14.735790423 0.160593247 0.519799770 -0.569420012 0.616262004 5.542922623 7.253514198 6.728138805 5.590890099 4.247438959 5.116652226 7.716846183 2.631182824 5.293964846 6.525206112 7.736239110 0.037587298 6.342512780 3.566899989 5.360107924 6.829298361 8.602854703 6.611021883 2.484699148 2.163781164
10.820525552 -26.589916923 -14.923348303 -0.542100534 0.576512531 0.571571813 -0.216946942 6.618752929 0.229790757 4.635688412 -0.529656479 0.552900617 2.346830169 0.981030253 2.988490857 -0.978484179 2.508402120 8.422410451 3.567171408 4.021642271 3.844565583 4.258732768 9.760740517 1.283360016 1.361892301 7.670794325 5.514258436
7.381269172 -30.978273192 -5.520544473 -0.629932818 -0.471595304 0.422839885 0.449431804 5.609248512 -0.782683655 -0.589785644 2.056795539 7.374778161 -3.366409695 3.067790855 5.901150817 4.206539637 2.842043987 0.286585267 5.195790531 6.695633727 5.575042850 1.182497841 0.128255387 -0.005676701 2.545252820 1.151811420 4.692818814
10.781368053 -19.491784199 -2.398106496 0.438438405 -0.202084888 -0.874894603 0.038638022 8.772383691 -0.582903026 4.062174286 3.882189543 -0.603303775 -1.897968452 -1.593238875 4.057399072 4.296984000 -0.231727968 4.134652943 2.224200940 -0.018954308 2.498395241 4.309986144 3.974337824 -0.869211492 3.437549928 5.636732704 -1.257131910
4.767056804 -28.287832753 -6.545037214 0.242016301 0.849855279 -0.457615210 -0.098805032 6.364481011 -1.353195045 5.036414631 0.480883059 8.154791343 2.605443933 0.539059997 1.167710051 9.348061351 -0.326182304 1.796611203 1.845478349 -1.930919189 7.105560252 5.665073874 1.699451647 4.752148861 8.694849169 6.109136880 -0.262838419
8.629462742 -23.155587189 -4.134544757 -0.215984512 0.618840897 -0.753851031 0.045773995 3.843229596 0.340249586 7.409549111 6.264632272 0.420162652 1.172264162 1.662941834 2.580990792 6.613030591 7.514973057 4.783835265 5.345037421 3.009747533 4.774501566 5.236841418 6.330136352 4.911218131 -0.183979570 6.716472845 4.062890305
11.861547646 -25.508954228 -4.269767299 -0.223979071 -0.426264266 0.874220031 -0.062221290 6.445426915 -0.934620638 1.686010571 7.158588581 8.030636797 1.413391298 5.923191570 6.253094113 4.237169042 8.739855096 -0.658062751 4.211352632 4.864254294 1.070679770 6.596142042 2.772928236 1.300741898 1.570262328 0.218117065 2.215528737
13.585759723 -24.115140477 -5.550807706 -0.170366659 -0.954936283 0.207011677 0.127350160 7.115107988 2.748357104 8.834071968 2.655422160 4.571896025 7.998739223 1.917142976 0.359144202 4.017706360 0.423097334 4.657058277 6.672851720 8.074521563 5.290398724 2.958798591 0.807621773 6.642704818 7.123913311 -1.503411737 -0.074070251
18.662957883 -21.034938000 -2.155272241 -0.316474322 -0.145571787 -0.929004261 -0.124915739 2.290244819 0.159481215 5.173961187 8.017145373 4.817697279 1.720676436 8.175578555 5.645348696 -0.878902884 3.724520356 2.565567229 8.736679534 -0.582515790 1.792795214 1.878740462 3.779323508 5.603441643 3.505083469 3.647755305 4.792272558
17.929928133 -25.119913185 1.068220520 -0.809106494 0.118697030 -0.058821863 0.572536187 2.395324993 3.612884138 4.610893260 -0.337835551 6.336963734 3.223569901 4.635055944 3.246684256 3.925768935 5.367435500 3.178966785 12.039017325 1.780113457 0.008302081 3.505737235 8.718644407 3.018722806 4.718051964 9.925204981 10.204875222
19.047340383 -27.256158680 -5.409850909 0.731253685 0.275234932 0.295911137 0.549500118 3.412433363 11.243978038 1.704936070 7.494894738 2.586767209 0.342331406 12.060475556 6.564301127 4.906636186 3.949021505 2.543616078 6.392818596 3.909794263 4.069822516 5.690730522 3.361106023 0.421609961 1.530055705 7.779612108 2.787588452
7.254381934 -26.064812039 -9.871734439 -0.459404152 -0.756860040 0.079515127 0.458026254 4.278539081 2.594306111 2.431740802 6.473952360 8.550058394 5.080577777 1.914325729 6.132748172 1.950247593 1.131468885 2.028600632 1.056670016 4.780832983 3.722563161 -0.385805096 4.050833127 9.226875250 1.123234156 3.906012591 -2.821361257
14.986578300 -19.420135737 -11.372309188 -0.926457776 0.200618241 0.281756449 0.148464185 4.906343842 1.574201457 4.778371890 0.794479788 4.260163493 7.658006276 2.382801257 3.979365994 2.017459474 -2.271671495 5.515439861 1.686912532 7.719216103 5.236620523 -2.626714902 -0.159320382 3.548570881 6.597672127 8.940490947 0.764562703
17.960559778 -23.078092779 -5.113525377 0.160132706 -0.267288796 -0.201826155 -0.928536709 -1.757926964 4.981609955 1.853513757 1.265835588 -0.034400504 3.452240559 10.021286688 8.598667395 2.479575941 5.330057655 -1.504776207 -0.410836281 6.831053866 2.302960691 2.618360962 7.379710514 0.933114569 -3.594531896 4.024619844 4.087765375
