-30.115311998 7.741189245 -2.267680494 -0.057537317 0.005421233 -0.864289441 0.499663717 6.400679502 2.162015273 7.637408248 2.415131601 6.559455207 6.888564729 6.427702555 4.354253700 3.487942054 4.784801116 5.334731806 7.433705539 6.065919265 6.014410228 5.474558830 2.533838253 -1.533429173 6.351985481 5.344345387 6.915374427
-32.374109064 -2.513003131 -0.224899040 0.085688299 0.837374939 0.469415732 0.266663829 2.332606277 4.840837123 1.107988622 9.244185289 5.113936055 2.747880634 -0.074306213 5.240925579 3.762127946 7.222564211 6.356320368 5.750643652 3.664497844 3.572317314 5.799471687 7.120452362 4.021913236 5.781379279 7.059392361 4.736137910
-40.309647884 3.756897664 3.092632119 0.239379363 -0.518259856 -0.798318445 0.191812156 3.794287087 4.693031430 4.874413580 4.034413410 2.089109906 5.222648043 7.551093917 5.227843717 5.681000472 4.162882444 7.546764033 0.084584679 4.132171810 8.986985111 6.195709812 3.800498189 3.684226619 -1.770758892 4.447127308 9.217025780
-32.221455093 0.012103917 4.646845375 -0.453989024 -0.530099582 0.644562632 -0.312133646 -0.468703424 5.360644909 4.599510370 5.332071027 6.976754951 3.350233701 3.946989172 0.228928448 2.581488475 4.499782455 0.939311056 11.047549847 3.103059723 6.263009351 -0.054398672 5.932090578 4.187723964 1.300578202 6.728077819 -4.754273032
-27.520554756 7.797302414 6.532278346 0.235172102 -0.430375019 -0.689602466 0.532841313 0.145346370 4.270604242 4.372486499 5.743952357 1.046208550 0.028704118 5.478689156 7.939288141 6.641520595 0.436522759 4.468963302 3.021440670 6.948171855 7.220058079 8.104103147 4.981242701 5.287542132 0.144553373 5.764349140 -0.057434432
-29.732870135 -0.952342444 6.675850618 0.120309462 0.722349975 -0.500320055 0.461969685 0.623855952 3.758502508 5.466527339 1.124998501 6.174340380 4.510337429 1.261710623 4.630131254 2.490369636 8.037282164 0.118713187 3.559350282 4.581298076 1.061349755 5.074327432 -2.372198884 2.241057166 1.668445093 -2.530436358 3.694191254
-35.779785634 5.687078720 -2.914056486 0.585003165 0.326233661 0.531524139 0.518483351 5.896569860 1.415441512 7.178260828 6.688497105 7.484448137 0.109693145 4.847882767 4.604307828 5.771477170 5.187716741 1.393885340 8.401266902 2.294686658 5.410068376 -3.540806741 5.003034500 3.568161296 8.731414260 7.316574276 -1.006034691
-24.638896638 10.701895600 2.878563662 -0.534031462 0.669254613 0.321070458 0.404749827 4.020887777 0.470623913 -2.872092789 2.218632327 7.347957015 5.853773234 3.030221150 4.627941536 3.112924487 1.372675141 4.696295553 -2.111585523 4.438605839 4.440391983 0.398232326 6.341396236 0.269099824 3.032118098 7.157417981 0.513919951
-34.900580934 7.366185263 -3.056809734 -0.159945668 0.788517701 0.583452710 -0.110635228 5.851995468 -0.680522681 3.143044061 -1.189316627 -2.874625830 -0.024924662 2.199880361 5.374601272 1.768175727 5.393320614 3.627375460 6.509137556 9.996300595 5.390464458 8.035351856 -1.605727647 2.925566821 4.697875481 5.774581936 4.438204247
-28.575525823 3.385710409 10.539569240 0.480976584 -0.247498750 0.724558801 0.427107057 1.072233116 7.120208536 8.284093181 -2.358364507 9.955830297 4.231975478 -1.701557628 2.465405243 2.706975389 4.278624987 1.950227889 4.256619569 1.333975963 4.958784490 0.579764532 2.802819569 4.797397593 3.462115539 9.446605211 5.528426241
-27.639692159 8.684126433 2.880927208 -0.039203182 -0.005910239 -0.343141439 0.938446659 5.724335582 1.315683672 4.658982446 -1.268074088 6.753475667 5.195235499 3.905748964 3.484527124 2.862564820 2.419254591 1.511921724 3.999153342 4.716534133 7.800749697 7.374228292 4.612197067 -0.941821334 0.347505342 0.084614604 0.239105460
-25.907425665 -2.167669649 2.539850824 0.453966364 -0.200636786 0.699705215 -0.513879396 6.298301046 4.099474676 4.170902910 1.615563743 2.232655295 4.798307453 1.100031775 0.721457195 3.898849037 -0.317487676 5.154133367 9.489453257 7.108916141 2.208978363 8.596343840 4.393823272 1.863792487 10.177809906 6.534887616 2.056854301
-37.640873249 5.590536852 -3.210381913 -0.140275396 0.148787532 0.854550458 -0.477418682 2.331310128 0.162757180 1.034324443 9.193182142 9.248390637 2.537099418 10.612595247 3.841699542 6.544919059 1.878806125 3.181747158 -1.058836806 3.779434623 -0.181422580 3.109125211 4.737056666 7.044754856 4.617453153 0.592961195 6.461338749
-30.771323234 0.911938092 -0.936097272 0.561694716 -0.329260302 0.045646882 -0.757629898 3.192271552 2.900920344 4.630996547 6.039812157 6.311571334 -0.407011834 4.824525705 -4.273597329 6.429729395 3.548741376 1.849207754 1.913669469 -0.905106870 3.340833151 3.953859203 -1.012182341 -2.540395769 4.034155050 3.946445058 11.393605126
-29.447639674 1.061303405 -0.735136302 0.953537627 0.125030451 0.224811295 0.156822389 5.523026042 3.267741584 -4.015371778 4.171837369 4.510181134 6.599863713 1.462976417 5.329684389 7.485640623 3.910077852 0.834046894 9.308611792 1.044492162 2.120037509 3.965922679 3.578081415 6.010635452 1.687819338 7.373102211 -1.070769246
-35.327242995 10.112387129 -2.262907241 0.638619642 -0.710321490 -0.018321348 -0.295419469 4.283176838 4.751964939 0.670567762 2.599721847 3.865024174 3.255328374 7.041413640 7.693685892 5.662214667 1.800113077 7.154525817 7.778682140 11.681780924 6.574157587 3.866816539 -1.757217648 -1.596136810 2.824340819 4.206108550 5.252256491
-31.576166226 13.930836370 2.449534702 -0.263968751 0.558973480 0.244156014 0.747165971 6.925294223 7.949756964 1.530997599 5.406118569 1.000459541 3.078109939 4.668703878 4.285153294 10.449228455 7.738771420 1.310544851 4.882281361 5.639223868 2.824028025 1.896651089 4.714099354 5.608320429 5.077552121 4.795299503 3.845413472
-27.839766280 0.656017777 9.425640419 -0.470167863 0.474775169 0.021494008 0.743685906 0.830655745 8.814778443 3.084690960 -6.580387031 -3.287007075 6.755063121 -0.754462639 5.188256174 3.853049842 2.223513369 5.230732870 3.133848795 3.378594717 1.141653714 11.034824520 9.710199678 6.404072775 1.857149564 2.881306495 5.642556545
-24.461095118 2.574368617 6.701905611 -0.268312017 -0.104806457 -0.315631569 -0.904102306 2.771701117 -0.012668001 4.761702994 -0.946401707 -2.007505621 -6.022657738 9.899779183 6.247860662 2.139059815 1.411430224 4.223085357 5.607409185 2.386767803 6.179342744 0.137622645 1.622988308 5.286430382 9.832899452 6.414665178 -0.473471683
-34.343545549 -2.911250899 7.017768629 0.664163706 0.291698904 -0.517322845 -0.454065408 4.263105132 5.421100243 1.975792754 1.472427624 6.852307735 0.011909245 2.039281638 11.346923842 9.413623607 6.372041845 6.247044956 4.189831832 1.214609536 3.725523405 1.539805093 9.606312091 9.575886942 4.724566935 0.713710016 4.492840273
-34.984568080 -2.633500968 3.217630983 -0.410224798 -0.774991018 -0.474530762 -0.076974626 7.933168635 5.206954490 5.109153803 3.159958258 7.212186613 6.135193714 5.701592790 2.918636066 5.630295818 6.301375730 2.670950986 3.986046870 1.479630810 1.376849925 2.896239593 2.800721873 -3.306301594 2.971995809 1.812428526 3.008811671
-37.832583186 8.764708864 5.539550994 0.753070408 0.058117256 0.147871557 -0.638467969 -0.079335365 3.765435322 0.295103401 3.778822216 -1.591136019 2.390977278 0.501527754 6.782150206 -1.356623213 5.761078604 4.424703590 12.840417677 6.964714102 5.814194929 -1.237643089 1.748277789 1.905800500 2.940614803 9.874404350 -0.864430509
-38.587588750 7.074838218 8.864124023 0.636460109 -0.288629654 0.540382549 -0.468613009 8.446630109 2.181869488 0.217125833 0.818692480 1.700796509 3.959299439 3.093901815 4.229518706 7.719435965 7.842340289 1.219163278 4.017697712 5.908690363 3.794052006 7.231128044 4.946912705 -0.676542591 4.234463256 6.534583787 7.328867506
-32.398602538 -4.530991526 6.249627794 -0.638262953 -0.119086974 0.137686085 0.747984784 2.158462304 8.223590566 9.884229279 3.651710620 4.030335542 -0.911209149 4.809106671 7.588224487 3.094709600 3.620503308 2.763594901 1.048884723 -1.693199713 7.494769649 2.519772437 0.338680568 3.733169582 4.401508980 3.645160196 4.916665420
-38.333717193 -1.116923589 1.045249228 -0.077263494 0.614085764 -0.688514476 0.377990534 4.060129800 4.620205830 0.547685000 8.669349617 -1.106528449 5.973543792 2.516536478 5.930249285 3.372010471 4.154291198 2.893909781 4.686218233 5.703723363 1.281225058 5.302930466 3.246163815 6.427865616 8.845313020 1.680373570 8.582116215
-26.397524280 6.742252866 -3.981233665 0.392075219 -0.522635256 -0.132954474 0.745286870 1.801953666 -1.366354384 3.275346024 5.733192910 2.091591185 6.753466645 5.512929186 5.522383097 11.686462543 -4.348478512 3.784368816 4.551052497 -0.127090247 7.015703605 1.310738830 8.952988912 6.967302898 -1.629429849 1.384862281 3.955694651
-29.915178643 10.500564134 8.212002430 -0.240418381 0.862982718 0.394966020 -0.203621396 2.588028602 3.752760492 1.490514709 8.068535476 -3.238866654 7.799759508 7.287101155 2.114644244 6.357893212 2.803669299 2.817456467 3.190204589 1.236577729 3.852453027 5.670612837 6.012752645 9.688564341 4.785238171 8.069565491 4.457042572
-22.503679271 3.481931932 1.940272048 -0.122182020 0.829313475 0.418820430 -0.349142037 6.873300594 6.186095295 3.961756617 0.612504169 -1.887519429 -2.375092268 2.207121210 9.661746834 2.715884549 3.032366729 6.564263559 9.007950053 5.389294593 3.899947447 2.278017344 4.548232981 5.282176394 6.551152012 2.048867662 8.227923656
-31.904567092 7.281681952 3.717524793 -0.658765418 -0.128676062 0.218646851 -0.708282535 3.456635998 4.395984508 5.813108992 6.625265242 6.622856756 1.857992962 2.757424272 4.910647339 4.586550616 10.338854620 6.262251413 4.825761954 8.538919605 2.503113856 2.856120726 -0.005600819 6.584917050 4.844814155 2.172249140 3.624636317
-36.257167866 -2.867041524 3.606789239 0.201686318 -0.919516725 0.001012001 0.337358264 9.110059043 5.569110362 3.854618797 7.037290707 5.564470656 1.019673919 1.319130729 -0.625041718 8.400980809 0.544126018 5.306746918 -0.719092520 -1.732358757 5.922159497 4.752664976 4.600472243 2.967143637 1.276896886 6.773514390 7.012974501
-35.073111747 0.722415891 10.732828398 -0.622216704 -0.176240457 -0.670718017 -0.363212080 5.124565600 1.082753633 6.667115694 2.252376395 2.805048188 7.618959707 8.676971996 9.208181064 6.849939976 0.508258199 -1.703962550 0.222422594 7.643308749 8.042112786 10.666303649 -0.686454947 6.025105699 4.062487386 4.029119753 4.032548142
-33.800919989 1.421268703 1.650917298 0.207768045 0.276552743 -0.917250401 0.197491068 0.516836837 2.354730476 -1.431963402 4.454863843 5.330511759 0.507843651 6.334037189 4.038048858 -0.860985692 6.421807559 3.588718095 0.092110219 2.551071545 7.314075644 3.251375857 10.224052634 5.949777319 10.749989670 4.076910186 0.563194741
-34.757484539 -1.901334521 3.947118381 -0.921462165 -0.132872003 0.364038289 -0.026993204 2.474497222 2.695726247 4.804033535 2.760907154 3.110057847 4.179016509 2.821483819 1.930615062 -1.629007876 3.237847014 0.505695005 4.234462043 3.516284323 6.672040176 1.075997588 1.386457428 4.335364129 4.280564985 -0.580110361 -0.916185172
-36.449840684 7.483375479 11.038753654 -0.057188585 -0.403083527 -0.852662730 -0.327443743 -0.189055388 6.618537780 5.986456417 -2.962192754 4.652190658 7.315844084 3.895612618 -2.725287067 3.171856158 7.723330795 3.270751943 7.393937961 4.666458290 3.384080652 3.542857984 4.782266831 3.993348194 6.186055780 6.252980533 8.805107883
-36.297650915 -3.037995446 3.963779540 0.506161915 -0.089308632 0.813841727 -0.271082510 6.624460584 4.926377249 3.476064138 7.528011303 3.097634569 2.890958808 0.741454331 -0.105020074 5.856148020 4.458196788 5.748534922 4.252547360 1.399919755 -2.402244316 3.004273786 0.827710649 5.974754145 -2.896176854 8.045593990 6.947091559
-35.340656149 10.357153763 9.839510130 -0.678678489 0.725235023 0.084456491 0.079352197 1.848501156 2.837352487 3.197674239 6.092886496 -1.708722695 4.198652545 1.824397147 4.589236937 4.928099866 2.732829331 2.949618149 5.025526097 2.892403211 1.988772841 2.254923081 3.590458624 2.902356942 2.629278698 -0.657636545 -1.718899605
-34.641601900 8.112312670 -4.347509662 0.661774687 0.179218541 0.084397737 -0.723057397 2.472718111 2.990336338 0.495717983 7.107569810 4.457439396 6.646732058 8.357538116 -0.700663542 3.883779080 3.256002613 4.961602386 7.767392879 3.488074269 3.800077108 2.997949869 8.214962269 3.919094044 12.899086959 7.042490596 5.561820754
-33.529698635 -1.176863023 9.117381249 -0.034308260 0.682711351 0.113518631 -0.721000468 2.266377959 0.357952602 9.513766614 3.416321851 3.534887772 1.859725640 3.733099141 3.609950708 11.810407821 4.659547166 2.579739739 -0.415383883 2.586114151 6.466651340 11.566557159 9.466025516 3.347547153 3.653050681 6.832745806 2.777158955
-26.484781718 1.905451150 -2.811163958 -0.030573562 0.892258287 0.450486922 -0.001392676 10.941979667 5.965172689 4.449632988 7.702003156 8.026794446 -1.108406458 3.183254134 1.227738930 2.046832463 3.016879499 -1.964590884 7.188115593 8.490997218 2.703849124 -1.942847081 8.453162432 5.046596123 3.185737630 0.496045783 3.302156172
-22.577393987 7.078276463 3.494103969 0.421233732 -0.857675850 -0.225375804 0.190157896 2.532414167 5.986442191 6.336659646 5.995028714 4.040063929 2.112761459 3.871113704 2.448560949 5.012435852 4.950073957 4.209676598 -0.911829820 -0.077040772 4.834637220 4.485069258 4.388538811 -2.537340277 -5.792031525 9.113068327 7.949005463
-27.253123626 3.452258139 -3.448919421 0.514378107 0.460486811 -0.151865137 -0.707321737 -1.479551045 10.384158316 3.919552644 3.505248178 3.468309181 1.305407739 6.832045872 5.471264800 4.612138567 4.359149779 -0.332310600 5.271892634 1.016702803 5.061415656 3.198828635 3.636433225 5.688808925 6.379648786 3.969283944 0.449247357
-34.847242191 -2.408911005 0.667070516 0.956211256 0.256195828 0.096289028 -0.103692593 4.371058404 8.181819705 5.709285110 7.103145571 7.349007707 5.404418567 0.304307916 0.956594050 0.833531380 2.941831295 1.784335781 3.923473471 5.020446548 9.401578430 5.495216818 5.714876866 1.649062508 1.967669853 5.619439691 4.368805582
-37.961818104 4.957401777 -2.811426459 -0.070048502 0.178333677 -0.179711583 -0.964880331 8.373519209 5.162142493 4.318286590 3.571088149 3.273971490 0.818968765 6.488851623 3.389531809 7.259474088 4.442487724 7.834157011 6.621396278 7.300073404 -0.851158156 1.767792675 8.835338100 3.760554318 2.208116397 7.216693689 0.779921929
-31.946856865 9.151057181 7.831435093 0.882771379 0.117918678 -0.244129984 -0.383680112 6.938028324 7.245622755 8.238737689 2.055786066 5.708456506 2.986144160 2.910185107 2.802874388 4.239082829 5.716040892 5.022049790 5.229356548 -1.094185306 2.796661822 1.820028545 8.473733104 2.046805102 4.914743334 4.374543708 2.169701102
-26.752535846 12.734653798 6.738939959 -0.196798252 -0.716552389 0.391925427 -0.542418271 5.519742520 4.305325370 0.501807651 2.032597898 3.966614329 2.670834375 4.584064855 2.279794379 6.136470128 0.596519246 6.276105207 1.184169764 -0.973582169 1.518366816 5.658385639 4.495520678 5.021042958 3.187977688 4.567083700 4.236668107
-28.934975447 8.594972514 -4.378416602 -0.341956983 0.810597432 -0.371538416 0.296574494 1.899393900 4.031930823 9.369791888 2.037707716 2.635767595 8.721905439 10.799853549 3.115161135 4.560389759 8.086181230 2.519044804 5.243874860 10.381462814 3.756689030 9.584461394 4.454812374 3.023531981 4.398322002 1.473648510 6.900057973
-25.609974490 0.110583246 8.163513839 -0.295513427 0.872599393 0.369160525 -0.122321789 -0.223684220 2.205290422 -0.459858001 3.589673772 4.979541373 3.317302335 0.676049302 4.137186023 9.189275895 6.011208315 1.562536962 5.022188869 3.233944842 6.219129555 6.028864456 3.327831057 8.916994222 6.395446461 1.614048861 0.199401754
-29.455845704 12.338320305 1.788630306 -0.473235481 -0.284809836 -0.691271995 0.465912616 4.569434924 -0.583897758 5.810560328 4.624425920 11.359430245 6.798744598 -0.619990808 -3.055118794 1.285447343 -1.741917298 2.745921195 -1.104194065 -0.569580448 5.609048308 4.698481674 -2.337808632 2.916608389 1.550886289 5.844256066 0.747731930
-23.271244300 6.717858637 4.021277132 0.754411540 0.190494814 0.573261942 0.256798948 2.443808723 4.031994991 0.378450899 2.975555211 2.224655093 2.767224638 2.412570201 4.846563983 8.276311729 2.668555480 9.476853280 6.265893089 4.238488868 3.774277868 -0.139058733 5.137210089 6.633693423 2.994611201 7.489175758 5.342464440
-25.562817957 0.849697769 3.903697197 0.728872738 -0.603269319 0.061669948 0.317816737 6.781732289 6.334057553 4.050458081 4.652307279 -0.352488101 9.030516691 4.051728155 8.897476737 8.439085733 5.894241828 -0.721671621 2.485218700 4.009658875 6.371681825 0.867039626 3.072643425 5.855862044 4.940299499 3.690649311 8.276520868
-29.622891052 5.934554747 12.483176843 0.153009383 -0.965374657 0.044622002 0.206515803 5.982150162 5.007476344 0.802440220 4.208168289 4.356475877 3.618030687 4.640029017 2.989338844 5.305439887 7.136118508 1.572638940 3.423558518 5.563915410 8.382711289 0.797823276 2.768068718 8.288384698 4.619111907 5.667692284 5.176588468
-33.385752025 3.476015179 11.803323436 -0.772511991 0.354761404 0.522326968 0.067410009 0.059679792 2.021750664 4.285529837 6.517234000 4.533259557 6.407006244 -0.521306204 -1.193342085 5.733348770 5.515156873 5.169386948 2.163900958 1.625639280 3.069405140 0.005407978 6.675449801 5.186988842 8.878901398 3.562217291 3.508840045
-24.786603231 2.389908513 -2.091962916 0.657432130 0.543493501 0.151016837 0.499591558 3.023513695 6.572814181 3.164526645 1.114514430 3.449232734 5.436259730 7.392496817 1.211017078 9.085707744 -0.666175104 5.687004820 3.159745136 4.606221207 2.800897580 4.257909182 -0.140135227 8.147985153 7.066989214 2.441955658 5.520068159
-27.450012448 -2.023219429 7.526015100 0.242980393 0.895125246 0.178908885 0.328181250 5.598168573 6.255148173 5.585417527 -0.470984353 1.446265827 2.766796630 3.134539413 5.736692608 1.222521534 8.834174875 -0.238944389 5.676621265 2.322584308 5.891825418 7.199570174 7.250072619 -0.247846564 0.523965653 1.823688631 -5.397963860
-28.688523433 0.917263655 8.907013457 0.099943662 -0.608565137 0.073226630 0.783771395 10.612521006 4.248757372 2.713102904 12.701574995 1.786965705 6.311005455 7.667097486 6.923166695 0.899923914 0.206812084 -0.001467092 7.365186446 0.987391325 0.837601468 6.100244117 3.268272223 5.545079137 5.201875193 0.407914279 3.315168534
-32.328633015 9.333571553 -0.456466744 -0.639601920 -0.641876292 0.390977572 -0.161371458 2.924436066 8.805054161 5.504873203 4.710211083 2.352215060 1.457833313 7.374170866 1.611861020 2.182590062 3.102199441 2.137972062 0.078883802 5.510608672 2.690597569 1.893677532 -0.467121278 3.769658175 5.214689114 5.627804078 2.404623438
-37.032937600 -0.080374495 5.280279634 -0.154907171 -0.022650260 -0.835910879 -0.526064385 5.183203067 7.872006798 5.278344515 5.565175064 1.638770376 3.656101737 11.186626151 0.575160430 3.927187894 0.966069440 7.048250261 2.739352287 5.012463889 0.850920964 5.627134485 2.199645289 8.591861574 3.903195944 4.784255610 1.857453460
-26.657942085 10.534791831 0.069674765 -0.022549504 -0.531075178 -0.669383163 -0.519015276 1.555670253 9.166272805 4.253966340 4.101795013 -1.909823123 3.172052231 5.046805994 7.266755578 4.196349913 5.380161805 0.213758843 5.005821922 5.530212573 5.178167154 7.773053684 3.290221350 7.955395331 -1.906315775 5.713756550 -2.852140682
-28.876572961 -1.124061886 4.056973044 -0.822697740 0.527898919 0.153276138 0.144905438 5.945459757 6.422012988 4.179763239 2.097514244 2.457938290 8.288437450 1.067125131 3.688676166 8.570286765 3.300074136 3.918148945 -0.723657497 3.876911627 5.299026238 9.505273383 5.884760208 3.456531717 3.228499036 -0.079311996 5.383720056
-31.411730071 6.318414959 10.697299123 -0.853194071 -0.413957608 -0.130977435 -0.289039596 6.788450156 5.857314220 7.312180024 9.015293888 1.925961555 2.581578515 2.621592456 0.764466681 9.768031766 -0.998517033 -0.408579353 7.259566555 2.668500910 7.039667211 1.151703805 2.537467368 2.430073303 9.130523119 2.608821133 2.475581696
-35.541360570 2.889242512 11.570979286 -0.770847370 -0.392781976 -0.283480504 0.413709385 5.194479411 1.193319570 0.673460801 6.637966416 4.405904498 5.463357388 5.864760325 2.316073829 1.158736672 2.681809553 6.555749952 4.736977952 1.582529360 5.070041129 3.217356144 6.648319008 6.397446967 2.418264422 1.988840927 1.928438509
-37.252934605 2.603426308 -1.531342061 0.131105362 -0.813057513 0.066200618 0.563352769 -0.352055840 6.757687301 1.494562725 1.880428373 4.010980164 5.332326467 6.456345083 4.832844174 3.942825633 9.757828446 4.735377609 4.312409070 5.884974396 6.098282730 3.517303953 6.864877738 -1.176174068 8.251076578 4.419463904 2.297597195
-39.647552535 6.876172343 0.593288397 -0.099042757 0.973861258 -0.181158579 -0.094690823 -3.755422343 -1.093307200 2.188268733 1.023827481 1.615016475 5.790558863 1.899037873 0.021248614 5.816674855 7.812197866 5.082675785 0.617643600 4.217334271 4.484158436 10.149575027 8.082335674 4.520399003 3.639985169 8.446130704 3.342066075
-31.997845970 11.935373004 3.073273410 0.210123333 0.108495154 -0.971201757 0.029053988 4.593625247 5.961554222 1.649156329 5.983991420 -0.796333051 1.945972521 2.948433852 9.049540159 2.554363124 2.854644938 0.437161638 6.241401849 9.061053562 -3.302926826 3.875817143 0.088507313 7.401835296 9.649245853 5.121022639 5.815208599
-28.495361314 -1.312035007 -2.725032314 -0.131067020 0.803252566 0.416693861 0.404935771 3.351201394 2.436950686 5.693076421 9.096045476 3.746740116 4.521893772 5.461667996 4.034426743 3.447419396 2.160157127 5.447968115 6.905208328 5.379749192 0.733994861 7.094687041 11.264323277 4.734742629 5.364021629 5.473340152 -0.598787712
-34.049840830 0.835279354 3.348570503 -0.863620036 0.015884148 0.194559029 -0.464817073 6.461695278 8.231708652 0.943598763 0.638563820 4.002352322 2.624822282 3.654275975 -0.486647296 2.176809055 0.805950812 7.798823282 -1.984579428 5.378437772 12.744080966 2.169107477 2.810810955 -2.076505034 1.723191753 4.778762406 7.123801918
-27.858098353 -2.313937080 5.856103655 0.263770225 0.397664778 0.770019186 0.423507314 6.349342973 8.164355788 10.793335534 1.088073227 0.980310827 1.320166234 10.000857160 2.881780625 5.674569501 3.620648197 10.255522877 4.824150160 -2.648761374 4.113879070 5.420018575 10.513405903 8.569986112 8.853217644 1.055619969 1.524368248
-31.356776451 -1.955798827 2.664421955 0.658990708 -0.478630435 0.516264791 0.264792028 0.230258795 2.822377568 2.072259067 0.564320792 1.842081877 3.983146341 8.520614578 3.909593415 5.592662834 6.572098398 2.624779445 0.708434948 8.602729861 -1.810161236 6.776287890 7.660729631 1.994823513 7.997749989 0.755105269 6.587208314
-32.655508801 5.311328180 8.956624171 -0.612895316 -0.273753551 -0.195682848 -0.714931149 -1.643206412 7.344277038 4.214976345 9.915921954 4.265008025 2.038464431 5.177973393 5.581348145 3.771378621 2.295199092 4.267560492 6.828684816 -0.442686727 2.534010974 6.568929241 1.717603652 -1.504003504 6.403662232 6.654869930 5.649029725
-31.884501837 10.036665293 10.335142466 0.645990735 0.055098761 0.169224896 0.742309256 0.648383410 2.137221832 10.094529695 4.634316673 6.328794338 8.688212475 6.918773584 4.727242075 8.074034235 7.562488412 4.827624960 5.306641094 7.312522061 1.281802150 4.308365324 4.398104517 1.835569956 4.292441902 6.190834150 -2.705127337
-40.589744689 1.212364177 4.739364848 0.050866531 0.357870749 0.929185207 0.077174957 3.667732269 1.173371348 6.037008079 0.341696311 3.610814998 6.446907003 5.282110094 9.394411897 5.169022454 5.663385271 7.015393955 3.227795492 -1.434099703 3.199314301 2.724998661 4.863541317 6.407108097 6.644038403 4.752265284 6.759577918
-34.834809692 12.814939610 4.055996330 0.368405622 -0.760910933 -0.060710909 0.530665653 4.440461897 4.716130158 5.657086714 9.659543904 5.379000650 2.575722708 1.577560478 3.961392033 5.450223187 1.532857361 1.424900305 6.913461536 -2.804777555 0.417432817 3.094415993 5.631372543 8.898817624 -3.693183640 9.825979868 2.293938609
-26.462805382 1.732607335 7.790810790 0.170891584 -0.260776784 -0.471940523 0.824659735 6.665300318 1.624150094 4.211614126 7.885681751 7.769166792 0.928464241 5.895546473 3.735621900 3.757732324 8.625800086 4.859361831 5.167001448 7.030647315 -1.940357964 9.368428668 1.447972099 5.017091431 4.322952123 0.410183818 5.465853500
-34.615698214 8.493964280 9.788147730 0.267067613 -0.617897655 0.285230672 0.682290878 3.425156379 6.114804922 3.298089563 8.024197765 6.948165006 4.463543588 2.463619586 4.870375451 1.825214116 -2.304868690 4.044398600 4.193641809 0.304114103 2.247940771 6.347431916 1.033251782 -1.345848930 6.003940231 4.378796807 11.116127450
-33.800713119 3.435256279 7.443926852 0.317613021 -0.235175470 0.288490809 0.872116690 5.342059069 5.054439897 0.492425891 1.028472259 4.503476502 3.319633054 3.163555525 7.680758291 8.423592183 6.836879373 3.194193591 -0.533613735 10.495758571 4.282786239 2.686021251 0.386681716 5.043666116 5.128511722 0.508521495 5.399974312
-30.033522124 4.703936363 -5.390626947 -0.263421458 -0.806836137 0.237326084 0.472547261 -0.363383704 4.756496003 2.196818169 5.732291787 3.653085483 -1.867585326 0.072617628 1.255374545 8.407821629 4.809759603 6.861554329 2.329723968 4.768349704 4.141587075 2.316302644 8.143603572 2.376749006 0.260307837 1.207070068 5.492493059
-36.775818038 -0.127971658 8.153761480 0.762323579 -0.412823343 0.006825888 0.498390466 7.427396794 6.317513508 4.045391672 -1.516642705 5.205068489 4.331484690 7.553139329 -1.275610617 3.784506384 2.642131696 6.898055699 6.181187287 1.815693189 7.072040926 2.848738316 -0.650224340 -0.388490611 4.633931565 5.026184380 5.546608178
-25.447408161 8.437528135 -2.040478320 0.439698750 -0.595974476 0.599355472 -0.303730887 3.310921625 4.301576495 0.025135255 -3.222525707 6.718669312 2.246632158 8.289837801 8.793335365 3.247642182 0.499182081 7.678906750 4.414100550 6.493538499 5.678630662 9.511442243 12.140138590 -0.945022371 0.273979058 -1.444065761 5.554222420
-23.137538063 2.870828830 8.704809024 -0.611042133 0.285938426 0.646314037 0.356573826 5.697059833 6.557594289 5.057018507 4.762809245 -0.560773850 4.291737614 0.255014866 4.593898162 1.385170763 3.660884184 4.051298268 3.821146276 2.518168293 7.018044136 3.101682045 0.146284258 7.603638007 3.965754797 2.209406512 1.648862987
-37.622061556 2.872251787 2.376336313 -0.066561327 -0.943733851 0.158384790 0.282577894 2.097984964 4.615057307 1.310973248 4.687356748 2.348209459 5.295228328 8.157599213 9.093145676 -1.344619482 -3.075091342 2.810450982 6.203253165 1.150140272 7.037123159 -0.590086334 3.687465210 6.310469244 6.263173665 3.798940056 7.810639400
-34.631673220 12.363133464 8.625039772 0.475106500 -0.784363177 0.283440028 -0.280552973 0.113209138 1.840882112 -0.902336620 7.785905932 9.079180235 0.067066188 -1.342569264 5.511005515 6.857369451 4.143200638 9.244401420 -1.632455455 4.019653993 3.865714105 0.963265817 8.208545877 4.728412386 5.511796845 0.239166237 5.888741856
-34.451419488 -1.604502758 10.537279859 -0.159126751 0.158543605 -0.634246787 0.739779437 4.894247305 7.793847806 6.930550178 -0.782541186 4.818867490 0.405989209 -1.584268482 0.211838614 8.195134667 6.804678178 4.032658896 0.976565385 -2.687600626 0.944553452 4.769570793 2.022602975 1.777223341 0.731235416 5.402227774 3.734494393
-31.773710700 -4.393956655 2.567754859 0.205077709 -0.104944140 0.791854625 0.565593594 6.448155306 -0.428000539 3.685373300 4.027155547 7.460545390 1.075130333 1.929788098 1.624950824 6.765084313 0.082243164 8.158617748 -1.398705908 0.768847422 6.435043493 2.921075362 2.341562955 5.134970203 1.743209997 7.215255273 -4.346316695
-29.864703615 0.839278633 -0.917668510 0.288817409 0.781189975 0.553066558 0.021073909 3.444816603 6.147511221 -0.646585895 4.395696173 3.057634620 4.347936286 4.017062523 6.719754748 9.126384574 7.530655373 4.107788531 5.521376754 2.263091847 -0.074584721 6.757797139 4.261755503 4.229860838 5.373198633 2.792309825 3.959584435
-31.433603231 1.988179169 10.779093124 0.717002306 -0.543252359 0.431502044 0.067753617 3.003106613 2.539296448 1.857439152 4.082933300 3.956287016 6.331938214 7.339070452 4.114483483 0.531511670 5.966681542 9.558776340 2.980312344 7.611868753 5.910826304 5.426731039 0.907947189 1.063452685 5.308538575 5.564309356 0.778282541
-28.054620986 1.765759086 -0.236400298 -0.888796562 0.451214812 -0.056263466 0.057273795 9.099104242 1.912892066 -4.580599165 2.581782083 4.721390163 6.687093537 3.707715304 7.614910023 4.582597692 6.360275100 5.894298760 8.797015545 4.936886057 6.791258848 4.177420283 4.214348240 1.863973945 -0.325826065 8.255281781 4.044455520
-36.747046506 2.119660180 11.608421738 0.786468799 -0.451207292 -0.340315272 -0.249127125 0.826901678 3.862049476 1.739895407 6.990866875 0.774286192 4.956338790 7.956367555 2.081006846 8.615506578 5.790240397 2.435103081 6.815379856 1.302298121 3.218223742 5.094146961 6.431467784 4.195125534 7.845539300 3.499751340 2.763877288
-30.474753709 4.619927167 -0.460899294 0.297809020 -0.751436961 -0.199006412 -0.554119779 7.515734750 6.676391727 0.331278606 1.795020171 5.178765809 0.743540400 4.881031520 4.991445946 -1.478060327 1.552969250 4.073696732 3.337801811 6.586598261 4.780732255 4.855073093 0.456895404 4.378119316 5.797657035 6.656119393 5.149586259
-27.916228234 11.816239275 0.921482624 0.374479932 -0.004579742 -0.073708393 -0.924289392 4.343751953 0.646215105 4.030764136 -1.204433462 0.669032135 7.954790508 7.403947968 3.349956529 4.969799927 6.554613473 10.585292741 1.297525515 5.324497173 7.123323440 2.446300262 3.202502438 3.090002974 5.548555467 6.861714774 3.379118755
-28.076899803 -0.294413484 7.707805718 -0.443585064 0.284517382 -0.587198911 0.614393676 -1.078929998 7.023293116 4.629682636 -0.002922715 9.713919785 4.915371156 7.929139147 1.727586059 3.869634925 3.833224296 1.857506479 5.344611038 4.037105857 2.741601197 5.628401793 7.798417468 -0.857324586 2.690642223 7.375358067 0.769482751
-36.729073640 4.789786505 9.482761380 0.081302116 0.690022716 0.683963215 -0.222380165 4.317987460 6.912275743 4.300956707 8.778142971 3.122359438 2.549858404 1.384922258 2.835178899 8.104756621 3.070147322 2.459082779 5.710399529 -2.048048847 4.343794582 8.989750819 4.829269166 2.194418385 5.341835175 3.537667294 3.937761928
-30.104893316 -2.992005825 6.036908369 0.321711955 -0.581934593 0.746058732 0.035354164 3.494181519 -1.953212300 3.062708805 0.473348583 1.141401511 2.918581669 5.867861950 4.531026634 4.642365837 3.079191495 5.812194034 6.197346413 -0.640442248 4.666209778 -2.410502479 8.191716676 0.788282233 5.818058785 10.603202792 7.504198159
-28.786860390 8.383127125 6.914198347 0.568674191 0.360291366 0.737970718 -0.046893649 1.927371906 3.728896889 1.668088952 3.060323718 6.537950203 4.769476120 4.225053992 2.536668538 3.367468827 6.145329344 2.375760583 2.937457665 1.484924218 8.148162963 5.515335018 5.171598340 8.302296902 3.182341210 2.146173548 6.645103251
-32.991684104 10.574619694 3.303287592 -0.686764358 -0.285264635 0.624077699 0.239803731 6.376859773 0.682375590 2.641265234 4.565737729 0.725636273 2.093500771 0.439439539 7.092457815 5.943942315 -0.449366282 9.002679490 0.138091168 8.242220046 5.895376265 7.849997564 5.119697381 8.936887411 8.898337152 2.325318172 7.820198876
-25.967268312 8.210097135 -2.880827029 0.112689743 -0.202658719 -0.740802811 0.630429743 1.663877319 2.130942986 3.379568300 4.050943159 2.453753213 0.088643909 1.548047862 0.793500766 1.082521750 3.600445897 2.220713608 2.636517473 0.663134538 6.188133702 6.676789494 4.358044306 -1.413734194 4.212648765 2.082304267 4.402402377
-25.128501076 1.884904630 6.693788712 0.212351360 -0.012424257 -0.705790204 0.675731252 4.960710706 2.603854748 7.243245312 8.254899030 0.707731878 0.097592021 0.218676582 5.329392208 5.530357815 5.058207121 5.219990673 3.148707256 6.864407633 2.155884389 2.440671695 0.756714204 2.903575330 2.591120889 5.353348017 2.126734980
-27.586969040 4.407913728 11.554048842 -0.431940256 -0.665763938 0.150743517 0.589459402 4.734712044 9.364021277 6.809525298 4.152290145 4.933383167 5.808049831 3.931458851 4.220178773 4.073548578 4.360100501 -0.761423829 4.945530889 7.912451635 2.511990851 0.458212601 3.691055697 3.999034705 -1.189269263 8.000917263 3.401393171
-37.973716449 -1.648595059 4.383505104 -0.320963989 0.667755604 0.584913629 0.330091833 -0.342187156 3.978297545 6.578811387 -2.039832517 1.013220542 3.654049925 -1.322489154 -0.450772842 3.883827302 5.094033312 5.801549331 2.886500604 4.529031061 1.508873139 10.189499272 2.448735112 3.916007237 2.899760369 3.708346639 1.159386448
-25.643260442 11.906993469 0.162638287 0.850328339 -0.168916585 -0.402279382 0.294245138 2.010632487 0.827571714 4.343122712 0.474423417 1.160694917 -0.949624655 7.544660078 2.261392140 4.422655658 5.690687492 1.917344496 5.198528376 2.490923318 9.580226880 2.565658780 10.389396379 2.044059575 3.397946336 0.280497134 0.083174424
-40.429417978 1.394248286 2.195882124 -0.485877147 0.219031238 0.715657068 0.451424053 2.041546735 6.006906058 2.002539013 0.636231292 8.931805111 7.789526998 4.839336242 7.085406436 2.835148353 4.807929498 4.924369937 7.581554793 5.761728088 5.734596560 3.924940828 3.907457633 6.258414925 0.451892282 6.962898327 0.603976482
-35.818774983 -0.732570189 3.745825508 0.257974122 0.887888226 0.371120926 -0.085866809 -1.127587386 4.253504665 12.654577637 10.084521652 1.162512284 5.091688771 8.979338088 2.582747845 1.508787937 3.886469520 -1.109778092 8.317294245 8.451829068 0.368324322 -0.304617089 2.146912324 3.003505558 3.810761312 6.035874527 -4.200809536
-26.326081302 -1.358192346 5.396901660 -0.024585404 -0.675570227 0.574228748 0.461802740 7.212520349 5.483338751 3.887808484 7.265552995 6.985322359 2.135592096 5.787887446 5.271699349 3.960002988 4.598082433 6.875813160 4.404187304 3.726484681 6.181417332 8.153618092 3.854351494 5.725240392 12.373188165 1.714114295 5.616269328
-31.861668286 8.897527507 0.206790344 -0.599156916 0.549890290 0.031890210 -0.581046189 0.299856064 9.530972895 2.219730267 7.244073400 6.906930450 0.427511639 5.355057647 0.387077151 0.076939905 1.755382991 2.022266580 6.067788842 -2.456779451 6.500338585 8.348708217 -1.719661869 0.083855602 6.022264321 6.546596792 3.459048727
-33.896836644 12.779068755 7.240334059 -0.865298913 0.175224150 0.229533524 0.409717769 9.302959000 6.138455160 5.742519218 12.025985006 -2.116500273 5.090354104 1.512432400 1.161240287 -0.547494449 4.920802765 3.697967914 4.766231188 4.663527207 5.144194214 5.259548942 0.703278826 5.668792238 5.400463636 1.638295121 1.376649932
-30.879788550 1.955091441 4.474379534 -0.355017741 -0.207388921 0.885266075 -0.217384948 5.776140608 -0.519996260 7.108080495 1.436615682 8.153638456 9.705137691 0.361148077 2.516176946 -2.439863706 -0.478712386 4.498472657 1.579202198 3.301226958 5.684039032 4.667171995 4.126277736 -0.941828871 7.923026917 3.924890885 3.951705177
-27.754654725 0.147331434 -1.568217279 0.586037488 -0.103458659 0.383838906 -0.706062365 3.650060028 6.374346990 2.336812429 1.706095650 1.955638366 5.960393137 4.077976412 6.032001167 5.343932953 3.569389196 -1.526758882 4.790976027 1.683557321 7.950300625 5.115272104 5.201141237 3.254589887 1.328858865 4.365839524 -0.856017810
-31.990879024 4.496565959 12.836636718 -0.529416987 0.173559449 -0.767116809 0.318004047 7.960763587 7.551599015 9.875090668 0.973694549 8.256190400 6.187131881 -1.652993042 8.022273930 2.943875755 3.406975347 3.394337151 1.076610121 2.872423308 7.776033982 8.167624249 2.379527415 4.303064152 4.002775251 -1.370862499 4.295326376
-29.709043228 -0.478569339 1.607640072 0.484772429 0.743895654 0.192862888 -0.417634835 4.500099454 -0.151238868 3.952635703 9.497895426 6.373091310 4.526034792 5.097749868 3.373490637 -2.069721269 5.346830102 2.737342531 6.218051663 4.511417690 5.025838337 2.369733307 2.655127483 4.725205972 5.324257763 2.723834697 4.269526626
-30.202613240 11.706085488 0.371224200 -0.257723542 0.235529005 0.331566697 -0.876452046 10.006476747 3.299147468 1.978859980 -4.795456073 4.927044690 8.517262327 5.481231019 4.280573465 2.936893395 -1.061328574 7.226926870 -0.044722706 -1.005093581 10.057425585 4.523630277 3.899153660 8.795265457 2.498156326 -2.796241067 0.823541154
-34.212751263 -2.401105881 4.263323126 -0.618419946 -0.622754026 0.404089102 0.257771587 4.686261820 9.907810180 9.693223714 3.362947156 2.951024375 6.914670994 7.213875094 6.492850737 2.677940993 6.380466726 10.850469347 7.935888213 3.097469293 8.754386361 1.098883851 2.145589730 3.840735901 6.521655732 8.251425300 5.751839859
-34.051518369 10.529292547 -2.349321842 0.677949259 -0.611230817 0.388169513 -0.126909887 2.941165573 -0.145841031 6.873705775 4.358480452 4.574800046 1.085540973 1.233326377 3.533343538 5.633342957 4.524144101 5.899283434 0.796807468 2.422609679 0.324570528 6.326815031 3.888816544 -3.344442454 4.763370259 6.008905353 4.577685103
-32.659587120 4.424245606 -0.425570491 -0.282216295 -0.830254926 0.391542764 0.278792009 6.175553552 4.082676705 4.828788222 5.861370035 6.018602322 5.129912860 2.658839549 4.228495926 -1.109897158 7.152982139 6.490466956 2.099465999 8.040674712 4.666434134 4.250414459 3.043861672 1.990896757 -0.293342639 5.463059382 9.972831115
-31.142770089 -2.578514182 -2.177028546 0.273617882 0.085122463 0.942014341 -0.174632194 4.309462150 9.087230396 2.628911305 3.867245592 0.447487082 7.316330542 -1.395193847 8.802446789 7.901292455 1.476010517 3.166592484 6.075082700 -3.718708963 -0.392753005 3.625962678 4.731719286 -1.568089727 1.371000644 1.217837948 -2.321826518
-39.645787750 5.754794124 3.925066681 0.416972713 0.442985153 -0.735199931 -0.298963161 5.748672586 -3.423255265 2.194434339 5.663052877 6.080114285 2.934912665 0.660695138 4.458430446 7.987933735 2.929898026 6.578658604 2.509895658 4.449470241 1.901256173 8.614157078 3.708283434 4.261162042 0.301617300 8.588312866 3.236364565
-35.006312821 10.054924151 3.998415535 0.050107680 0.144490160 0.594021515 0.789778610 7.752291807 2.256947888 6.669643996 7.864713838 1.642368333 5.296516497 4.591721514 3.873908398 5.055713128 0.820377899 -1.519736687 5.619335405 9.027448782 9.267050302 6.316944904 5.924494630 5.062596525 2.769753881 0.360588071 3.746795973
-36.470388140 7.894898959 -4.059042364 0.061027479 0.644543562 -0.545248424 -0.532487933 3.207724852 1.491008953 -0.616771045 4.106816895 -1.034352938 -0.348011522 3.116182371 1.719104309 8.864405081 1.608944527 1.363012188 8.605084351 6.972032225 6.626766257 4.644794554 5.881181759 4.443161314 2.096586624 2.329522227 6.000676530
-32.946321332 9.953717539 11.934459071 -0.870454979 -0.187791785 0.414595008 -0.187492279 5.671242822 5.926373447 6.352477582 0.291299400 1.905065429 3.339029662 3.475104645 6.595251622 2.048120286 3.704172950 2.221879145 4.940391650 2.859348808 7.715969823 2.014220586 6.177786028 13.551905568 8.665549506 6.362403239 1.491900017
-32.709723273 1.305002565 -0.101217677 -0.498501278 -0.758784564 0.171320496 0.382611747 0.943758123 7.235373259 3.486940818 1.512980055 4.352175154 6.497923787 8.040318905 4.282079863 1.548120019 0.751033998 3.846994721 6.105698254 1.669649409 -0.725052610 2.251681475 2.611745241 3.453863130 3.831040186 4.325078674 7.699202066
-26.803090506 13.241110156 4.284055072 0.019023500 -0.095665860 -0.957577510 -0.271166854 -0.871683397 5.300070388 2.394670178 2.706058531 6.880471701 2.196956104 3.214030385 2.804308765 5.218721072 3.510196656 2.620533266 4.011326735 0.187570832 4.028487708 4.573800115 4.854827800 7.000312477 3.902496413 2.224060229 4.956096529
-29.645063377 -1.577167826 9.227448576 -0.343922452 -0.413968827 0.842431423 -0.025621368 5.736622093 4.154144875 2.669661913 -0.338289469 3.383736453 3.049069537 -1.273549498 4.375696107 4.641988488 2.610150035 1.372766142 3.203615312 1.992034926 10.166755807 2.062539232 6.403529547 3.045953090 4.102940913 6.862206784 2.499796710
-37.671391918 -0.882798320 5.550450681 -0.524982182 -0.422399693 -0.221742274 -0.704842232 1.351587780 4.653246166 3.699374872 3.395394877 9.412439914 6.816647743 0.126851035 1.112804411 5.387726166 4.921682597 1.882404859 4.386918192 9.336501534 2.600079696 6.136184029 7.684819780 6.862713335 6.792114624 3.433226254 3.982810087
-37.531783690 -2.107546570 7.118139280 0.557438327 0.727489618 0.279230592 0.286446582 -1.308667949 3.205549759 2.193765347 6.703298173 7.639178529 6.304173213 5.118770706 3.071222483 3.803826262 3.208282428 4.574403621 5.366034303 4.513048471 1.923924861 4.516989223 2.594100802 3.255498162 5.416743756 5.420867278 0.646507384
-28.195503100 14.481482822 5.058519285 0.628799430 0.071357176 -0.651345822 -0.418650273 -1.755631388 7.958089564 8.165595553 -2.273267450 6.401946900 4.137475331 5.526026216 8.205586345 3.104533123 6.294286134 8.078496412 3.469387337 5.151540855 0.510993760 2.243480999 6.829092888 -0.626515889 -2.167703490 6.046666833 3.016628537
-30.185717271 5.806985499 3.738901885 0.222400904 -0.468088113 0.488840096 -0.701759729 5.569985669 4.156979680 9.113194788 6.191141799 8.552449598 0.215583250 -0.884995793 2.087784229 -0.434837229 3.122303532 6.549980833 1.579310979 9.733990670 3.765919061 7.495548523 4.711051959 3.195324112 4.917524958 4.226231140 7.997380611
-24.877157752 12.296128404 4.270484445 0.348450210 -0.538620486 -0.363939702 0.675291283 4.358136226 10.792494872 5.142018971 1.356311793 2.101539188 6.420058110 2.738911224 5.983077314 6.367531110 2.254880859 0.849430939 6.274870029 2.730990384 4.163267422 5.088865716 1.893650699 -0.557648188 2.974029315 0.622666753 2.845675900
-27.443283591 3.251021507 12.717651231 0.961150363 -0.221422537 -0.143394861 0.081240105 4.842639827 3.197869038 5.161401940 4.563022178 3.687721461 5.470298865 7.878645134 3.158513357 4.668797718 4.872204623 5.228802067 2.675235544 4.495716357 5.247442067 4.309758631 9.564959862 1.115073809 4.294068463 1.181576255 0.602132243
-40.134036373 3.372536655 6.099007967 0.096725297 0.679635027 -0.726971397 0.015907070 6.001210714 4.378372657 6.261127814 1.021772713 0.150766265 2.828115185 5.173610599 0.064550160 3.853017072 1.126606006 5.923380762 3.769577529 0.343814948 -2.535619101 1.809486028 -2.018480857 7.364121572 6.855349899 10.410677956 4.731911500
-37.002448488 10.687325039 -0.123668368 -0.238287964 -0.161305488 0.924973566 0.248240382 6.107033733 4.409218393 7.098326811 9.015655376 0.360456073 -0.482960446 4.364467569 6.615159976 -1.787565247 6.603996819 6.174222676 2.583334138 5.074995983 3.672335267 4.289617363 5.414494802 4.495701400 2.608060874 3.465123558 8.351968302
-25.708353629 4.541177607 4.400151611 0.205481906 0.780240591 -0.547483003 -0.221955330 0.934003131 0.492106594 1.485702985 2.191474845 4.581123237 0.607754845 1.715207500 4.684760396 5.961961952 6.139319506 5.005059788 4.851404463 5.799673752 5.026678218 6.078561169 1.350892914 5.782793130 11.420661037 4.401952682 4.911072848
-30.735509273 11.260555679 -2.341023694 0.218967024 0.603527555 -0.289461193 0.709943766 6.777775228 8.534391647 7.433948816 5.688506834 4.159436548 1.699094048 2.812486332 2.157249894 5.735955925 1.766352072 5.171525743 8.652556539 6.221112719 1.443486938 9.349302778 4.152879257 4.407156326 -1.956086747 6.579874598 2.174681060
-25.265256088 6.041964612 3.695403732 -0.264977596 0.437332093 -0.858581897 0.036941031 5.015103607 10.549839236 6.834410309 4.188855752 6.746617177 1.475204183 5.986415837 2.268641504 7.339894886 -2.805168636 4.947211262 4.748940202 3.221063462 8.943687855 5.985023284 4.424997010 1.121292703 9.149303036 6.985739176 -4.157388706
-31.796206453 14.205549258 6.401158767 -0.825071595 0.404175800 0.238408618 -0.314738171 7.001393737 8.135434032 8.550141907 9.498322679 3.157496857 0.707617982 3.599491843 11.067327198 5.003152703 0.350082863 3.500307903 4.090402856 7.372855150 1.002212898 -1.949718294 3.533692213 7.004785122 4.757144330 4.329263821 2.180487108
-32.803297166 -0.761772137 4.786136678 0.540264424 0.714396499 0.092266536 0.435015954 4.204440974 1.989675655 8.250471363 7.865461339 8.818277271 12.475913420 6.770603507 2.661137896 2.629003265 8.090900802 2.873759490 2.848984590 0.820236497 6.345767253 6.465621880 6.020675120 6.898786799 4.748490079 3.655941848 2.463472029
-28.390055750 10.761972151 -0.961621415 -0.110570010 -0.231232052 0.421642085 0.869783860 7.474261851 6.768821577 9.188167718 5.954721688 5.569549023 1.626091351 0.033618945 1.654157850 6.445809416 6.041699595 2.738894838 -0.318759551 8.322202909 0.764191415 5.071409664 2.323313172 1.472808489 7.592473768 6.263713094 9.647892157
-30.917794535 -2.873999517 8.637436099 -0.397561304 0.227051538 0.347973423 0.818111915 5.891605395 3.504968830 4.873330859 2.209762149 3.264170680 1.097894675 5.307349918 0.422785843 4.399233995 6.789129579 0.291057575 6.017465844 0.723520154 -0.080832092 -2.717213768 -6.052399733 3.314393695 5.051054080 -3.441694074 1.223139642
-24.686673479 8.062540163 -0.774066318 -0.385969958 0.048111153 0.042826362 0.920259969 4.933873985 0.435908473 2.339460895 4.659334384 8.214517241 0.472203795 1.335895395 6.025601099 -3.985010060 4.347917292 6.868060724 6.057283900 2.305959257 3.576996621 3.222779654 4.058861872 5.683998516 6.448602507 7.260818923 1.693359667
-36.419927180 1.400866342 -0.237747896 0.274253079 -0.432491670 -0.802930417 0.305022867 3.689800864 4.611758750 2.999375082 3.934913492 5.226892482 1.344571812 4.058842397 5.042932113 4.389127254 10.073731890 5.995112015 1.436580158 4.077333437 -0.019405730 1.601949076 2.425116649 3.521917917 6.450894102 5.869599305 4.131045583
-38.325967704 3.523122706 -1.860317173 -0.441784890 -0.843943494 -0.021515224 -0.303517026 3.434803326 6.971054667 2.336494342 5.988051417 4.329297176 13.853595094 1.775702016 1.744151781 3.101233673 5.926316850 7.220425076 -0.845715752 2.694178782 3.766964065 6.214018912 6.393987577 8.895559504 4.108580535 4.830953090 4.681747484
-31.137748806 -0.347572140 6.470702540 -0.026383921 -0.219411849 0.656369576 0.721346871 3.657166126 2.108669400 2.904622712 0.187728963 0.483860386 2.767366231 0.788898676 2.877860986 2.730888946 9.905035487 4.898428980 1.685089671 6.239807887 3.859334691 1.676573546 5.122609100 8.842427612 4.769841808 2.921042635 6.866175401
-34.974158509 4.493535024 1.560848368 0.337164132 -0.780228645 -0.272274146 -0.451032592 -2.105259723 11.228170216 2.739844796 3.668364418 0.444260487 3.194907119 5.944945570 2.273399132 6.404602673 4.153223868 6.404522839 1.119952733 6.690512695 -0.837678319 3.569771418 2.930871419 4.521599901 8.237987933 6.190410785 2.150672477
-27.396069579 1.973798975 -3.927959208 -0.944557954 0.287887067 0.119336629 0.103392831 4.209704286 2.700409916 1.506618322 6.585883077 2.065905620 -2.252470884 -2.860955957 6.200569518 5.118788048 8.721299380 6.265171771 7.314646419 4.184332325 2.777540703 7.406514977 -0.350636594 6.721033343 6.619110322 1.213835314 2.213041574
-26.750383985 6.373578264 5.998632466 0.456190105 -0.443116469 -0.094439241 0.765910970 6.932031979 3.626773968 3.730714838 3.706982054 3.676574808 2.542338245 3.075039067 1.802286923 0.531251066 4.825161649 4.109444155 4.449691177 -2.056148879 1.864043945 5.990958413 2.335766964 4.837386551 0.217392236 5.848073357 11.205595458
-38.855348257 4.099842572 4.977799955 -0.523209551 0.748888093 0.000670767 -0.406716043 -0.054409300 4.189015017 7.726790842 0.304912922 6.818315842 3.408590407 5.261925079 4.447902624 2.088016767 -3.286299315 8.907368430 5.564698012 8.758880350 4.237018193 5.724973555 5.926027890 6.754157824 9.590152683 8.293627657 4.030854546
-35.922289073 -0.681977194 0.268856561 0.568174394 0.309340935 -0.396518913 -0.651351514 0.374798284 5.417643190 4.460550770 5.112984452 8.256763999 2.011053199 1.269661888 -0.220656914 2.964663816 5.027513594 -3.154379685 7.333836292 10.657475539 7.706515667 2.081792936 5.824614357 7.776681734 5.716897010 -0.778682824 3.064164993
-35.394400103 4.740723639 12.267324273 -0.844756902 -0.405868339 0.265937608 -0.225685304 2.321435643 4.926266506 -0.698481452 3.886629386 -7.258753315 4.747078354 3.716487848 5.891787746 4.482808435 4.674429754 -1.562684941 4.320379206 6.110017605 2.452672232 -0.590893031 3.958898963 2.220372300 4.288433437 8.171849198 3.310089005
-29.985426696 4.595996357 -1.829190848 -0.240879990 0.313965054 -0.214105752 -0.893062989 -0.130746736 3.841201390 5.510139200 4.614607103 -1.209454305 1.952272495 3.333242485 6.543860313 7.528271153 -2.283807928 3.351133766 -3.675066103 0.282533455 0.279275127 4.747176743 -1.410091049 -4.369616290 4.063117748 2.259832214 1.187154783
-28.396682217 0.987564130 1.723373015 0.455522331 0.596246979 -0.117633926 -0.650500734 7.972906461 8.689690197 3.225331064 6.498922720 2.576855549 2.036655051 5.454905494 4.064862932 -1.494136124 -1.001655229 5.317396484 -0.222639350 3.039833559 -0.000482702 2.911041207 0.756417672 7.282030695 3.239746064 -1.738580375 0.944254554
-32.288230791 -2.249788070 7.978992189 0.082444143 0.743863450 -0.040795111 -0.661971216 4.621912012 5.512516975 0.297007429 -0.218683219 5.398082679 10.268910726 2.763373802 3.277338381 6.295704540 6.562246190 4.671119976 1.364572601 1.688019673 7.257560836 7.953405028 4.725014631 4.847695595 -1.627436696 4.069010478 1.833219834
-31.542406743 12.652553874 5.448058587 -0.811717545 0.371115720 0.081242315 -0.443607299 6.837646786 5.986277630 6.309352765 5.701178217 5.759429596 3.374497343 6.987288976 4.095022017 6.761622419 2.001003656 3.566632758 5.401194282 -0.455109687 2.654686315 3.041179987 5.152648973 5.091872743 7.506167285 8.439465789 6.316956652
-34.679823009 -1.081489169 -2.149689466 -0.653963662 -0.195071426 0.246213565 0.688227832 2.382293014 5.692106038 0.037858028 1.176543908 4.004388994 3.004513070 2.932470691 8.581759522 8.510327015 -0.511186493 1.884305922 -1.134404984 0.808860856 6.227136592 10.494920059 3.237852339 -0.737721919 4.212337973 5.092606842 2.392077606
-26.401055068 10.600622629 3.835932226 -0.572301244 0.382553764 0.428381741 0.585331519 4.393398627 8.795325195 9.227523336 6.950768030 5.356466997 3.228985474 6.644298608 7.536314640 11.081963772 3.467127758 4.606203950 4.307107863 6.025163355 0.579789561 2.604854694 -0.446495624 4.872337340 2.099428407 4.186286581 0.132224798
-23.171206606 5.588057342 8.325882435 -0.448110433 -0.094153177 -0.555813539 0.693832493 7.726751681 1.564838881 0.513625163 3.080582328 7.391269664 5.423242550 4.251361039 5.458421685 1.779336101 5.273606737 6.109507599 -2.335585879 2.992724179 2.992618558 4.502171025 6.720263025 3.847784613 0.357965157 7.307804715 12.026176797
-37.331648281 4.149262810 1.138761954 0.662995657 0.476844663 -0.559121381 -0.142965756 4.627683763 7.320482503 0.199577695 5.278479442 2.304688086 6.562825550 8.995063659 6.883769438 4.385779854 7.717268313 6.203367389 4.049314165 3.374912232 -1.830089805 6.421350184 3.509035344 3.288748561 4.595445224 3.374711518 5.067113904
-26.373653843 13.541802459 4.320440495 0.302484805 -0.855503496 -0.312679322 -0.280799488 0.541532901 2.958215693 2.290007241 0.898091510 9.518612851 9.287486327 5.681089955 9.812133017 6.658559961 4.878854777 2.066033979 -3.565438134 -1.263196989 3.370937935 10.786069876 5.422254156 1.278354710 4.599198046 12.484282003 8.126506262
-31.692867054 13.074485870 7.049906469 0.742123048 0.428493225 0.341300452 -0.386213593 4.333484288 2.899545218 9.662692715 -3.024438636 -1.016964805 1.056387372 5.047769159 1.886762647 2.000863255 1.028837979 5.791510027 8.283380535 3.383969534 7.449541286 2.089043946 -1.488789411 2.418822252 2.496235819 7.883049392 9.662548351
-28.894058676 8.491735319 -3.957070855 -0.765863175 0.539915458 0.122763350 0.326915975 0.563794957 6.003376512 3.079836403 1.776937053 -1.282871436 6.452356281 -2.926703292 2.431966141 2.973192669 5.065450877 4.988688054 1.636881198 4.674162284 2.350155449 -0.963425224 0.669973443 3.766354714 10.318788492 1.437998089 6.081526322
-25.394920533 5.563827734 -2.843878298 0.011488317 -0.664307617 0.735595279 -0.132147625 3.749037549 -1.252018547 4.045930746 5.570015526 0.226380458 3.672649201 5.106682010 7.196081446 6.902670905 9.137992409 7.699700012 4.131463878 6.806985361 3.299533298 5.130616041 3.662898371 3.516003899 -2.629717989 5.246517020 2.809919354
-40.374205177 3.609650942 2.027383440 0.910860180 0.097695019 -0.396906811 -0.057047342 2.771949413 5.406973481 -0.551963416 1.357487232 4.160393183 4.335676495 3.979540763 1.838287695 9.071615832 4.053894120 -0.009627280 7.346846512 6.358464569 2.927065953 4.808736660 4.028063405 9.491842849 8.206233224 2.881932508 3.387853554
-34.905798625 6.350107930 6.722898024 0.907478951 -0.384524219 -0.158174264 -0.060033173 7.576107353 7.243164515 4.688823086 2.928247298 2.920333476 3.425478192 5.116710359 0.392564616 9.654695329 10.570670205 -2.571805748 4.325366051 -0.630429608 4.284051171 5.326556834 4.943511513 -0.557964746 6.592277547 9.809325968 0.179407460
-25.941593054 11.460864328 6.663127735 0.613060241 -0.591979820 0.202647386 0.482339165 2.196721332 6.734481424 6.952233448 1.191360257 5.828741604 7.511177674 3.357738319 9.544312800 -1.886161122 4.215634412 9.184380761 4.979700766 7.375047556 3.810764876 7.638232676 4.202098416 1.982843872 1.402102079 1.637358611 4.463881070
-36.108936216 6.146892062 7.263001087 -0.820515629 -0.422414856 -0.365403989 -0.121654083 -3.192563227 1.263111873 3.992731919 3.534545584 2.268025283 2.798276763 4.450929976 4.303461132 -0.111767828 1.960730663 6.800127946 7.599966379 -1.793926810 5.172935483 3.211720426 6.119547519 8.617854952 4.723015433 5.942903736 5.946029926
-36.497972807 -0.935899887 8.471217070 0.407146479 0.906939420 0.039129242 0.100804446 2.954600559 2.414293717 9.456676095 4.967455195 5.428037537 6.042512915 3.593844236 6.215181839 4.291280583 2.157591494 4.058689471 0.375178360 8.274221384 -2.403492438 0.231031293 0.200851840 1.715247424 3.524973643 4.922215689 3.557748908
-28.986427991 -1.409296933 9.559880080 0.563258273 0.013064658 0.082892372 0.822008691 5.265883474 5.190780744 1.587696844 4.556137982 -2.514982261 3.093580639 0.672198139 8.619784726 4.196144128 6.270604851 1.272237838 -3.188767512 3.412207110 8.819825501 7.008075329 4.030660865 4.629588873 5.773159929 4.007963545 10.272622650
-33.710520327 7.181165288 -0.472274674 0.892047368 -0.232630453 -0.367326199 -0.123312727 3.754208953 4.744573768 -1.139304306 2.830781413 7.988090616 0.637700088 -1.219327872 0.631503052 1.240143686 1.674710981 2.660000170 0.361943733 10.086395627 2.068340386 2.799229691 3.182332539 4.745052298 6.439757515 3.406405480 6.917393671
-33.317508276 1.392881522 11.729609558 -0.701952169 0.598011618 0.341957294 0.180860348 4.885691837 7.778599430 0.708519600 4.244624551 1.711835125 5.977397049 6.453238640 -0.708026774 4.226361993 4.187014325 4.864746876 10.577028098 1.410101561 2.870374425 9.063284363 4.525835017 3.802901613 5.652389539 4.216546586 4.044784893
-31.528526835 1.095842976 9.912248239 -0.046871039 0.986124350 -0.046254698 0.152388892 4.427574429 1.289224553 -4.006364800 4.713926997 2.844176962 5.490637648 6.873363892 -2.328222598 2.093467732 3.014016455 6.607158351 2.774790231 4.229551788 7.666865918 0.190140390 1.959601240 9.282206380 8.996034884 6.987125957 5.251711833
-35.237788299 4.309864868 -4.238461549 -0.819611517 0.563536825 -0.060548400 0.083648663 3.204760483 5.993710886 4.597106354 8.447598598 8.911787821 5.240997341 9.344222067 4.476626750 9.835163005 3.728997964 4.149323728 8.538623056 -0.580453000 -0.364780797 -2.903414740 3.848534672 10.896561500 -0.468529938 -3.347444159 1.487265059
-33.231683156 11.781330988 4.209197359 -0.791022851 -0.321581136 -0.470165970 -0.223186880 5.443216685 3.160443243 5.149102176 2.469234271 1.869514450 7.217164257 5.545910143 3.014701304 4.014209385 2.559264380 3.589039565 1.498373312 1.075653559 2.906167828 3.167961236 5.381256548 1.181308950 0.897327137 7.674408632 4.830733469
-28.971132092 4.178806638 -3.748072447 -0.490438505 -0.424184829 -0.256150596 0.716885050 -0.712109186 4.996791266 5.622993647 2.917943402 4.828655456 4.775170935 2.238382496 1.913069819 14.313639251 4.302370819 -2.134647561 1.848334550 8.058544293 12.358280648 4.317546748 7.268069174 4.924465869 7.468404124 4.183913890 2.552829405
-40.294609202 5.192554708 4.997732605 -0.215837765 -0.141321121 -0.363214795 -0.895275049 3.146695823 0.345817205 -1.446257461 10.646943729 1.154308690 4.816880824 5.546810560 4.193328880 5.685965478 8.624338363 2.922856490 6.746573882 6.829791206 3.659998201 2.824811259 -1.273765048 3.106854736 4.163117221 8.086652207 8.469991207
-30.213477769 -2.253971188 5.855769353 0.428874647 -0.726645886 0.508501176 -0.171694053 9.506155313 3.488702432 4.882863252 8.088841645 9.907210202 0.997534824 2.652459568 3.554134127 2.198619167 -0.367644688 5.904072536 3.270820555 3.202097693 1.886622870 7.188908811 3.749813627 3.559275283 4.174707469 2.279282933 3.048803290
-26.589262676 4.119576068 8.520043126 -0.507995276 0.514696573 0.574673221 -0.383117380 1.431229989 10.903396244 5.754430027 4.910686857 7.119259543 -0.487269171 5.473107026 2.594737277 3.596055137 2.122167503 7.151398516 7.311840964 5.682192523 5.399460213 1.480925532 7.381956035 8.070246008 6.686557885 6.394525914 2.678637649
-32.301123227 3.768042040 8.919034799 0.405231790 0.650826869 0.641700628 0.020781902 0.461731647 3.201415279 6.790681600 6.186390014 4.674768340 4.502858936 7.204739604 -2.027176309 5.976327300 -1.657019388 2.128354627 1.804844943 0.518468938 6.714639342 5.029145141 2.146268882 7.130837132 5.750085834 -1.098786116 5.528862374
-30.113721013 10.215219245 -2.571463700 -0.139880801 -0.461704677 0.622651142 -0.616090665 6.375980117 6.641420895 -0.148801120 5.913473221 4.733205769 2.078612285 9.237797975 3.769747491 1.650566595 7.205464260 2.005788557 7.450287567 0.620163464 5.398421857 8.864339782 3.277989918 5.155868711 5.653346225 2.850496864 3.773270392
-25.583764075 0.942392897 6.713818723 0.268478664 0.221174694 0.395158010 -0.850206509 7.781113928 1.828223528 5.464610638 1.597660743 6.459334652 4.036747495 -1.468858197 7.839550264 5.569448627 5.778481611 -1.518310433 3.331067104 5.346055106 7.629693491 4.006381537 -0.686066983 0.654736005 3.811791956 2.794051856 3.000540850
-28.110084924 10.906247230 8.789870916 -0.185625433 0.349383708 0.523869550 -0.754344031 6.214548390 4.226026595 7.207990586 2.306230999 1.630036013 11.356269105 7.048310015 5.239808102 1.801174563 3.718509711 3.181158234 8.495480822 4.186055710 6.244380468 2.776720158 0.821385648 4.931852034 5.354860715 6.909523601 4.915710552
-26.820668373 8.581813155 3.592263310 -0.587957292 -0.489039895 0.422713228 -0.486271252 4.364972113 3.132002016 2.812698765 -0.206001795 5.714916804 4.412783438 2.142536230 3.181317317 -2.973115581 4.141001139 11.131205442 10.392998402 -1.211866195 0.209053136 1.397866724 2.341325408 1.704604472 4.623561934 1.837790797 1.657902533
-32.684034129 13.497251108 7.386578135 -0.643115300 -0.469973665 -0.358010031 0.487192245 4.843036519 -1.471574943 10.300988356 2.415169481 3.778639268 3.658087207 3.837091460 4.679596017 6.441179112 3.313403446 3.925139024 2.601785610 0.540180527 7.025042025 4.233015878 3.869870347 2.408023696 7.522939061 1.437927241 8.703496112
-27.634309618 6.638076865 2.412321122 -0.245676893 0.420241862 -0.739838197 0.464412623 7.456543663 7.482091023 1.369963195 7.882632440 1.661665920 1.411271666 3.656027955 0.205128670 5.283497045 12.311768864 1.070152362 2.361573198 4.687578207 2.925978470 1.448898089 0.335719722 5.411316188 1.912546708 -2.084792427 3.894407042
-33.373943881 7.801660348 4.243482688 -0.376525881 0.454497751 0.333987810 -0.734923260 4.274379281 0.607175732 7.486732868 1.874528787 -1.194322319 5.258445275 -1.520407733 7.693053188 5.909307696 7.592574510 2.983200517 5.833773726 8.122348618 3.546303706 1.980729398 4.038507680 1.573109680 3.240571259 1.891377352 -0.340013767
-34.428350612 11.050767068 2.248699728 0.166398078 -0.563077823 -0.545791847 -0.597801225 0.523895465 3.957358123 0.773830176 9.660047273 1.030414998 4.334533691 5.539587702 2.716664146 4.685001281 11.107156759 5.137550763 3.000358406 8.372532706 2.888336248 4.714477850 -0.456628474 -0.815792533 7.406650430 3.114826382 3.908102101
-37.626088513 11.965472083 5.471692234 0.205736233 0.241863343 -0.347439463 -0.882304111 -0.779926235 5.641545348 3.732751392 2.902384936 2.873873280 6.993172892 2.260246258 1.206927482 -2.617836518 4.603443434 2.137400082 6.056976037 2.863735343 2.887701207 4.384438243 7.365237190 7.218658280 2.097190066 2.672114869 1.772481123
-37.336720042 3.503460224 -3.303584119 -0.056748692 0.295323290 0.900182089 -0.315017374 0.061254250 2.136231811 7.022585004 4.744960964 -0.433114389 6.057819952 -1.021805488 6.190436718 9.569132263 0.972874539 7.483720520 2.071848530 2.580565180 1.423195598 4.912248338 5.924359978 5.598755084 2.121593616 4.542897387 3.978782050
-34.576402645 12.745134020 -0.885687877 -0.460656394 0.345057737 0.816915597 0.037145029 3.346772939 3.440943999 4.524767179 4.325464613 9.299288150 -1.694934156 -2.710603669 5.280742375 4.535045476 0.321388913 2.647490726 3.311156723 -3.857885202 2.950890486 -0.320020763 3.989637169 1.430875522 3.499933050 4.238129735 4.230055574
-30.141725574 -2.642184999 4.781633766 0.607664358 -0.169311172 0.322897211 0.705560165 5.808625192 6.478041647 1.579405526 2.894563251 9.445988716 1.957909922 6.039242999 1.284686973 1.877730719 6.111624890 0.040526805 1.116483244 1.359664359 5.166312937 1.528540657 7.741590567 6.047713218 4.149540641 -1.228503849 6.088092137
-34.420833843 6.170419749 12.597092567 -0.720957614 0.338488583 -0.319659911 0.513286605 2.494420081 5.455604684 11.311648749 -0.818059668 5.718960254 2.655522500 4.140752860 3.361620230 7.795213264 -2.556478773 4.744556850 5.068901714 5.557087612 5.803726173 9.667688677 3.819860755 -0.437478877 6.837142869 4.346359169 2.853109234
-32.048758008 4.771663281 -2.113977557 0.042336371 -0.263347057 -0.771097488 -0.578156228 6.071573024 0.516798318 1.132173148 1.967491454 2.288782352 5.233057598 -0.760276860 11.386950429 1.927072766 -0.731848195 3.224758298 7.153347849 5.874861058 2.362178735 6.217505975 -3.161710458 2.869184097 2.809249896 6.060913806 1.411340751
-33.728890253 -3.358713381 2.333942325 -0.023536505 -0.350533175 0.465791957 0.812164010 4.826086745 2.246718200 6.892627829 6.922492456 1.232424796 5.491846422 1.498863827 0.197809106 2.967831137 -0.711489236 2.711765045 3.935784374 5.530162120 3.655154297 7.313144184 -1.246423434 1.586274187 5.068384324 8.621088299 1.006383667
-25.136379440 8.669667820 -0.011460546 0.113155860 -0.490124715 0.286971179 -0.815242944 11.092575537 4.484536327 1.502273673 4.662921721 -3.891245604 5.369292640 5.982451902 9.116585564 4.076855211 2.340573883 1.979685923 1.882579296 5.875379438 2.135285952 5.159030530 4.870441332 5.604820051 2.902325255 4.625930379 3.961093796
-38.142139087 6.055244247 -1.913015222 -0.788613393 -0.593976886 -0.097329346 0.125727378 6.284803859 0.049241450 2.657890265 2.879009103 2.501076246 4.259064046 2.710712636 4.469570220 4.552912048 5.406082954 -0.008644913 4.036616432 7.082859414 10.760009652 7.252714712 -1.257257325 4.047026310 6.979543946 11.487231013 5.901755529
-32.840590304 0.222231819 10.734681553 0.204891948 -0.752289922 0.555823739 -0.288338575 4.605717606 6.079419940 0.745922150 3.367672358 8.101870119 2.781035613 -1.022311863 3.000783215 2.358051121 1.254121588 4.575184105 4.852634590 4.483225500 3.805079218 3.529957087 7.203675127 3.190329080 2.535092105 7.492853173 8.848073225
-38.585050879 2.914270395 3.459785399 -0.566976266 0.586646119 -0.139634840 0.561147357 -0.613166394 4.329349565 2.745697646 2.945496452 2.572919664 6.810342396 6.441450785 5.800094527 1.612846199 -1.784242469 0.893374985 4.831240373 1.868807154 0.290889589 -0.504681108 2.080623600 2.218859571 6.829089418 5.785792687 2.223534052
-31.468377199 -2.310050236 3.149585067 0.559696297 -0.825852817 -0.026578556 0.063251571 3.191964126 8.748258537 2.024232286 8.181403866 2.052856632 4.690473716 8.234574815 4.028072695 7.504151251 7.644777016 5.056082990 5.494412519 1.074804251 2.048715474 2.725413549 3.180667097 3.599494034 6.083946943 7.733136300 7.120825980
-33.894564012 4.467232241 10.311766335 -0.479918439 -0.096754471 0.843461510 -0.221109804 11.138639269 0.942102814 1.423780899 4.191689089 2.818481291 7.999260266 5.336217332 3.573869309 1.362799494 6.787743568 3.367692935 1.931367488 7.414731227 4.615610257 3.490789032 1.347515923 -2.178772876 4.365213741 7.335653590 3.228068219
-36.623848581 0.784177434 5.822216050 0.336242533 -0.134475507 0.432261770 -0.825837187 5.083793754 4.936199220 1.939308171 -0.444343361 2.875708806 3.280443171 9.845848437 0.690267640 2.401644128 5.264398047 -3.143708490 3.034945277 5.574164805 9.040325270 4.645757708 0.698538650 2.604357742 7.961511194 5.248305496 6.830045413
-32.476583135 6.040404190 -4.716401020 -0.140719805 0.871884140 0.461231600 -0.085331088 2.179456682 2.527535985 1.006762428 1.306494049 7.957154302 8.447476832 9.037654348 5.516221320 4.466951914 1.094216397 -0.071061516 2.916218992 3.990932694 6.088588392 3.665423372 4.105523668 6.225076175 6.465283714 -3.502347240 3.456796069
-24.099860760 -0.271626738 3.436948441 -0.179973054 -0.562303384 -0.336872719 0.733444869 2.244500601 2.032627114 5.319377282 3.343736512 2.532680873 5.170235157 6.928752275 4.849598911 7.197920364 5.519532881 4.996906532 5.844762432 -2.924528309 6.101314418 7.679367650 9.198546678 3.388006165 1.177590354 -0.514643682 9.039664899
-26.728587533 -1.683797436 -1.470758115 -0.365385089 -0.078091202 -0.177690815 0.910396329 9.660891349 9.843196150 2.697477635 6.435772588 -0.435487798 5.166025646 6.506398868 1.847303453 0.209445398 1.322377563 -1.431408914 3.955269218 3.486475018 9.390340428 7.745097749 -1.150032839 0.989801354 3.518684340 10.234300655 1.979087279
-23.144691392 0.346246237 5.778933943 0.490557910 -0.529476090 -0.653480760 -0.227971279 5.526378020 4.510701678 1.966999092 4.279800465 1.418547775 3.249448453 1.963142538 2.278178301 6.575152187 2.167147551 1.108100768 4.471708312 5.506114428 2.535042562 3.794104581 4.488192991 -1.195477248 0.667060190 1.705601174 1.095743989
-26.578687742 6.533401856 8.766200361 0.345038357 -0.878382283 0.202738146 0.261324207 7.011290028 -0.821854249 1.848287567 6.489714350 4.074079972 -1.181970387 0.805144350 6.532339768 5.217054605 -5.071842753 4.510790704 3.789486764 5.453054016 1.213362157 6.887468408 1.007762110 10.249299906 8.019616174 9.802998062 7.554550607
