19.439611805 -18.920412598 0.908732524 -0.289241264 -0.246824482 -0.866538874 -0.323307202 5.798279409 4.982014531 6.098744298 5.330865676 1.885458192 5.412892008 1.396081125 1.587823192 3.027256770 -0.416310924 0.995285615 4.657384061 0.493168224 0.278598042 3.961376859 0.497045799 2.013482823 -0.213955574 -0.036031922 4.746989814
26.049979988 -16.487112960 11.015685366 -0.896678853 -0.236815680 0.314371293 -0.202622946 3.341156586 0.593972955 3.868300917 3.049433273 7.876283753 4.114688730 4.633668622 7.035615678 1.432186164 2.988245626 4.065100637 8.563190067 4.928144352 -5.989842990 8.212534739 4.611310618 5.631451659 0.654951436 2.960122124 0.374902877
28.879399436 -12.932042928 2.910119844 -0.450882542 0.605820315 0.427162134 -0.497211414 2.443121044 8.660483152 7.074496371 1.780823761 9.670493546 5.154311132 11.229445039 4.742685560 4.311948805 3.728652477 4.470068592 5.584260089 5.945814492 7.351615013 3.972845561 3.114618274 4.827471118 7.552090164 9.659113767 5.332318706
27.361464740 -18.552111302 6.291525666 0.004566637 -0.244324668 -0.967366741 -0.066979033 2.665314461 2.654757300 6.633667258 3.898790737 4.818798155 8.888091652 5.298408760 -0.567626562 0.032823625 3.300183791 5.783729948 2.160052856 4.013704000 4.321515216 11.739904534 -1.854033371 1.536516689 -0.396839910 3.184547575 -5.129746977
21.201827131 -17.381678558 3.910420982 -0.151441303 -0.527381419 0.767676942 -0.331068700 -0.115305864 -0.043440536 5.065353360 3.869432553 -1.062089462 5.087453561 6.449274306 0.506035418 7.450203456 1.418141484 1.174937488 5.612065477 1.853676027 0.773512221 3.264550204 0.868864067 1.275554036 5.297570050 1.744756874 6.542232361
22.810144803 -21.122555782 8.744175179 0.167385560 -0.127958923 -0.974533050 0.076771889 1.779620595 7.317879242 3.229812561 3.925708897 14.906625136 5.281775205 2.921286856 -2.725736377 4.804696119 1.400165144 8.579932401 6.595686252 4.067549818 5.511216914 6.297977869 6.660166550 2.323368563 1.251310606 3.342686653 5.893011315
30.285119316 -16.741728881 5.265532923 0.187286419 -0.952917609 0.042667987 0.234630072 2.249009170 1.996179990 5.346104135 9.433230614 5.207085113 1.643772260 3.691417048 5.851770572 7.874564309 5.350962796 2.872445052 1.861238468 5.726003292 3.115813314 2.741290423 5.699883277 3.191319917 5.472141371 3.998625680 -0.378969951
26.260970929 -23.944293417 2.275776313 0.903730314 -0.377810596 0.162173111 0.119291894 4.756356742 5.164907946 3.075997850 7.086634953 7.584307338 5.654403040 6.406657868 4.435661104 3.264926037 1.352101077 8.010218914 2.407939158 4.628690405 3.593587710 4.019698786 6.864121517 1.597425756 -1.384448109 3.008661588 -0.625827104
23.162004715 -28.774318435 1.519540948 -0.652675320 0.607264478 0.203427094 -0.404798960 2.413440509 2.212876737 4.415140448 5.010433124 7.109952964 4.937774878 1.079727610 7.976076963 4.419613475 6.394757391 5.738251194 7.001423582 -1.643544715 5.164719138 3.447073258 5.564996007 4.514290350 4.432936893 -1.860794676 5.513951108
22.375941268 -25.235817405 0.300690231 0.620698220 0.572636452 0.141590226 -0.516501134 5.750018838 9.176983590 6.543355182 4.107989385 7.860799017 4.735551170 -1.033028694 3.501765599 5.173913451 -0.527195577 -0.429860824 6.030729622 3.146726704 1.947690265 5.928181740 0.998084905 2.926529657 7.754953581 1.838264488 6.057107379
30.270479490 -23.890582498 2.695750735 -0.624706110 0.263858981 -0.606429736 -0.415167061 4.199638680 3.301353611 7.764151176 1.875835169 5.655358596 0.144028254 3.688394123 1.969994259 4.147679412 3.484921352 7.951700924 0.472823642 6.637235461 1.083830613 2.652444607 8.894942653 4.985690504 6.510316828 -0.151840077 0.601375121
29.079036035 -22.456072557 6.957591554 -0.105867455 -0.913265730 0.384823758 -0.081538116 -2.783094593 2.906999297 0.413744950 8.600281056 6.633273781 4.573929810 7.106117332 6.776855696 0.973513989 4.619613091 2.419341664 5.763028120 9.162479519 2.516540559 6.756916100 3.746965739 6.971520567 2.063238269 7.959750070 2.062186328
27.569854889 -27.198660693 4.765822197 -0.240862068 0.896898659 0.074395349 -0.363350509 8.271845913 8.134896494 -1.607580305 4.983540175 4.616342115 7.484501339 10.423916372 1.925707336 -0.145770522 4.377147453 1.976999668 3.811600129 1.066788746 0.838246702 0.102618166 6.390372960 9.023078110 1.442623747 2.482316285 2.747801619
24.546483717 -13.232940730 8.859853790 -0.467328722 -0.799391274 -0.164865466 0.339701097 -2.995673981 0.709098141 3.870325559 1.528226892 0.422700773 2.373569202 2.822779449 2.811053246 4.557547943 0.077447154 0.760453206 7.217704359 6.853030205 3.504806236 8.303326388 4.302346826 6.782628954 6.555857921 2.027834472 3.796968936
19.807726968 -28.915789769 2.656537250 -0.718931505 0.552812932 0.372705677 0.196534557 4.044145797 0.773771283 2.566985832 6.779471646 0.312314917 3.717785986 2.091256050 4.775197195 11.411772788 1.546048151 -1.228305121 5.964521606 2.711493573 -1.112214001 8.586343626 5.914003163 7.533415051 8.701733054 4.438592362 4.526199700
22.348402974 -17.517612257 5.609796019 0.824212053 0.045093802 -0.553310178 0.111753694 10.513901358 7.049550793 9.350916008 4.169667817 6.043117028 5.307830942 4.781943875 1.814170360 5.360549513 3.593372674 12.285591668 14.036899144 1.886449001 6.143627284 9.101603155 1.235056568 6.893470764 7.889195603 0.498147089 6.335463290
20.780968719 -19.008368813 1.057509675 -0.503024495 -0.247791059 0.343472240 0.753387529 7.734580211 3.278937013 12.085911106 2.986953074 4.989772496 8.538228573 -0.794496271 3.948017239 3.087184881 7.075452355 3.314936454 12.171572721 1.509005158 5.830303707 7.113689584 2.394288780 9.566561766 3.816922531 4.880553052 10.486393340
27.786435707 -21.952433912 1.730136940 0.022969357 -0.349129401 0.038532285 -0.936000178 9.158154241 6.610368235 7.759351100 4.863671673 3.769758795 5.283639899 5.678874605 2.138290276 3.273333430 7.383775196 3.172741662 2.207029523 7.163306608 1.221120529 7.381991375 -1.715956585 8.973824976 7.425390678 6.385960938 8.681934953
21.018773347 -22.571312187 -3.428399710 0.683434888 0.715979952 -0.103251308 -0.098125582 3.497963812 0.435732738 7.092657507 2.641669571 1.314317843 0.978194451 4.999875175 3.425896587 5.642129603 6.006828279 4.581170921 1.466369762 4.204577876 -0.246822285 3.085539390 2.266238301 -0.990797383 7.739446897 5.939581948 2.554808854
20.869919563 -29.472142736 5.619923409 0.648930409 -0.267458999 -0.684411245 -0.197322722 -0.745433960 0.565202580 2.489903339 1.297584595 -0.312808554 5.245305415 4.076140993 5.761385316 7.023577287 4.380781556 3.528025470 6.619922642 4.956777872 4.974723199 1.918245116 3.158577499 5.530128871 2.922867621 4.045369993 5.910326691
29.069544728 -22.022494709 0.089410076 -0.259437595 -0.199605711 -0.936228026 -0.127776278 1.358915457 5.594361968 -2.596870551 4.529516492 -0.644089578 1.832920303 0.770237426 -1.763883559 2.256515760 -6.053906034 3.358493308 2.335446634 2.023194616 2.074553789 0.851029325 7.449958795 5.600417621 8.555472103 2.128944458 3.895126479
23.186953744 -22.613196439 7.328898880 -0.673261856 0.506296105 -0.439994499 -0.311107005 6.031912338 4.156291513 7.048699269 2.014514535 4.263360870 3.376553559 1.711907966 5.357961683 4.835606324 0.974567978 5.596861708 8.759744366 5.348250146 6.732651881 1.046660742 5.098133692 6.739194639 6.029702266 0.961311378 3.422584914
14.633276815 -22.390632344 8.928621223 -0.495911517 0.850416804 0.124826789 -0.123617553 2.715523240 3.343461760 4.143383023 5.186000793 2.065704806 3.545357690 6.109656016 3.507283655 8.721748513 2.931786470 1.135328980 9.438812920 0.240077727 0.855923752 3.425453550 2.821115382 7.676153517 3.516863528 1.880729333 5.028906058
27.035359770 -17.820589111 7.627726110 0.468765330 -0.563588897 0.549043946 0.401469010 5.429246608 2.915377160 3.943279554 3.392525558 7.442782421 5.395670218 -3.194014568 3.714312420 5.853519219 6.025850026 -0.134699034 1.309535247 7.466777407 -0.685639738 4.196040520 4.416945270 5.496169439 1.304871437 1.133594372 0.304819973
24.685670291 -24.959367270 -3.621764399 0.898630706 0.409992684 0.145423519 0.056752566 5.298177277 2.116344217 2.660764232 2.838353901 4.375087913 2.012093511 5.182593249 4.822112325 4.323996107 2.597500319 5.003224985 2.913082600 1.495847912 0.257830734 4.410571900 1.332626511 5.351409825 0.934029898 2.075088622 0.957395350
22.093800988 -18.776147233 11.369635675 -0.435612842 -0.429304732 0.583213230 -0.534603805 0.188178689 3.607880006 7.676913684 6.941746653 4.491966281 4.652299586 0.632306652 2.120135251 8.893096630 3.904649692 6.713212001 6.810904255 2.445328094 -1.017835544 3.109279940 3.996741958 2.475528001 0.259941752 4.733169445 1.974143860
25.195817447 -20.054580268 4.687405391 -0.122159105 0.574954124 0.141263770 0.796586126 4.685061340 2.993152914 5.600613540 2.684929392 6.978380905 3.095755600 10.335733431 2.557778072 3.035725056 7.540680048 0.877138064 0.421182566 1.725424974 -1.135577363 12.507583698 4.019916834 0.402360403 5.892814273 0.934787062 2.883652225
22.435026721 -12.686940076 3.718659947 0.673599021 -0.508624896 0.156610090 0.512872649 2.470185844 3.501790686 6.968668122 1.453388760 4.834850026 5.101381835 5.537070886 6.093763586 1.109551922 6.123220179 0.621432844 2.223700475 -0.155473277 1.027618837 1.782910596 11.033866749 2.924042077 -0.212123456 5.133510946 1.126857415
13.903120589 -17.312317098 -0.458856689 0.281542873 -0.575494086 0.767783423 0.006984562 0.581417185 6.004038985 8.990114405 3.620038009 6.472859411 6.875194049 2.101957449 5.281510821 6.300344176 7.802871811 -3.423546719 3.435004399 3.466641585 6.004861111 6.563484251 5.350017324 5.956194637 6.439307471 7.539015248 5.178525510
21.579565329 -21.118978843 -0.927444807 0.923045704 0.155145262 0.274244791 0.220695198 -2.475934839 5.035448588 3.946194326 0.413392912 6.887360348 9.659417173 0.898896269 3.795082890 6.438833773 3.259694955 3.905746154 6.584422329 5.555661642 2.618622788 1.430857350 3.681447741 8.553253655 1.055705690 2.254588513 11.357201348
13.401689409 -16.830071376 3.566653723 -0.125504260 0.497991771 0.117129371 -0.850019757 -1.401421458 2.922684361 0.452042259 7.716566339 0.845517823 6.144873307 5.384328702 2.119250548 7.734558069 5.213557799 2.897028688 7.162427873 4.909781144 6.492664508 5.474273992 5.893399011 3.544496033 0.440488068 10.382631515 5.593987968
22.553986238 -20.925591376 -0.873988680 -0.377070802 0.515524746 0.731599392 -0.238357243 2.858506661 4.100821207 3.750798394 1.623835496 0.297830790 4.551850914 4.560415729 3.677409873 7.401709632 3.036645622 -0.228564765 4.281839611 2.199873962 4.731298845 4.209347286 3.187745559 4.544691067 0.380277184 6.962513729 4.981349249
24.853839971 -11.110096418 3.063821071 -0.852490106 -0.366055931 -0.029293831 -0.372028959 4.290781661 6.808826248 6.773442250 11.291604696 7.810658211 6.520652627 1.707856713 -1.275034128 5.499292151 5.105445266 4.026651076 9.101757350 7.055181676 9.502357237 2.574457108 3.966358478 1.330694966 5.846587633 6.630320794 4.279458858
17.578242207 -13.544435642 7.982089112 0.148258686 -0.135094748 0.766327208 -0.610337105 4.888078507 -1.381347508 7.284483989 5.429736034 4.534118133 4.889686515 3.350126998 4.049940657 5.662289002 4.949494766 -0.268271577 -0.483529226 1.835647066 8.799559999 5.692560446 5.305125282 6.147174112 8.920498495 0.368030222 4.439069050
21.607592246 -22.603503738 -3.563410367 0.693136247 -0.665545900 0.223678349 -0.163030041 -5.395260849 4.730452845 1.683754220 0.388530501 1.685562507 4.536454017 2.815324727 9.367434187 -0.935998590 5.749229437 1.862104508 1.551886221 -0.336441564 3.050280796 -4.290106484 7.759942568 5.168586615 4.099895184 4.312616657 3.573155284
21.709977019 -15.226217853 6.340115480 -0.638854407 -0.450293889 -0.380554370 0.494245720 3.344773585 3.628236898 6.233909216 3.869525835 6.795264771 6.603956610 2.026746733 3.367877298 5.021319689 7.481609054 4.617506522 7.423141397 2.231764294 7.067418186 8.301750539 4.816010925 3.527530756 0.551711431 3.107299655 0.339020401
27.472514409 -14.191272159 1.080649463 -0.447796906 0.266552965 -0.648346649 0.555044206 5.131592532 0.064474369 7.710218427 3.487954527 3.980579516 3.710173068 3.339347968 5.451391734 4.073757959 1.933785241 6.875585311 8.239233634 4.874053788 5.373115921 5.719154735 3.740003590 2.186752927 2.176450604 5.137827666 5.449786221
22.692735452 -21.102696890 -1.388988139 -0.696881519 -0.600368876 0.344421348 -0.187849134 6.764583967 8.639601861 3.919052532 6.707166352 7.621498877 6.732519751 1.752283068 3.313192636 4.923626905 5.162047490 5.467029983 1.915617024 -1.596802100 6.642870404 2.405159533 3.525148737 1.869454712 -1.360404684 5.559617860 4.200170798
23.294544554 -15.000517153 4.670829998 0.725296091 0.566830258 -0.352218429 -0.169089374 5.239841167 7.830079180 7.360602046 7.478084496 1.956963830 2.734531596 3.795769422 9.941379117 4.936512718 1.295067305 6.622216475 4.203172789 -1.820978107 7.406001487 6.477646141 6.150467477 2.629371943 3.945263904 -0.927135707 3.658960993
26.125295814 -11.997403803 6.756900191 0.891142805 -0.254829158 -0.054226697 0.371464759 9.368099872 2.933372424 0.825363415 6.564707611 2.853998577 3.153958400 2.423159697 5.655816126 1.137271464 3.223157788 -0.686951167 2.767742689 1.245013552 0.574798879 1.571917174 1.854270484 4.402435758 2.674463902 6.774670496 2.745984035
29.167478422 -18.144582322 1.954406699 0.712778247 -0.326275274 0.003982568 -0.620866939 7.168461937 4.977202958 3.075180907 2.175376290 0.412447164 1.164842786 6.852153042 -1.763499254 0.450517057 6.401972034 3.513864817 0.412921949 1.543528903 -0.204941578 0.366611293 0.869231975 4.180574399 4.830268246 9.156012046 0.253878629
19.296275472 -20.244560753 6.537181721 0.714281471 0.335472012 -0.288541744 -0.542221515 5.997281947 3.658845836 4.675408237 1.470883002 3.534774276 4.379886058 2.173282586 1.772983438 0.737962535 4.312606832 3.172371933 0.614279167 7.561641344 1.549608634 4.968554266 4.483546442 5.434040540 6.432671224 2.481785607 4.859988787
21.829123298 -24.279485711 -1.346375335 0.259304679 -0.602078367 0.335705997 -0.676434925 -0.239888534 2.321240504 5.972911778 0.080217048 1.752254369 4.366287434 7.886539685 0.883239112 6.154694861 3.871560772 2.169840940 4.110017343 2.731201514 4.873684691 5.127111475 2.448510838 3.529921782 1.533796341 7.495645136 3.293816328
26.884077068 -21.557255016 9.621518524 -0.139568031 -0.657420478 -0.722137085 0.163820357 4.259036843 7.262347315 6.519420629 1.686886963 5.471455175 2.380745576 3.319580133 4.650972811 9.106788163 8.622705939 6.622508759 1.687069216 1.216425066 0.207104287 4.938376594 10.917984287 0.494243409 2.589655023 2.102821269 8.401843828
17.160554141 -13.480289357 2.707354620 0.433006612 -0.465640342 -0.751159543 -0.177323676 1.864544184 3.142830855 6.339643239 -0.435638288 7.683962276 9.717446050 3.895280407 3.344855689 -1.165985513 1.772853886 3.637138770 4.946141226 2.931270026 1.590460114 -1.592680807 2.361938518 5.041736293 8.086683801 5.292852312 6.131310729
22.047085487 -13.570065434 6.005870933 0.409423016 0.390777649 0.014102048 0.824297734 4.726724318 7.715364384 8.480074499 6.194269863 1.558385552 8.197092725 8.177522878 6.842775831 2.839524083 3.848475443 3.104557944 3.980441652 0.878621179 4.190639656 5.888212208 3.272098941 2.203026637 0.203301052 -0.684566566 6.088031430
22.441566080 -13.329217774 0.187774658 0.064068570 0.596179114 0.768394807 -0.223685276 6.329455208 1.991674433 3.524377157 7.477593489 1.951322046 -1.482320134 4.060300448 1.313636496 1.016611831 6.450778972 2.592832940 5.149229952 3.134886388 1.496009811 9.874417544 2.909655321 3.090667622 2.029033895 1.702790466 7.706652631
15.904303463 -16.852712001 -1.465338213 -0.095334754 0.079880379 -0.905147168 0.406496020 9.233365904 6.593311643 4.646464818 4.449015751 5.445478613 2.626423815 4.070470461 -1.414092100 -1.806475321 2.327881130 2.926279415 7.921550331 8.021741715 7.508118840 7.954877879 7.147196033 5.548864198 8.100254368 6.542058537 1.765520944
21.812258223 -12.972075898 3.359051356 0.186053161 0.012787476 -0.886023801 0.424479123 7.762237758 2.124128141 2.577530723 2.925958216 2.194774863 1.815919653 7.660059796 3.348194038 4.761777815 7.150762729 3.869235665 3.139220668 5.657373439 9.643953605 8.885084436 6.016948291 11.224707936 2.754431558 5.149498776 5.891040898
16.850168493 -21.976148880 7.985089385 -0.136654953 -0.667054704 0.724013631 -0.110307329 2.443920798 3.804878265 3.602144268 3.792317833 5.408065937 3.115437834 5.012185531 4.297965423 10.769695062 5.306370113 0.637179992 -2.888003706 -1.389901542 5.769098728 0.966311580 3.527637903 4.390339028 6.727325106 8.420852570 4.788780774
24.181455376 -20.834958043 2.646527906 -0.398139570 0.838231945 0.005876786 0.372582277 -1.193686022 0.619298737 6.805769277 6.282844913 3.224284972 4.625631290 0.771488539 3.960546817 2.687953597 6.926882801 4.609068500 9.358127579 5.401278533 2.561610508 8.058824477 5.608609271 0.898572379 4.540162577 2.954397138 3.807956813
25.590840925 -16.817851951 9.868822346 -0.449544056 0.872895066 0.183444641 0.048087520 9.101742924 2.839747597 2.917504734 2.164738509 -0.307486001 4.170048984 6.001601009 1.648485922 6.277033853 5.364316943 3.669307703 3.187277683 3.441634182 0.641145434 6.717663629 6.512350065 8.043118643 4.267524156 5.962768911 6.731554388
24.947920745 -20.598359117 -0.463749630 -0.254527167 0.727882107 0.153865929 -0.617842080 4.835970436 1.012430997 0.681639230 6.165474797 3.282900821 0.422847058 4.587933048 7.133896086 3.380276537 10.236933374 1.132862378 4.517841848 0.270113989 0.242530681 0.138720300 -3.504970051 3.581425847 5.568803701 8.843007854 4.802331453
25.431411064 -14.416656876 5.349345080 0.484100638 0.192104176 -0.752520041 -0.403058489 4.155393701 2.146524262 4.517665800 1.952389330 5.454569287 3.506511312 6.333928098 3.701369118 1.432857176 3.923651470 6.795616245 6.391721668 5.070487670 7.994132386 3.216077716 -2.244052034 -0.250052627 7.536269318 0.087447483 1.101610192
25.012031623 -16.633826193 10.409107118 -0.268654541 0.367872267 0.671912067 0.583976804 2.172346269 5.200621347 4.120840428 4.815618090 9.963331390 6.881622762 3.143849378 4.327575217 2.193951986 -0.849745384 5.017219655 3.111643602 2.631886321 1.950884049 6.852053762 3.714197432 2.989105039 6.478835557 1.933265241 2.811806175
19.182898191 -16.869387332 3.107422871 -0.175194843 0.959640959 0.206821154 -0.074973372 6.537779161 8.845518504 4.957797841 1.096995735 -1.641300353 8.524771157 0.725255223 0.762605501 1.603084247 3.997295074 4.418152803 1.199033708 6.679393446 3.560691021 5.019516274 5.515903068 6.284176017 4.258063188 4.235493088 -2.961786647
17.849341649 -24.319641878 10.299235470 0.319718115 -0.787806662 -0.333946184 -0.406965522 2.103330334 6.842410259 6.209021383 2.617259567 4.368045493 5.748641601 2.581994541 0.873172116 5.316951191 -2.462780833 3.140287215 5.899959715 1.699148189 3.476885055 4.924320312 8.117208010 7.220907897 4.529266274 4.546906553 5.376155110
24.358286328 -24.743173654 2.509456658 -0.035591214 0.738769708 0.653779852 -0.159763854 -1.236767973 7.211930451 3.530204386 5.985293955 6.390408715 2.260930017 6.008033483 1.151930443 5.862858611 0.148933632 8.382062713 9.066549144 -0.973970851 4.194753199 5.230631561 6.895702909 8.001183917 -2.653985638 2.434086609 3.497564898
29.916034401 -16.798988525 2.725832346 0.408212190 -0.316758115 -0.686928575 -0.511034478 -4.013567275 2.664272395 9.794164275 2.791620365 0.644717974 -0.384236913 4.500973778 3.120990493 -0.098187575 6.851035551 11.151544692 6.358439334 1.594729172 7.935622467 4.382659530 8.540554733 1.421040841 8.214537804 6.668397661 6.617421423
27.553778029 -16.090645455 4.810763251 0.459105392 0.299657217 0.056299959 -0.834420821 1.597231077 0.222971373 5.122008406 8.944781279 5.634340935 1.526640891 2.814799538 3.491093846 5.604143895 4.651367496 10.417638697 5.750484585 6.437578476 -0.291564468 3.259341503 1.107677224 3.590112664 3.396326665 2.684129310 5.447110755
29.579992174 -21.241062396 -1.454067542 0.589243600 0.660026018 -0.344191093 -0.314149849 5.332618553 4.299900936 -0.038777372 9.393828050 3.265359069 3.196680426 -2.399643274 7.062296878 3.686434451 3.551582254 3.172906472 2.378895251 8.809886607 4.872368132 1.971476643 7.592919708 1.020696744 10.536188429 3.522189756 8.014104841
29.045880099 -16.712264604 5.863088067 0.025620185 0.279424348 -0.796238294 -0.535975951 0.154721606 4.127288887 1.893198378 1.583600651 7.048989288 2.662160312 -1.442187786 1.276533040 2.410077367 6.282387691 6.423265499 3.934738107 2.324213433 5.114850187 7.096255782 2.306345334 5.992327144 5.189216898 5.082263701 5.932406419
29.650775324 -24.506858538 8.155706731 -0.543229952 0.280286159 -0.605007125 0.510203162 4.254354912 3.422032640 0.659841341 8.793268661 3.526344041 -2.545602686 5.391767170 -0.903699020 3.668857724 4.065853225 3.951736217 6.913723482 2.954627958 3.230064516 11.096827990 3.912693677 1.263288695 6.428618722 6.944368829 2.960546322
17.338807931 -18.339140734 6.992039522 -0.090940213 -0.055057482 0.735870415 -0.668725118 -0.418336737 6.732559836 7.217693003 5.392964097 0.979456098 4.781385360 3.866914954 2.287199858 5.305180600 9.449226189 3.397249642 4.568752579 1.103321571 1.784664720 4.304899205 5.933897662 5.013532882 0.865168699 3.495436607 10.939969169
16.996679956 -18.007387924 9.689320308 -0.518132903 -0.137238635 0.460620805 0.707483092 8.535356123 0.679676821 8.817797395 7.988731921 2.154216324 7.700859957 3.627280449 5.552354258 -1.303314964 3.565675670 3.586224852 5.449641389 2.293313881 5.084351573 7.890559979 7.031935820 -0.268001952 4.884602209 5.642371296 6.985631583
21.139431027 -19.667141589 4.845712489 -0.338540414 0.683966528 -0.432823096 -0.479837832 2.168641317 2.063946621 1.341067344 4.544714817 4.964286234 5.056988127 6.943721178 4.155307719 6.808465657 2.585349520 3.603493759 9.629536016 2.529450917 0.743466677 4.637127308 4.536913518 7.405780320 4.760335484 4.682668769 7.414830172
20.066700981 -15.327907899 8.097056950 -0.485663265 -0.856643127 0.098734555 -0.143336088 5.242406216 0.891661270 1.632309954 -0.852660385 4.504887058 -0.134168771 2.442255226 4.041199512 7.414272633 3.410820738 7.269631530 6.126036150 6.590814237 5.901957612 2.168878857 4.748250673 1.839733109 7.850172651 -0.295019976 2.092158358
24.584289728 -16.841673444 12.298840655 0.759750217 -0.155428326 -0.339171053 0.532526657 1.901216672 2.226506501 2.879873888 5.464216179 0.258985324 1.036140918 3.674328427 8.231516922 2.998491194 7.785483002 7.715960846 1.806909133 1.423695278 6.678183515 -0.809575954 2.486682091 1.922180606 0.499164154 3.301301382 1.555775460
24.770197241 -24.662979898 1.714164874 -0.601069641 -0.223579587 0.516784390 -0.567151963 -0.964274452 -0.310096769 2.699926092 3.205384357 3.725540682 3.356726819 3.610111675 5.004304255 2.957939707 3.635021886 7.432789963 4.753015986 5.353180086 4.687578041 -5.801094902 2.882240350 6.249088424 2.437298134 9.377813584 4.846711400
14.082079288 -22.719964360 4.633371667 0.372906385 0.851667986 0.121373085 -0.347665132 4.046471911 3.478457177 7.395380064 5.242405708 5.476956610 4.145064650 0.302792963 10.491874930 3.868335264 5.239156458 4.284192653 3.175124486 1.563301352 8.044019666 5.208146056 1.228946496 3.288283934 5.750720829 5.571962387 3.371060051
22.912684633 -21.200144545 10.493878480 -0.129046848 -0.387858935 -0.389316098 -0.825436450 2.672266118 3.051507066 5.914187536 9.193413496 2.918761199 -1.159027950 3.518863978 7.465019429 -1.500777306 6.117536900 4.349934950 7.062817400 5.980984737 1.364490667 0.121677241 4.218776509 5.809939235 4.776172514 6.817279105 9.203717233
18.408904613 -21.356935727 11.280415345 0.092521794 -0.436409031 -0.591445616 0.671698563 3.365429987 9.438476323 3.395452771 6.413255056 2.580985935 7.444705810 1.528915123 9.053770561 3.472662605 3.711237061 1.880042522 4.545041165 8.353488175 8.739148248 4.804847584 3.269135307 0.966300562 2.752045340 2.762661164 4.482172790
21.380427431 -22.187900761 4.204239511 -0.160875464 -0.170081991 0.689704480 0.685199921 8.021088366 7.081276669 8.790300714 3.348140384 4.541807949 3.428455837 7.174182455 5.200997244 0.195733360 0.732264063 4.866825176 5.111431778 3.376388796 2.460138996 5.310331194 2.545066266 -0.717904041 3.655927688 2.336510074 4.187435404
20.947039527 -23.666917399 -3.525013091 0.459373788 -0.862479565 -0.182759085 -0.108184288 6.290062934 1.879036491 2.053084646 6.579406215 7.034971543 1.874503808 4.000711558 8.403833310 2.797682239 2.358265769 2.423883236 8.710779803 1.859093025 3.494408022 1.757168199 5.229539744 5.688042212 6.403047209 5.308944974 3.492423351
26.791798320 -23.793445386 0.463570842 -0.101974167 0.445449244 0.562693448 0.688877582 5.226277505 5.968010361 7.435189278 6.013337767 1.231973387 10.807138107 2.019450897 11.736851449 0.494436288 9.814059198 -0.951881599 3.577294897 3.601622656 -1.309450530 0.145614408 10.816934618 1.607474340 -1.281020213 5.645097090 0.929098141
16.223982685 -24.036250540 9.683302431 -0.288243530 -0.400458297 0.001090094 0.869797466 4.469878709 8.600403448 5.829300100 6.516602222 9.037309427 2.313641070 5.272964824 4.027446757 4.374871890 3.244717602 9.157376996 4.230836439 2.206721816 8.959844716 6.806610148 4.326644400 8.231502379 2.024859835 12.123948152 2.756460382
27.997933327 -20.046969876 -3.805890010 -0.673951391 -0.608513052 -0.389748111 -0.153615749 3.439974406 6.795597761 12.702783334 2.383449003 0.702504995 3.780561896 4.745484065 2.422573530 4.264234548 7.926598373 3.827127317 1.517022894 4.555668174 0.022934973 4.821732329 8.400396202 6.042539595 7.947438375 4.360933885 3.246456569
30.688075268 -20.947268502 5.618250247 0.319727942 -0.856259827 0.348102323 0.208369680 5.691569014 8.238473445 -1.079431873 5.000055465 4.616450735 8.601856075 2.738302111 6.036251819 5.954375855 4.228181179 1.710570599 9.483688062 10.162480140 5.340299380 4.716220425 0.836167122 0.063747691 6.450509580 8.679932619 2.158775682
19.317096255 -22.181128033 -1.632559307 0.510463214 0.257021743 0.516951696 -0.637281786 1.646486584 4.215797533 0.802009540 5.819584424 -0.296323957 1.784527223 1.532346490 1.828989557 3.962777937 4.686254826 1.053700326 6.158626899 -1.043423758 6.866520151 2.579175495 4.075255344 2.012890745 -0.267678008 4.966298408 10.113540858
25.393509215 -23.427266735 9.103689788 -0.280221003 -0.297318123 -0.911430722 -0.048704843 4.649811104 2.281353253 1.448344983 4.158126904 3.449407943 3.523834209 -0.661757233 4.828161389 6.123773374 5.695229926 6.722730704 2.686792720 8.740262993 1.168099758 6.083225235 3.635300360 4.596511281 5.640207068 4.335266569 8.735748331
26.201912648 -18.396051909 -3.513357729 -0.914945919 -0.167855249 -0.292382269 -0.221835950 2.601324717 -0.927690228 3.996347100 5.855679739 -3.695744217 5.858539516 6.696030019 3.941496935 6.465385310 2.636940908 7.139824405 4.660957596 12.346866096 4.537071048 3.053721153 3.880477445 5.686927304 1.162350058 4.942238017 7.130376190
22.952595246 -18.128020751 4.108656576 -0.899040553 -0.390565102 -0.173739475 -0.094866109 3.084212604 6.066802886 1.193868418 4.362567134 9.794531439 11.105953507 6.235269076 4.891206570 -0.248460057 10.283267665 0.444336999 1.059018684 0.164934142 10.242341550 -2.670638029 1.738384961 4.976051415 5.897631964 2.567433252 1.086281894
22.148131295 -13.830382039 9.586141914 -0.231025212 -0.252001011 0.938015324 -0.057009591 3.914747821 -0.716164957 -1.543331531 0.705151085 2.492139769 2.264152099 7.674402646 6.861736995 3.852342475 4.747714636 0.290937492 -0.246918231 6.597775963 8.630666112 6.779055122 7.012535270 1.993207719 3.777808779 3.578582409 3.739253073
15.358390695 -13.947887850 5.777078754 0.682536410 0.123982412 0.584139922 -0.421370338 6.352593192 9.237815461 3.874528903 2.866010452 3.635722283 -0.806050008 5.350301925 0.795932152 7.957334685 0.859700199 2.407892675 1.846410607 3.487877962 4.126255370 3.703981701 6.366146900 6.419411116 -3.303711010 3.885401322 9.791042405
31.075198158 -19.875582657 4.458895709 0.745097675 -0.424528603 -0.221140199 0.464437221 5.470798000 3.942859337 0.165707448 5.350119828 6.357568746 5.426304134 4.599299926 0.131085285 6.740244832 6.464518650 4.976975670 3.903429911 -2.647894775 10.923804742 0.691510306 2.191715997 3.113313483 5.562193001 9.232345741 6.360919464
20.979876461 -18.636896196 -3.355552597 -0.321343038 0.030824061 0.916309234 0.236993496 0.711353227 1.628598794 5.328089432 3.917263628 4.323596634 2.969386579 6.450648313 8.399675497 2.638537396 7.806715354 2.581791446 0.314166204 4.641666025 5.021529547 5.570288776 3.032900407 6.059105716 4.812703049 3.323989995 7.650730141
19.690931275 -24.566182555 -3.744152177 -0.109352721 0.305919832 0.491200144 0.808193948 5.069673974 8.412407837 5.417473871 4.559744893 2.462520550 5.866101141 2.477058493 -1.178038220 1.704843594 3.017679664 3.110186054 4.172496764 4.403954594 10.901623837 4.090100788 0.147979459 2.927211429 3.513254901 0.644510243 4.060456914
16.045374786 -13.103208753 0.433450800 -0.570082716 0.469767546 0.674034814 -0.001104295 7.924242361 2.946669008 8.156904983 2.539121044 6.574222587 3.334154366 0.815009928 2.385169852 5.736307098 11.016526945 5.879000274 1.862022725 4.399724724 3.958273354 4.288863742 3.830761575 5.138966807 5.335261281 3.068305507 3.341594339
16.046048016 -21.413876208 2.112882193 -0.114445488 -0.856041914 0.177069185 -0.471954420 6.265708200 8.214753755 4.661284228 0.565851379 7.134839833 1.631592081 1.661200676 8.870593137 6.048748485 3.001600959 -0.816338730 5.992420634 9.340837188 3.929045396 3.550727094 4.424672452 3.191940735 4.061767343 7.424750901 4.571157804
19.711951289 -13.060851239 0.881318461 0.894447567 -0.125316168 0.275547652 -0.329139637 5.717761921 4.258748294 9.653177966 2.530162705 0.849183837 4.848274457 3.895018655 2.407367967 1.831437517 4.015822973 8.509080714 2.199005820 0.911253367 3.269581893 0.840545768 8.610249651 0.642389454 4.188097377 4.106815895 9.195440430
21.206679617 -15.083291840 10.374813357 0.795642286 -0.167064809 0.471361733 0.341849118 3.073786455 3.476444130 3.612200106 3.765590201 5.435334926 6.436593529 3.617286027 4.226252850 -0.339013025 6.820523000 2.694526428 2.114160534 3.665958801 0.090313652 4.497138590 8.429511025 4.485508816 6.316044620 8.731318796 9.256101363
14.263468349 -24.981841143 3.877435191 -0.050929019 0.397070235 -0.916370863 -0.002430032 -1.952569654 3.467165598 0.743060743 4.400936828 2.830820536 9.577113517 6.938945336 2.244886689 2.492231555 6.225366203 2.929660335 7.268557541 1.972860032 3.798761761 0.880621541 6.660775216 6.057619563 4.406717983 0.068107863 2.634693426
29.361437260 -21.201058936 4.600180043 0.769099564 -0.520810980 0.023836322 -0.369693944 3.486446428 3.373711098 11.019161873 -0.848132160 11.810106098 4.621721132 1.413797283 8.068247975 -0.859466868 6.024007128 0.469530894 5.509118482 -1.706150643 -0.993091765 6.804130792 4.162968167 5.562505195 8.962793678 6.677792519 1.581640151
19.247410392 -17.229428463 -4.963053919 -0.749151911 0.029399275 -0.529804344 0.396502780 1.452462358 8.556992843 2.213224712 2.326968096 1.711627143 2.815145569 1.621110020 -0.070070304 4.901540863 -0.883572405 4.847216136 6.914328024 1.277586787 7.228959254 -3.276028934 3.604727184 0.280654795 7.899191236 -0.818996407 5.795673597
20.302475952 -23.398356847 9.990985658 -0.053280308 -0.694469418 -0.667516760 -0.263239077 5.627571097 5.422378438 -1.655325970 1.584411251 0.029470496 6.570323582 5.510955104 5.567702967 1.371424417 1.871289352 6.305083783 0.303004760 4.557184961 2.718732641 5.983294734 4.650385366 11.035550424 0.594261366 6.120475990 5.238129122
22.267280307 -17.161370510 10.683673106 -0.313787470 0.643840956 -0.695711418 0.054697997 5.016249814 7.354665971 1.620725966 6.063031268 3.255335758 2.920699917 4.809414104 4.042586771 3.407952826 8.386660050 4.790821028 3.161115595 8.525306174 4.835222620 9.072864723 0.540303232 1.283011887 3.884616581 5.321868880 0.115954589
21.081280239 -21.392387590 -0.119683140 0.650709990 -0.148412014 0.032924543 -0.743953196 2.175297250 0.646785815 5.058798557 -2.537397551 4.177423123 11.249771847 2.699260783 5.047233334 6.625970901 4.094862602 1.512554007 9.976552957 3.916858594 1.742726710 3.976136478 1.955220156 6.304325541 1.326370211 4.233460349 7.699390218
31.673868650 -17.323285629 2.637687878 0.733678066 -0.047550602 0.677658444 0.015312383 7.417375629 7.527368001 6.506143361 3.362604518 1.479952368 6.561944985 4.807724729 3.752596801 2.177643354 4.791591254 -4.411312396 10.674045719 7.900869203 3.687198746 4.916431164 6.653262618 3.800190647 9.912903306 6.051920526 4.908553971
24.661019307 -16.006827970 -3.851758949 0.597245987 0.278564852 0.673356621 -0.335096576 4.590858904 1.090515665 9.220055271 -0.066779230 4.939979484 3.685667970 11.164238800 5.134397717 7.910396961 3.546895204 6.938237493 1.140032010 8.062525461 4.079221845 1.352030622 3.360100471 4.273489257 5.008009531 5.287485217 2.300429848
24.699929307 -26.468856064 -3.868044338 0.012097124 0.867677766 0.106233407 -0.485492964 5.614424528 6.966328491 2.263375014 6.557015773 5.365009126 1.101888150 -0.705346872 6.073831087 -0.658991453 3.271061573 -1.716435353 8.280794267 8.339096007 -0.861130088 4.486107151 4.208691257 0.954914570 6.042078216 3.329441757 3.789858452
22.434928642 -26.671354931 -0.330753250 -0.405648836 -0.782763292 -0.373322581 0.288722878 8.602310204 6.087308636 6.014593021 3.876730988 4.020512872 5.977457919 2.113199370 7.749299040 6.954060681 3.698764693 2.684081171 4.637411895 6.444608345 7.170797654 4.201430145 -0.333015143 1.381475557 3.906848203 8.402388136 4.842677300
25.790785520 -17.643238605 4.484481493 -0.280658904 -0.412545577 0.862464342 -0.084805571 1.947479119 2.099907335 2.475975064 9.519576508 6.211546303 2.610984045 2.926180049 2.356244148 0.356226337 3.477502688 4.637869907 -2.006343803 1.495587114 0.519833183 2.811145351 7.389001495 3.985257855 4.604017221 7.590285527 0.162991340
24.613673129 -27.922849066 3.932941774 0.289952787 0.704152682 -0.311806731 0.568219099 3.994427412 -4.984848252 2.106852522 3.016326312 2.872499834 6.868960618 -0.608092578 5.071267342 7.023904607 8.721196684 1.958764995 2.936882319 0.338952846 8.197938663 7.030535346 1.981653069 5.483371009 3.383321763 1.011197300 7.477481432
28.680664726 -22.726339692 -4.083612182 0.539263778 0.273647273 -0.460043810 -0.650131864 7.602781505 4.485911165 4.109114209 2.362226019 4.085690818 3.239015862 3.524526201 0.181758832 2.961143111 7.241180341 6.575265750 5.121072975 -0.187078133 0.598168983 1.498574345 6.249749746 2.421072379 4.872903719 5.195137296 6.669722344
25.807130979 -16.233357815 10.450857427 0.348307215 -0.356547570 -0.855806622 0.138386924 4.817337178 2.641310282 1.345906887 4.092939087 2.094758999 -0.105715366 2.591544847 7.879917034 1.577816423 7.485938222 -4.330672176 3.796189871 6.040951770 2.304921536 3.991891532 6.890886936 2.981814946 4.485066102 0.451339152 5.437999631
25.152824454 -21.484581214 0.888249346 0.633092954 0.365093214 0.629107305 -0.264809847 0.390287105 2.548256630 5.861839993 4.903038244 11.675141528 3.382072282 -0.216456156 3.998433707 5.424374763 3.869621642 2.553054251 -3.782047780 7.138483665 8.243722741 2.600781036 0.773804658 8.053151097 2.657461046 9.364145650 5.421313732
26.353406852 -20.645078904 6.533369058 -0.158309700 -0.834644864 -0.416866702 0.323308123 5.267790631 0.310946162 1.934865766 5.356324443 -3.368572441 10.767147308 1.987660805 9.225668365 -1.584651668 6.683441535 7.529666952 6.529470796 1.338446288 6.663201901 7.398940038 5.325427362 6.483554153 7.166073608 2.352241376 4.244778523
21.569768188 -21.428607111 -5.549042893 0.010264861 0.952593778 -0.285741839 -0.103977539 5.355127977 2.494837517 1.425125297 3.279597290 4.341604888 -0.029206597 7.408892311 3.471372232 0.355195763 -1.203964024 3.709264194 0.989795639 5.646338661 3.003596760 4.935693175 1.519816670 4.411179609 3.257726457 1.076699371 2.648195335
23.615330737 -11.291791734 6.908459411 0.346773709 -0.264808463 0.406992982 -0.802484384 5.057489326 5.227295863 -0.544322467 -0.162315515 6.495629029 7.188095380 7.379600414 2.344812080 4.276716679 6.776356504 7.990687379 6.077119112 -2.881177603 5.834361346 7.549054308 -0.294609453 4.558955893 5.050774046 0.584295930 3.668455679
21.956358590 -17.306896324 5.991407880 -0.090192541 -0.004544519 -0.082483764 0.992492358 5.547784717 1.513904202 4.615794520 4.319637717 5.512621944 8.597354644 5.718382463 0.431553748 7.747078534 -1.841943947 3.391704431 1.584126494 3.983384065 0.978862694 3.182457398 11.436819786 4.067342603 4.081601160 2.562834885 -1.024470989
22.694616389 -23.319849551 5.808409654 0.771575854 0.244715779 -0.090476774 -0.580171391 4.751994117 5.231727097 5.126969616 1.543979493 3.227063707 6.628515328 5.334651707 2.338587843 4.728556929 7.513273715 2.438557548 5.782593474 0.397992105 3.757504556 1.847561715 4.645530681 5.584022102 7.230903866 6.914622841 4.128849205
22.368468940 -20.330725618 5.639999086 0.357122745 -0.030490532 0.265761394 -0.894932709 2.627366066 5.548650619 1.705276380 2.391713841 2.767075262 4.068302129 -0.406417416 2.487885817 6.241997438 1.870491009 5.638251257 6.249610522 6.416285873 4.955894589 4.823917807 4.816540773 4.800821282 0.527986262 3.701652657 5.706854183
25.930817184 -16.547515227 -0.335322954 0.155389575 -0.241712014 -0.308957308 0.906628239 5.450976723 5.233014841 5.801009294 6.310858361 9.148644439 5.869508429 4.434514859 4.638100556 3.050965632 3.814173563 1.134678261 9.092112791 8.379167303 1.645951501 3.535444021 3.644336323 2.028887976 3.736665652 8.515300085 6.202623717
28.814742290 -20.905788348 0.270600924 -0.361131297 0.068861688 0.920069872 0.135328065 5.137331176 -0.601924769 8.633504437 8.074582930 2.922811646 2.522252910 5.436706516 13.824885911 7.041513079 2.711562641 5.219778203 8.303465276 10.471233338 5.985446779 5.665697394 -2.392011386 2.700793906 6.644031203 4.842185208 4.353451759
17.229547531 -26.490093144 0.974802218 -0.881248539 -0.344456368 0.262302390 -0.189600316 9.228061400 3.045470740 3.790517485 7.114281653 0.734093826 4.156409270 2.168276334 7.455333764 0.961017033 3.667774076 3.132129489 5.089725228 0.037216371 6.460677102 3.985644712 10.097555466 -3.747143787 5.052729087 2.584141491 3.382306740
19.047125713 -24.844801402 5.995259055 -0.657482162 0.581657730 0.423116942 -0.224418237 4.322125113 2.124762516 4.729583484 5.417235751 6.164643432 6.718177089 3.754049147 8.499172417 6.785096074 4.228207279 2.598981193 4.539289636 3.790021232 0.518160385 7.358984898 5.733849692 11.393358295 0.086545737 6.303483635 5.974663629
24.635013361 -22.273795557 4.504494483 0.137623759 -0.126567819 0.980549673 -0.059687754 1.537991557 4.791866375 4.034493832 0.463456367 0.958974979 9.225662347 4.657911568 1.048441144 3.738806575 10.874607573 5.432573200 3.634609628 2.851412160 6.809155034 1.112901719 5.471948002 2.724074363 -0.029990528 0.476467953 1.993284694
16.583474047 -18.975580851 10.639260073 -0.402750149 -0.212169588 -0.862464592 0.221204002 2.420882618 2.822302138 -3.045155517 6.218333358 8.877146748 4.330917008 -1.598649371 7.680727069 6.009075990 7.487655885 5.499684142 -1.044804635 0.903899002 9.180902999 3.513030227 2.653888780 6.166945590 2.012008716 0.181480074 3.696800644
30.721412090 -24.353581710 1.986186579 0.456569184 0.137720984 0.824454336 0.304717179 4.916510327 3.873480862 3.953565762 8.107883662 3.034059596 7.748989888 1.094117796 2.223900879 1.743655015 4.316431579 0.910398780 6.716803192 6.222358426 1.466623326 10.671155761 7.946603348 5.517786307 2.373555076 4.414401495 2.456219305
18.238464755 -14.799476807 10.053384745 -0.678884756 0.353345211 0.486906666 0.420932950 5.559370180 -1.793072484 8.990605922 2.887791100 -0.512228770 8.150856312 2.512066163 8.965190513 0.519881999 4.074863781 5.230214073 3.862278237 3.317008352 8.495502046 2.992295956 1.458429056 2.505002195 4.763368834 5.188708865 1.568199064
22.262415615 -18.283437396 -3.963241057 0.342923722 0.615041086 0.165243122 0.690523348 7.280486998 3.544543990 3.226017286 1.564072786 6.691002277 3.569236498 11.139168029 2.048687671 8.425552917 -0.608382040 3.284882756 0.830405904 4.321549109 -3.231941628 4.362410318 2.713306138 6.646693895 10.453764282 4.397832799 8.079634998
14.668366048 -23.404569303 6.149789348 0.331976209 0.791832681 0.464976259 0.215846892 7.892248685 3.599522668 6.609435481 2.831586648 -0.518588914 2.513492978 -0.224874569 3.031643278 0.212884184 0.076628534 -1.023225351 0.713541480 6.824110540 7.405324132 8.468510841 2.755204270 6.898500790 -0.897284444 2.544665962 0.244814692
26.647714882 -21.399125991 6.673830888 0.162728206 -0.978636529 0.060762906 0.109990654 7.820492716 0.565007128 3.510856716 2.912858057 5.735660827 -1.149213943 3.368565915 3.786445958 7.908094017 5.709004442 2.994929950 11.534410685 5.255958336 1.880473437 2.150299212 1.876556232 3.856134204 0.260455879 5.170757099 4.107059511
28.199928890 -15.623065453 7.463815182 -0.180519318 -0.525868552 -0.828695813 -0.064329559 6.561829327 0.586745574 4.432270903 3.750795842 4.454477719 7.098522410 7.757854075 -0.898141096 5.918308129 8.973547955 -0.097344291 4.283548628 0.831002685 -0.338206450 4.972176864 1.656443397 2.843369550 3.488411255 1.622098466 6.721992119
23.495147414 -21.712760825 -2.917071041 0.267577303 0.461979352 -0.678540957 0.504539032 1.724585923 7.772727258 8.941765705 10.905159148 8.270947220 0.579442925 -1.787260014 4.858463643 8.610122673 7.263110102 3.459194518 2.341029724 1.796034344 2.669393048 7.324834144 5.797242900 1.426870728 0.265229810 3.625715476 2.408955539
29.857557374 -16.958311719 3.638258867 0.699093487 -0.046336902 0.494587426 0.514299976 3.382401874 2.481166781 9.202490330 3.269755722 9.230920824 4.521214231 4.041059215 6.250856278 1.051343130 4.909857775 6.142360406 -1.449321301 2.471033440 7.301071729 9.411508732 1.055986252 3.390961603 2.469767316 3.825531769 3.446182558
21.067236025 -10.784079151 6.062032932 -0.483118856 0.616781174 0.444244832 -0.434538471 2.571339019 1.990555941 4.853145980 -1.890268562 3.703403316 7.699387378 10.063327774 2.804455707 7.400491512 3.838800846 2.765685691 6.613918294 2.882880855 6.051680464 3.920476129 3.272892862 6.201893463 3.575784834 10.639143378 4.000744436
21.648781163 -13.590676778 3.138998734 0.662329327 0.288908558 -0.686366206 -0.082177490 6.325740225 2.250413268 4.616820510 4.467652437 3.496227598 1.590759101 2.249034785 1.969433322 2.354449649 4.868645870 4.893516891 2.367662245 6.293265352 3.355607781 5.555527723 4.445963339 4.804678729 2.664783600 3.586888522 1.230131773
23.868150881 -12.712028281 0.691907505 -0.314856023 -0.691888376 0.499150691 -0.415938395 3.094116660 5.336223206 5.871471610 2.709098865 -3.304665068 3.281528170 3.415911947 -0.235144711 1.988242894 4.666325398 6.195101161 3.310975350 4.315073110 1.293550747 1.137481416 3.875016289 6.826511713 0.250485447 2.951405994 1.791729283
23.573633997 -18.725170810 1.347460340 0.423625065 0.892566734 0.142186713 -0.060410008 5.524319384 6.279419291 3.345031637 2.677791628 6.384928272 4.413934424 8.973264382 3.075655194 7.082131183 -1.330629925 1.690314061 1.154099888 8.502591742 2.268959464 2.930077619 1.181040150 4.812754399 3.428901997 8.630418479 -5.383565025
21.664303005 -22.328221702 5.898301186 0.095030052 0.730039968 -0.049253432 -0.674970395 5.373928196 4.269760856 0.373310918 2.011382451 2.094023697 2.060459838 3.448072448 6.071129314 7.391348111 5.518101010 -2.546323424 5.699684081 5.266326403 1.680541728 4.357578381 2.205910568 4.445585387 2.280165522 4.292919841 -0.794755299
13.592020545 -18.454723443 6.040883817 -0.342809718 -0.272200853 -0.162108527 -0.884369277 4.902146509 2.204389752 4.986103155 2.514512403 -0.080044084 6.087385987 12.667306633 2.500553653 -1.684535983 5.039802582 6.906355314 7.285849793 4.929952438 6.206217475 6.201642583 9.562499851 5.806866357 8.426039665 1.418179078 4.073600211
14.985824809 -22.373113193 -0.600662778 0.201130472 0.105279437 0.478740681 -0.848097950 2.303824378 5.724697265 -0.244566782 2.410829119 3.769767295 7.478630467 3.960717571 2.257781243 6.288761630 3.959753967 1.352193624 5.855932159 3.147262691 1.339885979 -0.189536892 -0.351363328 1.502432240 4.077933572 4.909088725 5.701849927
15.779226039 -14.492766801 1.411275576 0.506008962 0.302396808 0.687522585 0.424056359 2.128002633 5.416934391 3.722042306 5.653179336 4.201875688 8.272840991 6.268933703 8.235339216 3.172564680 1.749060850 -0.901087722 -0.868245539 1.306317627 0.517184206 3.913524377 4.496692081 -1.229465226 2.715229252 7.110203641 -0.236751779
23.492389084 -22.850539322 9.427052581 0.964646874 -0.076381285 -0.023897694 -0.251099997 2.578199985 7.268731929 6.401885492 10.984515318 3.734885761 6.603987245 -0.323267022 3.614412262 0.374499404 3.427974505 5.228509440 5.935625484 7.930292405 6.944877749 5.278168888 -2.518177754 4.157506264 4.468784537 2.139797540 5.707930626
23.782035431 -15.890991260 9.325419746 0.376605025 -0.604930194 -0.701340885 -0.018683630 2.202830575 3.129763726 3.892413759 5.051592850 3.381657782 4.449790549 -0.210135923 3.249905374 3.018624985 4.957750607 6.296103665 3.902259653 5.972585370 3.605821965 2.176034335 4.695885748 3.711140101 5.915443455 2.330192137 5.344430436
27.929322632 -23.842959719 -1.405669585 0.962089402 -0.093370927 -0.169229312 -0.192424768 9.854525571 5.972783607 7.275528854 4.903823229 8.125486959 8.364032164 0.132987869 1.409263223 1.751786792 6.237703702 0.932185863 4.993785765 0.275625593 1.175242855 5.954277077 2.430948722 7.074142170 2.651722072 4.205836878 2.058289404
27.484442585 -19.063966233 8.093860034 0.789780665 0.550757090 -0.033394290 -0.267951394 8.848736099 2.463044907 -0.930549907 -2.754745911 5.058351339 0.380365107 -1.125641307 4.635120140 -0.110577740 -2.394635350 6.239336242 9.548425126 8.165655320 3.559290160 1.466174034 4.431861819 8.325078976 10.691129870 5.126620431 2.747783719
21.972076372 -25.516614876 -0.554522183 0.264215515 -0.242145807 0.080630925 0.930082912 5.701595486 3.226352138 4.095232810 -4.469996218 5.313078551 2.735884139 5.734786068 6.951775873 4.172230562 6.641516070 7.643200927 1.522964698 2.628080503 4.806142929 6.689852741 1.176478763 3.138107094 2.099791233 5.242890918 3.253685495
22.599597280 -14.979744423 6.372768178 0.242738290 0.966767605 -0.066870654 -0.044349016 3.391168318 2.664849346 7.850924056 3.996647615 2.740861711 10.569686996 5.045327147 1.493584919 -2.033688232 -2.121213006 9.644407192 3.888948336 1.336846055 5.858816133 0.756894693 -0.463174038 3.524374927 5.308745847 8.102268325 6.393308792
12.983918832 -20.783504346 0.554560865 -0.644238897 0.444468660 -0.069701549 0.618502666 3.855742564 2.905733825 5.373120081 -1.616035831 4.269294573 1.390596438 4.924335825 8.302601112 3.856331894 2.900716972 9.659712690 2.226990141 1.987704779 5.007140663 7.211896107 5.739375007 6.634790176 4.688560557 7.190059471 8.780640355
22.764409899 -21.761540398 1.657970455 0.402662151 -0.564775129 -0.363058284 -0.622158282 2.025889605 4.916130566 4.405939223 3.589373088 5.983181277 6.740377943 6.430431523 9.103272671 0.180199605 3.937590580 2.128964651 4.019256535 4.229423372 4.106003015 6.490811138 8.767400278 1.912099027 9.922291065 1.448846523 0.330835630
21.924695798 -29.130776072 -0.550872779 -0.803947407 0.469297789 0.360380490 -0.059615889 5.231479750 3.265177717 2.119319046 6.829162876 0.511899757 7.232535502 4.753737181 2.524730201 5.461533122 3.906447403 -0.946034350 4.357132416 2.835984758 0.915737767 -1.169658589 -2.227372541 5.924260739 5.924101778 3.875096169 8.447854377
18.499631629 -15.119772642 0.630118342 -0.354102899 -0.907213962 0.099204923 -0.204284967 5.732550552 2.767146327 0.875533590 2.703522841 5.581698631 2.462839503 3.931887060 4.070468075 0.015024796 6.098155196 9.194465954 1.640754514 7.171646171 3.362336749 3.021048176 2.948068899 2.197758235 3.541038884 6.066068521 3.962378446
19.555207853 -21.654186637 -1.255381727 0.088599998 -0.314400627 0.709290122 0.624667759 2.455355386 -2.708809678 6.326904793 3.680275068 4.132215710 0.240498365 7.063165073 7.123557192 4.284029984 3.452659454 -0.221954216 0.608291801 6.617467922 3.413357375 3.740293190 5.925198521 4.610586692 1.725122454 3.957547321 6.334426487
23.456020361 -24.872943959 8.147212620 0.250523308 -0.861269474 -0.440351810 -0.039284191 2.029410642 1.350286427 3.570118663 1.492360906 5.028871352 9.019385997 2.064718645 1.969671902 2.893211074 0.873157549 5.391130045 7.970957985 6.599103256 1.752832442 2.608409561 4.161898101 2.550628788 8.657613504 5.551339477 1.232048372
18.297527564 -21.112856876 2.712365745 0.239880534 0.685879411 0.682884711 0.075466774 2.091664522 7.595837931 8.115037870 3.609453744 1.371178515 -0.946933957 8.127774391 3.987529460 1.879032952 8.017160499 1.498297659 1.729119072 2.160519033 3.531852835 1.291067059 6.202507757 4.038014539 6.756592611 0.597797532 5.993797126
26.237544706 -14.231926271 1.373223310 -0.012090034 0.362440383 -0.042396103 0.930963678 3.333629326 5.570801635 4.422577486 4.374778489 5.747596602 4.993819901 0.984637743 -2.471276142 2.488349832 9.382315490 5.137691046 1.075577994 0.542912127 3.368036256 1.138580519 -1.673556460 4.759030936 2.243845986 -0.533281001 8.891356390
14.677090471 -15.210770579 1.306194020 -0.494674017 0.712678622 -0.315550050 -0.384467119 1.208419485 0.560341219 7.150590993 2.968905708 11.766886934 0.580010075 2.982645132 5.305433744 1.331193303 5.071720855 -1.041354135 3.126344560 2.968144512 5.769411906 -1.751831690 3.303175556 3.900613878 4.156132463 3.038819790 -0.342679467
26.692603245 -19.318414063 3.740767481 -0.756437374 0.205295017 -0.515742354 -0.345928142 -4.409013843 -2.364884398 2.447352163 5.904587227 5.580161208 5.332063333 7.810912483 5.588258946 5.563913080 4.679490286 4.452252434 6.955563288 4.467069200 5.389155509 1.827344197 4.380564123 5.671630523 1.227683632 7.716454954 1.469401275
24.923664874 -16.927838052 -2.710050724 -0.489757148 -0.735870032 0.423450929 0.198299122 3.469926013 2.555747124 1.942394087 3.517175579 6.130269927 10.336592143 6.236905957 0.622594316 -0.656955270 6.871542259 4.875132030 3.615843651 5.401445596 8.037774414 1.746222037 2.536253141 0.666053100 9.415562492 3.214269056 6.333885554
16.394894097 -14.427841120 8.182201811 0.403640900 0.498969350 0.320509151 0.696690387 1.995529594 -0.826987697 3.954583606 6.212165029 -1.364400668 10.256537629 3.952577728 8.078516957 5.814460117 3.930769125 4.655324615 0.176169101 0.969090195 3.586445281 4.505483835 3.781041294 6.277963948 6.080973803 4.066622087 3.832849270
21.364887677 -19.080889452 11.163547457 -0.318355727 0.273932095 0.583890150 -0.694754007 5.090674916 4.983748205 -0.880818008 5.768995227 6.556992888 0.976215476 6.649915402 0.860485053 5.119196505 4.933079237 6.384533908 3.512163926 7.792876659 5.949729030 1.425599904 4.422912305 3.898396318 1.048306059 -3.456753093 5.563660472
14.781493732 -20.761516363 5.826970299 -0.264775618 0.784810407 0.166099591 -0.535142433 5.629774878 3.980719117 2.642497984 3.283752833 6.250791473 2.763165712 7.523036474 0.992010764 1.534291041 3.238322028 0.474905028 3.031494648 5.493553700 4.316640819 2.752286904 2.245995104 -0.138232998 2.406793891 1.888684556 7.026085527
27.108996510 -22.252194161 8.901708104 0.679179107 -0.733362682 0.029362319 -0.005724629 8.421812570 3.268223546 3.309250376 5.000854205 -3.415831529 8.095968641 3.050162650 1.978571022 4.730550343 4.784965203 6.696130776 0.842343065 4.888515804 1.139191313 6.204033729 3.460822373 6.852132635 2.620278594 7.049211964 4.821035291
22.270588216 -15.296588108 -0.852828736 -0.069841020 -0.191246653 -0.519956989 -0.829573191 4.364049605 2.002690823 5.573772604 7.863210299 2.541427574 6.340506787 5.409084111 3.583378896 5.308441564 7.250150205 3.901930637 -3.812496536 0.763864126 5.173207109 1.203248352 9.083291443 7.610324067 3.955667888 1.042313579 5.998433801
20.860948389 -21.274502213 8.631608873 -0.500402228 -0.750208521 0.283892765 0.325867585 4.582137097 6.925330330 3.978768556 7.644269764 7.497094129 2.992711011 3.049692729 5.096025266 1.728979178 1.550412903 3.169230357 8.647051292 5.913563096 6.331363471 5.750730281 4.064151817 5.102061941 3.244265857 -7.436857212 4.787615222
18.611213373 -24.997746831 -1.738805350 0.038464024 0.825055432 0.241389375 0.509445996 7.798327429 2.857287256 2.310163253 8.426360022 4.359357387 5.103040905 5.679654289 0.985278968 1.558280441 2.484216327 0.386292903 1.111311727 4.203837483 7.672433257 6.973527794 2.809266629 0.783666816 4.349515512 8.704147522 5.754731468
23.465031830 -18.056464259 -4.731938773 0.937052305 0.184126740 0.233400328 -0.183179169 3.325348255 3.159270697 3.674090754 3.047431362 2.121839119 7.549074627 3.019848695 5.479461496 2.904006713 6.906136998 2.213804211 2.132832276 3.154927548 5.924316626 2.836273583 4.921717124 0.920145645 -1.205431173 4.324423774 9.279655657
17.832451873 -16.532167838 0.262452091 0.416788605 -0.834151243 0.038126354 0.359200980 2.978800999 5.824826357 3.432490222 5.002595681 5.215525836 6.349668493 9.623843876 4.307528316 8.595006870 6.172863048 -4.950402763 5.306686516 2.473080675 1.275519674 4.831402549 3.143557913 6.799290678 7.887511906 3.766215461 5.582169188
31.010848511 -18.733960519 4.280462004 -0.192085841 -0.709905206 -0.662956501 0.140093918 4.248871036 7.350361139 1.783463802 4.664049133 5.784860933 8.210838863 8.646659425 -0.305164342 2.703587405 5.218852866 1.265370308 0.264828176 3.088053868 2.207073859 0.548687517 6.127542110 1.288209481 14.995643598 3.253496240 5.500045421
19.433814502 -20.104236414 9.124876728 0.523504338 0.699100573 -0.325219201 -0.362538369 0.540708996 3.017987187 0.493819691 5.208485716 6.355852024 2.327337180 8.529855456 5.810516710 -1.137750866 5.519632335 5.912284531 9.202157919 8.905122354 3.616208778 7.633405055 2.761289024 4.745237287 11.252762255 4.272097393 5.880843829
26.936544053 -25.006623805 9.502615833 -0.065718240 -0.279886813 0.688434294 -0.665884906 1.315903768 -2.839489445 0.139066340 8.631901592 7.080932885 5.380445683 3.899792709 4.032783920 2.322410823 7.295251136 6.255656414 2.978466097 2.172389724 8.034462654 7.410269983 8.326117441 6.389775011 1.182324351 8.651753354 7.684710669
27.335893468 -12.904387532 2.538414442 0.537131564 -0.132105777 -0.814976961 -0.172772395 3.274922737 7.113272323 7.764619198 3.905739642 5.192426488 1.655202719 4.479384914 5.770763747 6.946684692 4.558904443 6.774923195 3.087466578 3.558485509 6.159003464 3.057482549 7.313012611 4.758454939 3.524636599 4.752955243 1.389118593
15.880726549 -17.713075918 3.069886202 -0.590007859 -0.046431280 0.107754567 0.798826525 4.035731831 8.106431659 2.517220933 5.274257706 11.609833780 9.114601060 3.520345397 0.505015283 3.818042273 0.350829906 8.286647392 9.194673802 6.176408751 3.423367771 2.110348807 -0.747897104 8.161359566 8.452616620 2.287997592 3.828836304
13.813482956 -15.720180632 3.526627283 -0.654314479 0.249834511 0.694855536 -0.163190268 6.630537883 5.964396989 7.781316685 8.605043682 3.546244627 2.517156022 2.756148451 10.452287485 4.532941583 2.903732411 6.797074558 0.987450004 1.142643313 6.224990273 6.712664896 5.732695807 7.744437053 -1.296568957 6.164124930 3.842459868
21.369383739 -16.996080398 2.385429247 0.243232115 0.378451188 -0.108242956 0.886507924 3.839498145 -2.907037999 2.852561807 3.551732355 3.593850162 0.975618409 -0.469069514 0.162237907 1.782255898 -0.228875653 4.937650386 2.188028428 2.607879747 6.202668614 2.210435431 4.410270873 4.196998176 4.555806819 4.785021011 2.871809527
20.731885087 -18.752302199 1.578565825 0.170824871 -0.753198231 -0.288799682 0.565779137 2.343099609 -1.031904763 3.296327670 0.123932479 2.993070083 9.799147545 4.753909232 6.039134442 2.428718712 3.904654778 -1.607499889 8.558678337 6.852259799 6.405676509 12.131350794 4.233914931 0.669722750 -2.915171236 5.668550155 6.318355128
22.455139476 -18.902003098 0.930412127 -0.422066982 0.597771347 -0.584074346 0.351263487 6.105652648 -0.090569354 6.411189344 4.808951582 3.195950417 6.574971812 3.839257351 8.263208996 -0.327623121 7.863061732 0.878814696 2.714091187 1.193429944 6.743278348 4.303187301 4.400833024 2.782654704 3.312402678 6.816832649 2.653290717
24.776079218 -22.841718742 -0.500411742 -0.279647602 0.697007308 0.406733700 0.520140106 -0.016779285 0.729598232 0.299744697 2.952704778 3.585396585 2.846189099 4.813784554 5.200205259 2.655399242 3.701959314 -1.502442798 3.512516084 6.190067448 5.665870342 9.490473626 1.382221154 1.864280707 -2.208972235 4.444957968 3.079315734
19.412346812 -15.635288865 1.235993641 0.386948671 -0.525084998 -0.433858792 -0.621548887 -1.405996863 6.325048274 4.183708016 1.055662032 4.296876728 1.436068444 2.824254763 6.727752017 3.156575523 4.647954706 5.196822332 6.542561416 1.701961349 2.598646687 8.609788291 6.532738817 0.197898675 5.224809683 5.531596425 6.767752687
19.832432452 -22.412318143 1.768029518 0.512444875 0.745677719 -0.009836943 -0.425756061 2.835540845 8.275301266 4.050308699 11.662356164 2.547524774 6.617632570 2.179590429 -0.991287326 3.315474360 0.575707429 2.341113217 1.872043778 3.628248665 4.547516106 10.121743902 0.707470337 8.841815052 5.608685598 3.930588352 8.628515489
26.305561354 -15.449988099 -3.377779153 -0.595590561 0.162300120 0.007384873 0.786686735 5.981567592 1.271242709 2.292751155 8.241303731 7.184494631 1.409681476 1.632286470 4.488156377 5.867360165 4.773131323 5.283566626 2.713381854 3.127692312 1.843476358 3.702047360 6.902870521 3.027930586 8.867285644 0.715542411 7.743138513
24.610068887 -14.300868592 8.306418718 -0.196065247 0.730214209 0.057270119 -0.651970675 3.204811205 8.035374282 6.392162222 1.896866877 6.051733465 2.913718250 1.909337883 0.634652545 7.658586278 4.960604249 3.145784396 4.854981949 7.654623103 4.587355642 4.590055670 2.947508145 6.637816849 7.990940670 5.566172481 3.303446563
16.669885213 -24.494966365 -1.600819578 0.464619292 0.390390798 -0.329437958 0.723321899 0.775010014 8.698305412 1.991320529 4.627806676 6.109180423 2.447595224 4.710774028 2.321753133 3.031310043 1.608240623 7.319238838 10.597138651 5.304530633 2.284310158 -0.499867654 -2.055740970 5.376637656 1.044883654 6.838794541 5.815193272
15.863002483 -18.938120319 6.699164704 0.318350160 0.556838428 -0.009316770 -0.767135802 1.448271266 6.294822765 -0.312859099 5.364480079 9.373992613 2.943438795 4.481532816 4.651521405 4.777522300 2.520380148 3.862273095 7.794878139 0.583182098 4.932172278 6.547579426 6.897890174 3.580298584 3.651479981 2.809724265 11.030523043
28.627662883 -15.583098656 -1.038280924 0.548733679 0.785705145 -0.058350208 -0.279560421 6.009618347 5.235866183 -3.414240934 3.728493375 3.826563434 6.482031847 -2.364602226 6.440959165 5.353683506 2.493469677 -1.279904974 3.005365676 5.069083180 6.617165164 5.924651885 5.921782058 -0.827249230 2.553026135 4.391082195 2.168241456
24.161830163 -21.690381536 -5.427590007 -0.089615266 0.858352419 -0.488666042 0.128084845 6.136908318 5.417133981 5.410264436 5.569993280 4.383870156 7.795297656 -3.911626453 1.511014155 6.295778357 0.674497642 3.998057660 2.234983065 3.032988961 1.721969589 3.788538958 -1.163437621 9.443357523 6.632826747 3.338292206 2.104920909
29.943478391 -17.381457010 -0.515030228 -0.070648505 -0.383407820 -0.803205135 0.450409528 -2.589978100 8.339209457 4.767502538 7.845672222 5.415541954 6.309410114 4.535745115 7.497585668 1.883561986 -1.502598273 4.240417458 3.621649960 5.899362862 3.070288586 5.559260401 0.291312646 1.591669310 5.181586705 7.378761472 1.112912811
23.640197973 -18.448491709 10.623644208 -0.933729640 -0.159813514 -0.276479846 -0.161763700 2.669060043 2.211368989 3.570593256 7.469009483 3.273114082 9.439347722 0.957154931 3.962580264 0.895856713 5.383287080 1.216558095 1.721694853 5.317316091 6.635990543 5.169045367 7.726237808 3.123074341 -0.808461468 4.242800644 6.799798359
27.174612281 -28.346880722 5.082737524 -0.433074018 0.362795666 0.326306748 -0.757858895 2.251429167 2.699525533 5.111918770 4.388230772 4.327056225 0.713910546 6.507596684 4.133234786 4.024918364 6.307722202 0.743589917 8.266994997 3.663996604 4.792621988 5.929891710 4.564855382 5.226783130 6.246918358 9.563978091 5.181861298
16.900471803 -22.648811929 10.195894879 0.561512396 -0.333329353 0.746328126 0.128801008 6.440544732 9.009548594 -0.637665401 8.030317577 8.239964084 4.140450077 -1.031122316 4.369242676 -0.013872593 3.902125162 5.358768231 3.569127304 -0.917809978 1.277585107 5.777213669 5.932451947 5.677837231 1.291416182 1.899341397 4.583833773
30.766147745 -18.468542405 5.083307831 0.586211357 -0.655721994 -0.446887107 0.163330417 2.937405781 0.818819327 10.400081421 5.119250194 5.846648725 5.612686358 2.483338789 5.777830042 3.757601460 4.435084186 0.641277740 5.134772183 4.398830565 -2.516031278 0.100213491 4.293315404 4.449971467 2.894970535 12.681293445 3.826876079
21.179018066 -18.175117288 5.213091389 -0.277953349 -0.217177694 -0.889595318 -0.290165392 1.897197507 0.987477114 -2.265422261 6.215512023 8.141618562 6.632503198 1.376217098 0.219906174 4.258736308 2.564525841 -1.710094165 7.534186467 -0.529115588 2.916076289 4.026545015 4.384394399 3.895705033 4.550288110 0.377114122 3.175248546
17.302145012 -22.644157223 1.975832183 -0.305868332 -0.769074921 0.443924942 -0.343364202 -0.155724025 6.708129531 8.633692618 5.901680499 3.222437595 7.632511632 5.751555704 4.033294442 8.812552577 5.189777341 -0.675778429 3.478075785 5.883728142 4.461270499 6.092715727 2.511931370 3.934152175 6.873712675 0.678561509 6.208140533
17.524588126 -22.356798719 -4.803044994 -0.631376760 -0.404732104 0.077905777 0.656875940 3.634827974 -0.033071466 3.774134662 5.023148307 0.271607349 6.957870888 2.777237827 1.926532247 -2.365520175 0.984147489 1.154204956 1.414039312 10.678809198 3.864895184 4.812331333 2.663468207 7.929927819 4.218210401 5.302033368 8.965678986
20.120164695 -10.484191980 3.197781682 -0.212710210 -0.899445164 0.342938870 0.167766789 8.709723101 8.443376501 2.296619062 3.897519137 0.015618921 -5.498408974 7.653715892 4.429383642 -0.111898246 3.934135783 -0.113648350 2.020737730 8.704207859 1.813879262 -0.412604721 3.770964017 4.255356052 -3.617878578 3.150193881 5.971626198
27.447719115 -24.955531024 -2.497465469 -0.514432411 0.661010787 0.223659634 0.498397836 0.883700338 5.405697818 1.737734332 7.719353277 1.410975430 2.191334484 3.801794667 7.158428060 2.108104099 4.079322177 0.844237820 5.677921208 1.428685590 1.645414416 -1.825709974 2.999091543 6.851910841 1.501486048 2.113637860 5.547265751
31.758199651 -19.984368694 5.471437288 -0.055054246 0.366832708 -0.067623395 -0.926191055 3.196846253 8.370116892 5.720332080 -0.852221317 3.826078205 4.632757204 1.984048646 8.870281677 -0.924161470 2.123014158 -0.396674512 2.829099798 -0.801274674 3.006083151 5.671898844 0.961395592 1.914347584 4.618500333 5.565652246 5.322776122
23.713757432 -20.387814606 3.871995714 -0.457413709 -0.621735278 0.314453274 0.552573146 3.981726826 10.031795177 4.134523572 1.734210148 3.650141899 8.384587795 7.068640311 0.850959455 3.099242673 3.449305070 5.899604895 -4.964159018 -0.351864951 7.568520445 4.536610953 5.292356365 0.778211555 7.906553252 3.296632987 3.052870604
16.367484780 -20.508150570 10.486283263 -0.310179834 -0.694873474 0.546469926 -0.349728388 5.829909566 -2.554384619 0.544455123 9.133270448 1.548238918 1.573211129 0.066307918 3.156396728 -2.796652886 10.598727316 0.396647737 4.008062887 3.097732165 3.740580890 5.606385916 0.577096983 8.326369383 -2.382407616 7.686385332 6.112508104
23.609882931 -23.047112686 1.657962893 -0.028204378 -0.976660428 -0.072052851 -0.200367932 3.542141902 2.122314358 4.029212491 7.344792758 2.656461178 -0.549645227 2.964977910 3.371025384 -0.494778937 2.794791172 12.352410028 2.150672674 4.186000893 5.812015486 6.208246616 2.476566178 5.578109081 3.014992875 10.299890487 3.072058019
18.762981526 -26.427448245 3.953081003 0.134664735 -0.939913513 0.116023885 -0.291490060 2.008472726 3.518883786 8.416057043 7.512422460 6.134951764 5.937961681 0.519840973 3.393400245 2.491346686 1.548174014 4.215294838 1.126756783 -1.077718252 6.846031794 -1.147558176 6.097701880 5.229466582 8.343942450 2.374758836 3.375270516
25.633250149 -16.973037584 7.313700984 -0.397917449 -0.633422245 0.436498663 0.499906872 9.739355287 4.684417565 8.416454492 6.003798264 1.128761762 10.263056329 1.474576790 3.088643321 1.685591627 6.125303838 6.108298308 2.670498118 2.787761814 2.574502290 0.846882893 2.997797747 5.067944337 3.150224459 4.705644287 0.585661199
14.455586530 -19.185748479 6.351980849 0.002276659 -0.766616252 -0.376608706 0.520057903 6.054602872 3.223105001 11.475588526 -0.932891734 8.345727515 1.820140462 5.573720672 4.228635995 6.058429932 0.649442724 8.151168915 0.627994378 4.464631550 10.616992103 4.299045277 3.898056787 2.634854951 2.216560571 6.237801179 0.867957286
25.030283956 -15.518590647 0.565955697 0.557096705 -0.667834110 -0.356388364 -0.341508707 3.219244945 2.899957790 5.662822782 11.383202957 -0.718704158 5.851566686 3.385890205 3.001822184 3.504987303 7.123058948 3.963030148 5.306327378 0.326482646 4.919693507 3.904544335 4.922945705 -1.566072414 7.299979996 3.248579594 2.450644027
25.243265325 -11.578543414 0.922204418 0.104638067 0.990903192 -0.083232887 0.015297903 4.327648924 1.017135274 0.818998272 -0.548822770 2.878301483 6.145054839 1.759967723 0.124083988 5.163225519 7.525653073 1.480077227 3.932394715 4.275855477 5.197304936 4.032330195 2.661192020 1.446166741 6.658194942 5.537161060 -0.875537859
23.749185343 -15.260216164 11.775318464 -0.313450174 -0.321204831 0.270888560 -0.851584307 2.869346795 2.592836568 3.695495929 6.793430885 5.128607440 3.012818698 1.763988169 2.316771103 8.503226066 1.116087788 0.117841534 3.541603636 -1.807309193 3.930564409 5.634668323 9.458199499 2.795977439 10.612635602 5.631263119 2.429300273
23.290658817 -12.428975013 -2.570376929 -0.002790688 -0.602077191 -0.398518327 -0.691865891 0.392416439 3.380030226 -1.664742337 4.097643736 1.543269598 5.808131897 1.994413478 4.707533352 3.577964493 3.370353124 1.409736459 -0.792637511 3.294167788 0.963634282 7.085759105 6.856150041 0.623209580 4.347968622 6.811542998 1.628439989
18.337677544 -26.355297124 5.130846457 0.521851885 -0.244289819 0.348913000 -0.739089178 -5.094872117 9.943872131 4.590651008 6.194148126 5.061412128 0.716255667 7.911660057 2.450153818 7.261084420 3.358002327 2.569731655 3.559496285 10.023894167 -1.504269060 5.414246652 -0.287188368 9.190989940 1.999657821 1.455180673 1.449283632
