-10.513270858 7.405721464 -22.978076222 -0.042711850 -0.538618233 0.380696631 0.750423995 5.775986152 4.779040922 0.826017490 1.785866189 -0.393131833 7.312376480 1.767041776 3.954439040 -0.330612764 8.048268542 -1.375466040 2.125989703 3.348264869 9.226976270 8.047897728 0.707323038 4.997242452 -2.779754906 1.384220806 -0.809918690
-14.021174509 15.215876124 -24.782744218 -0.595973893 -0.125198232 0.743436094 0.276483806 6.203872926 5.108110128 6.649128112 8.323224296 5.892778104 0.927680317 2.024999505 1.646752574 7.220033945 4.412517811 2.840777696 -1.520625141 2.050474507 7.633241039 2.491927056 2.225028908 8.331332084 5.708067041 2.546544086 1.039625912
-20.692002652 10.663714573 -18.436816791 0.216303283 -0.550175742 0.680166568 0.433466240 5.689030542 0.939533818 3.548921369 4.473329454 1.425145125 -0.363819758 5.055917054 -0.844175019 0.662429208 2.372736974 6.801009842 5.195081267 1.329518368 3.055066466 9.776873897 1.208616794 3.482828246 1.342199003 9.709154648 -1.336702970
-9.987043731 19.775030705 -17.863788054 -0.384066845 -0.891533498 0.220511415 0.095054704 -2.075399670 10.599320126 3.883897400 0.825860865 -0.499412739 7.241826347 2.327902059 6.250779372 5.517660313 3.312132744 -2.299370252 3.482853371 0.697777869 1.178654117 2.549987303 2.630941890 4.823340795 2.902756431 4.432768322 6.017744102
-18.789360144 17.478282618 -17.306052358 0.395800732 0.622894452 0.464295560 -0.489667147 3.048368344 0.996627878 7.661360782 5.801634697 1.087435572 3.574960770 4.095246972 5.674578265 1.478113242 1.603962121 1.930239781 2.664454400 6.923300386 3.077224498 -0.713425762 2.863866186 2.244462348 0.728075550 3.673173490 1.936611814
-17.795025546 7.916572053 -22.440974791 0.819206615 -0.359399875 -0.446458685 0.020171632 3.123552059 5.526756029 0.632117711 3.879896257 -0.271037848 5.546855157 6.824486316 6.006766454 1.379463102 3.238725685 8.680113200 4.928834420 3.121830222 0.233961505 2.593015165 4.235899983 3.195768432 -2.888751189 6.945556785 3.194661491
-10.500895583 8.891412053 -19.059049835 -0.534742484 0.805721145 0.111665575 0.228898912 2.807289721 7.470647441 2.980016238 0.071845382 0.021157874 7.653909651 -0.153252780 4.921675520 5.210253819 5.672490212 2.231722332 3.208082365 -0.735883871 4.564355815 8.447738375 6.722952982 2.730845221 3.160914710 3.555103554 1.876793135
-7.731289314 15.296926789 -12.483554809 -0.562396198 0.124189274 0.323502215 -0.750755525 2.167794643 1.332244299 1.573499536 9.046558490 1.356133932 5.687542902 -0.038854453 1.683005708 4.092446490 2.131599908 3.218138562 8.882314651 2.829077129 1.863597664 7.983638714 2.969204775 3.660046665 5.166754570 2.601577455 0.711745750
-15.941853281 8.164150628 -19.842332992 -0.127410129 0.222549154 0.886088363 0.386116493 1.620863954 2.980422360 2.594494595 4.108166047 6.639485338 5.149231176 0.699255092 5.913823360 4.142217434 4.268639856 3.016745443 3.091149226 1.876228578 -0.426675264 6.638519230 5.561092178 1.762770087 6.939901675 3.802390357 2.039908659
-15.342547284 6.746642098 -12.746299004 0.024675534 0.448185844 0.655432069 0.607395563 8.142591304 2.393792345 -0.828917762 4.552560551 2.725594728 4.944987772 2.373116573 1.004904741 3.117288336 3.931329062 2.003223287 0.783666000 3.295911373 2.750909520 4.953019537 3.821630258 3.239939478 1.518835997 1.982555658 7.373329305
-12.480119498 5.768429510 -11.006573142 0.893230779 0.193297408 -0.009148640 -0.405821623 3.149573133 6.359281576 7.380974340 5.670505529 4.152259458 8.913719698 1.627025718 0.354264890 8.246199700 4.790331331 9.072197938 4.017107855 2.542189327 0.199147110 10.597647377 -3.807241378 3.914432051 3.422071107 9.240911629 2.469738119
-11.214708677 5.609751478 -16.542306224 -0.575191751 0.686578332 0.441565192 -0.052771440 5.889466379 2.891223278 -0.070687398 1.793068407 4.726302792 1.032212062 -0.153273961 2.441632397 -1.924339920 9.911223968 0.211495226 5.194435196 -0.097827097 2.566230916 6.115652137 4.535970445 1.422040120 7.324769991 6.469165752 -1.360116972
-11.661673799 17.551595292 -13.222936161 0.104501183 -0.327546868 -0.843454368 0.412767830 3.532095661 6.029232624 2.048287637 11.245896075 1.073140537 -2.403560889 4.079871911 7.280179013 6.008135520 3.372896376 5.497184377 2.765736333 7.321215629 3.150969782 -0.098216823 5.626256427 5.457283733 4.263963048 5.515192460 5.749891147
-21.636220468 14.111274051 -10.970273075 -0.274270195 0.116677924 0.912766947 -0.279318140 -1.534969369 12.682586618 4.824842283 -0.086610537 0.151971445 9.179421561 7.374030742 3.768928957 3.513772588 7.537652324 6.958169674 5.713050883 2.629273360 5.923320927 5.703507706 7.473604761 12.197254596 2.789771383 0.486995371 5.688788708
-14.749713591 14.494517963 -11.053399597 0.290494674 -0.338685312 0.768954578 0.457836173 4.692307905 10.154384797 9.087853979 8.291388356 1.613552339 7.443110031 1.556603875 9.587397796 6.021015830 4.969531396 4.704424242 4.966633011 7.307195453 3.611735509 4.947630300 3.099752367 3.523161888 5.230940663 -1.245905351 4.340939392
-17.316781597 5.960716684 -21.715790095 -0.543281645 0.230790729 -0.694806779 0.410882263 6.748681448 2.346994632 5.279476184 -0.511502907 1.053106243 2.671579195 8.411650512 2.767236460 -0.695004144 4.740745019 5.286618214 8.098393735 4.978297053 5.648913740 2.553139224 3.173741552 5.445614528 2.383223840 1.135105975 5.036704595
-24.093039707 10.033788907 -19.896316379 0.081689439 0.066320200 0.991628154 -0.074846982 4.258607115 4.812691428 2.012635119 7.407311801 2.546800572 5.328536191 5.146672636 3.495307501 4.528767612 2.188019569 -1.376423662 -0.885698140 1.088494833 1.569546406 1.611421448 0.857684209 0.833139063 10.509906463 5.480964314 5.434775943
-13.692242051 16.612968798 -24.692171591 0.221420312 0.931182743 -0.253893178 0.139319773 -0.391165012 4.263780586 0.924701080 10.437897442 1.321487209 3.063564277 1.633982426 3.298649001 6.554802403 3.828606838 8.486980129 5.798920909 -1.497254194 3.676093677 6.401609444 2.001971935 -0.209748117 6.162303599 2.922758209 4.610408814
-19.970647745 12.627333637 -20.617901325 -0.833820016 0.220682228 0.432275303 0.263023947 0.256950863 4.269225748 8.513475045 9.931313073 2.380663301 5.348768692 3.703104825 5.195849491 4.461527411 3.717844096 6.534174374 6.889475698 4.662594421 4.544478110 8.063644564 4.290189862 1.458209159 7.291999797 -0.616150465 1.265020226
-13.827802660 10.135006844 -7.912511142 0.758037418 -0.527702281 0.382896740 0.017310774 4.852710597 9.116845288 5.253554647 1.348352949 5.350872335 7.886080814 1.151445383 4.296580620 7.304367696 -0.136014504 5.476516347 2.525277276 3.751658311 4.261972548 4.240061435 -3.395972577 4.205053147 7.787525473 9.505515682 0.105181822
-10.697909457 17.661755351 -21.998643635 -0.201656313 -0.555525194 -0.642341087 0.487979936 -0.133978288 2.308778239 -2.445383471 3.134881348 0.463936023 3.750670760 5.405627004 5.258767850 4.587522802 7.985732906 5.524421848 7.121952296 2.676870467 0.730948904 0.023000752 3.323852156 3.517927029 5.462638884 5.771826681 0.632753757
-7.511400280 13.248388097 -21.381609788 0.115588526 0.473475704 -0.775765369 0.400809359 5.593086615 0.096868887 0.924695030 3.086697409 -4.526410393 4.689558514 5.960743500 3.806707599 6.289673688 4.691951513 3.255602981 2.268577465 2.551115760 11.119472187 2.920766839 5.517041133 7.878379276 5.910603390 3.810001751 4.156152159
-15.575141653 10.886607264 -15.220794446 -0.368105830 -0.469891302 -0.801849124 0.027170659 7.431551477 9.829825126 7.238505703 -0.745554972 0.358678874 1.848913086 2.400897456 1.996900045 4.210052953 6.069045464 3.169913525 5.229596520 2.220808544 -0.397961969 0.816615554 3.812009511 4.986002965 4.228948864 -1.371404693 6.522875849
-12.574884825 7.804112615 -17.746407539 -0.303801754 0.023287443 0.215675610 0.927710203 5.423108493 3.004386544 -1.901449654 1.127686226 2.946573797 2.449859160 -0.485614140 6.641003539 4.843434009 2.090292306 7.304490529 -3.117583200 -1.306210607 4.585466159 8.582765970 2.920480726 4.482125675 0.585552102 -1.382707693 3.574954576
-14.336074648 7.609498147 -13.094291896 0.401537134 -0.431343531 -0.139463746 0.795776697 3.985750626 2.526517203 5.707257839 5.966933795 6.562784267 6.207224574 5.039451639 4.087012508 -2.770132833 3.471920179 5.999374294 2.003142404 7.174056309 5.805896464 3.943013334 6.440558145 9.121905812 4.972341494 0.248409822 6.065223175
-11.467713575 15.740364594 -12.152209209 0.081063972 0.878639143 0.041339518 0.468735462 4.542570869 7.267259037 4.808077312 6.291085782 0.011796438 4.589077426 -0.255553050 -1.651293029 -0.844269464 8.282999307 5.056361972 8.100666713 3.449100647 -0.157460003 2.695220489 2.861800370 6.046426807 5.987229960 6.309624457 -1.731765498
-22.642058405 10.226284658 -21.909266438 -0.799606630 0.113923097 -0.212530679 0.549983160 10.896349689 9.476940150 -1.405418652 1.288684459 2.809461861 4.761428001 1.018257248 7.030338785 3.569727446 6.530297727 -0.821534432 2.491098406 4.350523632 4.940212841 -1.770545741 3.571353366 2.042386617 1.075654446 0.490164684 4.681760953
-21.564195510 14.157233141 -21.185421577 -0.267503002 -0.237953266 0.809995588 -0.464464783 7.018975923 1.615437906 2.734897768 1.188232654 5.736442126 8.216976041 6.177937129 0.586473585 6.093256178 2.553663542 3.460890030 1.619731515 1.634567942 4.503218202 4.020694404 3.799941849 2.253278446 5.996426750 3.196198202 0.671523750
-16.278059779 15.465612830 -15.137765198 -0.001769192 0.926990614 -0.197315966 -0.318985392 2.425483920 5.361731691 3.218971241 1.078994641 2.042089385 1.971304620 0.827872188 4.011469470 2.471041910 8.880486584 1.043615392 -0.292576234 -0.027516728 5.428794924 4.500690684 5.196806522 6.184650051 0.747291618 8.489970297 1.354077903
-19.548214924 7.957711331 -13.600604887 0.418643417 -0.866767347 0.006671577 0.270938269 1.923119567 4.533334740 2.852213472 8.727157630 4.343534158 1.479705978 1.836549232 6.868836149 1.513725551 4.203424865 0.382172214 13.463943465 2.018562896 5.706852402 1.195807219 -0.022544343 7.451457861 7.803966348 5.496121118 5.280261594
-7.396286601 10.044600693 -13.950066884 0.579052519 -0.743706941 -0.324818946 -0.078043695 6.222923212 4.361705140 0.586569876 1.381583454 6.874045042 3.997204566 8.649871810 4.103768613 7.592178297 6.408836115 7.683546200 2.120253189 -0.332434757 9.506501670 7.570066500 5.141584143 5.510969826 5.648191885 -0.472746887 5.545084716
-22.952884560 15.062920115 -15.436086780 0.257226626 -0.284507883 -0.426753043 0.819006452 0.448420683 2.938505630 2.470138546 1.433377177 3.344379696 5.597368379 3.381282744 4.126602834 1.093764130 2.667613495 6.125266439 3.983566307 4.143321909 2.199621007 2.385847174 5.835750134 3.114811906 9.234852220 9.756599174 5.281812479
-20.046319697 12.304735926 -23.857863217 -0.559684557 -0.065107920 -0.825453015 -0.033785722 5.064139478 0.912509270 0.859023499 3.295087907 4.036424839 5.246240463 3.351302887 7.302830666 5.586825629 3.851191820 4.542482692 4.049857209 8.833810311 6.754255530 3.385878920 9.046281404 2.411967998 4.264457936 2.252288364 7.579066131
-5.360872065 10.793570285 -17.800404758 0.662085310 0.236281212 -0.378095192 0.602377172 5.439437078 8.825774127 3.772884365 1.095803942 0.849626923 5.916706709 5.007198236 1.843989021 2.930637858 0.480565450 8.742551766 0.405637512 8.552994592 4.012579702 4.828466225 5.161750411 6.893677709 6.231421730 4.341876058 6.463277371
-8.778063311 8.747542007 -16.427027484 -0.713708290 0.677363599 -0.082833981 -0.157916317 6.981400876 0.272763066 2.164594360 1.825995504 0.714792427 4.035502071 6.373268214 1.671757751 4.571893897 3.748976071 2.275592890 -0.578713496 5.572210513 0.700863876 5.376674113 4.868820904 8.368318537 3.943724918 6.138747012 1.692648582
-12.691896812 9.813017826 -20.083765528 0.537986038 -0.076709346 -0.660153461 0.518540362 4.352937161 0.882782887 3.049843503 11.788490905 4.934989030 4.115206387 1.454514013 0.224620873 6.021607040 6.181716951 0.563419209 7.366761691 4.223906968 3.286137877 6.431946347 5.387464482 1.457382585 7.284922415 4.378974337 6.134269428
-10.427536101 9.705516652 -21.641692167 -0.238549104 0.255408120 0.340321304 -0.872950415 2.966883094 2.912768578 6.387816859 4.149622487 2.301871791 0.565370427 2.596048012 2.182209924 6.568420800 4.891938254 -0.024232132 4.293197978 4.013203460 -1.084155817 4.278265845 0.347066347 6.346508966 4.807242874 0.627341852 5.793953242
-15.557334054 5.152311610 -12.420352079 -0.052497777 0.650588843 0.101829760 0.750738864 1.168087586 8.484299833 4.811155680 6.878252827 3.250695233 4.313278014 6.565328732 5.436622710 -1.252262575 10.874383201 1.662945414 -2.038152824 -3.768005112 5.220431783 0.892990330 3.792875334 3.776779851 -0.467650484 5.594044202 4.567542582
-14.518388805 2.639872249 -17.011692436 -0.474990794 0.343197744 -0.697822120 -0.411877825 7.363178154 7.013741758 3.663630519 2.437614710 -2.510756098 4.123456375 4.459086682 4.620260815 3.244071971 1.950611041 -0.134817772 2.036932187 1.350634098 10.029799378 -0.355898756 2.712615033 4.681077732 4.357934620 4.861638526 -3.584948638
-7.590166217 10.329837604 -22.977042919 0.123156353 -0.125413323 -0.969812272 0.169021207 5.514631934 -0.405992021 4.150778205 6.431230398 -0.067133782 6.889037828 6.596813725 0.028055929 0.103543631 4.620993689 -1.355814976 3.053786842 2.194086357 7.079591486 4.903394781 4.868415715 -0.390542638 1.943669328 -0.723910156 4.398688521
-10.852948168 18.574697347 -15.655056476 0.797690216 -0.258451427 0.542077187 0.055186072 6.178642730 3.135250506 -1.003156925 5.580021304 4.127825096 4.147679057 4.722407236 5.226836539 4.413238021 2.751771914 5.204264759 4.320825571 0.287702816 2.852658786 2.446482210 5.644426408 6.959507314 5.830354907 0.908899212 5.270083197
-11.774420479 10.543162338 -11.963626168 0.162994510 0.480842006 0.576295211 0.640396428 6.627187386 -0.996974621 13.829117873 6.279077084 1.466793701 0.895152301 4.751728001 0.088101219 7.292606060 3.279513507 4.030165237 3.735790190 4.388941062 6.984546815 -0.302655455 4.783651740 6.480353219 2.159218258 3.082758048 0.465260482
-21.291460195 15.271973568 -13.969211097 -0.347768738 0.467496875 0.642603948 -0.497557779 2.144621902 6.187134414 5.780564589 5.765369036 1.600633890 3.517799083 6.501824983 8.793506115 0.434973512 6.526972571 0.587660269 5.340400396 6.774103184 0.732410934 9.555821162 6.042437264 0.686772714 3.858518837 4.298395386 1.602391033
-12.694783145 6.222446230 -15.973387409 -0.635768360 0.074072193 -0.768159611 -0.015579282 6.093789238 3.825026942 8.217364135 -1.352269858 5.567464812 5.188717581 5.413425634 1.479926533 0.177743141 -2.083213112 3.968721936 5.845000965 6.241255089 5.033004144 2.252633573 -0.610070822 9.318961233 5.121988031 -0.685341899 1.587949045
-14.369627533 15.987955120 -11.126708269 -0.548315653 0.822215909 0.140240522 -0.060361743 3.587515568 3.332710595 2.273543751 4.294155889 -0.772471196 -3.259805562 3.684430106 4.502858893 4.465676068 -1.102267991 -1.641934576 6.163656907 6.551719031 2.086040784 4.098474557 7.877367674 3.610437436 5.720852575 3.801872985 3.477090032
-22.428568584 7.643009302 -13.866165426 0.455319583 -0.376673483 0.476370421 -0.651054826 3.533534978 9.605611372 3.152697381 9.920906502 6.343170880 6.480974497 8.048393197 3.502850978 2.417772479 6.686266284 0.970477650 3.658134803 5.177153305 7.272406046 2.207112456 2.824118586 1.899447294 4.097508771 2.460961449 3.617225966
-7.087743091 6.117590370 -15.288889658 -0.243212738 0.450905160 0.849764132 -0.124229711 4.458254247 6.763738872 -0.153461504 3.719229385 2.060341322 5.693059800 5.283332176 6.307102706 4.748924897 3.157559526 0.935122981 5.302483501 7.655821325 2.092892610 3.678403489 6.151489624 6.605423817 5.781918289 4.574942907 5.641845663
-10.771396619 10.462680443 -18.081224137 -0.615023211 0.381969098 -0.664202975 0.186226921 8.695701210 7.576598096 5.716013029 -1.202080865 0.780903782 4.151391751 4.899630855 4.303483730 8.158695222 6.179684334 5.214104006 3.038855374 4.247055977 9.315453080 3.365923554 6.836537730 -1.098316310 1.770771135 6.060432385 10.739045749
-14.816445259 13.016993846 -10.925936276 0.969195141 -0.143668844 -0.055482856 -0.192202225 4.280656411 0.348797931 2.973792439 5.312398764 5.689437110 4.405719863 5.576748969 1.612544992 3.820195259 5.469651223 5.087110498 6.196789793 0.970620999 3.401835687 8.060146013 0.841711934 -4.751468920 1.534711734 3.502824983 10.719821110
-19.137988782 12.951737912 -15.999655346 -0.118139583 0.712584112 0.528052595 -0.446572926 -0.148650168 4.564676671 0.760508458 3.004307082 2.777267852 4.126874068 2.833367713 6.958609794 10.288005838 -1.667935824 9.732089557 -0.049023318 1.991669662 2.758871317 2.919038906 5.064045887 0.064517435 8.738983567 0.995685606 -2.181941944
-17.482817766 17.580029719 -22.002559520 -0.663592486 0.448281967 -0.532090741 0.274895861 7.119692953 7.846915911 7.130214350 5.308175356 4.468112498 -0.164600042 4.766950375 2.528672071 5.932171019 5.662011220 3.841956763 5.798369634 3.127813632 7.303370276 5.670367196 4.999884375 2.084040266 5.435529746 9.383923900 9.490733715
-15.313031261 10.686493743 -13.698318639 0.272730197 0.138590329 0.939127149 -0.156368662 3.712315369 2.477954916 -1.930749785 4.082409937 5.897540046 4.886037679 6.143965306 5.041253663 6.163576203 6.203712192 6.036852462 4.586272617 5.657118013 4.175721708 5.603197618 5.943207811 1.376036989 8.096693649 5.321936957 5.210600911
-19.834822628 7.726093442 -11.505811121 -0.013628219 0.635449021 -0.740071583 0.219801876 7.778901182 1.253494169 6.155726244 5.400952262 5.476856126 2.747346082 7.721838041 7.720203944 5.243588034 3.529037876 3.611841261 7.178124788 9.888300564 4.559206353 1.361093224 9.088259810 5.746900548 2.151191106 6.845425292 5.480649919
-20.492233781 13.197010876 -14.392207069 0.629673975 -0.253657219 0.228554606 0.697804767 10.342477403 6.178151302 5.846180427 -0.133653386 2.639182397 3.259917864 4.324400183 3.797718945 4.643470298 7.699560878 7.583508991 5.442286068 2.136454995 8.674792512 -1.470603131 4.435843057 4.914968803 6.089419682 4.505906243 5.790925884
-24.294078516 11.956727317 -20.009758321 0.498569317 0.233576834 -0.540687544 -0.636024747 9.229918701 3.012447987 0.407872155 4.181081205 5.067452788 2.050153968 8.883031400 0.920250762 9.703131763 0.402847541 0.742559227 3.870922505 5.639410879 2.867226224 4.698218826 1.613395639 4.284229626 0.054345572 3.969648557 4.791639207
-16.698717235 16.618057635 -10.308552139 0.229199429 -0.406823804 -0.054698416 -0.882592827 1.964410018 4.396739843 5.991461525 3.311745393 5.365393271 9.282436953 2.534172439 9.324207233 -0.385676931 4.321133216 5.269646600 6.577806637 6.056324781 5.417375633 3.720080901 4.345401377 2.952496162 0.547188222 4.519738196 4.703320205
-18.761493877 4.905058710 -15.835429504 -0.365835912 0.405027521 0.830978164 0.107666534 2.446008903 6.654418385 13.037252360 -0.577902857 2.543231166 8.270280769 1.680867773 2.428839055 7.521499284 2.382194991 8.491967728 0.837702159 2.161204696 4.329004281 0.047230745 1.896918376 5.013384351 4.929729064 9.961446152 9.963120301
-14.594330308 16.109655405 -19.820302054 0.704060560 -0.107151275 0.481054840 0.511276416 2.223389987 4.775072014 2.508489204 1.102313150 3.966564476 0.359331158 5.658809272 7.508313560 4.697795378 4.392074763 2.618859177 5.686183190 7.316233469 -0.795538658 2.226021509 2.189356757 3.752388488 3.206160132 -3.806078196 5.460289240
-19.156602946 17.063131345 -19.659455069 -0.414501479 0.386812999 0.338958989 -0.750780282 -2.656181217 -0.573121685 11.237383051 2.432830889 3.522923927 -0.730942398 2.326755777 2.230229845 7.190121916 4.892419437 4.565475845 5.600097101 6.240524087 7.365891842 6.238358152 4.926349549 0.973742379 -1.460132311 2.328035560 -1.021793817
-11.955744926 10.657448888 -16.004840878 0.289445085 -0.674709610 -0.465960610 -0.493831141 0.057663237 3.792675547 7.345829699 1.903069225 4.401931680 5.991758966 7.888758506 3.274789819 0.926151680 8.594538389 1.233037257 7.590469020 5.551136142 1.019410696 10.911268693 2.388180135 -0.988030985 2.089314734 1.760925179 6.716185834
-15.722619269 16.189531034 -12.820398270 0.162046707 0.197558960 -0.599625387 0.758393511 8.119528656 -1.636185630 6.472344328 1.044717818 6.912725716 6.692961273 3.443285675 6.389059486 9.437024310 -3.486355485 6.875161119 5.937763808 3.217618945 0.763797192 4.183168801 1.332136426 -1.246563129 1.770528304 3.813962213 1.531725787
-12.698721060 12.965069922 -21.847654497 -0.634502917 -0.561936863 0.107197133 0.519751657 2.386676959 1.904847872 -0.341240854 6.560519421 4.592658245 2.783014181 2.742127469 3.353357376 6.599703418 7.230900952 -0.088006478 4.621143124 5.783231261 1.200282371 1.476448243 3.245771070 4.104851283 2.280987421 3.707832915 -3.966926726
-17.480193153 8.399152524 -16.279503193 -0.607801339 -0.132182818 -0.423681152 0.658482738 9.432888723 4.155541169 0.220972571 5.642607533 5.548780409 4.092173261 2.583083621 -1.775731133 6.213869485 3.953949781 -0.955354768 5.760875408 3.734405152 6.728055281 1.295197249 2.216857776 7.609131156 7.737700829 3.459199565 1.042502081
-11.079614116 8.105646110 -22.305167104 0.583737721 -0.265477612 0.752095470 -0.152066808 5.163701068 1.041822117 8.671104071 4.423079713 6.677755535 0.686821060 2.120176063 4.397980675 4.594453714 5.930021638 5.736032720 8.869850218 3.363254573 1.956645106 6.456043941 3.263428794 2.671106185 7.405309608 9.561276307 4.853087754
-17.771401226 5.630468992 -23.042187188 -0.643786188 0.701818522 0.221566888 -0.209519020 5.597296610 6.060744964 4.633894474 8.365366943 6.192025045 2.081823743 9.002664500 -1.191341828 2.627668455 3.631841353 -0.573857899 0.541555519 4.501496079 1.010727809 3.305239370 4.470478159 3.173079163 5.141489935 10.690025673 7.036632510
-16.524389514 11.862652820 -11.599623209 -0.491364867 -0.014801928 -0.459686877 -0.739614390 3.969730305 2.386910737 -0.502338170 5.605601722 5.231172163 -0.744372156 4.613734115 8.176618959 4.988449001 5.535816293 2.831563662 5.705739011 -2.137357309 1.981612361 -1.508951481 6.376220317 2.372616603 4.770799110 0.020623010 4.229906067
-10.774396533 7.445172352 -9.031030576 0.496611527 -0.761170071 0.393936311 0.137154278 5.703253628 1.650657962 3.519424277 2.193341366 1.469798580 5.708099811 3.641591020 5.464268433 5.482114836 3.617250236 -1.053521978 -1.899798759 6.412732332 5.775645519 2.926159766 3.805434843 3.813496365 6.238128190 5.698753694 3.125247839
-10.685192128 5.001301184 -17.541324458 -0.230620627 0.368179926 0.255064799 -0.863828465 5.474672886 2.404518591 4.229897200 7.466350246 4.339942884 5.539601778 3.468458322 5.686986530 11.274954687 1.748501143 2.964802362 -1.007886932 2.675506128 -0.219400085 6.036053617 9.196768416 7.294704245 0.633041809 5.449450373 2.826982440
-14.559454140 16.174614948 -19.252366219 0.323345666 -0.132221573 0.562945398 0.749037726 -1.245334065 2.912854218 2.825601619 5.027426160 4.907924178 6.260109025 2.773640238 -3.120312724 6.765868769 5.796568213 3.997876867 3.649420380 4.076137458 3.217583984 6.673856568 2.008937801 7.458810382 1.463405565 3.369416306 7.885097033
-16.864573489 2.979744861 -16.714765098 0.521716049 0.014595008 0.845755694 0.110890287 3.341552344 3.806165130 5.249255371 8.252298397 6.406597770 1.452473914 1.549470794 -0.887492118 2.993023828 3.468267568 4.060769295 0.853782933 9.082833407 6.056519986 3.968596262 0.453788687 8.949404204 3.714024366 2.561050361 3.527697813
-20.626279260 6.242124877 -11.414975039 -0.603486147 -0.760141188 -0.230021367 0.071274234 2.997763682 1.365132274 5.083116182 0.767093690 -1.627757954 0.102180035 0.566345646 6.103098822 5.926635852 8.318927494 4.068138589 5.523743968 3.596803591 -2.645186526 8.109296279 2.453708979 7.533614992 -0.532951444 5.889144653 2.770607975
-17.527097825 3.012475878 -17.936618351 -0.236847551 -0.782516037 -0.273482897 -0.506733652 4.904684210 3.681135115 7.094135577 2.682105619 6.446688867 11.358987289 7.445861242 3.462507740 8.774545745 7.853895865 -0.405041102 6.853062098 5.383375297 4.624929697 8.540065227 6.922631826 3.734444494 1.977409290 9.658159321 1.370104944
-19.837409874 8.834740710 -12.393763017 0.520761682 -0.371201463 -0.098128233 0.762487766 6.633748128 5.675907488 8.299913649 6.185931512 7.521639876 7.827890845 7.067395980 5.085831640 2.440876962 0.037927788 5.128971514 3.638402163 2.906325886 -0.110504092 2.991671858 3.587611685 7.458890476 2.704352590 0.194046179 6.096035934
-17.143194486 12.871054103 -15.325307724 -0.104684924 0.803481658 -0.144052014 -0.568073331 6.391800360 4.094938847 0.558921084 10.833228227 -2.580293269 4.294004101 10.380198766 0.424735642 4.736076276 3.266876289 7.989227389 3.994722841 1.531136733 -3.978839679 5.666615272 -1.699471496 3.857211101 6.577756236 6.581296549 6.079393126
-7.723071646 11.247983899 -15.162243069 -0.012667587 0.741957713 -0.052052157 0.668302968 -2.576190010 7.476614470 1.029855236 7.198197913 2.911413134 -2.385508051 1.995817964 0.330827347 -1.516888349 3.947567041 5.015872520 -0.023815847 2.923033178 3.403047313 4.452057889 6.745843198 4.146763236 4.356654376 3.406589004 5.278894092
-22.511952310 6.394454121 -15.745856478 -0.658445330 0.307197536 -0.471078185 -0.500164737 3.405437540 2.428337124 7.940018570 2.876044726 3.597048655 10.880031207 4.587418592 4.499287956 -0.574073056 3.667954788 1.949888471 5.358803501 3.317136346 3.555141328 4.123867653 7.063993729 3.261414531 5.964334806 3.070095562 1.764736353
-17.786706314 11.686615948 -16.777024382 -0.287075535 -0.934091922 -0.196466008 0.080380504 3.267346000 6.117478119 10.707215668 3.436971697 3.647408933 6.019843867 3.469383887 1.818127921 0.999100029 11.233502873 2.763066123 2.391075894 2.749128228 3.999439359 2.910456251 5.915478878 1.718769121 0.538986716 3.180472058 4.778868318
-15.929527722 7.773964277 -18.442509356 0.152245650 0.068792391 0.205625999 -0.964264910 8.904668684 8.559088960 3.989942991 2.576295200 7.906495860 5.350879020 0.565515004 2.982033350 3.458887484 1.987477309 -1.382149249 6.985517479 6.664802868 5.095001104 5.464922684 0.857740318 4.773353269 7.653707789 12.346964337 0.195521696
-16.600167639 17.815684964 -11.661951024 -0.343221528 0.445649572 -0.741759796 -0.365223008 2.041177802 5.851916722 6.393643869 7.295496581 6.157190010 1.919451434 9.913572723 6.338770678 -5.174809995 5.000073968 5.827652891 9.504024670 7.602806941 5.636733513 6.581343968 2.906096331 0.038839343 0.048144378 0.475463520 0.539659350
-8.815210127 6.664420680 -15.136997373 0.442019711 -0.095507381 0.032694324 0.891306904 6.955475618 9.542199303 4.280782870 -3.882687251 6.339485534 2.376533919 0.646709427 4.661900327 1.539346147 3.091407543 2.755830976 2.607510671 4.085496667 5.008312890 5.292288452 8.563244238 2.397662522 5.935502799 5.077438832 2.206170178
-19.622202145 15.163342073 -21.267663318 0.690632165 -0.311478402 -0.156279464 0.633707461 6.265390281 -0.236141363 0.325674935 8.661206428 -2.088785255 4.909935364 5.814427714 2.632290314 1.624362035 0.979440351 3.562300680 -2.282239529 6.150972181 -0.608964000 2.641494085 5.008440539 5.346241508 2.462857263 5.629216383 2.384911887
-18.123357081 19.030648455 -19.769051066 0.024117145 0.838687793 -0.456243638 0.296416754 6.652070012 2.530522422 6.485662461 8.345208492 8.102895858 3.657970403 3.916622744 1.164126513 1.549754819 4.877086706 4.614551140 4.593502828 7.236721603 1.812633995 4.288064669 4.225079116 7.219847997 2.043510240 1.307425722 4.597838075
-15.598726198 9.203777857 -13.051233376 -0.788017300 -0.550190036 0.275376715 0.022075422 2.807234032 -0.037462149 8.760013266 4.628830166 12.232867995 5.933119900 5.387421683 6.841491306 -0.635588624 7.359266742 9.093777174 -3.515395690 1.303298738 -1.410929758 0.626307908 6.498232940 9.148292408 2.755020969 4.516716767 4.828937813
-21.035521897 8.297162547 -22.629415488 -0.547279784 0.234570060 0.313085653 -0.739891275 -1.237688959 2.101509352 4.091260417 7.909526120 4.968481878 3.648449313 -2.739347899 4.175530660 0.659155961 6.522885391 2.679135226 1.915752584 0.371498881 2.128484522 2.562209303 9.662799344 6.856202833 6.567106527 8.048625437 7.066720596
-11.645552858 9.478962431 -24.987386216 -0.311344668 -0.772455750 0.542657953 0.109082342 1.259673515 2.491468364 2.969680570 0.156414816 2.226298631 -2.689590104 4.796874569 3.963813121 3.435683564 5.365153688 6.369436449 4.202574354 0.056042455 9.605095789 3.468736438 4.202568016 5.403024127 4.568860602 -0.529125604 3.754585669
-15.122166899 6.930602469 -12.815217400 0.388155836 0.815343565 0.370455605 0.217514512 2.996397599 -3.240513862 3.734941486 5.290112801 7.312316300 3.433396818 7.617374935 7.711417353 -0.049373046 9.055567073 3.508325444 1.780876895 9.564270803 2.251214858 3.961637534 6.319854230 0.954995046 2.830926241 5.789916193 4.536895832
-20.458147549 9.080148790 -10.736485512 -0.082613025 0.464686550 0.282676665 -0.835066106 1.063495556 4.539885307 3.360479225 2.643008347 2.996049963 5.225758548 2.383142707 1.146298567 4.403214913 0.013838688 3.627684159 5.093443790 4.774208615 1.821596086 3.300276435 4.303468966 3.714170004 6.608772808 3.768790397 9.167152044
-17.195127925 9.022827084 -11.861207609 -0.213101514 -0.831541478 0.505326420 -0.088157383 9.055324081 10.385233290 6.294075487 4.956770855 5.433705112 1.186289638 1.508795485 2.784888460 4.430973241 2.054582753 2.265325239 7.180947623 4.047401347 5.676090289 0.705957664 4.587447505 2.987837764 3.761931758 -1.494121080 4.657898103
-15.064298290 12.070716697 -19.082909929 -0.555125356 -0.399707427 -0.726387875 -0.066561758 1.132191859 7.173499925 1.931667677 -2.796131870 5.763471705 2.418463795 2.910351521 -2.260378679 2.132733733 5.030378718 4.435265192 5.396291063 3.731410701 3.739539354 9.582451190 -1.557112022 5.230777648 1.202855179 5.451646106 7.914106218
-11.513969040 9.786136759 -16.635679490 -0.078196972 0.434641892 0.886187139 0.140157106 2.735357192 6.176828618 0.528468271 4.487080194 6.174261092 5.992326191 3.241291056 7.971801314 6.872774504 3.738058966 2.059061242 3.372624629 1.868953791 4.503345030 3.681749676 7.976499643 5.004697326 1.511365317 3.938164374 -0.217467339
-19.007465836 7.708436567 -22.149089579 -0.455826862 -0.715082979 0.428608187 -0.311726204 6.428642243 6.782049889 2.584282332 -0.056404821 0.738167426 1.800425925 0.686286584 3.287547747 9.694179619 5.649653274 1.950466098 4.675868632 6.160388415 8.985567660 3.132813122 -1.643296557 7.213507061 5.256212812 4.524046553 6.975463667
-22.239112868 17.022630241 -17.985282953 -0.813357781 -0.352179803 -0.207217819 -0.414100569 9.936489812 5.619607876 4.025391484 5.164558440 0.863962066 6.724616887 5.250239190 10.331249573 0.977599218 3.252703602 2.750420746 5.292285143 4.276943894 3.174768649 7.874593721 7.246657751 6.268766591 5.538133946 5.607998091 8.728898121
-12.375096486 10.024108671 -13.655736448 -0.295194434 -0.786958828 -0.508513635 0.187002490 8.848313430 1.904684345 2.686743430 3.306762093 0.354003260 4.122565197 1.366831679 8.029688808 2.955177381 1.655302882 5.595440955 5.975853581 1.904335816 10.849586082 1.003523990 4.556411670 8.381876260 1.151983539 1.182303027 4.664665703
-17.435333737 9.562789625 -18.446031165 -0.796933884 -0.502362338 0.254658462 -0.218351860 4.359152894 2.454292405 7.826469527 3.629828014 7.727915068 0.438618642 0.435804636 -2.913433289 2.539621836 8.051905314 6.606451150 2.561252693 3.132038077 -0.548910437 2.153713208 1.864762112 7.726378004 2.301611866 4.849397040 7.400700275
-17.614175318 8.171812647 -24.434955937 0.553238712 -0.040489090 -0.748053954 -0.364284014 4.461915996 3.413681248 6.480791708 -0.046536684 3.916381484 4.203061779 5.636688016 2.875171317 1.963896071 3.907176430 -0.629611326 2.725737280 8.463828481 0.412835507 4.796663693 6.540851906 1.793939333 3.483627829 4.270778385 4.988023676
-8.153736287 12.461751928 -11.587010437 -0.205204298 -0.332133292 0.886338102 0.248964740 6.345711298 3.615973339 1.362598160 7.027902064 8.174830990 -2.006439005 4.561832582 2.494868988 3.652298611 5.027365455 4.279858616 5.624815695 0.685534248 8.732419083 -0.108127044 0.778337465 1.008249851 -0.009549092 7.265987852 4.143094598
-16.025675867 7.390310269 -16.852628995 0.719331269 -0.077656087 -0.688600329 -0.048596747 5.853354896 6.966951117 2.100878302 3.827175378 1.132135661 10.604886892 3.312612692 -2.236649480 5.433810492 3.496081636 4.503349283 6.635624159 4.264885250 4.821262423 0.723620451 1.215638790 3.964565925 -2.738882228 0.727422720 3.066273431
-22.035696957 11.544432269 -20.474110385 -0.586144682 -0.192965606 -0.770104506 -0.161671692 4.850603588 7.914176411 7.791426410 0.322808682 1.515585275 -0.297754330 8.153767033 5.529371752 1.488963454 3.341402114 5.240388125 3.566302404 3.061510512 8.124687794 4.203059795 -2.965253244 2.084478237 2.296479208 0.841460002 5.382821761
-12.202933682 11.863273374 -19.360079647 0.497726271 0.630962998 -0.388520927 -0.450783477 7.623858893 5.813442461 8.438540499 -1.680898833 -2.272690280 5.421502296 8.901050345 2.691799356 3.035042662 0.379687169 6.192535603 -0.774302305 7.714632482 4.585442910 3.498407282 1.176302969 6.546525203 5.899898064 5.650016672 4.083195415
-5.979552910 15.225708876 -18.313528161 -0.564542014 -0.665219884 -0.180014419 -0.454279241 -0.462324327 3.345595184 6.180420080 2.557262747 0.427630759 2.004605361 3.974813782 7.534197114 5.661183735 2.159203288 3.915763136 8.114221449 5.454867458 6.254650315 4.364493942 5.629373558 1.877237513 4.914886775 3.423230794 1.118405901
-11.670578135 6.956696421 -10.727687482 0.471135673 -0.001702879 -0.116564143 -0.874323211 8.032830612 3.527909157 2.198162877 2.776901031 4.469391448 3.960175174 7.335914212 2.395055623 5.753037659 -1.298626273 1.667741003 1.511238884 -0.806675028 -0.499929373 6.971530828 3.038205899 0.116958331 4.855957768 6.204740766 8.337376395
-17.376452883 13.893707419 -22.199358757 -0.709178065 0.128626595 -0.688996231 -0.076196223 3.122538184 4.138768142 1.004319937 4.148407686 6.688646209 6.945020532 -2.760100538 6.772919148 8.503553836 7.399662472 7.109834148 3.611863031 8.009651828 2.988989864 4.639415025 0.506161236 4.986315452 1.946468505 3.604512136 1.681621975
-18.420135764 17.529017538 -21.031848386 -0.761109890 0.411920733 0.408225406 0.290491072 1.611177572 4.740262632 5.892270174 0.248063435 0.134374787 4.323197199 6.339552413 -0.168431227 7.431280280 3.373294554 -0.620182291 5.361160004 5.977381261 12.052686758 4.612136462 0.347774878 -0.024001150 1.392439180 4.223622630 4.765260919
-16.180052596 11.429322480 -10.387828538 0.926799827 -0.061752310 0.009684697 -0.370317351 6.070806635 7.104867443 4.604260111 0.889020431 -1.634437164 4.681054953 1.218704504 1.568802596 1.324426885 -1.644532848 5.137716866 7.745347407 2.860864807 5.457662957 3.059602951 3.993972284 -0.182208748 3.515155406 -1.277513031 3.271121620
-12.462949151 10.839145359 -19.381988331 -0.729854008 -0.018939175 0.006395786 -0.683310711 8.041304017 -0.934958575 1.858346867 -1.281562640 -1.026004385 -1.268164087 4.288991981 3.470739869 8.059102714 -0.540561523 -0.314840428 6.429445102 4.429412330 0.234757418 4.536695347 5.896111144 -1.448211306 5.549979458 4.032210748 10.777932702
-13.066248440 12.531413636 -7.382593479 -0.542540791 0.612843668 -0.510241661 0.264056010 7.565218544 7.468518511 2.672295017 0.694352981 5.429140858 5.320816220 5.842007078 5.084744937 1.836147892 3.019909522 2.664323520 0.380285196 4.035315786 3.778434093 6.870769679 5.152238995 3.465690730 4.965832349 7.151799618 5.428688702
-17.296380521 8.327847097 -18.301613066 -0.373159484 0.699622273 -0.548429105 -0.265530021 -0.942284283 -1.258849763 3.553687221 9.513054153 6.780442194 6.509080489 2.488102933 0.249764564 1.695849108 7.607282283 3.505651309 1.250439000 6.101133070 8.591191525 3.908710269 4.022498339 5.279323731 2.449528867 2.344603092 4.719056972
-20.120847511 15.617341377 -20.801679562 -0.908050940 0.167444112 -0.309812159 0.226765046 4.999044074 6.394929819 7.907461443 3.315459408 4.210492075 5.067076962 4.352963152 2.818198056 5.717697643 2.819745285 2.324155632 7.233350219 2.414911122 0.025909316 3.994133375 8.574171459 1.144025980 -1.133654561 -1.122973794 0.770705437
-11.937555745 16.491172900 -14.380567794 -0.037889977 0.445520809 -0.506519172 -0.737233943 0.439521152 8.056379384 1.085390509 2.486078419 3.517034535 9.352129970 6.772778775 2.272242423 0.292996792 1.933821435 9.103854669 4.601270652 2.679504145 4.649056194 3.109080776 0.354250893 4.006861828 4.591372037 2.237881467 1.801788475
-8.153910502 17.309947101 -15.014217892 0.490170853 -0.020051329 -0.666992554 0.560759674 2.117033089 2.416569238 4.731620487 4.180602866 2.724038251 1.624639241 1.570970634 4.414188291 2.496764937 1.608020148 -0.104852678 8.351307899 1.892746665 6.162254731 7.845499750 4.794869381 5.597667764 -1.887250597 0.768494655 2.479647467
-11.808600038 10.406633704 -18.714281301 0.359522000 0.760180750 0.416694132 -0.345304445 5.625043180 5.587346182 -0.215712789 2.927879977 7.283946696 2.401576949 0.751440297 0.260609916 2.970762661 3.465229879 6.129188271 6.262187168 7.016094178 -1.169139752 3.643823765 8.055659885 -1.228029802 3.815806932 3.831300897 -0.999543704
-24.518093651 9.265290189 -15.131244081 0.770406937 -0.296358315 0.545554202 0.144967281 4.700282667 6.199426714 0.735034729 5.339570780 -3.188381076 4.097486037 -0.654670435 1.753155488 10.067025029 1.751361929 2.224099372 1.381944527 -3.640605930 4.165025428 -3.889340947 8.975684045 7.300573893 3.755679376 0.800801881 7.271151573
-16.254833157 3.847577655 -16.562238886 -0.408933939 0.437509435 0.652751611 -0.463976145 3.215322397 4.961865294 7.137388988 6.047677382 -0.368296485 5.253661396 1.915911468 1.848756101 3.023298709 10.678633510 7.216724215 5.487030783 7.556308879 5.634313353 4.226461383 5.610322281 1.968589049 5.368490848 3.938579806 6.368542904
-15.730344502 8.535623530 -17.392717688 0.451687315 -0.234362964 0.845669503 0.160921293 -4.230375984 1.426367975 8.564466301 6.405531746 3.554663175 6.902017683 4.676821490 5.544593982 0.893564632 10.775251642 5.986263295 2.263151987 1.206483048 -1.243700426 7.003130073 2.817133002 6.427017637 4.459720278 5.525311824 2.638077603
-18.964578442 8.229249606 -20.488743052 -0.466955359 0.158889037 0.782565750 -0.379865521 5.429369298 8.963259260 4.768820840 5.399388075 4.778662306 2.973084949 5.301716592 5.380800176 2.582845263 10.944740492 8.014603376 5.361159083 -0.277076935 5.035977198 1.438812500 3.373662509 3.321102400 4.065228050 4.441310442 10.540165270
-7.839497251 9.101032279 -16.328287948 -0.382191076 -0.198383322 -0.901226377 -0.048631843 5.514769469 5.763274438 5.780560604 2.593337767 3.603570357 3.168818851 2.726724836 8.529128003 1.921195267 8.456947883 5.699817762 -0.312079407 3.797069867 7.012060859 5.609383587 -0.301432225 -1.199210911 2.318906611 3.824220775 3.139967815
-20.500191739 6.946188413 -9.793809332 -0.330123083 -0.747195343 -0.438112859 -0.375199936 5.380836419 8.467327004 1.286904652 6.174550599 0.644889678 1.539969759 4.454452205 7.663047868 2.340776523 11.353489039 6.013996350 3.994612368 10.502038292 -0.404808628 -0.096757258 8.331184582 6.749846587 1.934083520 5.578568671 2.391583037
-15.740722562 6.267376058 -22.250028025 -0.427288383 -0.596006621 0.526038033 0.430679387 4.892130470 4.846255716 2.504711945 5.749099595 -3.289533464 3.614793985 0.946187924 8.980434894 2.837001919 9.738740473 2.344071787 3.538087719 4.471813452 6.948784828 5.909361622 1.841076021 5.548002599 1.270569114 6.546095909 -0.766067834
-17.848012753 5.553206427 -10.582924514 0.827888337 -0.127153351 -0.308125596 -0.451100370 7.078290159 1.117249946 3.115361801 4.840520347 1.787538622 4.635870542 10.541974818 4.200251963 8.704200223 1.255618311 3.494234129 0.882524327 3.585945283 3.067638153 3.770237689 7.243689848 3.945305023 1.577571990 1.659147506 6.825541917
-18.606618798 10.884579894 -21.854769997 -0.587224667 -0.161612101 0.783720409 -0.121782752 6.677620288 4.325023477 3.275853184 3.996448969 4.575013362 4.351957850 5.440919800 3.579240237 1.412491970 -4.739072099 3.624233698 3.072463037 5.585411469 5.723552499 2.478275304 3.653492832 7.650668186 5.539787411 2.389022565 9.694435020
-20.907025923 7.620611595 -17.332197163 -0.548178409 0.266230859 -0.179475651 -0.772275892 5.299796540 7.737604117 6.621737865 9.742334816 5.565063825 9.452669199 3.084032263 8.135026970 9.358339469 -1.135412539 3.343129075 5.410764801 7.547804180 0.892288213 2.521589182 2.795911208 2.726208818 3.499507257 6.151302126 6.452469602
-16.989659196 11.057677342 -8.907691628 0.841647222 -0.421462723 -0.082635372 0.327369091 4.444000576 1.929715958 7.483987819 9.169721422 5.252863279 6.903877420 1.320128839 3.192446060 -2.932906367 5.478394601 3.935253964 5.385316114 6.824754074 9.748124156 5.184982730 2.092653912 5.870370794 4.065885120 4.669580875 7.316366029
-12.018852818 3.691121905 -17.054626585 -0.292217770 0.185055024 -0.695226384 -0.630098158 5.655272659 5.034651325 5.078788527 0.820598176 5.521086336 -4.246487871 7.400913329 3.272552474 3.695539250 5.160824146 3.073378831 6.587258755 2.466821618 12.100258984 9.623000954 5.513698331 3.697422339 1.337406589 5.418729841 2.979121723
-21.399373029 8.414071366 -12.386080955 -0.769672248 -0.488059282 -0.159548759 -0.379403429 0.453998719 3.021366445 5.095394204 4.794566943 1.891234269 2.222371254 -1.009791737 3.694357332 6.537955077 -2.135061356 6.214449531 4.193326454 -1.511993064 5.046197812 5.061465732 8.071424494 2.921391181 1.379363342 4.676203455 7.281641342
-22.509204971 13.212344801 -13.233456155 0.712342881 0.094206307 -0.653982752 -0.236641821 -2.472314559 1.804269853 4.147245698 2.031412985 2.980957206 11.217067597 9.826033910 -0.868334270 -2.287256469 -2.728241170 0.157078682 -1.505136421 6.270955632 2.380494707 4.327534379 4.719418723 3.960094391 7.195788474 1.274690525 2.175465618
-10.297295394 14.587958010 -8.396521963 -0.558503052 -0.071404646 -0.576916744 0.591728644 7.590438528 4.424447576 3.782356324 6.619414153 3.312380079 -0.463412936 2.137313854 2.160011556 5.590146858 3.204044032 1.726931717 3.635737874 -1.094296119 3.643558880 9.480429157 3.994638410 3.881928391 4.454774626 4.691551862 0.490455579
-21.124557157 7.525018138 -20.295603272 0.666775740 0.643527319 -0.375766848 -0.009054150 4.564804375 3.962262929 5.668711145 7.607697858 2.753601750 7.397976257 3.872862647 3.930619946 6.804911401 9.677953323 2.526207045 3.232762824 -0.371981334 2.703365068 0.490307371 6.370356114 2.294308228 2.852587525 5.670655957 4.099499539
-19.507767519 18.930832719 -20.560257273 0.610752627 -0.121960899 0.658718538 0.422133458 4.031737228 9.198145992 6.426101000 4.696756274 7.423965516 9.453426066 2.906643206 1.919687782 9.638103458 6.775182617 7.810765003 5.835473974 8.099255521 2.009435421 1.095089993 8.078021839 7.715910240 4.651512805 6.024968710 3.538900166
-14.669640719 19.299723677 -21.903844190 0.681552554 0.297533119 0.142691764 0.653145634 8.759565614 4.914310537 5.063477348 2.301345983 10.278272498 8.109734122 5.224149486 2.736849402 -1.648738035 2.857893923 3.512569515 6.283125791 1.440935314 -1.520613027 2.025233443 3.976020727 5.880985445 -4.510753925 2.084781016 9.403531282
-7.000650714 12.066753469 -13.699657796 0.217993550 -0.944369212 -0.199617066 0.144217305 0.566685342 4.546244749 6.393569944 7.217088933 -2.380880721 3.949349955 3.279625253 -2.102945243 1.336159214 -0.978826517 7.890399419 4.309954378 4.119545603 6.890869454 5.390862903 3.741329886 4.125008844 4.039530342 3.578197298 -0.661622127
-15.593202593 11.671315910 -10.954858555 0.005186691 -0.198786530 0.931998644 -0.303043795 3.926611286 1.303552371 5.640802182 4.201591599 5.562134902 -0.309393410 3.283829022 2.430891195 2.519336750 0.122717325 2.553599380 2.948819652 5.412484088 3.916363039 7.918925048 0.989463295 1.996799057 4.182903533 3.375916394 4.040717606
-10.541573560 10.760057449 -20.316354832 -0.176273579 0.206825814 -0.959263393 0.077229859 2.629539005 5.396018599 5.283853348 4.678770748 -0.642966875 0.953215672 5.002346045 2.473638544 4.026341740 -0.412642825 7.329504669 -0.089436437 2.474908166 8.053510421 -2.119759055 -1.408779261 3.715524412 5.471576516 6.303285816 4.347230185
-16.854381224 7.406542020 -13.707683059 0.169006501 -0.212411703 -0.509255477 -0.816686556 7.741219339 6.885571777 2.492307287 3.714788797 5.133129117 6.250065247 9.818418746 4.546788161 3.149543432 3.684956754 7.229058069 -0.621185206 5.039211911 -1.439485220 5.210714513 2.657398714 4.704951041 5.307994001 4.719689082 2.649218485
-11.492774799 2.476629272 -14.839772791 -0.299063192 0.370090440 0.867946151 0.142350804 -2.399193311 0.547974542 -0.516646802 4.835120116 -3.647007913 0.130298162 -2.638612177 2.710944630 2.490105465 -1.584452560 2.397102772 7.774678008 3.621283519 6.748718383 7.739774541 0.628161880 4.255712720 2.333872487 1.184465619 0.043693199
-21.033770943 6.343777658 -15.730127067 0.539739040 0.147217116 -0.311492727 -0.768102318 3.686361008 1.511760321 4.446718821 3.633979387 -0.726243001 0.198718950 6.992837298 5.306400330 4.966192678 8.029645694 7.990562476 10.886082701 5.942496644 4.034374273 -1.723730435 7.951896144 6.669120302 7.697269399 1.815332656 5.443103588
-23.791830036 6.956815381 -16.855993912 -0.980337161 0.020308028 -0.109404603 0.162964007 2.265984117 6.657698688 3.086833949 2.069152022 10.791070184 6.653700355 6.885780783 0.719361784 1.282499119 1.122038197 6.143463335 4.919287472 6.738086381 0.033838718 2.229663364 0.607478640 11.098634581 0.267831719 10.432955453 10.828558891
-15.306912225 20.736818912 -19.950961708 0.289816160 0.229558692 -0.362072798 -0.855694273 2.973374828 2.149754652 8.104690585 7.746280035 1.013500978 4.843458035 7.807668241 1.904368347 1.736893138 5.966618646 5.290535130 6.651576646 3.504620714 4.180360691 5.530943786 7.427063047 -0.721313847 0.569639464 2.786778188 2.927862256
-7.364495535 13.685446986 -20.667368563 0.263106955 -0.682932191 -0.679668748 -0.049282306 -0.628457256 6.652003370 6.124074428 -2.187308122 4.292085696 5.954209891 7.690321844 6.130489390 5.066724196 -1.153960623 6.498993850 9.141577948 1.817360720 -0.930187383 -0.056600493 2.399305363 5.054081780 5.831705281 2.134043169 4.514199219
-16.684379830 10.272275429 -13.419523915 0.220988817 -0.012844373 -0.266459754 0.938082174 1.952460452 4.873702259 8.896215987 0.476598970 3.742172873 0.907520866 5.896254531 9.864976401 8.822778116 2.484429541 3.064388416 6.437518190 4.120801737 1.975555993 2.843474042 7.875406234 8.251776806 4.276542699 2.223525958 8.875548027
-19.719163497 4.752066730 -14.792245758 -0.714221363 -0.046562811 0.122510563 0.687539752 6.012845147 -1.483024636 2.226700108 6.352544073 1.610594245 5.856744541 3.657114170 8.895586541 -0.230088823 5.032148614 8.206499103 4.674006424 -0.104265494 3.180584973 5.609106359 5.725901806 6.133842754 3.775759030 2.834896006 0.173451375
-20.638955774 15.297990122 -14.537317778 0.474500889 -0.452221926 -0.692204709 -0.301988206 9.237583797 5.066951719 4.105273125 3.771494964 6.727015602 0.860407904 3.564446682 10.969072388 6.318933219 7.010986541 1.019972552 1.315066170 1.405428025 4.506884105 5.850684026 2.783999036 4.653410595 7.048797417 4.799505744 1.462351845
-13.244863638 3.299629120 -13.991235012 -0.328466769 0.171056196 0.565957414 -0.736574209 8.467300446 1.428672332 -3.450599568 7.149456160 2.712004184 4.609363444 0.377001366 3.237199533 5.971671252 5.460625921 3.606792874 3.815285419 2.775869212 3.719651761 3.786241399 0.522115464 6.195100834 8.559352518 5.178967232 -1.470392249
-15.267234658 14.262560209 -25.099427343 0.244648350 0.673948038 0.642544724 -0.270328511 0.936043955 -0.013973007 1.810406135 3.356103805 6.667645226 3.876277841 2.723736783 4.685300926 7.274953661 3.770573682 3.406521337 4.135321756 0.118838286 1.427065088 4.585506891 4.194519581 5.799866554 8.638511066 1.542099964 1.721493129
-17.148621754 11.026817754 -11.713931496 -0.498638111 -0.408519640 -0.183714953 0.742105487 6.955301824 4.921924060 2.502798541 5.946040765 3.826807163 3.612624399 1.069308089 1.196034476 1.626822544 2.423606225 7.311025592 8.135818845 6.628568069 0.798011647 1.549411387 -0.793503718 2.722151033 -0.927604379 5.838623626 8.530642550
-10.482613117 6.664554713 -14.376990880 0.268354026 0.886231964 -0.334347940 -0.175472158 -2.241575687 -4.543283035 3.089308517 1.426341570 4.426285782 4.692464290 4.318275341 2.236799006 4.355127224 5.021892501 4.485416159 1.234615070 2.924554253 0.962971271 3.831839452 3.292934928 4.159218576 3.231098112 3.346831909 4.439385214
-10.783058743 12.690717630 -19.618959713 -0.942066449 -0.222148080 0.241845444 -0.068350701 3.428143085 2.291807124 4.001578745 1.935183987 -3.036941542 4.100376331 2.865106548 7.132652466 3.755407804 6.040734963 -1.677541938 5.952121417 7.181596756 3.940926731 3.135080812 4.812734254 4.194681538 4.788491362 8.834848292 2.119168564
-11.937951224 11.480177869 -25.448104969 -0.589052028 0.014490643 0.767357376 0.252923677 3.211793436 3.219373478 6.613280708 1.401729370 7.567784032 5.857046485 4.804125981 4.695168396 3.089299536 0.708351658 0.625395767 11.273529292 1.867946292 4.628025984 2.165411247 3.942345492 5.753390539 7.792267692 4.049454493 1.350660736
-10.855780293 7.791856703 -22.003816839 0.656597933 0.607234013 0.267818570 -0.358356276 7.393396642 -2.181818736 2.733701279 5.119734074 -0.632123626 7.774246896 3.316741543 0.988626575 1.846160225 3.519363522 4.501078183 2.663768466 2.678741353 2.910744095 2.410822152 9.434821361 6.029072299 0.546725183 1.036133135 1.405738154
-11.707057757 19.878810400 -15.981771768 -0.835060221 -0.330400155 0.326220672 -0.295110553 0.892638758 7.330995845 5.468036323 4.158637857 4.514618704 2.382464065 5.122259152 4.361430376 5.521659208 5.054241733 0.950004674 2.989909106 -3.383398814 -0.032785439 7.453045707 5.273470885 4.674477480 2.855456569 0.641802655 5.174218807
-13.764604305 12.663917988 -24.108732339 -0.056623477 -0.533875020 0.841550520 -0.059698980 4.432558259 -2.335845389 2.040180189 5.957845249 4.499061212 5.960241544 7.037138049 9.231438661 3.748644261 1.557883829 3.227364371 3.489808229 4.193593463 4.606551428 3.835120358 4.106480784 0.713386345 5.260704799 0.003814275 6.252286719
-19.039969422 8.208009661 -21.419085373 -0.650673954 0.542759385 0.171296181 -0.502686059 5.845424515 6.958985967 3.576152429 5.225476228 4.613724749 0.627996788 4.254753543 5.826170245 1.576999053 3.437047283 11.260372142 7.419106780 2.732570193 0.654403680 6.469017593 7.232816499 6.156055406 4.057213930 0.077127249 0.444843550
-19.307311764 14.132669353 -18.938170423 0.092380504 0.738305864 0.634660055 0.208750828 4.301583690 6.107525086 3.913981104 2.986156819 1.820168365 0.733238614 2.595461286 0.073909622 2.931128808 5.309398922 6.572850708 2.431911008 2.098076639 2.410959855 2.480559967 5.143840003 2.267533306 4.601282702 1.321578858 6.483329165
-22.045826681 7.243625542 -12.476722818 0.337747520 0.503789094 -0.720644089 -0.335850053 3.028704222 5.722549779 0.783805507 1.835292502 1.930523069 1.109612682 -2.963201250 1.412055979 4.321789905 5.747689625 3.948780450 6.991360481 0.404929319 4.599710158 5.376458234 7.404369206 6.610585452 4.010088488 4.098865095 -3.283813192
-9.443691481 14.414806454 -18.607767841 0.691764636 0.279383845 0.467166492 -0.474512196 -3.307609892 4.985096794 1.051590933 6.657090886 -0.873996398 7.255522161 4.612977601 4.464228136 5.320626519 0.923568178 11.319270497 6.006672816 8.828109560 1.545026508 2.621996656 2.205616685 6.456231085 2.881293545 1.708093824 5.859814142
-16.536289342 4.954373246 -21.861328151 0.825161331 -0.443075404 0.302488932 0.176899437 1.195183755 3.422500039 2.608795327 7.204881739 2.823963977 1.968005476 -1.151194347 -1.000713441 2.749515200 2.474674745 7.622436146 6.324846399 6.347088805 0.877153564 3.138947868 0.466215004 -0.095572152 -0.976850917 -1.189383546 4.493743610
-18.888949418 3.487170156 -12.341271812 -0.599947230 0.316092367 0.074007170 -0.731212606 5.793440042 7.465316837 4.924096059 0.815659271 -0.878062392 0.755482238 2.321563599 8.394293937 6.553208843 4.159667577 8.015304812 9.239782864 4.506660389 2.872978212 5.872099688 9.180407725 2.040408694 8.398526665 6.095543017 6.991001510
-9.635807269 17.210922503 -19.122269287 -0.125490247 -0.067319736 0.273957870 0.951140019 5.002769011 0.169108426 3.500288340 7.449555203 2.499184681 3.788319290 5.968624892 6.857058909 3.714486901 1.021666632 4.072363141 -1.238571457 9.079655584 8.208386362 -1.028773523 5.265381595 2.979397986 1.139350638 5.657401670 12.991600631
-12.655857647 6.960417506 -9.597038514 -0.372029734 -0.349654500 -0.073251225 -0.856720413 4.115198309 6.070031075 6.567348920 2.845555157 0.658549428 -0.586012499 1.542042262 4.706586846 9.370186009 4.258663563 0.421319508 2.539830907 5.764312506 -0.330900224 3.858327218 3.175584817 4.501776879 8.608065686 4.451284024 1.948832190
-9.122342237 14.035578279 -16.596476400 -0.256930874 0.164121202 -0.761418357 -0.572095134 3.168248179 5.445228734 11.572063320 -0.917802523 3.738155588 -3.700871068 4.909299236 5.143669401 2.661492618 6.768177589 2.184178661 6.338045903 1.343229129 -1.489494101 -0.874074249 6.575921480 -2.924155732 8.444050427 1.934352176 11.508265453
-19.256597419 9.912430106 -18.367869147 -0.367137391 0.327466925 0.831075496 -0.259401368 10.428910031 5.472077748 5.720556564 4.602890301 8.781208253 5.456216523 6.922310825 8.201622148 2.703844914 4.670185323 6.669111336 4.197161472 1.212870879 5.276189209 2.451601141 5.410157202 0.111334453 1.550163750 6.023449266 5.246568795
-6.717419611 8.991775740 -20.953366587 -0.186961316 -0.284122194 0.619442292 0.707538898 5.477044808 2.744902364 5.485725533 3.277591997 7.940803522 1.546499286 4.817029164 1.836548418 7.715954378 3.688392430 4.153329940 6.066076109 4.840080429 4.988827579 9.517628992 4.510342905 2.271028840 1.486964261 3.712828372 3.227317371
-16.515480921 12.357828784 -14.192689570 0.091699108 -0.094744174 -0.977922528 -0.162118301 7.725002878 2.996390670 7.050179443 2.262689962 5.743194056 4.531013064 3.030345578 4.266577768 3.898021194 0.525501393 9.119909572 2.472482093 1.589529936 6.405171239 5.109809563 5.168973758 0.961055613 8.955434505 6.640834978 -0.621187011
-17.549907793 13.565306474 -9.582878223 0.480287547 0.033803199 -0.164438754 0.860895529 2.893795155 3.450883671 5.816718318 3.750454982 2.336645866 4.489856606 4.907896835 5.193667725 5.761601630 0.863368673 4.389243672 5.340728776 5.674318398 3.230313757 6.958994871 2.707196124 6.971117383 1.219686657 3.397524365 5.204053197
-23.060961190 12.566511330 -20.030865079 -0.560242483 0.623496447 0.313970663 -0.445873260 0.648268493 7.493552422 2.928039886 6.100009354 5.811687460 2.549717657 8.533137209 3.779269835 10.868124122 1.983792979 -3.463843122 1.810066831 -1.807672954 10.190356913 3.587165942 -0.655460425 7.824749659 4.189876165 7.344536241 1.596739300
-6.149708043 15.488171545 -14.664876491 0.316666680 -0.623440139 -0.674293445 0.237429899 7.267843727 4.390723552 5.207060696 4.145460361 0.271762214 0.889707478 7.917936248 2.657532947 0.577682481 3.096373489 3.705114039 2.149611764 2.693057067 7.628991258 8.790178913 8.396284802 8.371752389 3.140952887 3.517005920 5.795352055
-6.882144760 16.208553873 -17.973585313 0.492297264 -0.005306861 0.669828124 0.555828683 4.406310767 7.621381746 3.042980768 -0.891928472 9.113280770 2.384044181 2.120285486 4.994167424 6.113936109 0.461672388 6.568103139 2.426433769 1.360816031 6.749481298 5.773351282 6.896312501 5.953062440 7.825559484 1.020669204 -1.574010764
-20.771308866 15.504098487 -23.110674661 -0.773548047 0.312742526 0.109307031 0.540247633 8.066847187 5.385645077 8.304390147 2.192031509 -3.282895863 2.849635491 -1.003019548 1.812936011 7.915244595 0.649989403 4.563986953 8.215337022 1.222147281 5.944231677 7.485076004 7.223692770 5.287899934 3.018170415 1.558388712 2.243960307
-19.463413136 11.260122816 -8.405197437 0.865860607 0.337202047 -0.157206550 -0.334464183 2.015085515 3.239447886 4.900513009 0.342561653 3.147035570 7.029351595 4.064239054 4.429791221 4.083135486 4.389628726 0.536380695 3.112125240 1.033151112 0.782867829 6.308862791 1.165776426 5.496211739 1.828237733 7.833038550 6.694659067
-14.486450558 3.666136569 -12.044259951 0.172143404 0.311427050 -0.934421678 -0.015361274 8.768339011 4.591667062 7.005425057 7.341640976 -0.952842526 6.031912134 3.688351666 5.564953402 2.540294768 4.620208838 4.594735445 1.417514024 2.874510553 5.495600529 5.506609193 7.645090490 0.521472458 -1.427664122 3.020455049 2.453997813
-11.220420965 12.354931017 -11.882161370 -0.045830254 0.535002638 -0.726053992 -0.429554845 2.186349379 -1.253017595 0.194325677 6.209886701 3.284746509 2.860136016 4.839023281 4.267308123 6.256069714 3.440160542 -0.061374462 2.016199373 5.646860148 4.391085012 -1.211016209 1.465607357 1.335047982 3.473645720 2.137131280 0.348810865
-16.281598836 6.732490215 -20.477057427 -0.072805383 -0.830048254 0.446765482 0.325760458 4.231718102 7.805200306 8.451770589 9.907104210 0.094045035 6.663316411 2.551414658 1.184621905 4.763391177 0.667397878 6.629941124 2.955979084 7.094233098 11.017020640 5.257964505 7.689101933 1.262620396 4.523622220 5.624792085 5.785563034
-20.336890839 5.947965650 -22.868018443 0.094016966 0.412760944 -0.528332755 -0.735971272 9.231724076 7.741488315 6.028442696 1.376816080 11.066278321 5.115169823 0.216705068 2.589243853 4.581399249 2.655169997 -1.212570990 0.821122525 4.395416389 -1.549422470 5.584719448 4.196451391 4.355174132 4.285296885 6.505179993 6.660658284
-14.502185981 14.164328053 -21.248788637 -0.552454147 0.772056416 -0.310488967 0.048165417 5.455693340 0.425059126 2.543150755 8.149678926 2.429858786 0.630479448 1.362133273 6.983028889 4.931299363 1.273736598 4.543368670 0.446034624 3.469577044 -0.491976802 5.998411647 6.008843538 5.468693522 7.803413685 3.224046944 5.031532803
-21.850726458 10.523726236 -14.753990285 0.605916927 -0.293842300 0.727378787 0.132066197 9.220122643 2.200052705 -1.644023112 4.876465630 6.683953506 2.680415952 6.704543812 2.327687121 4.376740162 5.687747640 2.993335275 2.555996145 -3.207203915 2.384541671 1.731102024 2.735340255 8.697577317 3.084675825 6.836396353 0.883320313
-13.061040053 8.157784005 -24.497128257 -0.594679512 -0.789576878 0.123259955 0.087929602 0.762817261 4.164046060 2.039048132 4.054093097 7.191559251 3.990844364 1.975353851 7.793125338 1.367619975 3.242990878 6.277404427 3.312766935 4.706660381 -4.503422883 0.552341187 2.252929823 4.602351104 4.421705281 2.746441701 0.121583164
-15.436967112 13.008207408 -11.367841802 -0.367136087 -0.176473440 0.305460749 0.860675287 5.141844652 6.887453193 1.779013133 -0.360129496 -0.088726739 6.352891219 4.057574585 -2.064186006 4.602746082 -1.253702558 3.879416981 1.957603332 6.005584304 4.918271110 9.460489605 0.007885175 1.013429430 2.902700958 2.556007969 1.994565376
-7.663552050 13.283195925 -18.439351144 -0.069974713 0.276145667 0.902429994 0.323213887 -0.339376386 5.638323615 4.000051018 4.615771799 6.186633942 3.124232819 4.403228313 3.935909187 2.026976236 11.500013435 6.552722241 1.341142358 -1.456152982 3.847472591 6.289591558 3.779813253 -4.018094912 5.334550310 3.956736581 -1.137039602
-23.606681569 15.043230647 -17.150966767 -0.438883665 0.479825258 0.224574054 -0.725751572 6.218287851 4.853673906 -0.423564014 -1.928105532 8.089040207 6.862246648 6.413879543 5.191926818 8.395397722 0.881848798 1.021291851 9.276618398 2.424116346 9.263324887 6.394863804 1.255382388 8.703003637 1.581316482 1.184511440 2.150933006
-11.648537789 15.267767712 -13.147169749 -0.064368212 0.588947291 0.804789660 -0.036213613 9.759556421 1.496923343 2.950598451 5.623381307 6.272859275 8.186894107 1.848590611 5.545676047 7.891901015 2.968323867 3.994243853 -1.311914908 6.990424815 4.800339656 -1.713208594 -1.199940758 7.508361521 6.705704104 0.881184032 4.302410365
-15.533776462 6.741592872 -14.473326592 0.391828847 0.077989986 -0.786570059 -0.470845260 4.431878943 -0.781273591 1.059624210 3.868197153 4.440352079 3.584876544 7.846292675 0.591147053 7.349005477 2.966531215 6.165387370 -0.096303135 3.827928469 0.942284955 4.825391591 1.192641794 -0.375304718 3.955277532 6.195006915 7.952159055
-13.050868751 15.779588415 -21.858986504 -0.593399327 0.122542259 0.719293964 0.339818813 8.539920279 3.859975431 4.067169295 6.828475799 3.547968470 4.711138639 3.859696381 -0.207980144 4.421558319 -2.197046054 2.787020063 5.983854488 6.988390278 4.028764494 4.070037403 3.349494101 4.211293835 0.733730367 0.383030902 -0.416766562
-11.683012902 13.496419514 -25.080143441 0.123660692 0.334214382 0.502751817 -0.787559135 7.603481303 -0.548053219 7.098013401 4.023208104 4.498865011 6.561434014 1.454515778 4.056682216 2.720689665 -2.365682663 4.474374243 8.068077666 6.856276364 6.975927259 1.352817905 6.775508338 2.745454956 -0.538568458 8.445405650 4.855957444
-11.576907834 9.465938164 -18.496267178 -0.388961522 0.416233909 0.579389911 -0.582894157 6.944910857 -1.458314927 2.541960170 2.684706719 7.858831509 3.247164538 8.062182043 4.162420048 5.737315151 4.187369560 -1.173353073 0.080478322 9.032510960 2.162904106 1.926657548 3.587227017 6.724714545 3.405955480 2.639690014 5.219167639
-14.952347907 8.791488139 -23.319832363 -0.388624821 -0.684875050 -0.147293615 -0.598516086 8.317137952 3.667384701 0.641643683 6.030451410 -0.495485150 0.008296230 6.596932238 4.347259018 5.759397301 1.414029661 4.946730772 2.919343783 0.780622313 7.437011318 1.029046756 2.893567652 6.912244685 7.562418854 -1.370634349 2.939116332
-8.150224807 12.936132701 -21.593006928 0.965074176 -0.148742828 -0.068452419 -0.204503479 4.460781451 0.882002409 2.650861893 5.482884135 2.094399909 4.615575615 6.800858679 2.852999988 0.625006399 3.099234711 3.271153621 5.283305522 3.097202665 2.885511095 9.811740553 1.541259481 1.424779761 2.499743538 3.022011881 3.168779556
-18.293892936 15.529019011 -19.614211073 -0.545710236 -0.218370109 0.403327500 -0.701314310 6.206377639 6.270234836 4.438043700 6.825025415 1.648453923 1.653452856 6.688059936 4.658575631 3.846231784 9.454012336 4.529197893 4.055480055 4.280148521 3.759080011 4.151921101 5.558020531 5.183701983 3.547492329 9.978540537 5.941463677
-13.430177166 6.299996631 -19.087999909 -0.045062900 0.325738542 0.293485310 0.897624705 3.481577055 12.236693840 1.592836673 2.914229141 3.817351489 1.857388729 -0.538786850 1.255065049 6.656072182 5.184844795 6.317090553 3.594917838 6.975190295 6.689842491 0.699067243 5.814734185 4.370630514 3.989870655 3.868673373 3.630276177
-12.616002153 8.090780531 -15.239159375 0.416749889 0.684238174 0.424820274 0.421503719 2.004193854 3.828805144 6.592913833 4.474012639 6.556252750 5.774961879 4.496649501 7.880079632 2.933407325 3.515373317 3.188404082 -3.020543325 0.730646060 4.971144286 2.972380429 7.028140435 1.307077120 6.675037068 3.714725377 6.046397755
-13.783473759 17.734888266 -21.806495682 0.009159802 -0.306565668 -0.912436523 -0.270911760 5.317100772 1.308352735 7.881124862 2.614320671 1.814668398 4.554555400 3.251463676 1.670750407 0.139644819 3.578087126 4.247839040 5.461450457 0.595176969 6.512656494 3.140650474 0.497440957 4.161184751 3.501973681 7.501477288 4.252239015
-10.883292287 15.423304606 -22.807023138 0.636292302 -0.072509927 -0.286927154 -0.712423488 9.798860065 5.955218002 4.976961015 7.929892141 6.823419062 3.488714215 4.878083056 -3.035125006 0.916148620 4.147517514 6.523645334 1.319404337 -2.079107160 3.458398977 6.710049346 2.771621941 8.463413887 4.273593072 4.711593399 5.430983146
-6.670402289 10.433683430 -14.091455353 -0.868096608 -0.336666487 0.164139163 -0.325764164 3.976737277 4.138654975 3.305044220 3.069522939 0.173261879 7.189440231 7.900796206 4.780457572 2.449972411 0.581061056 3.817420093 4.581534186 6.190822085 1.827791023 7.026038914 6.977058346 6.607869647 1.526456699 0.873424767 -3.335376726
-15.992943521 15.959540981 -18.910486666 0.809194561 -0.502782032 0.155024914 -0.261498885 5.055863978 -0.465969499 4.604625647 6.638957098 0.596843131 1.011818401 5.712587309 0.681553413 5.632252070 2.017856943 1.726670143 4.333997863 -0.757501058 14.820830324 6.965703351 5.640019718 1.936739186 3.819836156 1.806619340 -0.161831573
-17.748172351 18.486784972 -21.808503977 0.318581234 0.034462823 -0.777154340 -0.541617432 4.861631431 5.848992850 0.729367633 4.114283015 6.323748497 1.903385413 7.026122895 1.910476199 6.036891684 7.858134083 2.545519895 10.568335457 6.010406202 6.012484316 2.800695365 6.631053660 1.540397545 7.625307987 3.276266641 -0.552748536
-15.664657779 10.955746035 -15.283060750 -0.342611188 0.542166439 -0.556873488 0.527792615 1.350777369 7.188913305 4.372069689 5.741846961 4.005892224 4.660959473 2.211722594 4.239438572 7.050448864 6.039429572 3.704072851 3.886508664 1.763439113 7.553590054 0.391580333 5.490878549 4.552017797 2.395977733 1.178751377 8.125804421
-7.454590283 10.672653233 -19.821048266 -0.851577630 -0.193793980 0.474392018 -0.110506317 6.586499355 3.367038237 2.518070169 5.423397404 4.319158802 -3.094663590 5.545153048 6.261572839 10.844479688 9.850095287 3.703044559 4.430827912 0.189049299 7.315669719 1.848210008 6.532891615 2.466227503 1.398135786 9.580100010 0.917146786
-16.701400272 5.306805259 -15.189412826 -0.434092660 -0.898592256 -0.004295993 -0.063851888 1.584873468 8.979155837 1.743597080 6.355337752 1.790265416 1.886578037 6.883378008 -2.246430874 4.531929984 9.828283694 2.982530177 0.244534630 1.844427049 -1.492816910 5.006452160 2.416158192 6.292418570 4.032213373 2.054113866 3.795872539
-15.302894620 8.094863797 -8.409183071 0.080086657 0.883374370 0.388212744 -0.250053424 0.151019261 -1.071165390 1.880940642 6.232498644 6.735772427 -0.269843390 7.063270309 4.053600075 2.856376129 5.689281397 11.272404227 -1.939223791 6.474583495 1.438773896 5.394726982 5.223854566 6.911562303 5.898308762 4.438402018 3.075639067
-12.724498318 5.906563789 -10.929654444 -0.638512519 -0.631782630 -0.423710958 0.116711163 0.989568174 0.848203434 8.715778471 6.602764431 8.721205861 2.708883226 6.324286483 5.363542854 2.271844288 7.611053184 2.144074045 -0.637301351 3.172164825 3.861703643 1.440080271 5.611003953 7.289357021 5.322538018 -2.755699416 1.333644988
-16.169041778 14.476847228 -13.144316363 -0.259478817 -0.679388339 0.434307498 -0.531487747 3.506397401 3.173006420 2.993246040 2.269876887 -1.064030849 3.453296207 4.793272096 6.509061978 4.538699566 6.175966852 0.717605138 1.815634590 -1.591826736 0.889375283 -1.789539402 8.089446982 6.949970225 1.264121230 0.646999895 3.782490890
-16.760444572 16.208525681 -9.268572431 0.540023510 0.126884120 0.409200466 -0.724451522 4.869543175 5.533476453 3.083248964 3.108160051 6.100054958 2.859940432 4.755878782 3.166049516 1.296065071 6.399905632 3.348507580 4.064206121 4.706228706 6.559916644 1.249344753 4.351603582 6.191102765 0.479389665 2.184438363 3.581354472
