8.958359678 3.644691955 -25.546798697 0.500355074 0.329310712 -0.462521541 -0.653661288 2.413602060 2.635501710 6.512822681 2.448564694 3.751048071 6.070565961 0.780981873 4.333665287 4.204897904 4.109195435 1.948097658 4.941234136 4.051563966 4.715358571 5.949205933 0.347876028 3.435779947 3.028422709 4.660492051 3.925897554
15.781529192 4.850195530 -29.799339377 0.321086837 -0.257810755 0.768086003 -0.490388366 4.734715575 9.110214231 5.693967141 6.792101360 2.500840560 9.654722896 7.239702691 1.373287450 4.162606873 4.837461892 2.937042727 5.161530386 1.285982030 -2.232138188 -0.421810041 0.162444763 4.886832448 8.499645085 0.141861849 0.454763975
15.200561015 1.492183762 -19.555361351 -0.615129077 -0.589539904 -0.343757795 -0.394828441 -0.061510791 3.315387205 1.898274078 -1.511487775 8.556888984 3.572741960 6.618252602 4.523798166 5.801077259 11.147816476 3.956072133 6.322086645 8.081582929 3.248915213 2.832427439 5.791550004 0.666362187 -1.468291443 2.894438642 4.496389514
2.984527417 -0.091501543 -26.901570445 0.651893862 0.073562530 0.721917537 0.220131819 7.960951266 5.215931905 4.702200548 7.455944479 2.977598371 10.580431048 2.839592559 8.046100524 5.996957851 0.563833451 1.958099733 1.045770884 4.643181805 0.026650457 -0.779149077 1.036020605 3.488792144 2.880387799 2.022816503 5.695260072
12.973293016 8.982653343 -31.270911458 -0.391998148 0.044849505 -0.074332995 -0.915860568 3.676871484 1.630775671 3.662119348 8.745478656 7.385059532 3.611247664 2.765584026 4.048261463 2.277825607 8.492959329 9.832847461 2.980807420 4.128791365 9.080936565 2.027274261 2.714732773 1.181393210 7.952166498 0.727773436 6.382206145
2.780598906 8.672789579 -28.845236093 -0.755326037 0.188274648 -0.428064352 -0.459125414 4.756507127 3.686300390 0.085113006 4.308376267 1.591353169 10.089769597 -2.726365116 1.924875518 4.097373856 4.887205502 4.898214506 4.426049897 2.555753486 1.529893589 1.873070910 8.388250184 5.272675850 1.398048037 -1.739687897 6.517792555
10.918166127 1.956996539 -32.090457622 -0.388491855 -0.907456965 -0.105799491 -0.120010015 1.937083770 2.695369418 3.286578073 8.262102014 3.903762003 7.219636236 2.196310670 5.235082540 5.590502507 1.353484789 -0.845433372 0.795286016 10.232889127 2.972284338 8.664589817 5.139880955 4.438701854 4.780876143 5.725819707 4.605976626
9.849784233 6.896759330 -22.557640217 -0.265411977 -0.497454583 0.811616810 -0.152884187 6.563471914 3.931856133 5.796295441 0.337261647 4.961089432 4.438251968 8.274125449 8.744897246 9.415741957 3.231372075 3.403539166 7.967793687 9.946949280 4.615736830 7.148409506 4.820768756 1.917581322 8.154402044 3.361029968 3.486857383
5.731613315 -2.002580418 -27.135799650 -0.410735396 0.824373017 -0.227629440 0.316054428 5.773129150 3.437297840 -2.899489887 5.811625559 8.396088768 4.090959160 4.812447469 10.152746602 4.449006183 5.629466505 -1.508198227 7.614579043 2.425612338 -0.155268490 4.338813178 7.122595276 5.364458593 4.633106433 1.925082861 6.476335926
11.735887877 3.766606096 -31.578842273 -0.836350883 -0.147281038 -0.518229886 -0.101307859 3.604497506 7.245632692 2.679941165 5.668258241 8.069090042 6.234344089 5.136973007 7.603868536 5.356748232 0.504481940 5.111908776 4.515897277 9.416149665 3.888302132 3.139432282 3.428042394 2.173947394 7.821385835 1.420587502 4.709153996
16.416558165 4.446777275 -20.197636653 -0.311091441 0.928883052 0.155879276 -0.126885939 4.623344854 -0.044060881 1.933325127 1.707128719 0.893781293 5.300367104 1.730208928 -0.839739947 -1.189353698 3.763381241 2.985924301 7.425369570 -2.021166962 2.768114735 3.889005648 2.665612467 4.454557857 7.299569960 -1.664397574 4.993419680
12.229945699 12.148865748 -22.212390312 -0.452584936 0.335439453 -0.622112735 -0.543712234 2.895737725 0.904767156 4.871729288 1.639071707 6.755984556 2.263069143 -1.501763661 7.481144700 4.474737306 3.514382002 3.896074216 9.647822615 0.798045924 4.724982516 4.374229667 5.632328367 5.248830922 7.611322716 2.851639791 0.452913674
15.549244119 0.737751508 -25.434185210 -0.011013223 0.620245684 0.070933539 -0.781116146 4.642532758 4.264528149 0.971907813 0.066813060 1.364892078 8.427629640 -0.036683079 4.045976260 6.814437720 2.885420462 -2.673506236 8.111419295 8.818019755 6.952292488 -0.135182805 6.356741138 3.150162059 1.297291814 -3.115368253 8.531952007
11.519231394 3.062881607 -20.905048320 0.166218598 0.720267312 -0.354812487 0.572446046 2.840101700 1.328749165 2.047515219 6.030075899 6.702127774 2.404278334 6.270705946 2.113956431 -1.558365357 3.968584783 4.240776528 5.037665733 4.954997096 4.014846233 2.699572028 2.228325081 5.894649481 5.654745963 3.850699260 4.593887700
14.257051406 0.162502152 -30.459775720 0.663329164 0.667159277 -0.108866755 -0.320999921 10.830667808 1.237686006 6.354173949 4.511324889 2.103580196 -0.082871417 -2.624196803 4.167570959 6.554909128 -0.305028050 4.761608350 1.805224447 4.370149501 6.777611363 4.239775297 0.286262087 6.441829030 1.304929172 2.739740611 5.547099578
7.734427016 -0.442691003 -26.717793627 0.856831804 -0.403133080 -0.320028372 0.030080235 4.659206184 3.234357891 3.563816740 0.449521642 2.990635420 6.962967314 3.065992368 5.447477906 4.178963417 7.980670237 7.801655214 7.332823912 5.413145787 1.043217711 4.473554521 2.649992305 7.365699726 1.465431393 6.901538534 4.060786847
13.905136193 10.762610007 -22.618871947 -0.280716747 0.247988513 -0.747740735 0.548255049 6.625023084 8.060224526 3.428354170 4.900229991 -1.239008493 4.570464732 7.708490577 0.889030023 6.696064676 -0.939805153 5.453173902 2.869442747 1.162385800 4.792055410 5.733483512 6.820688553 -0.156688387 3.422238702 3.831508539 6.305990149
18.838825417 3.242774566 -25.139638523 0.468531683 -0.619675503 -0.133197375 -0.615417576 3.147014510 0.518894169 3.283407685 8.009756064 4.316498279 11.280645169 1.492852727 5.316571428 2.774322596 4.685972085 4.254845926 3.874988452 4.008591228 3.090798569 3.933115846 1.464606324 6.772194582 -0.907174853 3.416137982 2.903116436
4.621731400 6.719596575 -28.726386181 0.255313003 -0.167472083 -0.943486518 -0.128847048 6.158721051 6.222812865 4.374441922 3.923803142 0.132658921 5.189412223 4.145611316 -0.175511533 2.739501474 1.260463825 5.874790573 0.309901931 7.671251295 7.940677692 0.812796978 7.227770001 4.287082672 6.286850209 4.306359979 10.185784055
13.696114514 1.956574594 -24.229948253 0.406508526 0.469170693 0.194803988 0.759395210 6.538803560 2.627906174 2.721020571 -0.097521801 4.150446280 4.162392879 0.506062891 5.583722636 9.006747666 6.061108095 4.837938786 4.006270467 6.883929949 4.791739181 9.346282181 2.784650923 5.676891430 6.223518712 2.821172070 4.398985147
6.592441094 2.802631558 -22.517055508 -0.371070578 0.858319976 0.302021607 0.185408722 -2.738440414 1.949851862 -0.689891205 -0.045894985 4.111367411 -6.582221338 1.499371508 7.781018195 2.967382046 5.360041684 2.449278481 1.904535627 0.991570420 6.462077757 1.282914214 4.630689638 6.084980394 9.303396283 8.075070447 2.259336420
12.335116255 -4.694296787 -25.670961843 0.199453813 -0.188322328 0.667036688 0.692686750 8.008313422 6.151733074 6.499409778 4.452735234 3.000782005 4.657183918 6.207283474 5.481052043 7.924626625 5.969828354 0.569810385 3.843640533 1.700699449 5.699912178 5.436209262 7.686369874 4.319859479 4.765772156 7.796828711 4.236704349
6.904424405 6.845470496 -18.914409137 0.172901758 -0.692341117 0.693558535 0.098718378 1.563670914 6.296932928 3.399645646 12.067259502 3.668510840 5.779402523 9.891074952 -0.195091128 3.831272095 4.854201622 4.596927721 0.326325088 1.070302050 0.476785437 2.457177309 2.840796453 6.475965398 2.524765033 2.408969432 3.021496076
13.135043648 9.601919515 -28.215936737 -0.366962098 0.768763363 -0.189082052 0.488456434 11.737466159 -3.805542977 -1.019645558 4.986898348 2.540446837 -2.518196119 -1.682501384 11.167156873 4.512813635 4.212431028 4.133126575 5.045679179 4.992064265 4.794683415 5.262483344 1.106086349 4.784266439 8.010223856 5.306535978 -2.267600727
18.908262508 4.189188314 -30.382859557 0.098283227 -0.393835376 -0.514568644 0.755283533 3.141948901 5.443961411 3.325885324 3.626131860 1.483050578 1.585278969 5.119993069 11.452516904 5.808470307 6.028926512 4.112663167 1.509546614 0.335420760 4.665217924 3.331941516 7.682400031 1.180722668 7.987678831 3.236179078 4.386268829
4.120208837 7.311336784 -23.099575975 -0.537250298 -0.476523084 0.514025145 -0.469111947 1.266055625 4.198535235 5.845076056 5.554425700 10.451234516 6.241825310 4.251325683 8.877507029 4.177093418 4.446853983 4.714954717 0.908568652 1.097496847 2.085206707 3.715557219 7.660587178 6.071800242 -0.061915015 6.483744211 1.105716710
11.375521953 0.022394864 -33.096316569 0.207800184 0.796936513 0.523622428 0.218015667 2.882017256 1.063867053 1.374122524 6.972318708 5.949480170 1.570961982 2.330333342 2.045542664 7.781024784 -2.521153159 3.645070221 4.518249113 6.579150267 6.112190975 -1.142043917 -2.820979519 3.972756878 1.397602156 6.134806184 3.409732342
12.132151324 5.678325622 -29.506585284 -0.786576050 -0.342203410 -0.499354954 0.121817789 3.555339153 3.160285234 7.177449801 -2.248856281 4.494367206 8.035420113 2.274657690 6.511403971 -0.645929302 2.375956046 3.016710584 4.805239512 3.300159902 1.492166319 3.744406529 1.699478894 3.825832657 1.576576522 -0.005573490 0.042906305
5.657951434 5.803056763 -24.985075336 -0.812501763 -0.021218438 -0.533119115 -0.234892895 6.657427592 4.834929579 5.124468884 -3.552238090 0.636001994 4.626826310 4.897592864 2.734400583 1.216511179 2.645748063 2.591047043 10.264145493 1.939331560 11.089389664 4.091670696 -1.983953451 4.125036039 8.581667021 8.635748244 6.126039266
15.309887536 -1.755579842 -30.046496383 -0.823043013 0.280506936 0.245819712 0.428355842 4.555008634 3.244978688 1.231158811 5.508079855 7.858660200 9.488553467 -0.502672933 5.292901302 1.780767257 2.665163944 2.864377409 4.059639280 7.318987743 -0.613617584 -1.784090540 4.357480389 5.141871442 9.006698121 1.369564744 7.002929745
6.590325658 11.194917752 -27.373385791 -0.138200467 0.264995294 0.766081925 -0.569031291 6.941853924 1.141720899 3.885421137 5.378750774 8.902232701 4.120837741 8.127617779 0.995786728 5.975424364 3.627016022 6.081287786 3.593045030 1.234764191 -0.678433468 4.824510893 2.183501536 0.818537666 6.215587508 0.499901057 6.788780115
13.850971318 7.637339374 -27.626685450 0.359496044 0.645724551 0.421756410 -0.525284617 9.229757047 4.086102980 -2.639597253 7.394013082 5.417109158 4.083434972 3.810584503 9.325361693 1.174420113 2.416604462 3.175880611 7.781199659 4.858674915 2.616833150 1.882648829 1.302964164 2.334090218 8.305539585 1.836009391 3.678444706
18.314301086 2.225749446 -19.932014148 -0.697726006 -0.430661933 -0.513569299 -0.252893843 4.081149242 5.785677698 3.223360230 0.895838273 -4.716381329 6.678928771 8.232357512 4.534122655 4.879393055 -0.177048879 4.730781133 3.731998355 5.611831387 8.617640361 0.568645952 8.294850503 7.323664418 8.321556229 2.194724293 -0.991310620
14.736185271 7.004096403 -25.434259855 0.656516957 -0.529696205 0.355880303 0.402189789 7.268248629 3.139408600 5.597763450 1.785455746 3.025216449 2.775455783 6.510505376 10.406113104 2.116301958 1.586296142 4.658715248 2.514273144 5.712466784 3.388806530 6.376363941 0.302841116 1.952393951 7.543815196 1.663670713 0.621908557
10.982464087 1.970899668 -21.539155301 0.477598606 0.352654464 0.784498078 -0.179156819 5.961412291 2.597676985 3.697038541 4.418986219 0.966022707 -0.126499581 9.760033621 4.012938768 -1.647032048 3.692595978 6.267871787 2.247603748 6.136966721 1.285641909 7.171974970 0.863830487 3.040269047 2.835335770 7.428819298 0.350120974
4.812621154 3.417694494 -27.963254978 0.686903337 0.537991397 0.431685403 0.228859729 1.287837631 5.110494055 -2.883041496 5.996005334 -0.697347252 0.326618866 5.329610847 5.050122786 3.045016889 4.618345082 2.552293108 2.042026792 0.292915300 2.390430519 0.409614426 6.013236282 0.519032283 3.204859767 4.386648274 5.918026933
11.868147756 1.586136733 -18.822020222 0.335335124 -0.084182222 -0.826370420 -0.444494810 3.625382649 4.953620690 -0.720007598 1.941493662 4.096692899 5.515158730 1.496666880 3.508266302 5.016011625 5.420852083 6.927851103 6.823403543 6.327700989 4.984044519 -0.972801013 4.621751821 7.982448013 3.791726817 -0.991541624 2.355813382
14.976577024 5.759613437 -22.569572944 -0.779184866 -0.005995784 -0.022985325 -0.626343892 2.695995747 -2.133539163 3.177449759 4.423402757 1.874231958 6.146691811 -2.089431910 3.142740958 5.968961555 -3.267482246 1.914108854 2.285316826 1.555922620 6.960696332 8.014543051 2.107730960 6.122035001 10.981400871 7.847409289 1.315340300
5.005609702 8.527459860 -29.891188892 -0.452410818 0.393457921 -0.752260597 0.273165355 3.864775561 3.982348306 2.593544129 11.974494217 1.861231234 -0.223813497 4.531491717 1.824352298 4.459037370 1.527219516 5.933466002 -2.156636275 7.805594666 2.816215210 4.634437596 3.201193300 3.241541008 3.782590164 3.174816854 6.372365515
7.198085571 1.265179209 -28.896913187 0.805541038 0.571151176 -0.143525514 0.065501120 8.105584999 1.035311068 6.185279454 2.619416365 2.501349162 2.812913559 8.666846246 3.522089760 5.254488617 3.407380284 1.844007149 4.735144526 0.769900514 8.587809236 5.043081070 2.930324931 1.095381941 4.740217170 9.387744538 3.916251689
11.435019467 2.342999678 -32.967553369 -0.833598421 0.037576986 -0.339742198 0.433908840 -1.027910193 7.374918853 5.111426186 5.067720453 8.866754511 6.425773667 3.644128155 6.484016453 0.503169148 0.130560171 5.489890771 3.896996909 -0.694300789 4.913006668 1.783027447 7.476678990 0.777707649 8.426404705 0.881780055 11.054389055
6.991871407 5.415900593 -24.886776145 0.269217595 0.325928763 0.608108219 -0.671935058 2.273187217 1.090739309 6.549420138 -1.653560731 3.816120241 2.486456811 -2.468618319 5.291899585 2.358520297 4.238205396 -2.919716810 3.146927619 2.856622775 2.441312308 5.903722087 1.761167052 5.829065222 1.881282809 5.461687566 2.566430099
11.509083117 6.836959550 -25.956914376 -0.848394447 -0.125378496 0.324151125 -0.399290799 1.830792703 2.637708605 0.640565612 3.980632749 3.352798597 0.943935566 5.494451833 11.128821318 6.807414877 6.715296321 2.417464141 3.170502852 4.414659133 0.125892362 3.400080912 8.059736746 2.475084564 3.417852274 -0.153694889 -0.417163245
5.141960195 -1.280558642 -26.762789621 -0.377109146 0.472936953 0.016115958 0.796153004 6.310795199 2.566707007 0.693843948 3.998626204 6.218893634 9.665604139 3.221654892 -1.741595600 3.810232370 3.997062236 1.823833432 8.762506119 2.779004201 0.341903202 2.331602019 6.895801993 5.915047899 1.077876871 5.321324997 0.426460155
6.370736973 8.428863862 -18.831842373 -0.376893406 0.769869988 0.214393501 0.468280886 0.494468052 4.847229668 3.889070962 5.386710915 2.984650976 0.308557835 10.245375399 8.082619950 1.674570738 3.517721122 0.395163485 6.279343524 3.304240493 4.580587045 5.588858619 8.535783726 8.515198472 -1.264385476 -5.286219136 2.374596098
16.224685955 -0.643806861 -21.734121626 -0.674000095 -0.064066311 0.130721108 0.724245381 4.216281341 7.000591424 4.816621589 3.048039056 4.921474316 7.884935366 6.719589734 2.138616259 5.099840002 3.516889762 4.566688827 6.271119375 9.001231883 5.011656345 4.568436223 6.631472013 5.022069336 4.961688107 3.737553824 6.786135762
17.319600648 3.454668841 -27.492932534 0.488789854 0.517060635 0.546156190 0.442092969 11.232794197 2.954635246 8.497448995 6.647850318 8.454384353 11.093128670 -0.679892108 7.378989142 3.725820069 5.290328392 4.189157886 3.011621086 0.962346986 6.677976199 4.573678058 -2.021313657 5.313606169 5.229028873 4.570858800 6.626281835
20.406277469 2.871980885 -24.804631937 -0.799248770 0.018670224 0.197438679 0.567336579 -1.613260924 8.804182528 9.198398031 2.120378529 6.202974189 5.294360474 1.522260351 4.246801458 0.085976533 6.608769513 3.972402495 4.677579944 3.725228510 12.375430147 6.174506473 8.590528442 6.120644206 8.649256118 5.545954666 5.960612643
7.935969241 1.781658936 -32.122826531 -0.356750822 0.219209144 -0.442184057 -0.793189424 8.016726455 0.667727059 4.462775402 3.025175110 7.008282394 4.911186172 4.673325799 3.386100552 2.289339680 5.114009528 8.111791638 2.190761070 5.415249765 2.820336806 -0.487893748 3.475861868 -0.605613672 3.716565875 7.864036539 4.510321485
9.026242475 7.829972731 -24.164181033 0.682297487 0.588653868 -0.100739264 0.421673291 0.858031490 6.888596589 8.221831031 3.642953315 5.438124414 3.021538705 5.702463303 2.464645738 6.293602579 8.208469914 1.707055568 -1.157378820 6.761056923 0.860432448 5.300134119 6.014644318 8.279624077 6.635171498 4.957834983 7.800480819
15.872911986 -3.215204784 -23.700381784 0.252761778 0.419531066 -0.860560996 -0.139785339 1.041925615 1.000634941 2.323429349 3.058463628 2.899757226 8.212551938 3.085583379 0.962072779 5.620000750 5.818103522 4.843477309 8.663399420 2.913573865 4.316508389 3.807754803 5.416203192 1.365773292 -0.956899540 3.668069470 5.036192049
14.141233730 4.278907544 -27.718277990 0.616275678 -0.016239590 -0.216300680 0.757069733 5.986861543 4.196189413 0.878767276 6.204626439 4.450839726 1.763301783 5.295655629 3.316913098 1.792612805 3.120093826 2.423215196 4.709831477 4.023816788 0.335455624 3.523911191 5.027040403 4.520333966 2.634317064 8.302561321 2.567732117
4.979291322 11.032166168 -23.574235395 0.682698366 -0.179289657 0.707559888 -0.033721875 8.230912530 7.159199013 5.513660720 7.184068027 0.099049665 5.778199498 7.339799954 2.467862660 2.115815253 5.367873787 1.717028336 6.997806679 5.587879200 1.783540577 4.942904226 2.810844478 2.412060302 5.647419930 7.331029717 5.387609085
13.008995660 2.057148673 -33.776354721 0.701260989 -0.667333480 -0.121963658 -0.219143603 1.214989688 0.224610281 3.409484893 0.649881706 5.765478315 7.713694597 3.395569246 4.291002243 5.993923083 4.053831221 2.375313477 9.000490938 2.734520647 2.728884653 4.793142423 1.280753664 6.913989272 6.686012808 2.138783625 4.559217088
12.357779945 1.711159589 -33.149702323 0.599434633 -0.753595883 -0.056708392 -0.263733812 5.735954635 4.300306388 4.720150255 5.855041715 7.222876592 1.449782916 7.261922434 1.538333094 3.003477604 7.251328087 4.797702692 2.821674755 7.399441990 2.517166764 6.629791844 7.692202594 2.933012043 5.351610979 2.440618416 9.807120742
11.580935017 -1.130203446 -22.398290137 0.222841805 0.200616250 0.540895220 0.785828869 4.580878268 1.033636094 5.592903027 3.041163406 -0.522308172 1.399217048 5.528759821 2.229524330 6.769323453 5.692164759 6.860342116 6.581099976 5.790676491 0.489525421 4.058552990 6.801861446 -1.796481266 5.269398784 1.821118794 8.405638294
13.639578320 10.562534749 -31.084214875 0.138091595 0.691134653 0.708497011 -0.035994277 5.545190247 8.213308336 5.497904806 3.680436746 5.538396004 0.862749149 2.265166077 -0.412433759 4.707711567 -1.807299159 2.031856854 4.894109793 4.809212317 2.606592656 5.631908046 1.881238757 9.638962951 8.429518474 1.702904541 2.990785096
16.838984453 7.078897045 -28.437604486 0.022197939 -0.647357553 -0.695782054 -0.310359120 0.491190919 9.371139846 2.872500434 9.218741569 8.107496086 0.714868134 1.923442353 -2.303464299 6.569762215 1.550768667 6.832814835 -1.774371105 4.050447629 -0.263833290 4.286183658 6.296669692 2.373767676 -0.785176037 7.278462186 0.251683851
15.271369917 5.919138005 -19.085868974 0.890037327 0.238198329 0.174104487 0.347538113 3.424756216 7.473025500 2.410706559 -0.241830340 0.099052473 3.588390134 5.335371487 9.706842088 3.831103893 6.065814827 2.219907600 0.416119578 4.396005062 4.456439527 8.446316418 1.187652262 2.535630376 4.259216559 10.815381998 3.608949240
13.690470493 5.705996491 -19.446412175 -0.342949838 0.241818540 -0.544051762 -0.726578889 2.205099596 6.258949358 3.119386598 1.721225274 0.667676467 4.916609893 -0.690903754 4.520994535 3.622363453 3.715564917 4.263657232 6.714631229 2.634089677 2.915214446 8.126539111 4.956611392 5.015160240 5.716223804 1.778503706 4.208846983
8.608415078 10.494805507 -29.421790436 -0.576876990 0.339461105 -0.585750541 0.457028884 3.668652587 1.434017616 2.687396076 -6.471316364 2.474566314 8.439848558 2.407442350 2.005717025 -0.367769647 4.666237184 8.137806551 -0.072945187 9.255275477 3.378881409 -0.349154007 3.710969313 5.459016815 2.512892988 3.353515979 4.889511383
10.602640809 11.713583105 -20.354061380 0.554314852 0.617607676 0.556297054 0.042771376 7.201446425 6.313303469 7.772287815 5.543503388 1.873875538 6.503685397 7.817861126 5.870331845 7.108249156 -2.065596869 3.996698365 1.828462258 5.223897553 4.022829177 5.321132339 5.595556189 10.453616467 7.403983771 2.518168691 1.123561980
5.325051191 7.193593309 -27.892765824 0.271438947 -0.143264132 -0.139179017 -0.941501720 5.658689458 2.641008686 6.809751597 3.759507455 2.872601723 5.665291157 4.612102021 4.473158634 5.843297386 3.344442284 4.839710056 2.057317460 0.773605031 2.621055999 0.489457508 4.406650225 7.528328942 3.401298806 -0.515652869 5.001371515
3.544290653 1.538218705 -21.376118822 0.879448529 -0.213071009 -0.298941080 0.302993829 1.879042142 3.618034454 2.500871658 1.556828133 3.295172765 2.816661879 3.126294724 5.739479215 9.116067133 -0.924984211 5.255595684 3.090931838 5.418971411 2.163894522 4.900921800 6.140254406 3.770219103 11.067396722 4.647035868 2.414067886
9.795079184 11.563210796 -27.109995638 -0.015073334 -0.476574919 -0.859856415 -0.182472153 0.368426217 10.837785028 6.314693542 -2.989432689 5.392745614 3.595249600 5.583159450 3.038326315 6.559442923 5.742581652 5.695247525 0.346158377 6.902588373 2.474070368 6.548206850 4.684094014 2.780226565 2.157840922 1.861155979 6.049729735
12.734724619 11.632964490 -28.712125073 0.290341809 0.200230298 -0.811326454 0.466217597 6.091191658 12.715657681 3.452799273 4.746817102 4.362853989 2.796109074 6.247758833 0.197407042 5.984989774 6.320063603 4.209527868 7.965985752 4.729790620 5.276709598 8.222915130 -0.976867626 5.399201716 5.981601261 4.733971791 7.692407415
14.312468335 5.237223750 -33.672484038 0.138781741 0.355133245 0.921924483 -0.068375838 4.311344961 6.712088167 4.574231418 3.299315263 2.732306029 1.769556677 0.205327193 6.928654467 0.710917105 2.402633282 2.304629033 8.568379547 5.360418750 -0.967016462 2.871230292 7.819813590 8.983368704 6.584162242 1.670041782 3.958216764
10.428241030 -1.967348794 -24.389653570 -0.524918064 0.819082996 -0.039216992 0.228092305 1.687617316 3.826693897 3.673973715 5.517107088 5.117260685 5.707624890 5.811453985 7.263992964 1.177712869 4.113053982 3.906776214 3.426751783 6.881163641 3.073184519 1.713627512 3.935565792 3.645675374 3.320941265 6.662610261 -0.465730113
12.614511967 2.195506840 -20.348837582 0.072681528 0.080942949 -0.975441406 -0.191519446 0.749028706 11.687981398 2.106363092 1.063614599 8.433899657 6.331261546 7.713455892 2.888971213 -5.908560509 4.691187763 -1.872212699 0.824358578 11.832178506 0.249895992 1.572183099 1.061175973 4.874004311 7.601796718 2.010270573 6.179276045
18.248558374 2.971906122 -30.985733381 -0.691302650 -0.242240195 -0.103010988 0.672910894 9.338138851 8.626373981 3.481658185 1.195714248 4.234702898 2.195920064 7.413464583 9.067676599 2.886283698 5.362805550 3.298364598 11.447582333 -2.657466165 4.635920137 7.653555569 1.641802278 4.891247012 3.511258928 0.763208180 5.003404953
6.494153950 9.300670788 -22.682811996 0.452463016 0.330245777 -0.264312131 -0.785082189 4.416375800 6.633075839 5.238063239 3.528066227 4.090744714 2.688021681 7.348048211 6.152158593 12.470700153 3.788202550 7.882763612 3.707301946 -3.282347899 2.093162667 2.849650077 5.091701687 4.225883183 3.119045057 5.439076317 -0.746572921
14.098578344 4.559929795 -22.233783598 -0.010677975 -0.614165936 -0.574278558 -0.541193425 0.907230088 5.525035283 8.190068006 3.827464535 0.062972258 8.030319291 5.664868417 5.866578616 1.522390759 6.263547066 1.943484706 5.175541677 2.807895991 6.373060252 4.912953423 7.220391478 2.124323116 3.436212183 -0.547444351 4.321528397
19.974243885 7.219479997 -24.731303160 -0.170752514 -0.272111754 0.562372993 0.761928730 4.192753372 3.195755060 4.243398707 3.008551242 0.582100825 4.611654527 8.738589285 0.850717602 6.721067772 -1.794586919 8.238172472 11.792819759 3.281002851 4.441816489 3.139199134 5.464312312 5.440350372 0.740544367 4.697492041 7.848376192
12.334048232 4.404316958 -32.655616509 -0.717849208 0.480582233 0.429355329 -0.263414564 6.017082993 -2.651246086 -1.413409242 5.207930713 0.479297260 5.651021827 4.755497174 1.748660521 1.457656707 0.581085296 4.874092846 3.982807218 4.116077630 8.064230519 3.399754119 3.195110141 5.109684911 2.494037238 1.965516521 7.187903714
5.009210317 -2.785712423 -28.150051581 -0.575970832 0.501678010 -0.550668418 -0.336661653 9.875770763 8.244609586 2.508318229 0.776666175 3.258925064 0.159979997 5.625054116 2.926290760 3.254885432 2.554330836 0.025079107 3.692287813 3.611803704 3.885016218 4.316068195 6.683169702 3.125402135 2.565833598 3.275569972 6.696804350
20.736645665 2.861384920 -24.905048917 -0.690253740 0.243412728 0.517273929 0.443539965 9.437462630 3.703328777 1.973883796 5.897433794 7.268520783 3.525817798 9.436369894 7.353179525 3.594805954 3.618072620 -0.354716038 4.579644286 1.230670859 0.303093193 0.382293866 5.035755810 0.332066243 4.982494120 2.357163112 6.056018106
4.091736897 -0.115256980 -23.225012866 0.779117765 0.476178455 -0.073756553 0.400985733 2.162011083 -0.877484141 5.524193967 4.766233062 4.234991870 2.139925283 9.026922839 4.279163477 6.873103784 6.075352770 9.255623193 8.442389740 8.585142419 5.204393589 4.367766894 -2.460849400 -0.984656394 2.314151470 7.193096575 3.466771003
6.074535687 8.112234842 -23.590707542 -0.462880609 0.004874279 0.852183023 -0.243930069 7.833482215 3.883463297 5.247758401 7.868662553 9.666748889 -0.100397490 -1.012234557 5.715585756 5.002453715 7.704670108 5.228984322 3.304133906 8.090351911 3.775311544 7.125622214 9.753926720 2.677479091 2.731020349 8.438142894 1.770528285
16.994159994 -3.409047210 -23.963195540 -0.166083642 -0.065666742 0.666888598 0.723438802 7.332011097 0.852690090 -0.496477331 4.776075238 4.158769156 1.870212613 2.098230629 2.228081731 6.897207150 1.176937516 1.237985931 3.803571196 1.112948384 3.539747555 1.175660294 0.436398817 2.210699867 3.468184962 6.185539171 2.540536164
11.286138912 3.777333212 -29.808988512 0.299303509 0.253007586 -0.648530797 0.652543008 2.490271460 4.377521685 4.590593918 6.990896084 -1.708016537 0.911465057 0.754750479 2.316133144 -0.660681421 8.807355251 1.455357868 1.812602167 4.180390823 2.136948016 3.242653621 3.992616620 3.455782616 -1.038067507 3.653308888 6.577253447
3.346260471 5.167618237 -28.062651802 -0.037603173 -0.590161869 0.591941925 0.547631015 4.644862150 0.532605557 6.361188157 5.647830457 3.790462395 2.177503817 -0.310286014 5.237633321 4.863934236 4.308033419 0.596474316 1.519887699 3.687200843 10.145684438 1.293900914 4.919531469 8.425781282 6.049549579 2.686165750 -3.427452328
18.735526910 0.636455854 -24.052588548 0.034494442 -0.553694572 0.793484837 -0.250228430 2.121118699 5.904270294 4.810031455 6.064732520 0.319933431 8.092013984 3.801886942 7.038898977 4.565245994 5.526341235 3.507745800 -0.295131933 4.854007883 5.450044797 4.637953312 7.318037537 1.906939943 6.334427969 3.389693706 5.439229925
10.688819858 3.006961282 -34.602465555 0.435254571 0.377863345 0.514211647 0.635105608 2.989435791 4.019863173 6.470043923 -1.093695553 1.476633122 3.997577403 -0.955442394 8.851279589 3.992717423 4.278534395 2.403725408 0.520550987 1.623046689 4.286101285 3.055476396 5.379136504 1.886132914 4.572955826 6.157084021 3.223922391
13.666898640 7.248176263 -16.238943990 0.830361591 -0.400229300 -0.319034241 -0.220302721 5.507636561 0.717386877 5.688305258 0.560455542 3.552045023 3.368791502 3.120675992 2.311473633 5.455751145 3.632862184 5.461952971 3.231000582 6.423630044 2.375948084 1.886379168 -2.886534538 5.100504820 8.625430104 4.966508011 4.736055595
14.981151642 10.652732065 -27.005460911 -0.142939942 -0.745287029 -0.517281591 -0.395645263 5.273073565 4.453692180 6.432851121 12.471860613 -0.260852794 8.252242801 7.016766480 11.817061495 5.144848584 4.209242311 -0.235370820 4.435456715 2.926619428 1.716128493 0.069399260 2.412160159 5.095641588 3.064454918 4.988243332 3.254280040
14.932648261 4.413012265 -18.727053467 -0.904952412 0.239168778 0.348623974 -0.048174194 1.951929181 4.544585827 0.818180468 1.966913141 4.911071995 1.726964762 5.404471385 3.740277521 -2.155578624 -0.762649755 7.126998440 -0.992681984 2.332370731 6.731844623 3.324180976 0.991186309 9.017602638 5.455406669 2.470682668 0.781693127
3.034805163 3.583340951 -25.810106779 -0.223903869 -0.839691640 0.494469298 -0.016885508 5.984242274 -4.675648791 1.625656294 4.488024043 5.336037577 8.857495647 4.685677272 4.181058872 3.156498670 2.111040034 9.014769790 3.836837223 3.217639006 5.642513658 6.653814876 -2.616837185 4.895597528 0.877043090 8.189784837 2.584206345
7.217708571 2.409494382 -27.283421610 -0.017236739 0.542063798 -0.826787285 -0.149306798 2.268290521 1.169050968 8.488608485 4.933016211 5.813661468 4.865699671 -1.145205450 5.730325598 5.639824350 6.563615362 4.282112208 7.565332725 2.444388966 0.494491882 1.753849481 4.475371357 2.350377255 0.517989461 9.757814759 1.273798125
5.608948630 -2.696450985 -27.865404801 -0.231966548 -0.092099830 -0.968319430 -0.008162339 1.955312142 3.028936234 -1.225883331 10.060482207 4.678103380 8.662128576 6.587692881 -0.885466027 5.622903467 5.646463996 2.818254231 2.984249285 5.565244555 -3.267100083 -1.304798722 2.762912063 6.922678955 -2.075000359 4.891145375 4.950149200
5.516584806 6.270394177 -20.447446267 0.250352628 0.851225865 -0.460779274 -0.020507285 1.970897888 5.468342025 -1.838423877 4.364963046 2.126412512 4.375693111 4.942525603 8.748667667 2.153756231 3.527152952 2.695711711 7.817035254 9.165389973 2.406279873 5.956797257 -2.150489029 -3.809110003 6.773568647 1.818601090 5.163877205
8.096781185 7.309729120 -25.812779148 -0.009103572 0.308419643 0.875842229 -0.371072551 5.385314130 5.374223480 3.861136002 1.345754258 3.798580522 7.126048422 4.898754798 3.711221969 4.854678346 3.209901413 3.915771652 8.301607975 -0.415194790 6.064068352 0.237487477 2.948287120 0.441856980 2.945697974 -1.767070102 -0.157640713
12.071272946 8.959510743 -17.490519525 0.941841123 -0.071050484 0.246052020 0.217590285 7.760921669 6.258191121 -0.001658205 5.312398934 6.268639705 3.558667123 5.663769490 6.104015121 1.844507528 14.545047347 0.537772433 1.808104819 2.162130893 8.210752441 5.327277304 3.971521180 1.421783426 6.600700448 6.879009602 5.970788621
7.144143651 6.703940134 -23.468016311 0.091702593 -0.424750989 -0.207409763 0.876446474 0.246218903 4.854299539 1.199436676 0.368959603 6.365794635 6.801640939 2.947451541 10.471859489 4.351252683 -3.149770811 3.305216320 2.381784639 -0.137863930 6.520069532 2.259093745 0.358976211 -1.308068212 9.334244583 3.267574094 8.897712916
8.788107451 5.561151993 -20.942137485 -0.185977837 -0.662807272 0.610159492 0.392178732 1.089884210 6.104092754 1.166225798 2.054352239 8.861638479 3.118079622 7.960452498 8.413173335 2.629408541 8.606808577 6.677854343 0.846020988 8.483465818 3.209468578 4.004740035 3.926333157 5.004040778 6.493639385 6.932082495 3.783634225
9.592672544 5.265174342 -25.808573081 0.254331927 -0.777681892 0.573343100 0.042471572 4.207243387 7.825859671 3.202643491 -0.706850100 7.620746681 2.166335384 3.514769984 4.607470883 5.116728371 9.271154876 4.166017341 2.826972290 5.137993210 9.652609532 8.731543420 2.966934230 7.223388287 -0.559206731 10.208292583 2.318200368
3.510124713 10.352532435 -26.703735991 -0.467861477 -0.171078209 0.519923883 -0.693914289 4.046834069 2.861889770 4.667689760 2.468095615 5.841126143 -3.109761523 6.075922295 2.272736496 -2.345580411 5.553693314 1.149860251 5.443297281 4.896058435 1.977209295 3.985687454 3.983776242 0.484562990 2.696230350 6.161592013 4.000153406
19.931999022 4.206272297 -28.717720516 -0.004051692 -0.317833435 0.936318011 0.149245012 4.479402150 7.271028304 4.594163511 3.769393934 3.731456539 0.507849059 5.363092183 2.035877801 8.130503077 8.805849800 2.780860822 2.342688929 4.816549040 -3.783719383 1.183297328 10.618630379 2.803454121 -1.746276165 3.578242497 1.731312587
4.807629956 2.977881268 -25.118843902 -0.016837288 -0.722503014 0.667014686 0.181100273 6.146878448 -0.788852850 1.146267975 8.030914588 4.212073393 5.857472361 3.171575815 7.724918498 4.557387138 -1.109854418 2.181328451 7.345472164 1.777667195 2.997012238 5.448723438 -0.050231464 2.337559576 4.208039715 2.238968899 6.505466738
18.410577384 -1.697656118 -22.236920470 -0.203881940 0.856241743 0.470106427 0.065438364 7.316749831 4.225069280 7.632359292 4.652366012 5.501098034 6.252640594 2.321905348 2.773777049 0.635525522 6.319674595 3.263649467 -2.743203567 7.399246565 7.553120831 0.929993592 10.517995526 8.292083582 1.821915024 3.310678636 -2.458324481
7.690672023 6.934979843 -22.908068207 0.419754748 -0.524622773 -0.681804638 -0.289342933 4.050350407 1.807714406 5.351057216 -2.895938168 5.847929842 5.128329722 6.088679366 1.439339857 1.701142593 3.427377218 3.889422831 -0.369744469 2.608702611 7.886515537 5.219974714 4.215265873 5.178245609 4.900279588 5.601379765 9.413677400
4.201791287 5.703312650 -29.386773937 0.840846234 0.320726825 0.093424768 -0.425891685 4.217500766 2.815734257 2.962486254 6.570661079 6.930798750 1.022297282 3.643256742 5.108176096 8.527034816 10.389574594 4.308667829 7.110772015 4.947073263 4.348343136 4.329701319 8.102991696 -0.564626531 5.831612874 -0.177763203 3.943646583
4.692784626 8.038730386 -28.778583911 -0.161474508 -0.693960323 -0.416854978 0.564426240 7.600365490 3.705295193 2.614794624 4.565046264 4.936722563 0.786048240 5.449241650 1.259775799 1.588130529 7.731110046 3.951616493 2.872461084 5.066250858 1.825311460 4.351472693 3.721272263 8.661186769 0.766202266 3.170661406 4.183815685
13.464719484 11.170497085 -31.402177659 0.414936163 0.098359017 0.432570767 0.794377754 4.155473170 6.778053005 0.813938483 8.358425531 2.535613072 5.232238624 6.095257952 4.963683756 1.939330342 4.592946940 0.251341815 4.843184211 2.544159379 1.242931748 5.526909754 5.401606810 3.823840051 4.793584450 3.156428234 6.461563338
7.795711440 7.068762968 -16.364208822 0.279959400 -0.450454166 -0.643318938 0.552136326 1.985398788 -2.874912431 2.001751219 1.197959088 8.321749374 5.337962161 2.847532872 7.421562120 6.670030307 3.794846913 6.368944962 0.943498085 0.977076073 4.259248422 -0.216552911 5.037518760 5.713074811 1.932188886 1.577586316 2.460998337
10.319731241 12.289275477 -25.514037579 -0.564075262 0.065235621 -0.620722371 0.540617379 5.209501307 7.048002028 5.072119447 2.321758406 4.534645004 1.311374777 0.921530672 5.139302000 2.998011216 1.549467870 7.170968935 3.749472421 6.339484450 6.558007442 3.862806357 11.805241583 7.125390980 1.676552325 2.370810462 6.182394759
9.793778633 0.903551334 -20.158452205 -0.556279189 -0.598830153 0.575810290 -0.019960491 6.924862467 5.592835393 4.609674607 5.568297274 3.061332050 9.046471854 5.488179451 4.605076999 1.138754890 2.461785109 0.072989411 6.668209126 3.552979216 -3.419907429 4.979553245 5.855341817 5.609307513 -1.427765515 3.796229641 7.061410114
11.564617923 3.253191550 -28.535141093 -0.592233389 -0.348870242 -0.475742775 0.548833289 2.922781772 3.300836652 0.224808692 3.201741058 5.255185438 2.714837814 4.760651294 3.457690923 6.271883724 6.302741346 3.779950746 4.549025763 4.065111896 7.028844353 -1.156983499 3.528482624 1.525062713 -0.843337795 0.442008696 -0.084882755
8.552851845 3.927690559 -15.902095440 -0.857091556 0.213852377 0.467566325 0.032294848 0.924695781 1.310328067 8.251618801 5.778792095 9.233629868 2.768841399 4.015798576 2.149629048 8.418925206 5.811773169 -0.522114816 2.689940338 2.911016479 8.050180125 2.215201290 3.468946762 3.823631234 2.235978295 2.763939298 5.106721642
7.588136075 12.706866336 -24.833016928 0.970707759 -0.096339811 -0.149161736 0.161851363 1.935975983 4.361355362 5.063038230 1.592533318 9.902604242 5.475757995 -3.313761890 1.740701068 1.612605114 4.305843646 8.613125898 1.029610433 -0.834694621 4.016033663 4.440095376 10.099425663 5.509097832 3.489637334 1.604963211 8.672390929
19.728075504 7.307256758 -28.433737956 0.794136547 -0.491845236 0.240871295 0.263469974 0.077233451 5.777224600 4.333595602 5.358907518 2.706017719 3.640667554 0.006151477 2.092535257 4.545154252 6.780579303 8.392823781 6.165189782 2.656676221 2.322385408 5.339673156 -1.756392645 10.972913083 1.048113747 3.788371451 3.494451765
1.926840595 3.785988327 -22.348547392 -0.915213965 -0.028436505 -0.282578797 0.285874075 0.568098401 -1.710469950 2.199159719 8.938860396 8.064436534 2.587790167 -0.735081359 6.661694169 2.992303768 3.184933823 3.067447701 4.995428984 2.565742817 4.661970457 -0.735837136 3.168800639 0.653309462 10.067120959 5.223418925 7.458622200
14.084100498 8.375881291 -22.259471203 0.458326468 -0.024564501 -0.813954799 -0.356105349 11.177578830 7.212468680 3.280238682 2.356291585 1.565573078 9.892894365 5.326233715 5.094650808 8.151002528 6.121776064 2.235913555 4.646945004 3.918461090 -3.438886485 2.296791598 4.293690934 0.926269930 1.055581725 3.574496352 2.213469716
7.227875537 0.366806457 -26.663007255 0.680107926 0.282161588 0.625329719 -0.258458489 6.134042296 -10.378934610 -1.272048296 7.885196097 4.212912327 8.603286824 7.847887260 5.770145879 3.862606206 -0.216618092 3.242732780 2.259492853 2.361941360 8.670877810 8.392376477 2.941261872 8.462818984 12.310641815 8.058129337 9.547874147
8.479707345 11.940840948 -25.395759116 0.650919858 0.035689355 -0.699942948 -0.291735287 6.215701151 -1.351893947 7.530620326 1.170351178 0.482281793 3.276793422 5.469220248 5.369580309 7.410175188 4.802271671 5.148342072 5.453026520 2.842361911 5.309531713 4.363947082 4.982625429 -0.381875508 3.080611051 2.521591630 2.725262091
12.413714093 3.802853730 -20.314262344 -0.757511518 -0.188943546 -0.594402815 -0.192774299 0.699571517 1.969690109 6.010276086 6.697468809 2.649167758 5.957699518 2.658834131 5.257757337 2.354285995 7.891954698 3.171979838 3.189737185 10.296334734 8.018134547 1.225172128 6.117433884 3.623573425 7.886299277 4.491247180 6.877636561
18.616843750 0.795656759 -23.166807281 -0.009183955 -0.440383978 -0.594252225 0.672935286 0.809583078 7.348174601 1.479839149 8.309708252 -0.743951278 2.746033571 5.282313306 5.097900241 3.546039695 5.050595841 1.830835554 2.922859666 5.738302163 6.387009902 0.959464367 4.572902386 2.867170946 2.902978582 7.884987251 -1.056626081
7.871741435 6.847516020 -22.230661740 0.409526806 -0.574418625 -0.671586383 -0.226501145 7.332303094 5.277527811 4.217705037 4.557960207 2.782429747 1.719857516 3.710557490 8.405286748 9.002092784 4.260097575 -5.895689443 5.767578334 0.477834980 5.602879013 0.013167056 1.805727329 -2.617776276 7.016984090 5.685122509 0.387237988
9.515650038 8.614270565 -33.164195425 0.576425067 0.660674058 0.160877336 0.453169299 4.551319481 5.718850632 8.275548045 2.749656494 7.828205910 3.826203809 5.419543022 6.913369971 4.406252127 9.576082702 3.100366161 6.351800641 -0.158826312 3.817123368 3.273561640 5.135243311 3.788018310 3.302050926 3.886334802 6.250040178
4.695785209 2.216117398 -31.664739707 0.547678433 0.607648052 0.078580816 -0.569769458 0.027023217 6.137803814 6.873426637 4.141577519 3.673958959 4.461963102 1.800180949 -0.383820797 3.048118506 1.771624643 2.150221517 -1.474571258 5.143854279 -0.609612601 8.088045645 5.153985190 7.650632602 5.299333370 4.052574915 5.636728531
16.469533097 -0.574976075 -24.158875698 -0.020225164 0.929223231 -0.169764079 -0.327590120 2.772293099 7.827347786 2.894940083 0.060739596 4.763465880 7.658781599 -0.691267604 1.019458892 5.698400392 3.885085459 4.088729394 10.124217721 5.854776394 3.515721696 5.553708228 2.625268409 2.537594365 2.606768003 3.517433177 1.145331421
19.248265082 5.275374535 -21.530988652 -0.261958712 -0.141565621 -0.947649739 -0.115311665 8.599592536 4.477681256 1.806807758 6.522536908 7.388889263 3.134081979 1.128930808 2.838296039 1.775401008 6.065055970 0.543993682 2.742561893 6.964332527 3.650114856 -1.823083610 3.492812966 6.077657260 12.024669753 6.345673739 -1.494977147
10.171131683 9.379102118 -18.670265181 0.063069033 -0.304305674 0.019823281 0.950277534 9.761971804 6.445469164 5.679419571 3.360564644 0.725598035 3.745809525 2.150446263 3.040722039 -1.932061122 4.657813687 4.540246668 6.722843656 4.828000879 -2.398250873 5.317247277 4.683498151 4.373804052 0.128638835 12.995558789 6.859573255
5.678301008 1.607686968 -27.823609072 -0.753042690 -0.233940001 0.350406360 0.505385166 0.130370238 8.479578370 6.119814295 4.438429512 3.241983295 3.044204868 7.590845865 6.931604940 4.889210008 -0.103992988 11.105055512 -0.904639425 1.733012057 7.443111945 7.484085882 9.095715773 3.858925768 4.558729392 3.667269872 3.331181224
9.992245602 4.979913319 -34.004518129 -0.863176554 0.452968319 -0.150814563 0.164319522 -0.166810321 -0.844088907 3.121429171 5.486022938 2.197713028 5.878181298 -2.212215316 8.576956610 5.397636441 8.329658005 1.432368711 5.842099280 1.329279353 4.959274080 4.573859227 8.197479068 9.668438927 7.006596678 3.717302739 -1.387517592
9.062438831 5.969380907 -34.028135033 -0.077750912 -0.955594970 -0.284054045 -0.010312493 3.596219012 3.682316689 6.008013027 7.996489011 4.085150510 7.279060456 4.617009987 5.694281564 3.235006528 1.788643211 4.619181538 -0.119535037 1.052076520 3.396899447 8.833655866 3.082220603 4.508366162 3.397391451 8.923286355 3.033447660
17.388751620 5.106156795 -20.719849204 -0.221101206 -0.306781526 0.121490260 -0.917736056 2.534059708 6.395399164 2.626193581 7.059395835 2.916389047 4.944069729 4.636966031 6.996297192 8.338408080 7.753608475 8.020529511 5.428216880 1.504973152 4.983662443 4.269210152 0.747622111 7.707835814 1.251585513 0.915369188 -1.306119556
2.461170887 5.397866775 -19.932704516 -0.020489159 0.264110720 0.812362444 0.519512253 7.889287090 3.502923647 5.092901148 6.224948347 9.263518589 -2.249740201 -0.143725581 1.149158823 4.883310851 2.800033306 6.433150209 5.336734145 0.498643274 8.203546697 2.316705656 4.585444815 4.910970622 6.648219917 6.017911441 6.850737791
16.109055773 1.965275326 -18.559846765 0.556848156 0.442648556 0.527379796 -0.464599762 3.638762432 5.472866054 3.408260184 5.245985584 0.474022496 4.016206374 4.208220560 2.793132475 5.086766101 5.739193590 6.256637361 3.240695680 2.752041579 1.324215645 4.648435791 9.218549543 4.638419915 2.190714268 -0.193383905 3.909599901
8.055600663 3.230976839 -18.932382702 0.208228809 -0.608733767 0.675798976 0.359693909 4.505901092 2.536850740 9.011219734 10.968756469 1.246848710 9.983944581 4.475081401 0.122274132 5.463468639 7.541919420 -6.590575257 4.801470827 4.908132398 6.521837642 7.035579550 6.603589497 0.425520474 7.662420124 5.173517471 3.661092722
12.008416723 13.692810437 -25.729576441 0.120818285 -0.288132667 0.019097588 -0.949746171 4.846098290 7.371882524 2.720247888 -0.920893423 7.646267003 1.858212875 5.066960852 7.461225178 0.823183362 0.370105686 1.162130724 4.601945003 5.600343369 0.178372655 9.148967767 0.604223527 -2.134200773 3.848775193 1.704140846 6.558941433
9.216756629 6.476272180 -25.207589955 0.162425340 -0.760344871 -0.172368628 -0.604799754 5.811532430 3.438446973 1.186769341 6.613709350 3.164599794 4.729926967 4.416936583 9.824153425 8.468870115 7.250446760 2.156935011 4.405319603 1.886211947 0.054631439 2.411419007 6.438325796 2.893255465 6.420037250 0.839353198 3.906495540
14.020319028 10.764293303 -29.933961287 0.618047279 0.722002497 0.135870865 0.279766089 5.158703641 4.133858531 3.234233660 0.002546372 10.983127410 2.405141070 -1.134744147 1.142373749 1.076492470 1.999900821 7.780624084 5.334925394 4.533679086 6.817011195 4.669831735 5.537586376 -1.133897881 0.880037144 -3.021395486 1.091793479
13.966011983 7.987885168 -17.052930378 -0.361483546 0.100710818 -0.285067146 -0.881999830 4.232296084 4.795896720 7.844409490 3.175073698 1.288693376 7.449639607 5.134006412 4.135052705 0.125705029 6.382113626 5.915676748 2.652993990 3.875252438 4.318908481 4.108074979 5.283965836 8.087698084 4.161724136 1.062951075 4.563685095
19.547300967 7.133340286 -25.704867581 -0.751786773 0.094680296 0.134066537 -0.638653626 -4.238764808 4.322722123 2.951107991 7.052121503 8.024695764 5.730466675 3.506461446 1.459128904 4.235088801 1.457292676 2.494952888 3.748541241 0.611339923 6.684334816 2.877734613 1.455275488 4.811153643 5.658120382 5.848240463 5.542024155
13.458944588 11.309931856 -20.402320339 0.006353013 0.804411454 0.587914356 0.085079745 -1.498467664 4.712545010 5.130480839 6.017061990 -2.422442662 5.057261563 7.286823619 2.754699984 5.135572399 5.449395137 4.208270337 9.046571270 1.627290947 6.283470021 2.335043744 4.660290905 -0.359538924 8.595265381 6.635242349 5.529253540
17.353462480 10.717991549 -25.031744224 0.311843950 0.112158103 -0.942196969 0.049384025 2.971210561 6.147773361 4.513222664 0.676652622 4.125216671 7.558943967 9.120748320 -0.021654462 5.981799111 3.017427246 -0.385402478 -1.127614056 6.222828742 2.738331742 2.122696448 -2.402046660 4.620773139 9.580203762 6.934092047 3.844773636
2.558263767 6.164819660 -29.572239582 0.595701800 0.535849444 -0.556626917 0.219479416 5.542996117 2.794499627 5.627482294 0.409810351 2.446308988 2.558966326 7.041743079 -0.717595857 4.880853104 0.485699152 4.535427913 2.184990668 3.564683033 7.260132532 -1.856945598 3.224333807 0.043022039 6.420850352 2.094832248 4.170444337
8.290043337 3.884941840 -19.623456080 -0.171951092 -0.941527849 0.280191235 0.073830916 7.754235116 2.669712609 5.357408130 8.117646835 9.274239283 2.702874084 6.638254490 7.523011290 1.115356313 0.937395433 5.033000458 2.115708637 0.865673029 5.190581522 -1.779757721 4.900492193 10.183813710 -3.831462843 3.647036016 6.989746846
6.564064370 13.102422741 -26.295757945 0.735365543 -0.071146572 -0.197631817 -0.644296010 1.024977736 4.304072986 1.828065013 -4.858815600 1.963543834 -3.639347692 3.841681324 4.158961121 4.924650625 3.482604212 0.023549787 0.894427021 2.635021698 2.830212898 5.454496518 4.840169362 -3.859526110 0.631159548 4.742264451 3.032946149
19.000357553 2.351453759 -30.148366805 -0.412226842 0.644963836 0.536381150 0.355508006 6.726883792 6.175073484 5.169809229 2.370941909 4.694718612 6.194865052 0.126985249 9.189276205 3.214605194 10.733860942 3.494150413 6.453696643 1.178219431 6.486677472 1.902756963 4.237885644 2.150365845 9.471358378 2.673667894 0.860716406
9.108821949 2.369832982 -33.471152681 0.548329306 0.416985791 -0.697029264 0.199017655 1.282280121 8.236733680 6.336955994 2.120355405 -0.548935223 6.614655015 3.130831326 1.351112456 5.985424767 4.872374288 4.446843603 -2.489666202 0.164741472 1.530603992 -1.294311360 1.291594446 7.375742676 7.193391252 4.645510913 4.247453302
4.679144308 7.739604764 -24.217620324 -0.631124491 -0.660077712 0.142871089 0.381532625 1.209561560 -1.920687183 5.960624789 10.247480268 1.769021713 -0.724325063 3.212798867 3.024528792 1.116772176 5.354638759 6.320373656 3.139968155 3.062153382 0.251997706 9.301752810 5.477815095 5.221698285 5.646577556 5.843591151 6.197377377
11.650693041 9.334001021 -31.653833838 -0.907166702 0.007966853 0.401942416 0.124207076 0.911586252 3.115886348 6.703130167 0.550083717 2.360342766 -0.013300878 0.978764201 9.506747404 3.372924576 1.145854552 8.715985996 0.533905211 4.775423128 3.216792618 4.605468336 1.892285370 6.697541152 4.601084558 5.986267653 10.213973282
8.029656815 13.342377917 -23.767890344 0.380005696 -0.201758220 0.082618046 -0.898923551 4.743124787 -0.077961026 3.062520348 4.120274395 3.922655809 2.035967490 7.078410351 0.912500303 2.474271563 6.894763895 7.583499386 7.453057442 7.059839090 -0.695436759 4.277129427 7.176697305 3.280072505 8.169568103 0.446455972 8.288201181
4.437680050 0.842298529 -22.956780929 0.753098727 -0.284606990 -0.586313958 -0.089872755 2.615294423 1.778698485 2.881800421 -0.018645697 3.098594040 9.725026491 2.467416182 2.793989576 6.461060583 5.371657534 3.309011169 5.934512081 2.285934782 7.972315737 -0.321548135 5.225470832 0.058982484 4.223048255 2.289139934 5.805826234
5.785415109 2.179342702 -31.590410305 0.432438405 -0.147694008 0.497616306 0.737266246 -0.276801751 3.098997602 6.713521758 1.760471018 1.863515610 6.807165940 8.691241452 4.052019916 10.288699159 -2.996509960 6.471879191 1.608435247 -4.766018664 0.173241734 4.496953995 4.268591075 5.164631077 10.173937990 4.284680524 2.465621786
2.581890674 3.299670354 -23.171116118 0.892131779 0.369077053 0.258029839 0.036105670 2.573443924 0.485870320 4.500067490 2.543117745 8.166780400 1.287272449 5.448273264 9.606158433 7.250495766 4.900300873 3.862484365 10.365959485 7.915001451 5.190313144 6.583436151 3.575831013 7.612561932 4.339827605 2.415198494 4.615954479
9.248885538 7.548769812 -26.768668383 0.556597789 -0.260824983 -0.765278844 0.191095581 -0.251169287 7.280449900 2.548595987 2.777844144 4.141463392 8.981950004 11.010853885 9.716027479 1.646949741 9.058384171 7.383156096 4.292332400 3.713765916 4.527240927 2.681152529 0.181118889 3.043332338 3.913027766 7.457112655 3.461024457
8.964609173 5.702935938 -33.826666516 -0.519858142 -0.527174432 -0.531848845 0.411061354 1.892718074 3.449919728 2.285071139 0.045261988 0.816610505 10.915589209 3.398905942 0.344631494 5.203038061 5.391281830 1.762301312 4.339680541 4.469468684 1.114209685 0.578578378 2.014694203 1.062040786 6.100346717 5.749697617 6.128413435
9.920826053 1.406272335 -20.409339600 0.404927935 0.877170665 0.073225197 -0.247473358 2.437143221 0.698074037 5.606717408 0.235684198 0.748080700 2.159298440 0.889344161 2.979265280 6.418278038 8.375891379 2.631752185 0.051927718 2.493244714 2.456133511 -0.546144403 3.355213777 7.127861330 8.472832495 6.447815453 1.571577637
4.652087712 7.079227055 -19.842028464 0.644216362 -0.098068499 -0.074862212 0.754826800 8.194359715 7.985405614 7.871061907 9.001737885 2.216549643 5.787549432 6.268387648 4.571072031 5.186302493 4.834117749 2.921122024 4.989974014 4.429231413 6.564275248 0.592267671 0.809367073 4.980989538 2.940718881 1.525237501 2.066304840
11.192093032 0.575763023 -30.142840170 -0.122263808 -0.750818264 0.050625899 0.647117079 2.660071876 5.841641030 6.191368009 5.193259135 -0.715382955 10.219576954 6.604046660 6.305345418 4.322652514 6.405947418 1.654413591 5.406716715 3.319382097 4.799223411 6.456997486 4.566134424 7.744061781 4.711761650 4.157439076 5.308952981
15.368811075 8.615185709 -25.211927897 -0.543854983 -0.592726004 -0.593359090 0.028681575 3.306671089 9.268359532 3.063370254 -0.220268003 4.049210774 5.050332121 4.561574015 0.208813319 -2.333749992 3.819409188 8.587440123 3.446894033 5.895455043 5.398040895 1.698770881 8.242169997 3.163659105 4.223672228 4.635852445 2.947604370
17.206517650 6.784721394 -29.307971299 -0.882789140 -0.195561201 0.328963192 -0.272437826 3.719652115 5.324721515 2.914072581 2.175215768 4.993943108 3.897627215 1.542513948 3.368220438 7.558314322 1.192537657 2.800458493 4.546669879 2.096732706 4.277506028 6.208058308 -0.081405150 4.700347735 2.710747004 2.080440523 4.026843027
9.810847276 9.652418830 -30.510872445 -0.169491653 0.875654968 0.452216365 -0.001147252 1.887534158 5.506726172 5.677327787 3.953291488 11.852104626 3.713651446 -0.020404821 2.824552476 -2.580514659 9.338491029 0.692325178 3.186607206 4.420705324 4.509741240 0.784302554 3.082001896 9.539287305 6.815498247 2.700275356 5.899465678
14.695746718 3.702888626 -33.066342502 -0.396031333 -0.226209471 -0.173176236 0.872925226 6.300683002 6.863193286 2.543651753 9.906915688 4.317891379 2.599502622 0.110186919 6.023028804 7.980044311 9.059022401 2.424296725 0.798911824 5.925461909 5.412900758 0.149011504 5.548813358 6.651820040 6.908887115 3.304120189 -0.351146373
9.854068085 6.454217727 -30.239427990 -0.166497315 -0.395189070 0.873207881 0.231543169 5.628469411 3.804504889 3.257770240 8.460450728 4.115099481 5.439045049 6.987729628 3.436638189 0.350199110 2.991535991 6.216024688 3.933995667 5.678045146 2.629152297 14.710757506 1.359734268 4.847572447 4.133851718 6.202961729 4.134488475
16.979856164 8.550534263 -25.415274538 -0.505208012 -0.848516385 0.148487475 -0.052309442 4.269682499 7.309075443 3.288624819 -1.787289292 5.306862697 5.486125312 2.249895428 1.765100925 1.134023091 4.257566326 1.143156068 5.152129274 5.741771266 -1.358820597 3.886802193 -2.162170995 7.245189726 5.368391359 1.336938182 6.519272223
15.457582483 10.075945349 -27.493148825 -0.028961086 0.470098555 -0.352182682 0.808786723 5.874914221 3.062539583 8.064045719 12.476999839 11.805503235 -0.555237052 8.518941454 -1.461699133 7.283521229 6.175650050 8.842315558 4.321963588 9.527199390 3.469575848 -2.760422796 5.069225248 -0.883402721 5.733695859 6.905771469 1.817142106
6.319099941 -1.446431454 -20.100013232 0.160270722 -0.502461990 -0.806426468 -0.267435220 4.016892172 2.543433348 6.329496849 1.915951728 5.366898602 3.835498293 6.688145351 1.743742350 2.551765540 2.686969408 5.909948593 3.389309210 6.240716935 1.947590597 3.910428892 1.992731057 4.287936656 1.984324350 2.421807012 5.887901356
11.487754740 -0.696112204 -28.369623464 0.464365958 -0.130333460 0.295316055 -0.824721695 4.773090583 5.185258826 2.458595785 4.507588733 2.341061373 5.310427101 9.432912768 -1.352349182 5.985958969 6.320272425 9.037178077 8.320959609 12.086832405 4.479782411 2.469875677 2.731554864 2.787446943 -0.007724981 6.025877211 3.935644297
11.243886881 8.232894797 -18.976364974 -0.424758532 0.789866377 -0.214452000 -0.386912957 3.981169899 2.472029505 4.503303390 5.513888346 5.075800018 2.288197948 3.573327108 0.697312795 4.924172304 4.041770514 3.377452235 -0.865593217 7.549473761 7.167866787 1.844260140 5.580913321 8.703975094 1.714360814 9.450790299 -1.507068624
17.018169451 4.535872742 -23.261018233 -0.738906712 -0.025249187 0.277883995 0.613318706 5.776609101 6.695605178 5.491929510 0.100157469 9.417567631 -3.838891820 2.003721712 7.159711669 6.419089332 6.166608558 2.793486140 1.548085009 -0.904203055 3.485756832 4.605366620 13.451402874 3.282503840 4.125645647 3.451131427 6.190282264
12.770969586 12.098698031 -24.478662661 0.885317183 -0.398186086 -0.161687049 0.177534858 5.430085880 3.779646489 2.448702332 11.734892075 2.698323066 3.042236707 1.128795619 8.534069012 4.851624140 0.955885407 2.484957021 4.572216704 4.854044071 4.856966447 5.183259954 1.982497325 3.342830528 -1.734084533 6.006621143 5.468394046
6.858319301 8.675287784 -26.376377835 -0.312119936 -0.408934824 0.208323074 0.831838297 7.728641930 7.994439039 5.158003514 5.382285438 4.595969130 7.655818039 0.993508060 5.687362485 -2.117890633 4.585127091 2.316037231 1.330365701 -1.189629013 5.406529545 4.287769682 3.608895685 8.471313015 0.164210862 0.811626708 3.700549336
13.885635458 4.374265469 -24.665438680 -0.454435625 -0.826078966 0.014203028 -0.332986604 6.957246292 -0.750910554 5.350746125 8.547461771 5.137896944 6.263326100 7.661899820 5.177416072 3.958991402 5.123441644 1.296189557 7.698349521 3.456899864 5.976987530 1.265861063 3.553443128 7.678541882 4.828913757 0.767750381 3.398700692
18.983709049 4.565425984 -21.650840400 -0.787300965 -0.374786562 -0.305314641 -0.382720778 4.356301096 4.200823948 3.508778945 4.245506173 1.947891964 7.065797252 3.884426006 1.021322042 -2.275314218 2.771255624 7.616475002 6.496472321 4.644702743 4.371985818 8.098612946 4.247160770 10.654958385 1.918469580 4.148541906 3.933172845
17.701313668 2.058939535 -29.458713291 -0.247876308 -0.696633144 0.141249353 0.658261512 1.362139259 -2.790471639 -4.035961062 1.427491070 -3.654040330 0.443020780 -0.612879787 6.068281415 4.591060761 4.273405063 3.096679860 8.835668324 7.375450120 -0.011902028 5.406550384 6.704358636 6.013698176 3.667702688 1.877218892 10.449780325
6.799274871 -3.434791647 -21.515025263 0.140392956 -0.771991253 -0.469832092 -0.404446695 8.467495872 1.495911178 8.170154429 0.086081704 4.450615001 6.651433760 7.476445677 1.920675050 2.904680787 6.604893798 4.748672662 -2.089481005 6.483400498 4.230414595 5.547767489 2.800893253 1.062333545 0.413222263 4.368797489 4.332888214
10.185591355 4.045750047 -17.434673159 -0.546247388 -0.514867777 0.161305153 0.640707119 8.601286555 9.741927588 8.276609490 4.510627347 5.672807363 7.376400869 6.524813660 4.195543998 3.645112227 5.364443967 5.094645856 2.638868390 0.849672965 6.350909941 0.433718424 -0.367839839 1.847867695 8.494497918 3.915800129 6.285366731
3.193183956 2.031238378 -24.571316327 0.742866261 0.374544947 -0.382143797 0.402283382 0.906238156 5.771619740 4.712906030 9.634455533 4.307467654 2.113826793 4.304895330 3.667974316 0.953772102 0.737581947 1.038291755 12.826117510 4.817690631 4.258173080 2.689645043 4.091518470 2.188672071 5.493714118 4.503705580 5.125201842
5.358850199 4.239207834 -22.042780979 0.854041955 0.358069359 0.355441440 0.126728277 5.448495628 4.995057733 5.629884494 -0.733757869 2.715530146 1.555962312 5.504177329 9.116915999 -0.684637685 -5.203827959 4.745742877 11.014749841 0.182292245 3.158928068 6.804231258 5.090925300 2.352304434 1.637627313 4.787583305 8.385068567
6.092617675 -1.048584402 -30.013896325 -0.279728461 -0.925872508 -0.124885328 0.221169034 0.755129189 6.932268351 5.632016889 6.326045478 3.872125322 6.483232184 10.188818198 4.654475295 7.006593138 6.263686173 2.659877353 0.914465610 4.391987745 -3.222283721 2.203597825 2.959089376 2.721366074 -0.291778566 10.407179936 4.248930877
12.319567605 9.248506310 -28.858814289 0.429773482 -0.143667566 -0.838091092 0.303739536 4.814512068 1.464711085 4.906407469 5.266863835 6.780952362 3.194359822 7.075993219 5.772654195 0.674357202 -0.817384691 5.564140151 6.826932861 3.150424728 3.252987694 0.774525002 5.551278790 3.173085763 8.460360002 2.534838420 6.434385273
15.747108110 -3.075425418 -26.338400205 -0.045209028 -0.996580041 -0.029190584 0.062707861 6.112353577 -2.920194504 3.991316658 2.979293455 -0.055932323 1.562923920 6.731801205 -0.139559036 5.417450748 5.817031881 -0.558503725 7.255698185 2.366079270 3.890853299 0.359343732 11.615322504 7.196133695 10.857043893 3.245473242 6.641218938
4.115778200 0.146130014 -23.727774718 0.150805974 0.970630156 0.136153606 -0.128828776 4.193789281 0.612165389 7.360952693 4.453867694 8.850498558 6.192167475 6.201187613 4.515595774 3.769403688 7.656674645 7.771206761 12.821066601 4.288650258 5.645355621 1.910711437 4.839689906 -0.079797967 2.377763621 3.185588806 0.818430392
10.738344963 7.207304374 -15.843231177 0.148632818 0.794191693 -0.088411337 -0.582538648 2.272960739 6.224096461 0.885997386 3.521102845 2.067259166 2.163657061 6.942073350 5.068379975 1.332354883 2.354855308 8.545016011 5.179342436 5.832086521 3.932853018 8.837910600 1.701833142 3.527701562 9.859003559 4.371689006 7.724377547
12.085743162 10.199806253 -24.237505304 0.797856671 -0.287644475 0.042549946 0.528086064 4.942865229 3.755596520 10.770166798 4.739838422 0.637184586 7.338684949 0.726139654 0.000239068 0.319380478 5.486693696 4.733108248 7.144482648 2.993604566 2.591797678 5.107143935 6.346352237 3.633111751 10.035854977 4.860664295 7.624460662
10.578814595 0.782283451 -18.600180851 -0.771195104 0.515165266 -0.311499747 -0.206955956 6.017386144 3.889789327 5.508024269 6.209960933 4.898670330 9.553764876 3.619795158 -2.993298450 2.756811522 4.945239934 8.187243505 5.036974253 8.805236184 7.999020130 8.893494142 4.496058124 2.771277825 1.082779911 3.409111473 6.014259309
6.337713907 3.693659833 -24.955773336 0.666996878 0.258949489 -0.405662453 -0.568769110 6.554745598 2.820435200 7.809580164 -0.626256100 4.006410924 7.316329662 0.054756322 7.303890197 1.244597229 5.767871480 4.653790380 3.844863810 1.613645642 6.840147893 1.880574749 3.478395281 4.593567266 8.577721685 2.828549610 2.384401251
9.375683107 -0.944316547 -17.859217086 -0.602575508 0.512663278 -0.609397142 -0.052098406 9.468192463 9.590783237 6.791773034 4.563529706 4.010417157 4.177297138 0.728589805 4.307944194 0.608676293 5.392923274 5.912452314 3.922767458 1.131755665 3.674757642 7.026712362 3.013395214 5.364068477 2.247442089 3.669971626 2.819684997
11.470050298 11.945908764 -21.821776636 -0.785229661 -0.364581422 -0.499532058 -0.031024015 0.055641626 5.339725286 1.924676961 8.259062358 0.291040716 5.650053355 -4.164822718 5.472689832 4.898142211 1.370349677 2.670939560 7.010263341 3.247827091 11.765239120 4.453896789 2.688895432 3.233339217 1.929475444 7.379040150 2.239415782
19.746185714 6.401406408 -28.107578786 -0.281455054 -0.707548065 -0.197795715 -0.617280846 4.344498299 1.712048209 10.248145099 3.126730619 4.453361606 2.873681240 1.967925706 5.704511457 5.169045234 3.599135256 5.107208953 3.789438071 7.859899246 8.084069167 -0.589915879 5.337664779 -2.210528256 10.958887617 5.194659513 -3.543495497
15.958730149 5.362466364 -25.392386883 -0.437169424 0.834977676 0.241423524 0.231105726 2.743799566 4.811947597 2.746600245 -0.464346950 3.941890558 2.563991242 5.555389467 1.446150583 5.623469455 5.135887106 -0.621756978 3.235983018 9.533599906 8.901114892 5.796350999 3.326787877 2.177576235 2.226000337 3.143140384 8.374873953
18.517045668 4.840431789 -24.255141405 -0.697293565 0.045672528 0.465167702 -0.543428664 5.569668953 6.784627673 5.261637822 6.488507177 6.115573898 0.785738063 -3.637178136 10.064020705 1.965207780 8.403274197 3.812253188 1.806219272 1.986513294 3.913045535 1.672497121 3.069389921 4.234244755 4.028804538 -2.528212390 8.788034984
8.379684583 4.258499529 -16.027542775 -0.248183065 -0.066084184 0.197098574 0.946144914 -0.658962215 1.035488443 7.468442000 -1.150547828 1.368781331 5.364278092 4.865962001 9.046643646 -1.178890668 9.760414635 8.181130621 6.896377394 1.284220997 5.669725220 3.040742356 8.086334115 4.554320862 5.033042849 -5.331195668 4.039615282
8.154079808 4.770622007 -31.976456318 -0.205610117 -0.551468960 0.565971970 0.577305981 3.225659167 5.288713888 3.266497252 3.909679276 -0.073735055 1.266691358 5.548582546 2.998668299 3.573041900 9.872524385 4.684149590 4.386455879 6.745027349 2.543907363 4.729268200 -0.756449728 -0.006721627 2.108521850 7.792104226 5.528736957
8.674370261 -4.379515082 -25.825393043 -0.478810415 -0.118991287 -0.353981424 0.794530560 3.935337441 2.900467925 3.859095450 1.310066967 4.968894010 5.741376569 4.140422018 3.739808653 5.484813494 3.556709359 5.060754937 5.219858892 -0.591288753 6.231544078 5.546089842 -3.930864602 5.853435039 4.679977665 4.160303279 3.909058535
3.602995435 0.667378460 -19.730818146 -0.794037084 -0.170608455 0.179441450 0.555156402 5.195390066 2.955259101 2.062254049 4.778358814 8.834032650 7.576463996 -0.555718663 5.723183257 0.587336394 8.714758775 7.102643211 2.300280369 5.347849552 8.656843866 4.301124084 9.696655773 3.936890258 3.866466928 3.514473982 5.359063638
14.132726082 5.124993300 -30.888916409 0.944470133 0.052156901 0.284050325 -0.156752155 8.159629979 7.971438238 5.601028318 1.584563720 6.453555200 3.353067458 4.328833206 1.788700585 7.609271422 6.927865390 6.100338601 4.869904907 3.230710214 3.588663630 2.344415139 7.462876539 7.921306907 9.465290390 2.585521756 3.714219712
1.637373319 6.331702237 -22.524692909 -0.420458025 -0.782799519 -0.233803785 -0.394684370 6.939495715 5.472096900 4.914603702 8.092309668 0.865728674 4.632646299 5.696193036 6.892813405 5.116877626 0.951333006 5.061884013 4.706674857 4.392270067 2.625087691 2.286551012 7.664089674 3.549029584 1.816540390 2.742331399 3.403080183
13.679897735 1.316617528 -19.077735959 0.164433290 -0.743496810 -0.510173149 -0.399871911 5.124991986 0.081331781 3.951295342 6.200474328 3.394621473 7.682904005 -1.086466512 1.685201537 5.459126922 5.860904234 4.705558505 2.329997353 -0.744181941 4.735858510 3.614694289 5.612287738 8.136767248 0.577618315 7.033700793 4.894334282
15.863931050 6.306698968 -17.023802662 -0.287391486 -0.513999459 -0.674611060 -0.445096177 1.096692748 0.790145963 6.937376124 4.567807794 4.779945526 1.583475332 4.687992730 8.704090304 4.325437145 5.326613220 3.463419299 1.698311988 5.406714135 0.388666864 10.446426099 1.464848913 5.571587000 3.602132871 7.389087303 7.208558233
13.461370053 -2.163313993 -28.335887434 -0.275538959 -0.609240733 0.401573891 -0.625813408 -2.516186270 4.410674126 1.045075488 0.452920171 3.830593786 0.255831586 3.754425329 -0.285499840 8.741474725 0.413270857 2.691121806 7.489509012 9.051048980 1.928742654 8.749069354 7.769610444 10.406552048 8.206463630 2.615385867 -1.550873624
5.124942200 4.497505645 -21.019834546 0.393468578 0.326806626 0.784954523 0.349608788 6.288536823 5.899901879 3.614430351 1.456121889 4.149740380 7.000263024 0.060530993 8.848816684 -2.786241925 8.303409237 5.385000178 4.868788334 1.141556961 6.302768927 5.252882763 2.837181734 5.619228763 -1.182764802 0.661409508 3.776949995
9.424028889 0.600793889 -23.397201395 0.304128919 -0.671925022 0.288280789 -0.610668938 4.381226626 6.927573049 6.164707406 5.068623451 2.617949503 9.977757075 3.185880528 2.970097733 2.081437295 2.852418276 7.146465118 1.605231594 -0.725026463 8.340771190 6.459407646 3.695528594 2.211374987 0.738270788 2.642088655 -0.009058356
7.581174493 2.360278529 -24.718306606 0.003660788 -0.585369110 -0.539107893 -0.605551223 3.080493608 0.495639094 2.591474940 3.491467853 2.366408818 2.513592929 7.020569097 -3.202617939 0.724049819 5.964160712 8.337797815 -2.235774604 7.714432935 0.829614393 1.469431769 -4.520481570 0.428492839 2.292742492 7.631259112 6.030683067
8.511474490 0.308904686 -26.429475946 -0.086999924 0.717978586 -0.416161521 -0.551132790 3.866533531 -0.675784361 7.115257920 4.516282143 4.180311438 2.578328110 7.157999635 6.313038386 2.271876804 2.900494642 6.313796986 1.887663945 3.731075673 -0.433871883 1.938828348 0.946223409 1.752320746 7.385426528 -2.440213656 5.914766443
10.579938043 8.616303138 -21.111775998 0.685329513 -0.309698392 0.547850304 -0.366429269 5.181168633 7.003685708 2.671001596 5.399731984 2.970826363 1.943396227 5.082213862 -0.579573044 7.218215572 -0.475104896 -1.370492135 2.706850443 4.943741858 7.475249303 -2.215157474 2.119218424 0.599968447 3.449087968 1.984192917 6.177623064
13.346455070 4.338796208 -22.777693328 -0.590711619 -0.349362945 0.336603877 0.644750452 0.957542097 6.546647130 5.962798227 5.895624328 -2.352886575 1.945834686 10.837384907 5.722153160 -0.972377959 3.820255291 5.783094147 6.612669268 4.148733389 0.671887855 -2.262785449 6.633516289 -2.265482543 1.232664474 10.126138086 4.983301373
