4.905222008 16.033079081 8.693911632 -0.142413743 -0.721371090 0.014719185 -0.677587944 0.334771383 7.390221687 -1.411767669 0.592385048 4.668827332 1.888356453 1.823459372 3.516158382 2.221281644 3.436736530 3.277789185 2.007039678 7.147963381 1.312527022 1.180098772 6.107133849 3.294693310 9.710529132 4.257582729 3.484808976
7.862183702 11.158368678 18.713574571 -0.315354853 -0.457209423 -0.123412812 -0.822362534 0.017015288 4.592162836 1.872424120 3.432896333 4.839372669 6.966818495 5.390591178 0.593470605 5.271874776 4.848627768 1.993553762 1.791839989 3.499600952 3.089436373 5.287157837 2.364325839 3.177770080 3.398290790 4.139671299 2.528171805
9.310990879 24.280773199 17.953424798 0.290708400 0.146839165 0.334149790 -0.884460742 7.080842259 6.532331091 4.006426637 5.091957453 -1.397491123 9.358208885 0.546003304 2.205444081 3.429047407 3.499701814 8.148579437 1.964697750 -0.593277441 -2.664734680 -1.744202407 6.700289094 9.765343123 1.897918499 3.037066091 3.505128459
16.653362160 17.253178807 15.621620010 -0.413023663 -0.072828863 0.907395406 -0.027221076 5.429155870 5.082901440 0.428691999 5.917263838 3.049270480 2.552517922 6.052019984 5.464865272 4.430272576 5.533365598 7.289618695 4.026657298 3.996909785 4.350702451 5.249553318 0.374523836 9.034640632 9.953161476 4.494245964 6.941869754
2.189350081 18.512149978 7.817220270 0.252136302 0.352880732 -0.400782707 0.807016540 5.418940198 5.703763134 -0.349386212 5.924017043 2.110231084 4.017763520 -3.434150210 1.810540083 3.859438277 6.051630279 -0.061795215 2.612389233 -1.505865087 9.017904079 3.196678075 0.968215185 7.970574314 9.457294898 0.087466351 4.476612393
8.073901080 16.356498525 8.811396061 -0.105304848 0.306107914 0.732457467 -0.598928120 4.013114328 9.428656777 2.165822068 1.181361170 5.823130223 1.782453104 1.911625725 7.520984534 9.693352528 2.975585735 5.130688337 7.450325249 1.845970446 5.848832362 3.204541375 9.106549867 3.701407002 1.389458377 -0.183685403 -0.759308324
7.595680189 25.053069499 14.881078206 -0.522419387 0.188830004 0.075739866 -0.828060799 1.017716407 3.223374249 8.935319469 3.963117621 -1.929909087 1.649198041 8.076847096 2.464386477 3.378274746 2.723132741 2.712903451 3.324502657 9.942206891 -0.559721438 1.000300231 7.686039546 8.312708876 4.056411911 4.596736582 3.727153560
15.318492030 15.769087066 13.100391542 -0.077453751 -0.259237832 0.424909492 0.863856809 5.826575639 9.910446936 7.894398693 3.676365562 4.445558309 3.485171796 5.970119989 5.205107741 7.782960594 8.415530832 10.943554602 6.446672008 1.551142378 8.334559857 5.006773782 6.014900280 9.447275354 5.647527180 8.204284398 4.669470304
9.188126449 10.702787389 14.495962110 0.037262308 -0.627219390 -0.345844573 -0.696849258 5.641978008 -0.181546326 -0.047553129 1.327067908 4.185429667 5.165602531 0.133393143 6.151141906 2.612400840 7.487525896 4.497418351 5.872285428 3.490669298 7.281600246 7.324355878 5.528265498 4.342946259 8.249405669 -5.246256442 4.760523473
9.904318378 20.105807802 13.728165150 0.148148492 -0.735892873 -0.349560757 -0.560643363 4.441802271 0.513400475 2.809330464 8.879047163 7.236127793 5.083966502 9.090871067 2.844020008 6.513446941 1.275058993 6.087429633 -0.556521146 3.479124172 4.524249863 2.706116529 10.734443461 2.639552182 4.824332631 9.611886837 3.489382825
10.430490361 19.715887348 19.981453473 -0.936876687 -0.128857336 0.212017047 0.246387158 5.243423898 2.522161735 13.683599021 0.631099580 -0.106780705 7.813059104 7.618984189 6.558196399 5.012549938 5.673153675 8.388743215 4.629923186 -3.513374261 2.144858291 3.816428316 1.887119382 -1.511253575 6.132170276 -1.171317970 4.525919269
3.041716112 19.340683868 12.619123215 0.509520355 0.667408201 -0.171722553 0.515234573 4.365072377 7.367738972 3.163626410 4.147344261 3.439990123 7.505060651 5.999550431 2.996500591 4.479268677 5.197272312 1.941343013 7.956815489 1.879855411 4.495419809 2.227092145 5.013448035 2.414696595 -2.293663192 4.740190353 4.078786701
5.621303554 14.149172334 10.976643844 -0.255258845 0.516605229 0.045550518 0.816019062 7.060388107 1.557092603 7.188755021 7.616038486 7.788406926 2.353577437 2.216482046 5.163495208 -1.865019349 1.216246435 4.018517426 5.942379129 3.508105522 1.933799632 4.527884037 9.188494436 4.168126784 6.691306698 1.819596404 3.608585469
12.993749684 7.946833263 14.171047425 0.625816003 0.318644550 0.471831250 0.533099664 7.856447108 5.928901153 5.377965092 3.146318461 1.681273717 6.596528687 3.488993102 -0.848644299 2.478582154 3.909469258 2.397703221 1.157456281 5.665028943 4.773348792 -0.902401110 5.564924731 5.737794816 3.178094461 1.677707516 1.296873422
6.770251068 22.769671950 19.598438998 -0.487074176 0.438625117 0.696137056 -0.292848004 8.032113787 6.882395675 0.920994537 11.139758294 0.380830352 0.139907505 3.607556258 8.873453839 6.566130398 0.787070382 6.487778909 5.722952994 4.501315553 1.220026220 1.861478937 7.511018300 5.672147735 1.822286023 -0.794228612 0.774336271
8.180854007 20.353911971 4.810200077 -0.559906129 -0.656953686 0.477945840 -0.162741376 2.362607680 6.946137373 6.968747939 6.510163767 4.418057507 3.168884826 5.932177288 7.177949153 8.551427425 3.856387585 3.542489509 3.727751580 4.629818343 2.750325543 3.030511143 3.455134570 8.050490650 4.331231110 -0.126558968 4.151915280
6.557243041 11.453920716 19.101383644 -0.085590279 -0.680521266 -0.563926350 0.459948022 -0.138088912 1.578035083 1.588797532 4.861701511 7.113040082 3.057653399 4.681963225 7.420134259 0.357592030 5.722241493 -0.025350211 4.370894853 3.337132999 4.461357946 8.162564791 8.060312101 4.187791366 5.322712426 8.265803475 0.729649970
1.611622069 18.276927988 10.682002082 0.089317719 -0.222558043 -0.723542513 0.647283937 -0.903441255 2.667093549 6.048062057 1.538231493 4.559246258 1.452467518 1.893685765 5.098441214 6.142724799 6.690187522 8.780300161 2.284421579 5.031198201 6.609479304 7.806488065 5.432145886 5.838085801 4.508975962 8.069195016 -0.490803322
14.164963663 12.275935745 12.060437082 -0.444945500 0.505847645 0.542461471 0.501873705 5.938271519 0.340863104 5.168626092 5.784094226 -1.700984414 6.735080100 0.541579413 7.466605337 7.038622040 5.240444676 5.057947488 -5.163905584 9.351109510 3.703007034 5.564639166 5.809705454 1.479297553 6.348604144 4.302033496 8.112037680
16.058084215 15.360748049 14.095326015 -0.577224103 0.563679616 -0.589004823 0.046378279 -3.419290512 0.927143308 6.917766145 4.110334353 2.349160975 4.073062940 5.602490828 8.152151737 7.530154471 8.116184551 4.679550185 4.257483317 0.303122982 1.909715718 3.512889448 10.009379132 0.182414279 8.944932789 6.421117267 5.579795478
13.512703453 10.168390749 17.893749572 0.073213618 -0.916907577 -0.037544182 -0.390526177 6.806853673 3.963166447 2.600473380 7.075719743 6.521146684 0.046005439 -1.032130895 6.466710817 2.121168861 9.867934686 4.071420671 6.809812085 6.222006937 -2.615250441 5.479500663 3.530463370 6.375712560 5.195224507 -2.897908876 0.689747170
9.978558290 17.315413486 6.188336088 -0.206944130 0.408323903 0.874375996 -0.160973090 6.256882354 3.520103027 4.738470244 2.845230057 9.436791106 8.269636631 3.169950466 0.615799510 6.188158626 -2.289563957 1.803737692 8.030261851 9.321196210 6.330890673 5.400196252 6.612135689 0.305557234 0.216030030 0.855033111 5.832062756
6.410347185 9.437597860 10.017314128 0.857288091 -0.081451559 -0.293783490 0.414866285 6.838318475 6.726969509 5.384610032 -3.272444634 -0.570551786 1.291964564 3.791101711 -0.140854321 5.773406226 2.384266451 5.506370384 2.372516608 4.209346790 -0.258950221 2.462143480 4.499435001 -0.199640463 7.781007171 7.844570429 3.183818247
2.391235890 11.193766091 12.769550203 0.623061171 -0.731475104 0.256044660 0.105735903 5.385577036 6.979502749 5.522654256 1.436510928 0.610311618 3.575987220 4.922149709 -2.800389122 7.243465772 4.154582203 6.952627237 -1.296084431 1.091731015 3.394724034 -0.849473235 6.707197750 9.452864981 8.877233255 5.883276308 3.831143547
4.490687027 14.735102265 10.993143634 0.451040326 -0.082449447 0.692721897 0.556687603 7.446564790 8.522840492 4.583867463 2.299094639 5.866545545 3.001970800 3.782548847 6.248692857 5.515434565 1.305013993 1.728443496 8.859333227 7.715288113 3.514314197 5.064378079 2.795944285 -2.718364645 -1.300033365 5.315509845 1.593851952
12.581287399 22.360591972 19.643392356 0.296497295 -0.545828316 0.646356810 0.443151980 10.107941495 0.843732325 2.176555521 1.414666272 7.340239582 -1.585467941 1.332599815 -2.366671504 -3.273504360 -2.027134518 0.945107544 -1.287801555 0.447444703 4.821120957 5.381419222 2.650849163 5.434271905 4.588359765 5.101059764 7.686812671
4.152992807 24.091563893 13.969243826 0.498271765 -0.384684915 0.715334178 0.303380581 5.181522890 0.018947620 0.956810269 1.306094169 7.968603212 8.799032414 3.526434222 1.207491024 8.025027931 5.088856354 3.572582851 2.516436610 4.361455727 5.279275332 6.824697232 5.056635058 1.030283106 3.162614990 7.411146551 4.427873156
6.571422218 19.258610211 16.260849605 0.478249138 -0.310669253 -0.116317332 -0.813162134 6.103580502 5.865060466 -0.006681104 4.149912963 5.520135214 9.785516560 1.888216725 3.094874292 2.475199746 2.283870841 5.405902242 -2.104785624 2.195103490 9.118390427 3.174131018 -2.937275048 8.834691007 0.605442405 2.014742340 -1.294657052
5.604831927 20.282111312 7.489946319 0.423776727 -0.376798695 0.354650734 0.743410308 2.625934547 8.293709930 2.195466457 1.403623510 11.553382762 4.733860613 -1.405330391 0.589547599 4.722130686 5.356441626 11.088776892 7.204103266 4.980339505 7.172713254 6.002709521 4.375656323 4.824418463 1.949398591 8.947752316 4.815572266
4.952958521 20.675466617 15.459581179 -0.819156928 -0.183660580 -0.486187989 0.242635442 5.313465215 4.087027393 2.107991414 8.477831518 4.750135538 6.899806208 5.153418886 7.253820976 7.382611607 0.958605038 5.454125855 1.556067461 2.466031243 8.831937471 2.492853178 8.099031359 3.882772491 7.572014077 3.510153275 -0.076969914
13.261269825 12.074837498 10.149126469 -0.838481197 -0.410011575 0.324028141 0.154420060 5.388988685 1.206871107 3.303496564 2.460890277 9.169926523 3.272677121 5.797027818 5.929245095 3.991610309 9.108730229 2.848943478 6.841021323 2.305236352 -1.627374631 6.875488946 7.640218566 6.580171671 3.842874013 9.221855057 6.703921609
2.118379496 20.074830087 7.293125323 0.600188550 0.346455741 -0.663070778 0.282982803 4.463622838 1.405015869 1.143878162 1.492101095 9.601689536 1.519362131 6.967695107 3.454422354 -0.566128271 6.422347519 3.271179098 2.522053036 4.014612382 -0.176225527 -0.126586083 4.770443957 5.439965484 4.950209829 2.036809347 8.591521600
3.829522616 21.317012945 17.607766632 -0.435920790 -0.128915175 -0.391221911 0.800187077 1.739285426 0.741051272 2.338184280 5.529414123 3.476413666 4.773436273 6.773734766 5.397960520 2.992915952 -3.068149723 0.275301133 4.139546318 1.998335949 3.581026415 6.357294744 -3.719082724 5.105336170 4.298764444 4.293014054 8.016515741
9.746959177 21.807273390 14.365997986 0.325531451 -0.942839546 -0.069421424 0.016233667 0.925849409 -0.666836605 5.500562791 8.003508016 2.081654143 1.974298083 0.858250319 3.687964548 2.977576599 2.504035806 4.108998888 2.024708707 6.673740567 9.301117162 7.953238696 5.420099576 -1.422394454 7.224277722 8.003206927 5.349351704
4.831842595 24.634301274 8.944434801 -0.249175971 0.699568260 0.623825521 -0.243633546 0.137116235 -1.229821491 5.047108460 9.206712855 7.196238143 2.945322758 -1.276968547 2.892138256 4.901872916 1.741483734 1.569442827 -0.276273703 1.369891503 1.132342998 -4.219555954 5.995490112 5.499112038 7.316264386 5.827554116 4.661667825
7.530586661 10.712492681 15.990884171 -0.287967583 -0.341739232 0.479959064 0.754935935 6.139392379 6.848375664 5.911154920 5.028355629 2.897805969 5.128884465 8.050974130 1.464825019 1.795405749 1.317885596 -0.769547514 5.668308961 2.859551881 1.924708435 0.840279068 -0.145645839 4.627136421 2.058934012 3.805254695 2.650385029
7.692307802 8.746352516 10.867387256 -0.158177849 0.869393500 -0.067030507 -0.463294314 5.222954656 11.021039882 4.352548591 8.906689623 7.082618365 2.623878867 2.290935419 -2.157586150 -2.933313623 -2.217410693 9.509391951 1.865269185 6.173606091 6.760040536 7.652113931 5.186250895 0.988992440 0.271503956 5.058176794 10.191820772
8.158977175 11.052348541 19.605449378 0.305960777 0.758720995 0.247885922 -0.518924874 0.480898291 2.798736073 6.519591147 5.640392130 7.871805966 0.978357991 2.991435979 6.338042500 3.620297101 6.378481429 2.129333417 1.797107473 3.111756650 7.149996692 -0.424349323 2.546519223 1.002812191 7.493625956 3.146344037 2.074618814
6.409024362 9.147946618 18.083669234 0.885922704 0.446147339 -0.076201075 0.101424407 5.922618851 8.973179774 1.576735108 7.380447952 3.202006577 8.133195203 5.345000117 1.857897076 5.567332430 -0.926261513 4.532100402 6.602197082 3.215409681 2.496615939 6.961894201 5.768339259 5.130508552 -0.890261129 4.479400618 5.555093982
3.991098559 14.870037501 19.675465794 -0.151311736 -0.270775095 0.934049511 -0.177022931 12.733798677 2.911996973 0.074900137 4.151336073 5.537954706 3.777079350 1.489195714 2.965608965 -0.219689721 6.367276714 2.230297524 4.553582265 4.542160394 5.127118589 5.430582920 8.089505225 -0.074556469 1.906859958 3.534998675 3.457897654
12.170866371 23.211160543 8.483773858 -0.412576479 0.507012488 0.756781932 -0.000304659 9.889444697 0.817385022 7.712630950 2.855499275 8.290086125 4.252576426 3.574096831 0.927085885 -3.566785106 1.789612424 5.034232669 5.250400631 6.722717272 3.973108496 3.916760452 -0.558377731 3.187189948 3.383516991 2.575810056 3.088310997
10.922941145 16.108306046 9.275421585 0.485809395 -0.046452465 -0.823328370 -0.289761617 4.473588600 0.915514470 8.622498199 -1.097744575 3.924531314 -0.443631046 4.312528448 6.316162600 8.642477374 8.385760689 6.227692504 5.170135225 0.894344700 6.161354769 0.974629874 3.401764140 6.274662335 2.884446112 3.017402601 1.854341251
6.020863935 10.583519958 14.070943247 -0.564677943 0.064752696 0.705203369 -0.423832653 6.399120222 7.856311141 9.117444238 2.214114307 -3.234376362 6.428784931 4.069773008 2.566295272 7.346774644 3.703524574 1.215396178 2.993513890 9.193424648 5.493410910 3.491491592 2.854985564 5.113025376 0.898915604 5.222508700 3.430599081
6.315524699 17.467508843 11.428348848 0.278644943 0.840029199 0.166371101 -0.434774191 -1.931098691 4.318068898 4.077029198 0.618873169 4.446182249 4.033156529 6.847789696 4.951911540 -1.043870321 3.459663389 8.883213971 4.850959788 1.077888968 5.568436229 5.355879500 1.148597843 -0.735541481 2.887099505 1.115508054 3.588600690
4.703472081 18.501854405 8.672548907 -0.718078758 0.081674231 -0.563015474 -0.400881271 3.900950376 5.547030767 7.317550540 5.768206179 -0.284210291 4.088324400 5.288069355 6.412106723 4.556514192 6.101791613 4.184005107 5.972662879 7.882089626 6.730013448 1.935626402 3.521214866 1.630022408 2.845364267 4.079651786 7.669667666
8.555745186 18.452130170 11.948949639 0.437278293 -0.657007120 -0.120435485 0.602183222 8.338016822 9.498770649 1.823101298 7.040633799 2.255146574 -0.889968498 4.856219446 3.001009493 2.926791025 0.993176208 3.118413067 -1.169343426 2.753260736 -0.162434504 5.234413307 5.863716954 3.344151285 0.935974344 6.322660868 9.880984750
8.160808061 17.276438500 17.219264037 0.462467197 -0.845061269 0.199375018 -0.179569330 4.894462888 4.049416330 9.054841193 7.368957897 1.590326999 2.771190202 8.968684838 2.645075730 3.809861688 1.525839012 5.467375733 1.651363916 2.445055649 7.804831082 1.803336061 2.130156007 3.820607476 5.965692418 5.382371148 2.682010297
4.359420030 14.286230602 14.892554498 0.363239006 0.647913813 0.597057096 0.302965245 6.581813302 -1.063561348 -2.390547950 3.351187668 3.758068101 5.212043629 4.422692186 3.392779693 3.478137633 7.817033793 8.024562350 -2.212705641 7.509661616 -1.476559757 3.503007426 1.198337806 3.433726068 5.628207263 5.074580728 5.267566624
4.207051867 9.104151945 11.605602961 -0.503820361 -0.166064945 -0.692538839 0.488853182 5.557712355 2.200073036 2.048432718 0.981407308 1.749422038 5.241000933 4.930483571 5.971929368 1.365300943 -1.125455110 5.198656292 2.959897667 0.655735290 5.766441246 1.462845613 8.746706402 2.772307124 8.546113849 4.812412417 1.845575937
0.799018057 14.641225886 10.776460662 0.681058676 0.368769697 -0.571696693 -0.270796754 -1.467040803 2.179780777 7.064134463 2.512349644 7.395908370 1.581333675 3.090477857 5.986241533 3.983542585 5.985958398 9.132327700 -2.190243322 2.662971651 6.482761149 3.594107252 3.939475683 7.193154778 4.280675053 3.618674785 5.262624174
15.921009575 13.376108550 9.044112231 0.272360789 -0.044277116 0.960788805 -0.027276559 5.062167119 2.662513730 7.934625289 1.830392435 0.249880290 1.914790651 6.044878332 0.475640655 7.138931544 -0.969199929 7.884081698 4.551328889 5.410675959 4.502486219 1.272878633 15.005739302 6.301046969 2.687097891 3.418790020 -1.839962070
4.511767809 18.967508276 17.012534323 -0.863365990 0.080030889 -0.467153272 -0.173095477 -0.724416470 4.439026589 1.967951057 0.261937710 6.739237017 5.463769072 5.199721985 9.551527463 6.570541146 6.365342026 2.927662987 7.497534678 5.002041565 5.509254329 1.382668143 3.471826229 6.034524618 3.367003594 8.009889130 -2.148776853
15.897841278 19.591648263 16.766483166 -0.941523198 -0.224826038 0.179835638 0.175061315 5.085145650 0.200299526 -1.611623364 1.841055086 2.003288114 5.524452374 4.016538993 6.970817939 7.751465407 2.461968133 2.473351779 -0.804600341 6.797119768 3.757451298 10.382417281 3.668802336 6.376927060 6.438948252 10.064671416 3.966705950
5.460515213 18.261268991 13.855927128 -0.876294698 0.144617005 -0.419988089 0.186557041 3.584264985 2.209701965 0.170735603 3.500462491 8.774292396 6.528825285 7.098384088 4.055032762 1.895374891 7.226246674 -2.236180667 3.886529495 9.865148453 0.521270756 12.084557698 3.877665087 1.058489836 5.344802794 -1.289818946 4.990909217
6.760578726 10.776881334 18.728752249 0.452131276 0.872269089 -0.159519424 -0.096319775 -0.316573738 5.306018371 3.497916030 3.857716854 3.737739891 3.351899792 5.415327351 1.429760085 4.218387727 7.368376147 3.949903690 2.703193309 4.198032442 2.906894485 2.724135898 5.128078952 3.642968527 6.957929914 2.684021078 3.208026072
13.924199923 20.331004245 11.117151874 0.180837281 -0.468120822 -0.579524661 0.642115209 1.103222747 6.122555213 5.540252998 5.092318945 2.413282111 4.469780850 1.614817956 3.684318879 4.687891690 0.393324354 7.219746633 0.842956339 5.231469799 4.223723664 4.017563096 3.748054053 3.844590331 5.314060352 9.839441153 2.527134527
6.717465986 10.867258839 13.843053760 0.133820012 0.862960234 0.468707035 0.133062222 -1.081609764 2.501091494 7.608211387 -2.780078259 4.689071131 -0.444056830 10.100052894 -1.746125368 0.493815625 -3.783006302 1.565725541 8.229396039 -0.328885788 6.148972852 -0.213164401 5.821849232 3.668815445 0.595313072 8.387588946 10.828529897
5.970266408 21.709486627 14.772009300 -0.812771888 0.197064066 -0.136452644 0.530988030 6.559929454 -1.618187142 5.711309223 4.230806417 4.205615101 1.077825504 11.593819363 4.174731716 5.317778024 5.162403611 6.772183575 7.437412255 5.168264404 4.793205408 3.226327967 2.378454118 6.901806773 4.868165455 1.562755349 1.412054411
3.278424414 13.922301383 20.155377482 -0.469983837 0.263028108 -0.165052737 0.826249963 0.517221245 8.012319545 3.261926951 7.411138909 5.711178670 4.940983022 5.822459236 7.276456766 3.124149963 0.355787769 0.654002885 7.679872963 6.267113490 5.760617782 -0.876018452 2.234797172 3.434055500 4.128557832 3.623816444 3.264778930
13.389671728 24.418128133 17.436137014 -0.738347510 0.314621515 -0.545508077 -0.241406700 5.633426395 8.293854683 7.778778363 5.185649592 4.666182001 6.648366716 3.234435214 -3.069844431 1.013817098 3.389085907 5.175753775 8.671297154 2.431367330 2.144874380 1.623580714 1.465425484 9.360366556 3.752832724 1.607095545 2.999434381
15.105884997 23.461896557 8.381527786 0.249519948 0.863090989 0.112639013 0.424412762 2.556536426 3.497476234 3.819566747 8.037108561 1.580184539 -3.368760822 3.970302284 8.510633855 7.717276969 7.118973709 8.100941593 2.481852283 0.788481649 3.722560971 7.907156588 5.282802803 5.788750391 5.047676112 3.496420160 1.079282586
9.867529818 9.357160596 13.666417020 -0.424933602 -0.389966425 -0.680498239 0.451973193 -0.379558156 5.348606962 6.399782659 4.286669328 4.993176741 4.769310884 7.741128200 9.998515496 4.273267682 1.569850894 3.824689578 5.974335678 -3.914658892 3.486922855 -2.232949451 5.441820571 2.365519094 3.403810780 9.155932215 5.207748240
6.575867703 24.072276320 16.716656062 -0.013159711 -0.400274732 -0.570087859 0.717360993 7.670855724 5.036165741 3.859794452 2.148148244 6.952685258 2.514772998 5.841277602 4.407293054 6.276104366 1.150937967 1.330346720 2.389454045 7.218608421 5.928262535 0.634624024 2.175064635 9.387441233 8.425869386 3.984543441 4.571694206
3.541532125 20.735793969 13.720728792 0.202894055 -0.754245826 -0.226177440 0.582057559 6.435954525 8.468341146 3.569610497 3.484503644 5.051720723 5.105724502 4.893305672 3.171513811 8.220218630 0.937030852 3.036656639 2.801639177 4.293701152 2.909220656 5.280601426 0.548873134 -0.954225217 4.089244321 2.981694782 5.368622800
17.405027745 15.251543330 16.231748616 0.329954569 0.106615529 -0.211393656 -0.913824837 3.729613825 7.111363668 8.871797942 4.233532976 4.262860015 2.225711353 5.661746183 4.658878227 5.845222579 6.593286283 -1.384959354 7.290998990 5.021327466 7.644727012 3.679193569 5.770378044 0.131488139 5.911805645 9.015425799 5.251158488
5.666148310 21.942481177 17.650862223 0.845232661 0.280311238 -0.424456403 -0.163841752 4.449468743 6.950456913 7.241290558 5.543419938 3.983081304 2.617013107 7.994529146 5.036657987 4.958846598 -0.981625207 0.843783122 2.624190365 -0.406226690 8.220713815 8.626595997 3.150153630 0.511724315 4.848858864 3.572011004 5.548226163
8.999411836 24.820802624 7.882538495 0.149583179 -0.127423698 -0.073494472 -0.977745691 6.645470480 4.501090903 0.116949167 1.821741343 6.135592409 -1.234631636 5.053934911 6.400793803 6.266625860 0.292879539 3.730497614 7.808287511 3.426294352 9.810781747 3.206899359 4.990240037 -0.334396860 6.688371687 4.865395376 3.687322380
11.531548380 9.104650397 11.051287068 0.671193597 -0.467183196 0.123912072 -0.562036312 7.154919234 5.443851848 3.408913827 1.725837115 4.228566353 2.841969625 2.078375593 8.542376927 3.516387619 4.760637602 4.087681685 6.073156410 10.213723860 10.040763393 8.805581684 -2.510875173 5.000256321 6.074396530 -5.511719233 3.421577635
14.169764996 13.469984407 12.023650191 -0.340954579 0.097933694 -0.533980020 0.767479188 3.423533879 8.391810195 7.988978672 5.699621710 5.069626750 5.908845680 4.965907438 4.489002997 4.578179018 6.114093681 5.000514766 9.758395361 6.498657367 5.869785191 6.072144632 7.085310572 4.706435579 3.892379925 -2.186982460 0.631897380
11.420183510 22.233189048 19.304339668 0.960308498 -0.249742725 0.070848285 0.102062143 3.265215924 8.493495528 6.065975787 4.153899463 3.265161349 1.300319680 1.738080268 10.627140104 8.308887843 0.398342744 6.168927486 3.765931042 8.881712892 3.324868657 -1.617257626 9.548059805 5.829214402 4.028312793 4.588537559 3.432703447
3.364581972 19.006412210 6.494768773 0.541746221 0.215992774 0.560507974 0.587953200 11.134667998 0.415713902 3.573906953 1.251263172 9.901130839 3.805940271 6.662350020 4.307906859 8.191374418 1.859501822 3.848751996 2.679007137 2.973625458 0.278371858 0.675621513 1.279884868 6.429634604 -4.561719392 2.029607069 3.229175211
11.446944724 15.826921622 8.169458837 0.081562103 0.025831744 -0.991896779 0.093920843 -0.491455161 4.132641652 3.846282732 0.652097967 0.170429864 -0.930001366 8.559452795 5.357789576 6.458334312 6.701048817 0.609524210 4.639576765 5.784158182 -2.452528084 0.228903541 0.093447738 5.410292148 -3.949863587 1.091779965 6.652205949
2.354621699 15.676871037 6.253634142 -0.381349135 0.382858243 -0.127630655 -0.831686731 4.747882453 2.758325346 5.787046981 6.599983122 7.262627367 0.637302708 6.746988335 -3.063576818 3.239755027 1.746390242 0.674822934 4.587269207 6.673930599 4.759529359 4.116436922 8.706619491 8.846558361 6.498517389 0.975312537 8.067526429
7.399022871 20.913378954 8.912682571 -0.931432630 -0.352381429 -0.084719729 -0.032911260 2.029752684 8.911696861 4.012341554 6.416573078 5.913528397 3.403165027 6.296027607 6.812782235 8.646548878 6.982551217 0.878648914 4.190179217 6.926782852 0.558178602 4.988284343 2.140524488 1.992537813 2.810675969 6.176324725 5.429231278
15.074352474 22.408593732 9.745112923 -0.825722411 -0.013026566 0.365348416 -0.429573443 7.237080997 0.687887959 4.300356818 1.872080183 7.332042146 4.177710160 4.704904016 9.751471546 1.048519999 6.275648348 -0.102840340 4.415410810 4.609444941 -0.010013030 0.858979879 5.101713197 3.518618757 10.856431154 3.859835761 -1.148919505
2.172906613 15.801745244 13.739263662 -0.859807301 -0.347787127 0.009945733 -0.373733330 -5.104804275 3.664240930 5.344594736 3.889253206 4.488240866 3.809956787 -0.118356368 3.369683386 7.928291110 -2.870818344 6.532058844 0.709886801 3.346588000 -1.663874854 3.861752440 5.157198581 2.720045389 1.509621307 6.047169865 5.697831963
10.354575430 14.643789343 16.012968695 0.230315874 -0.227811475 -0.580474248 0.747065042 -0.153893869 5.752624573 -0.566299175 3.755784253 0.759112704 2.343306615 6.000437185 5.657369310 0.096278699 -0.309235386 3.824305561 0.323869561 3.004665209 4.284990964 0.139625369 4.056567219 5.598487517 5.160880650 3.519974895 7.414067720
1.482313680 20.270625434 10.677733212 0.725567041 -0.200184704 0.444405606 -0.485780002 -1.026655682 4.393928918 5.635614146 2.592078978 6.209101153 3.999454217 1.737926452 6.087338755 3.492473213 9.717621712 2.494698823 9.980429537 10.976374293 9.911784829 1.361378501 5.035120077 8.154587562 -1.839565959 4.694562158 1.191234778
11.445170022 16.047161439 9.732426874 -0.215934210 0.763713779 -0.131425655 -0.594004189 4.721711473 4.556919157 2.291706809 1.492439613 4.052474213 4.380783871 3.403496387 4.476000220 6.846689947 1.649213322 4.388996588 7.067146080 5.487734391 5.535405653 6.016578137 5.896011252 2.870125161 1.719500406 6.159561697 5.917489288
4.864110031 21.997370213 8.227973714 -0.557819646 0.090373211 -0.338591650 -0.752346742 5.879188983 2.892148734 -1.227707843 1.672582328 4.026347792 1.242203650 6.659325159 4.438939811 1.383541431 7.305959330 3.030065236 0.319599850 8.017476823 2.191328775 8.039406408 3.808937160 0.987960677 4.531008411 7.889547196 3.725437125
14.926080719 11.374166018 15.579360385 0.275303889 -0.750049581 0.548461692 -0.246623534 6.142536979 7.381388828 6.557254469 7.099969745 10.138230421 8.243427391 5.351057485 4.592993135 6.178529060 6.212131341 3.015312365 0.474099352 0.586075038 7.195943554 0.831249277 8.393126726 5.936060604 4.210563572 2.609989386 1.724063542
10.417347070 9.428153640 15.204485397 0.828523620 0.441083310 -0.232317577 -0.254995426 4.416970400 0.487435888 2.668961546 8.933633664 2.834970093 5.138827893 3.131328519 4.144362836 1.938140033 3.473015801 7.268448322 3.047169807 8.637942186 8.571400150 1.065278108 8.986109190 4.812972767 1.323373930 2.877361761 3.163303807
16.397097915 15.682965094 8.076580812 0.071968699 -0.982450696 -0.085615301 0.149268741 4.491807113 6.344578813 2.601034532 3.861655497 6.642931059 5.641499715 1.107930101 9.919869416 7.534830031 3.680451418 1.548873501 6.532355366 1.204104432 4.516273173 4.680474469 6.211410873 6.415269064 2.880399754 5.926433793 3.562055474
11.871312973 24.742632847 9.799534011 -0.365298207 0.458529562 0.709358440 0.391303545 5.393593703 7.196661051 1.910864120 6.181902752 2.455568752 7.758425822 5.259879041 2.549447059 3.383332720 1.326150738 2.881150900 2.951860067 5.721680454 9.076369141 9.061095312 2.698170220 4.728831662 -0.938000816 5.467823824 1.932879630
16.221965769 13.761485078 11.995045894 0.514440094 -0.071471828 -0.845753721 -0.122244880 0.775537174 3.668651463 10.694616491 1.294629268 2.946659296 3.515494242 5.194554954 3.054656040 0.524814279 1.355679849 0.885457008 4.427251345 5.945294152 4.160977733 6.711219635 5.001692789 4.631124599 4.830545892 5.463761403 12.090004468
12.084819567 15.129162011 22.045067117 0.740184778 0.434502870 0.219042991 0.464062408 2.974400008 6.694228470 3.491532490 1.633131690 -1.199850689 2.186112716 3.758152756 2.215566605 5.057903216 6.784934227 4.588608979 8.170142423 6.508844206 5.904322605 -3.068296514 4.426199910 2.270653690 1.521412074 4.994265369 2.948125443
14.617821612 17.702461885 6.589709005 0.151292593 0.265222064 0.906660958 0.291090561 6.283598398 3.113296019 7.754071630 2.343176200 -1.610971876 1.792164839 1.927079642 6.655494438 1.165493053 7.613389951 5.933816879 7.084460280 4.661691407 9.496267734 -0.836088955 2.426951465 3.318678717 2.949607761 4.198817595 1.807118668
7.490285444 25.372951359 16.142415577 0.887102159 0.448342682 0.109353940 -0.008961826 5.040315795 1.356889179 0.432705295 5.335629156 9.291556423 3.680765489 6.647826608 1.958307668 4.035789780 6.693142080 5.043276180 2.705643274 7.530075786 9.108169592 5.500627859 1.816686098 12.481704443 2.883599581 7.244942031 4.628019899
9.126267795 24.245787851 15.013378430 -0.293430624 -0.172350816 0.927920581 0.152174441 2.711094113 0.580660135 2.619769750 1.710344607 3.654893238 12.760154411 7.006371895 5.641874013 -1.044064402 3.225083474 6.279527857 1.830406231 5.388222519 5.836572323 2.998495381 3.499682078 3.886505069 6.461233071 2.166207869 6.972388062
10.736589314 10.515450970 8.723986445 0.040510640 0.992037244 0.077447783 -0.090679853 3.223174807 11.065588692 4.589177983 6.275815388 4.711073487 -1.488531431 3.252267115 1.258159649 6.435004319 6.131672708 1.419021877 2.068491466 5.238870164 1.179302614 10.172425949 0.836319901 3.485869988 5.652933733 1.917700066 3.230580695
2.532433842 14.271946575 8.305234225 0.408008853 -0.181823062 -0.089360396 -0.890215631 4.443338985 7.555047686 1.347476948 6.072778261 5.733145693 6.694902626 1.637874226 3.009244697 4.480792116 3.746446393 2.833501017 6.747417279 4.891427445 5.558736600 5.214726874 8.510033111 6.547070041 8.053011524 5.497026686 5.535567145
7.036819813 9.055083399 18.064368169 0.861300323 -0.318387487 0.395953152 0.003501861 5.063904019 3.704015391 -0.625440678 2.103129991 10.493356775 1.631222395 5.160342170 5.002135515 9.031886966 -0.647087305 2.814462090 1.993701640 6.630983000 3.817745283 3.408957638 7.778185155 4.692432309 5.603630077 0.750293254 2.423354890
6.382163397 15.488100738 7.762501555 0.453475242 -0.627016581 0.525432441 0.353738833 7.938557034 5.519520659 -0.687682987 10.048792707 6.056388433 10.601366249 -0.579949498 3.774424777 6.490245372 -3.476609422 10.139322976 4.736170694 0.383036168 5.793576841 0.044966162 -0.968888002 5.816908310 8.258510385 1.507183252 8.082856332
7.561711416 11.530190149 5.882522999 0.528136593 0.512781635 -0.669951259 0.096395247 -0.711758373 5.445650581 7.084245079 -2.243164439 -1.765802147 3.960863568 2.813824804 3.387755036 3.030097604 3.398794762 5.846864683 3.993966664 5.403045727 5.727513540 8.049859515 4.454366975 4.073157604 4.484939739 5.129022197 3.608048166
8.456887088 10.383349238 18.386214273 0.184244641 0.408893875 -0.491915197 0.746243358 1.712041923 6.387631100 5.399890782 5.989639059 14.034113983 9.949115073 9.183200875 1.958874656 5.140126382 6.103239234 2.533309429 6.173092850 7.493751698 3.468557179 -1.246097381 0.574767792 1.453972818 2.387679453 3.381867831 3.436159159
15.225418605 15.825983263 13.668693074 0.107373802 -0.147882918 -0.929513777 0.320321163 2.867804486 4.257816147 2.280920404 7.030374287 1.640270190 -1.066403713 1.974118183 0.041523343 4.515137849 1.236306424 3.215697407 3.637518916 5.193591910 4.989364763 6.360776084 -1.444298812 -1.553469496 3.047450897 2.401250559 5.420204855
5.627133145 21.323915282 9.456439144 -0.449171204 0.201618070 -0.869760127 -0.033357223 4.799181331 4.231978650 -0.495814744 5.710936886 -0.423550771 1.506953403 7.044499439 9.087298183 5.254853998 2.092899126 2.929325763 2.988445302 3.579166947 5.894867634 6.299614280 3.478667704 4.412763326 7.428645363 5.271062874 -1.178383613
14.387377509 19.091329862 7.401385921 0.652351329 0.240162871 -0.156026449 -0.701723084 0.564626422 7.787795888 3.389431327 3.033790233 7.538972421 4.947498520 -2.538854172 5.430846912 4.062148987 5.187580123 3.660788631 9.721620080 0.232346759 0.969785194 6.178805304 1.803840845 3.263289525 7.688159375 -2.645006276 -1.979292050
12.973015807 9.043214722 10.916576609 0.397699922 0.173692952 0.139827578 -0.890007741 2.110641240 -3.387164860 -0.154109125 9.616462715 3.327067120 6.766357777 -0.221660745 0.788302357 1.364097056 -0.150701225 6.488677157 1.589929082 2.239754795 7.365331930 3.529667767 3.171470090 4.399778281 0.389718884 9.730982884 8.900120977
5.219390656 18.468434282 7.325257307 0.346076632 -0.644150911 0.266027854 -0.628116032 2.729796752 5.794004655 6.364103994 5.416209364 -1.663391088 -0.954068594 4.789097222 2.968250721 6.967401106 -1.363958790 1.465679034 -0.592241831 4.732749439 5.075119702 3.953501056 4.266194509 3.385288429 0.220452793 1.344057497 -1.444399048
8.729738362 11.778425492 15.207808991 0.535779281 -0.614976464 -0.574543092 -0.068152377 4.652274961 1.179025268 5.681430043 3.340052290 6.625335985 8.243921718 5.030997014 3.592181805 5.683054995 6.195747201 4.860123082 8.709881611 5.386780938 3.456448974 1.415429039 3.068687539 2.984280917 2.036829706 4.605940419 6.973679761
6.291151439 11.858566906 17.220081439 -0.251917921 0.898191015 0.204166129 0.296827313 1.011228395 -0.501284877 6.220795495 3.640504923 7.212493198 5.630475414 -0.421467301 6.382257601 5.640059765 3.318857925 1.217551306 8.904598719 3.681819913 8.063889380 4.066034930 2.548698057 3.081343849 5.393924356 6.443554684 6.301691894
5.208106703 19.296441086 12.765433136 0.150429654 -0.581669708 0.256654145 0.757073260 1.655060359 11.746788424 6.813771522 4.983289879 3.314278514 2.194031089 7.069195187 8.383201909 6.208960571 4.263011028 1.295635243 5.080929480 8.107912883 7.449875113 7.330359271 6.298746643 12.072743930 5.931449367 1.795779087 8.475889474
13.013092936 17.772898595 16.996436735 -0.451753200 0.224623934 0.694166743 0.513415687 4.540430448 8.609771865 7.312488320 1.686789987 4.014405997 2.088466173 6.150326083 4.267891003 5.115499468 6.165576469 6.742513843 4.230285043 7.635568343 7.358369918 0.783806494 7.534450254 -0.886285744 3.239539858 6.786638364 4.837115668
8.169030609 16.807488700 3.612941530 -0.857136185 0.336501519 -0.039763740 -0.387947333 2.772461318 8.004638131 2.755473791 3.742978059 1.621304702 8.333203308 4.206205208 3.850367567 2.470477897 3.258149750 2.517583372 0.173131610 3.717729414 3.421462786 7.897196359 6.855780886 2.340621328 8.953095491 0.764669544 7.439823707
3.068085490 12.712108175 9.448785416 -0.567794898 -0.719431842 -0.271186205 -0.294083018 5.411578192 2.761282585 4.066420922 7.748316911 2.535045458 -1.051347784 0.698766818 4.939416542 4.683815040 5.436906346 1.326080246 5.608254596 6.774568143 6.804008493 8.128234937 4.656603339 6.594269416 5.021908955 9.154363481 6.134728849
7.049218539 22.595005111 11.801288358 -0.648506395 0.082890285 0.485105730 -0.580724622 6.080338156 3.950708162 7.919426064 3.271725703 3.254020205 6.331697292 6.648671439 6.742386751 6.059277236 3.490305092 5.515454038 4.042892725 4.642643929 3.633733801 1.773625091 6.949599200 2.890371142 3.438365796 2.523560020 1.948275190
15.313349906 14.339687938 19.185215812 0.444816379 -0.014264250 -0.009835465 0.895454178 7.104513733 5.177386066 0.857300760 2.855454902 5.801694425 1.049909110 2.651678449 4.409392703 -0.883051923 2.534405068 4.553809840 3.329046176 8.962279103 3.205170425 8.062308069 3.055302166 6.620195719 1.501998322 5.608689059 -0.354221846
4.126036207 17.063568724 11.565706553 -0.732362845 -0.651384705 -0.101546238 0.170384833 2.970069330 3.697145216 3.885109756 -0.317519334 3.779441767 3.431257627 4.583489068 7.293857794 5.632301207 4.913177388 6.726129648 2.663251399 3.990246458 2.690458920 1.754277179 8.152941832 7.397399545 0.145057551 -0.633180516 6.719255630
6.131452882 21.446170249 18.076264826 -0.186173403 0.008846434 0.927897744 -0.322903981 1.583328619 5.010365067 5.217108859 3.648270905 6.720244147 4.295304266 3.041576670 7.501334051 2.446207980 2.099130975 7.384087537 7.187184061 8.927700660 4.442837451 5.556974006 8.767547946 3.103719532 6.369390963 7.815159092 -1.013445406
11.317853541 10.180240628 7.405396078 0.050597063 0.812253801 -0.073872114 -0.576391022 1.904217258 5.883901174 2.201582567 4.839237723 6.907599005 1.845147076 5.727079353 3.497495853 3.027341860 0.578664654 3.303833729 4.329036293 -0.393354445 11.257107793 1.705531190 4.240887678 3.320582289 4.314917084 4.915343365 0.202049586
8.729647833 17.573284531 4.705826462 -0.512241635 0.034628057 -0.856213524 0.057513541 3.934010558 2.803730237 3.212466250 4.690732794 4.740467489 10.144564598 4.385588867 4.924444418 5.856379142 7.201805787 4.049584472 0.792013733 5.695728546 3.454993201 4.395133478 1.627411943 0.004293719 8.936468194 8.477458617 8.979881144
2.565545406 18.366343335 20.117837196 -0.605932885 -0.542691735 0.554886863 -0.174446523 6.952368327 3.750568727 2.163948074 -0.147156890 4.125204334 0.213886529 4.734522926 4.028969476 5.756183244 7.819130667 3.389845908 9.588203401 5.053381363 3.784767524 -2.319100231 -0.889362605 7.394234165 6.309377411 9.294091527 7.869563861
8.895254097 19.328441724 20.011181211 -0.024950388 0.189160579 -0.944019479 -0.269115173 3.847517651 -0.234254233 3.109540690 4.318201207 4.293803617 5.365021405 3.145087405 5.766223915 2.759091682 2.404810512 12.008204190 0.375318435 3.901113050 3.549555671 4.023763767 7.428632081 4.986040593 10.318267824 4.486924013 -1.951139071
6.282229709 17.777697316 17.518501404 -0.367929766 0.716885767 0.375872351 -0.457626989 2.566332703 5.532526083 0.389272357 1.926798535 3.755761650 3.213386393 0.059251928 5.190051980 3.387443476 10.029136483 8.646722117 0.308778902 4.504681238 11.694877412 0.723133489 1.879739875 7.355846059 0.451286880 6.716642415 7.851807725
1.424491788 18.123586901 15.276698990 0.817706352 0.342012512 -0.282636421 -0.366742985 8.387680496 2.897524788 8.039469869 6.386175345 2.681357776 2.218528659 8.868654472 1.572526539 3.304836661 1.365539887 0.345965244 3.837260436 3.089571736 7.246845952 5.358474415 4.144266326 3.092102427 3.629353482 3.173086446 5.348836097
5.708030669 22.058809327 11.920599297 0.277754115 0.125750604 0.822630869 0.479914461 -3.595465919 0.234673818 3.220581034 8.097775357 3.652779262 4.859658789 -0.653031933 4.680200985 5.505166884 2.971195565 5.242700144 7.422868640 2.166572420 3.181641102 0.690707803 7.890590588 1.730260686 2.718017901 4.775910076 1.955427847
9.422467265 24.715183889 13.836343526 -0.941678467 -0.007367668 0.329495746 0.067970111 5.059503442 5.152665519 3.984619509 3.144885389 -1.295141420 7.100831405 3.790563027 -3.078111407 4.053053990 8.922967159 6.994716220 -3.012103392 -0.148444526 5.814897544 4.983320477 3.446346113 1.358687851 1.849340246 5.074477857 7.857071330
0.777052359 13.133056776 15.765209049 0.136475557 -0.685172348 0.042625719 -0.714210280 11.003706194 3.043360387 6.258825724 -1.365803376 4.144650838 5.840034685 3.801501747 0.687025763 4.599970153 1.705176226 2.927501053 4.379315191 3.596949417 4.696489799 7.433251337 5.415520086 3.999345013 7.023921264 3.590704122 1.259845064
14.717056278 16.735892696 15.297997532 0.958153813 0.045415948 -0.282524719 -0.007644972 1.508815719 7.678346277 5.664815458 10.642363762 2.686777746 3.950637252 1.500207355 7.898501172 6.043863304 4.102047375 4.915157158 5.820021729 5.473701832 5.251279967 8.627895793 10.150635000 4.853782827 4.245399174 4.171526328 7.102081878
4.179493025 17.472259419 11.283022026 0.028392173 -0.473214739 -0.403764853 -0.782454880 3.044903108 4.464065470 4.244659156 6.611201023 0.283145976 7.896916420 5.419771413 3.495836060 2.518328435 3.893937221 2.631387051 -1.502731672 4.412314212 2.699964907 -0.441724994 5.182578395 4.150515416 2.054141587 6.036355873 10.220594921
7.148438866 22.112038207 17.768364645 -0.376499245 0.442068819 0.116829933 -0.805713500 2.528186925 1.141217942 3.988542670 2.361184728 1.671915590 1.447570060 3.503681866 5.889822715 4.682084181 7.002111851 2.548162184 2.087438870 5.166571032 1.410332227 8.851377550 -2.849045872 3.242752934 0.489334047 -1.004172756 2.996821132
8.137497421 23.478345330 16.264361349 -0.808615681 0.456796633 -0.315483269 0.194802012 2.438171644 4.179350126 6.056961328 3.067961275 2.418211496 2.460346071 4.214611454 2.507140214 -5.780158988 5.779086368 3.771409187 -4.579967431 0.586624622 4.029683347 2.763331265 3.218228036 0.055977946 1.360442880 1.827035623 4.138281811
6.157580151 21.579196652 10.469100285 0.076545463 -0.360646229 -0.618917882 0.693552986 1.929910159 4.237905722 2.770379892 8.928484980 -0.118282201 5.866971547 5.356650259 5.629149918 9.351638220 -4.440964550 3.714510727 10.026381820 6.361828532 4.724098435 0.601603782 1.380045149 2.043335475 0.035605147 2.931258502 4.288479307
1.826583638 18.250305882 15.101212212 0.556364918 0.791349867 0.247786613 -0.053153187 3.602246408 -1.466068775 1.712407737 6.807363464 1.982277863 3.451926801 2.747552010 3.698180864 5.202594728 -1.350952276 8.644216344 4.668847450 0.359880295 -0.391945509 -3.600417734 3.154099338 5.877113507 3.036114020 1.688865081 5.894806262
13.698791753 24.782862007 15.579217232 0.067558496 -0.220366337 -0.972623461 0.029633251 2.088645609 -4.480143911 1.810278661 0.598107099 3.419172033 3.655159719 4.795173554 0.668482500 -0.455564608 5.003266538 3.706096146 2.147679365 -0.886198071 3.988386372 7.317725697 7.151365293 7.471165218 5.650702160 3.084947203 3.237771205
18.194704263 16.745528462 14.418915922 -0.066202741 -0.655442042 -0.418584946 -0.625139640 2.397011019 5.476657360 12.256301420 4.009820869 10.478467727 -1.469470744 5.721979803 0.964825248 1.868821985 7.320195129 5.842594861 1.664033041 -0.836948962 2.078812624 3.700460211 9.104683005 0.638794846 1.840293570 4.674557094 7.385335191
10.183011623 14.816958314 20.226124305 -0.379723002 -0.257042504 0.446674354 -0.768258820 2.112083593 1.994822500 0.813205117 1.986550785 5.221273588 0.502526548 -0.599410893 4.869934577 4.429778524 2.698831680 2.639653440 4.672111307 4.424855915 4.586114367 5.701121331 8.483677981 4.848433259 -1.442741878 7.247261114 1.775229747
14.726623528 12.839617085 10.016831670 0.570927912 -0.363115726 0.338082534 -0.654131859 3.608997760 4.092559407 6.663738854 3.250235872 4.874784056 11.151945832 4.349799931 2.189868184 0.882226804 9.700806167 4.956640796 7.073298883 4.276564764 3.772410909 10.212003707 6.007540359 8.468714805 5.976646184 4.460648189 2.822264088
10.804645850 8.157422269 14.559015905 -0.555150018 -0.541920414 -0.583278648 -0.240658972 3.715465736 3.658243043 3.316276839 -0.074395365 3.122316804 6.186685884 4.359936372 -0.604351393 -0.941095798 3.600191552 1.783376354 5.857038393 9.033483002 8.186888851 6.350789134 2.784195189 2.000786326 0.587998541 5.266333023 7.382493888
16.159320867 21.911154044 9.370774287 -0.298563260 0.935649683 -0.185169786 0.033642258 7.165459206 -0.542440280 5.315849773 2.110220568 3.361529716 5.564941151 6.894030194 -0.779496154 1.103316251 1.839336401 6.315156947 4.196405180 8.722642876 4.748206702 5.656011081 1.788411835 3.986591034 4.065523840 5.201610462 9.930995711
4.008764790 20.931014361 6.198360021 -0.777234675 -0.502057557 -0.330233373 -0.186521821 1.696864468 3.445980260 2.466868403 3.864279549 3.105491545 5.689071564 4.112454280 3.256071408 2.528266908 4.143970131 1.910378269 5.773150364 0.382721982 9.360714364 3.211803363 2.334953078 7.512061965 7.139737789 5.557608939 3.345770870
14.029175895 10.313201930 16.815865688 -0.302957378 0.244831063 0.041657518 -0.920075665 5.914029882 -0.556810255 8.182316975 5.347046878 3.573344159 3.683788177 2.769571216 4.157317023 7.914034520 -0.170665618 0.778496858 4.635710171 8.497000037 7.162160230 8.059507610 4.659714428 3.846820658 5.449418133 5.910879760 6.325284695
9.970022163 15.128400678 5.788507203 -0.853065442 -0.180689424 -0.180201073 -0.455146413 5.580072171 -0.659557030 5.884765069 7.810893452 4.395823496 5.045419577 8.442870234 4.405266932 5.102422486 -0.962588791 4.120609446 1.944916289 5.146142340 9.211677923 4.877682387 10.647772349 11.107497253 2.736242914 6.659225785 -1.986434984
16.042041258 14.319051457 16.792477461 0.337312088 -0.239145539 -0.698753313 0.583758319 5.210558491 6.399902657 7.414224304 2.264917429 7.447736788 6.762766046 8.025537135 2.440910079 0.412675600 5.370531049 -0.100976959 7.073058291 -3.347173337 2.543015022 -1.345189664 8.256835222 2.836363115 4.793870618 5.741145806 3.857951050
13.603488901 13.669144806 11.258014285 0.074058641 -0.569712444 -0.145309627 0.805498703 5.143481546 2.452955569 3.264392565 1.357516202 0.588799140 0.891034678 5.634491568 9.980695512 0.106994044 3.236251826 2.294293469 1.361998808 2.710169822 2.179844734 3.778350238 7.234062146 4.485193204 4.815893613 4.835416932 4.743978983
9.564517197 11.715235415 6.638316703 -0.575682662 -0.811102450 -0.069533322 0.076598994 6.473220444 -1.624829686 3.406045173 6.654056188 -0.337143076 -1.775326063 5.828783226 9.222667303 0.761804578 0.332332464 3.609215152 4.855856836 6.773118246 -0.745014051 5.362054551 6.502718447 0.425024522 1.647313422 7.676086474 3.050067850
10.441051542 18.174425999 10.397322356 0.565323327 0.597939272 0.215056162 -0.525955331 2.217479941 4.252488375 4.034990068 5.322798678 5.474549177 8.060242973 2.789583228 13.263145207 2.663569758 0.388422259 8.797222004 1.932758686 3.475418553 7.739712934 7.502838114 4.561463605 5.382870325 3.096230506 6.197757902 5.154892376
10.708878160 18.866604374 4.933034819 -0.100355215 0.550165869 -0.803938252 0.202310735 5.899684537 -3.625376868 9.666105691 2.736328338 1.817308393 7.205668166 6.965343362 -0.038346370 0.489180362 7.722035931 0.181413449 -0.404081507 3.915780788 3.171916443 5.729913767 2.148890222 1.136426594 0.317305847 5.793330663 2.217627030
14.748118414 15.543512740 9.626681950 -0.250169592 0.306149294 -0.644768020 0.654188036 7.365508781 9.242307730 5.826346374 9.485817751 6.114320283 6.905385550 8.683878531 -0.565460386 0.876931943 7.580794278 2.540347433 5.577304204 8.533968234 5.994875976 -1.987505828 3.602439432 -0.484415354 4.053545310 0.217801345 9.454724087
9.080197513 15.997995395 16.255235791 0.035275002 0.366661140 -0.002077910 0.929683260 6.868314599 2.704066934 7.604840740 4.314987911 1.115427832 1.173261594 2.386863370 0.357427549 0.423085239 5.790656690 4.483666061 7.262893394 6.251823216 7.257470725 2.961323889 4.048377955 -0.112047064 3.137043724 0.203259606 5.355125480
6.624785726 19.970738249 14.251861195 0.634741329 0.208550946 -0.714496685 0.207616076 3.784046786 8.214123854 6.051325243 1.612179073 6.790959455 1.006845749 8.940478700 4.899661335 4.308486332 8.727033085 3.179753760 7.639455810 6.033757130 7.078050813 2.125063562 4.817850289 8.758546689 2.646829297 5.636409709 6.301370130
5.234150551 19.738964025 7.435192492 -0.051559718 -0.364509558 -0.550402502 0.749354031 5.372092482 1.376504334 6.782305200 1.741515395 2.474612974 3.038531314 2.067545943 2.255306145 7.013619828 3.529696068 -0.192291287 0.249452864 7.199749169 3.772994615 1.223717179 1.873902128 5.801313972 7.562218646 2.866720788 2.088991115
16.345921082 16.121932475 8.237927588 0.248777030 0.240651786 0.594036156 0.726166477 7.268395562 4.192322897 9.061871612 2.029792594 5.546097228 3.187157112 5.316515124 -1.259466688 2.133763751 4.234852051 5.570899456 -0.847191702 7.331381312 0.726676874 7.830923827 11.166210235 2.759962650 -0.466346686 3.396818565 6.050664003
15.431132314 20.167673534 6.577216757 -0.613107895 -0.056883866 0.468547598 0.633503025 2.295548418 7.755656193 0.810094102 2.387750961 3.052696018 -1.533127718 2.828158814 2.853551566 2.356303194 2.492633272 7.174059997 2.062358252 8.404011607 7.307210415 -0.997489921 3.466814710 1.309889236 10.120329832 7.211796829 1.442221844
16.024354529 22.182354389 13.463659867 -0.365665436 -0.679891128 0.550432147 -0.317901391 2.247178819 2.173065554 3.389520455 5.887678526 1.077105118 1.157455155 1.727467445 4.596014571 2.583041972 3.543949336 -0.009962619 0.529193100 7.569243975 0.470335787 7.040065543 -0.250807074 3.846152868 5.905022650 8.493492265 6.451449411
9.837308319 18.408131256 10.250752972 0.161480344 -0.558319658 0.574169440 0.576656494 7.738996947 4.240018993 7.526155713 -1.635660128 2.953980772 7.394162825 6.638983522 6.738274361 6.761082199 8.517501562 2.047491390 4.397953280 0.254120943 -2.783314714 2.902411480 9.028489715 4.631471905 0.284155902 2.145289493 4.770678731
6.325253105 24.423832984 14.343098878 -0.162063329 0.156476664 -0.868022604 -0.442478575 3.471173445 10.029936232 7.613710699 6.257346483 6.408139992 1.800545754 5.552165735 5.373521704 4.296292542 3.640525673 11.480634788 8.987259276 3.737600808 4.545613428 2.658662578 3.152774874 6.693854330 1.798776036 2.056167679 3.235224981
4.179543486 23.976848290 11.302195981 0.394786419 -0.452873768 0.665103689 0.443493084 1.893243763 3.349638946 5.003258811 6.055887569 7.800639057 4.766752613 -0.078404487 4.344551617 4.257486388 5.266680965 5.587566119 4.700491261 7.370481510 5.709949654 0.428997184 4.404317678 3.738434487 4.335556043 6.199914186 8.815670904
13.809429527 9.814351431 13.938104673 0.566151569 0.672491836 -0.376143484 0.292819417 7.550259802 2.931964821 -0.065499075 3.241705077 4.467266035 0.458317221 0.921280953 8.907452593 1.946361828 5.615637352 1.851066175 5.894481653 3.231287878 3.611666523 3.327612421 5.007500405 3.628070454 6.980329126 2.303978703 3.417141964
5.114036628 13.226582389 5.864478625 0.714531717 -0.250736673 0.312991061 -0.573247016 4.863286276 3.022268336 1.954255204 6.178074819 4.739490910 3.592177500 4.089271257 5.234110791 2.948717612 6.908314546 7.848177365 1.305516999 7.508200896 3.216038230 -2.373310298 5.326293426 0.538685218 4.477123723 2.418549007 6.477689178
13.972552479 15.740394227 13.354777033 0.803758276 0.076319001 0.146342304 0.571604736 -0.159529209 7.603356625 5.453423307 0.490946091 6.087702536 -0.639844696 3.839694353 4.274506752 0.724770091 0.216493382 4.559292270 6.994011750 -2.871682296 4.374238170 2.658360600 1.887713413 0.059558413 0.592311549 7.889296917 1.553487381
2.189653772 20.591821086 14.452833916 0.274781631 -0.341250903 0.898554730 -0.025343131 5.569552113 -1.703273533 4.197191071 3.094305062 1.724711988 4.537310941 1.647802182 5.488615958 5.698598795 5.636070759 0.644503902 2.257094771 8.731590943 3.506638894 4.156343511 6.369660333 2.885133422 2.096231246 7.280324949 8.976152834
14.434923628 20.391456152 17.648087674 0.779888698 0.529847409 -0.320196235 0.092248107 7.785880718 3.943662525 5.550011435 5.901615414 1.492157312 1.410473621 12.122725738 4.260676323 6.050418142 3.674620855 9.961628698 4.405860860 0.201849646 6.159500012 4.104094505 2.615212057 2.765797776 -0.593162522 1.265260421 6.271020195
-0.190470989 19.996604421 13.562508888 -0.277133005 -0.386317583 -0.532182100 -0.700527112 0.623321231 2.019971088 4.620785262 1.774958259 3.812897956 3.973856880 4.095583096 8.072072559 0.572807270 7.772940624 8.741756673 3.937765160 5.034560115 5.028814874 5.840977543 2.198207228 5.692949586 8.277207555 1.208741225 4.057244920
12.631255586 7.871044137 12.360642047 0.415023449 -0.038553231 0.298347476 -0.858637274 4.078889393 2.575362746 6.983608426 4.383264760 3.138352080 1.127495979 1.391354812 8.634587436 6.909092120 1.278159747 6.572258662 2.716427831 2.135548507 3.119650143 5.069623146 6.322393265 -0.874110380 8.088018662 1.257131409 3.110675085
11.839580508 23.227392452 9.255376645 -0.197545666 0.611203487 -0.097422528 0.760207116 2.886735129 1.492794117 -2.754926927 7.992219222 3.750733169 8.774560071 4.499496202 5.702108288 3.205324868 1.533115862 5.621260614 3.431842849 6.248621457 6.711634390 2.992938233 3.107093711 6.330343798 8.496365362 4.428478442 5.373699562
4.567083056 13.423341547 14.396008017 0.374795493 0.458955443 -0.211772443 -0.777200535 4.187833871 11.528137126 5.260968610 3.273577949 3.560345006 6.447213388 0.198074845 2.898747547 9.484052842 6.288675942 1.821296508 3.573821870 1.017169446 3.689372002 4.081327636 -0.944822614 1.184848242 6.472849297 6.144050936 10.047472402
13.561627892 8.836063474 11.999645202 -0.548935072 0.285984380 0.371307322 -0.692108440 2.626684603 4.020961379 0.971360468 0.270413520 0.997445794 2.475948336 5.464248970 5.794220857 1.502540752 -0.009989037 11.310365957 2.675933718 0.962076905 4.044725910 7.804640169 1.082046048 7.919140316 7.274555015 -0.002174180 3.028067061
9.109681997 16.381009713 7.786974616 0.319782256 -0.157220458 0.522875865 0.774352546 -0.978225652 2.686590301 9.545410682 0.365680121 5.377144842 4.193618170 2.743639129 6.249053686 3.917775099 1.747211164 -0.448321427 4.571827465 4.187159973 -1.541212838 5.451106397 0.727530777 -0.755526585 10.628349727 3.000315542 4.849075231
6.236637732 19.104662317 12.739090713 0.707985746 -0.268407636 0.150328618 0.635700269 8.160980939 4.068232741 8.349333591 6.489289376 -0.709880445 2.573183448 6.066413588 6.500771304 4.069747713 4.054509020 -5.004822895 1.182155164 6.663749433 6.025314305 3.153067753 5.772712129 1.609529531 5.356164518 3.882758739 5.147170354
2.698473182 11.131190921 17.154376107 0.117033068 0.839703241 -0.524602795 0.077418568 1.419838615 4.239307690 7.651150968 3.266494445 9.214328923 0.022379290 5.257135267 4.380824426 3.508065693 3.868330907 7.994083189 2.958709520 4.219071385 -0.282411091 3.856141227 -0.728496415 5.401622208 0.208938451 0.358303827 -1.546970888
8.663817241 9.348840280 10.285284025 0.657577586 -0.288650377 0.695172703 0.031742578 2.640438675 3.476436893 1.943855271 3.666527061 4.236719482 6.774577717 2.199747788 -0.550059711 3.776416047 6.247275184 8.979470048 6.211643360 1.023997381 4.472067747 10.491159569 5.045261912 -1.353077406 0.567871794 -0.871480689 -0.308596498
10.856759321 20.894109406 7.464921245 0.693693177 -0.323918367 0.578224130 -0.281999156 1.346530031 3.953791633 6.842992056 1.202154639 6.772198817 6.283078223 2.266856327 4.944801049 2.658744253 6.293403055 2.422019288 8.374157434 -1.505662151 1.191331134 2.200538092 4.935407454 6.811667832 -3.523470885 5.570156933 9.678390863
8.175981562 24.808372382 12.564592770 -0.565721098 -0.023228409 0.022857360 -0.823952439 4.984734458 0.858596448 3.521646042 4.374372807 4.602024947 6.586494550 4.137364729 4.014352803 3.970980726 2.148714642 6.351381680 10.089290067 8.874384855 0.432959399 5.123080545 5.973459661 4.673193611 5.158355142 8.784135848 5.395654083
16.937054435 21.385850451 10.297263348 0.826208338 -0.043375886 0.554211653 -0.091366070 -0.095491048 5.050150942 5.291777660 4.183420993 0.678144146 4.426770904 1.890395161 8.611379046 4.244724164 4.652301798 2.064078369 7.756211574 6.455305391 7.727809677 7.254355716 4.247541940 2.392223317 3.111178649 7.791578579 10.442754392
6.826146954 12.327139312 15.929356908 0.341705472 0.869668687 0.354902911 0.030946233 3.842015514 -0.554111337 0.678170859 7.106595112 0.661538728 -1.396714973 -0.644835430 -2.333506713 8.669895600 -1.443169673 2.390474550 2.743079711 0.014790231 4.172508940 5.358385463 1.595762088 5.170295039 8.625894539 4.063133256 5.286482806
3.035256052 18.533565397 17.452178855 -0.716065106 0.134657324 0.087165174 0.679352928 3.341701955 2.688090447 6.315967215 0.484856817 -0.102927486 0.131127667 6.029185774 6.745539012 10.454507675 0.610729321 3.343911514 2.862399811 1.075586686 6.711723347 3.256193354 3.642013288 -0.378130026 4.691875950 7.159996715 3.807054281
14.113068299 13.743420730 6.821812986 0.848947087 0.157602333 -0.303847743 0.402649845 4.353553709 -0.154867252 2.809498647 0.165142621 0.335046584 2.457271644 6.894007033 5.809194498 6.722912756 1.755172511 4.490255873 -0.804671368 5.891706739 7.137101338 5.005147978 2.825864371 0.439169819 3.924476192 -1.529598315 6.994856870
16.821804781 21.120874670 18.403502437 0.147460451 0.382444485 -0.795725131 0.445884680 -1.295979826 4.798615559 2.886486684 3.438280025 1.539251118 -0.947322060 3.797875024 2.202602544 7.706557141 0.632579464 4.433588377 -3.399144424 3.218988947 7.451265703 6.888045830 4.015847006 3.651826329 5.190928389 7.016453782 5.541691391
12.655018748 19.237725510 18.902973774 -0.392883044 -0.368498137 -0.670162187 -0.510621856 5.182108383 3.442810321 2.909991522 6.077724834 5.511216104 2.467070859 -3.343754716 1.545046664 1.752430792 0.666448523 8.757407027 7.000861519 -0.767474498 2.318666717 7.209295858 1.418377810 5.932120093 8.491757464 6.009098701 3.259405242
8.135227001 17.431454780 12.933002630 0.726808132 -0.112259185 0.178907401 -0.653559451 4.442400296 2.653726061 7.406485497 3.572027495 8.577048371 3.788039032 1.083878399 4.091172275 6.901494324 3.638916498 2.206416763 -0.468178004 4.216381748 2.917025343 1.294248944 3.044664181 4.486757973 3.366863132 2.588962899 1.147711681
8.776393815 12.551694559 7.150739409 -0.499663792 0.318943575 0.632632885 -0.498384112 3.374775169 6.968274852 1.981413795 1.048792906 5.422349454 5.400270648 4.774414693 2.838449907 5.624803345 6.029775103 1.772092607 -2.542562405 -2.290700279 1.146779958 8.163023292 2.897001707 7.065019183 3.295881914 1.305839033 7.211732889
17.611450214 21.164290477 16.490670265 0.957433346 0.012440238 0.028681602 -0.286956433 6.657805003 1.704393074 4.268686672 4.990997031 8.903014690 11.619907092 7.281646372 1.529656539 1.914456766 7.655603490 1.492444188 5.266904777 3.958849316 6.970494717 0.802259790 2.368241481 9.239611620 2.204723022 5.102800585 4.238601013
17.983069095 15.671070703 12.516025014 0.252757314 0.741121288 -0.621324429 0.028441719 5.303176564 2.061003418 0.717757099 4.248187263 -1.478795878 7.202891945 8.082711531 6.820840083 4.509096183 3.766376191 4.890625417 3.493340692 5.762834174 2.141880808 1.961371360 5.534560151 -0.209930646 1.851300022 7.645982071 7.053196767
9.882869630 22.599052047 6.167244821 0.764831138 -0.498755361 0.233355778 0.334397221 6.438684016 9.596869226 -1.974120502 4.136114822 0.508103373 2.706099603 6.878580086 5.501851469 3.194924862 6.627379832 3.772776705 2.470357257 11.733670367 3.505496680 1.527694618 6.478059323 1.915599867 5.948166265 7.554778345 6.213144851
8.205860218 11.605325945 6.602848822 -0.803756993 -0.194596629 -0.353798673 -0.436959205 3.447056668 7.387566000 5.521083328 0.547042448 1.426727477 2.496390594 4.827207004 5.756463037 1.543836189 9.139815597 6.590904574 4.621009807 5.017355438 2.570001519 3.077976406 10.638120721 7.426949411 5.925859804 1.068960294 -0.901109445
10.348529031 9.717911327 15.187598945 0.615307152 0.351034037 -0.134442313 0.692890668 1.427579595 3.374580608 3.266036590 2.010419012 -3.128613945 -0.175321234 0.311407693 8.659418689 9.549026457 -0.688210724 3.548803300 6.267943421 0.100547585 9.552892070 3.318882092 1.868252421 3.027829005 2.185858135 3.701916519 4.517458805
2.452669856 18.295803988 10.289979814 -0.345439667 0.110377446 -0.199774226 0.910262882 4.918139168 3.552627757 2.878970032 2.956080832 0.983835906 4.221171295 2.544132353 3.526508728 2.126679533 1.752651720 5.371350398 2.065712985 3.276865076 6.726781502 0.592973354 -1.970019989 4.430135294 6.115125532 5.063001189 0.322275321
6.831489118 23.684040772 17.755987276 0.851169005 -0.322630744 0.149294699 -0.386175893 7.625438654 4.268626227 5.102213337 5.014033523 4.502858520 8.570894902 0.681195278 4.235279839 5.526476584 5.614501868 -0.742993464 6.368485973 8.403568698 3.152187579 1.111534193 4.798512768 1.207141752 4.945719852 -6.198515719 6.867893881
11.324458182 13.011891302 19.533348328 0.061231974 -0.022176402 -0.278314415 -0.958279677 1.603469698 6.762795925 2.104624883 5.194859849 1.272636985 2.642396574 5.672145082 6.287063518 6.983379625 6.477671414 5.341019599 8.826906939 3.168426833 5.837041684 2.309302461 5.435337310 4.715815452 10.625955624 1.164225147 7.941924649
12.652585610 21.820523713 10.340117853 0.777962252 -0.163907405 -0.239883087 -0.557104300 4.170372992 1.422640693 1.215821469 2.290616504 4.504272379 -0.182840299 3.709870929 7.147699377 2.553109098 3.642192728 6.439171111 2.734243062 4.932186217 1.618118474 -0.427207411 -1.170656322 4.777318527 -0.110751044 1.569235621 3.985131133
12.721625780 17.694643280 5.885959153 -0.931921388 0.303826513 0.193342580 -0.042785787 5.475657019 4.689140810 5.205856935 1.465819045 4.680133930 3.001893729 3.833047804 5.536074037 3.800607049 8.568417948 4.611320922 4.150907760 7.152984920 0.138037210 4.251021803 4.823911147 6.415009702 4.538804365 4.322168950 4.494442305
2.052002816 13.179538008 14.635603996 0.232613544 -0.770419370 -0.540562622 -0.245228436 0.540444115 1.624365774 5.471603161 1.232890830 1.209233871 -1.284965716 4.667118219 3.450829089 1.550734950 4.446573979 7.209887501 3.906570473 -2.127619748 1.360494314 1.912164940 3.111505504 0.095014662 0.326884118 -0.514597077 5.141263462
12.348122897 17.351661717 13.790566558 0.398095122 -0.698350391 -0.441800011 0.398296065 5.018972069 7.479249349 2.104554129 3.109638718 4.283897209 2.591700176 0.985856632 3.892419399 2.835228824 4.421796267 5.331396104 3.166577271 5.166710594 0.548952966 -0.482784372 7.580910414 7.901582728 2.147711581 1.519930354 5.173868387
0.620518694 20.052296900 10.184931054 -0.230487166 -0.780371359 0.159810225 0.558888987 -1.064574277 1.575529072 2.889752630 1.379398451 -1.615084858 3.367047028 3.817903921 3.680264454 0.737756130 5.971417614 -1.349607593 3.628880204 1.617417229 6.462619919 4.991541531 7.039341003 3.938961738 2.297870492 5.924587014 5.598602092
10.911205244 10.507708650 7.330780179 -0.738985583 -0.366082399 -0.559365776 -0.083629620 -3.116874056 0.518477714 6.437734532 4.343571726 6.779378410 4.509767135 4.806080595 6.544086738 8.926556037 1.845387722 3.345137304 8.595135098 1.950381395 5.022164929 4.787821122 5.777143371 2.139826487 -1.799724439 2.822806285 5.312100319
18.295479121 16.918587562 12.390246798 -0.468579463 0.382463112 -0.476055916 0.638377647 9.836240077 2.410433390 2.606647286 8.109911778 2.452492330 3.185972617 1.219395261 1.879786858 11.361567038 4.523333353 6.410166734 7.365603857 6.009509275 -0.061057302 7.025172353 4.221266567 -3.582952831 0.125012305 5.570537561 6.349684574
2.524821186 19.267989203 10.317534506 0.104413469 0.893362664 -0.260642466 0.350808327 1.850128617 7.571963056 1.829341821 5.679558681 4.929125314 2.368230698 -0.350238247 4.724511348 -0.188364456 4.665759364 4.349742814 7.890961942 -0.110171346 -2.290633686 6.884690747 9.681511669 5.165017684 6.956509087 2.433692437 5.040883618
8.220699863 9.900056416 14.462071965 0.052250909 -0.944472352 0.049019369 0.320685081 5.837141081 1.641880277 7.080073491 4.037267993 12.069579176 4.073314963 7.105710495 -1.611711969 5.497141479 5.811786088 8.034667770 5.289342798 5.483883892 7.449705868 2.293793466 4.732341680 7.650747937 3.189482778 3.102961190 6.071374801
4.013546744 15.761986148 7.572309834 0.483537878 0.762138517 0.100837544 -0.418530514 -2.267691847 5.956306468 7.528186776 4.650109270 4.868675396 0.672522880 -3.006614351 5.389471437 3.420128659 8.815467460 2.636705696 -2.508456276 -0.551377969 4.803195110 0.880087944 -2.307015660 9.960991305 5.077212849 1.603824775 -1.030872866
15.545599713 15.403752850 19.975648202 0.652679915 -0.139758083 -0.368654465 0.646970240 7.246298868 1.625740278 2.141284233 4.130303604 5.586852292 8.293879302 7.160461713 5.039906749 10.106007167 1.322055812 -3.741796514 4.976813493 4.377442231 0.152673447 3.023510987 3.494755742 3.579979119 4.071571801 -1.097235341 4.427278557
8.724287911 23.151732219 14.686777847 -0.392901879 0.916160114 -0.009992811 0.078606004 4.658008027 5.293936855 5.684977183 0.707341836 8.127406374 2.967376467 2.961041940 0.128557238 2.930180889 2.570132232 3.155761905 8.899616710 4.378174590 6.607439062 5.397495898 1.722942636 1.090364017 6.583050594 2.153190274 1.279871338
1.597990543 16.190623062 15.495058776 -0.326316256 -0.810117050 -0.441967949 0.204676324 5.416617442 1.554599894 2.887578204 4.296958336 9.791644072 4.866411138 2.356573217 3.243501991 3.324002972 4.030792501 4.643003039 7.090166429 5.618262425 5.750852705 9.038108446 5.640095547 1.917313774 1.754444625 4.554749032 2.005925566
12.495888797 9.196902296 8.800450960 -0.004226670 -0.192872342 -0.628091387 -0.753845876 3.395433515 4.465310943 5.725900087 -0.852794299 8.106182289 4.208281815 -1.297829865 3.068883226 5.933047885 3.102360211 9.975648786 1.490356353 11.209161681 5.479406483 2.996542721 -0.718542225 6.163466474 -0.551988374 4.160798509 7.274581989
1.920613688 19.095515962 18.335081229 -0.583837836 0.445489655 0.180975031 -0.654156240 3.921386174 6.044081640 6.873288516 9.675266131 5.103414902 -0.441907435 2.968880625 1.762965326 9.777110586 -0.482826872 8.265488620 5.601919281 4.037309560 4.199183988 1.549635040 1.460398183 7.200744301 7.859264109 4.318329803 0.081047293
7.124462111 17.293610994 4.941686826 0.253258053 -0.953341475 0.152171643 0.062001462 -1.763832824 6.640401540 -0.080873535 5.124120071 2.519607782 4.659747447 6.430175198 3.854180357 7.479280864 2.379494061 0.159302603 2.734505814 2.431775112 10.026283845 7.284099940 7.913884870 3.266921701 5.239336965 3.185006495 -0.025164793
15.105787464 18.317324207 19.213258071 0.422913565 0.312465280 0.574595404 -0.627175962 1.940918793 8.422095530 8.041120634 4.857991484 3.213772483 3.994984388 3.096737747 5.541624663 5.445577068 9.295927193 5.732919254 0.904534099 5.310230238 0.562361949 1.727048594 3.921888841 4.466224117 4.625198965 5.985822035 0.133016136
14.477439785 12.179277187 14.740102330 0.285375577 0.857615114 0.427824421 0.004833292 8.222606395 3.734889843 8.474963660 4.413667267 1.773063961 3.504838522 4.773977812 3.637372937 4.486433219 2.823604335 3.536269073 0.366484837 4.196771318 6.007330677 6.139989288 8.029196866 4.755808193 1.575464453 5.129578602 3.708305357
17.590365609 13.138006456 13.127300247 0.777831576 -0.093599274 -0.621308505 0.013890863 3.427271588 5.713868282 1.209091975 -4.003521506 6.171422035 3.220816947 5.610277323 4.770741343 1.094611815 2.645485826 -0.387858288 4.452256829 2.753637087 3.591890692 2.114922867 6.546840949 1.528184685 -1.345021365 6.629451228 3.585514428
