-13.248275069 -5.831658784 -24.254398885 -0.164558936 0.407463469 0.060115374 0.896258903 7.915979298 4.028296694 4.121369463 4.648103215 3.283360240 2.965259913 6.159911702 6.243803856 0.105268629 0.392604286 2.886410547 7.245603857 5.310434365 5.627121456 6.701063596 3.587692458 -2.740194636 3.436082835 3.340823900 4.567444276
-6.635157801 -3.173822823 -11.514127128 0.628985930 -0.715116574 0.157304259 0.261228550 2.465028055 8.165080838 1.314241566 7.821646707 4.060626378 9.908070177 2.525364866 3.703830008 0.082107417 8.499598552 3.894016985 4.978900021 10.555913113 8.193285484 2.197544575 3.568725261 6.004741268 1.469071978 1.525392674 2.587424842
0.878606309 -8.459215306 -14.457010066 -0.214872131 -0.971586397 0.099092900 -0.005517055 2.046332718 5.910697566 4.852366349 0.760642246 5.457797359 0.701596164 4.228671948 -0.089262430 2.520974024 1.738816597 1.761759929 3.436264620 5.684329633 5.717324242 1.045668660 4.640011634 1.007026557 0.892610954 8.694685581 2.693839122
-1.928713456 -14.719625790 -20.488956855 0.538251289 0.428231334 0.719502913 0.096015791 4.412437481 2.060735703 1.600624064 3.562621899 8.544527795 1.895847624 3.559664626 0.798006364 2.991110922 6.764259233 1.888112101 3.699913643 5.431787219 2.571919619 -0.264785162 3.532519033 -1.741649468 4.231921924 3.740775822 13.147467133
-6.886168393 -15.444018775 -15.837595791 0.705375841 0.125788549 0.314514461 0.622657866 2.014133690 12.547233539 7.057983122 -1.849246731 -0.346370507 8.781923617 7.088703837 7.074777093 3.743992819 0.843146089 -0.361639539 3.414282389 6.199507920 8.672673379 3.254685653 4.134545761 -3.566432023 7.127501446 2.331450736 1.027399151
0.517796288 -7.625483437 -26.994416739 -0.091777258 0.140859948 -0.932507453 0.319633007 7.967966577 4.811877188 -0.632646060 -3.917053022 0.252236912 3.713008070 5.890234245 8.308774066 6.585554674 6.957423913 4.821840881 7.195914237 5.660364793 5.719888285 4.327152648 5.838931609 5.795459096 2.510801034 2.446095966 0.575976371
-11.999227641 -0.631557034 -19.896037527 -0.681595850 -0.718194139 0.077113269 0.116952210 2.772572930 -0.637587785 9.202326020 -1.799316704 3.201962361 5.404381593 4.257362184 2.904543689 3.630686007 3.270975560 1.151333279 1.036944362 2.234345284 1.792951080 -4.856828702 1.561300422 4.864941405 1.369002979 -2.255902562 0.676420614
-10.214370956 -1.270229833 -19.538824835 0.554246902 -0.614745408 -0.326188079 0.456617775 5.416645254 4.323239753 -0.454718057 2.014430531 5.235694279 4.055828501 -0.339865507 8.589017813 4.250299051 2.478323040 7.682892606 3.302957554 2.170712643 3.321020705 3.937826244 5.910547005 4.545633380 4.233407316 3.018973373 -2.157762137
-2.786035777 -15.442102496 -15.138506404 -0.748183543 -0.498258358 0.388341254 0.202857252 3.957441363 3.355056870 3.984977860 4.226022312 0.321531038 6.550434321 0.142958455 1.405010885 1.141356202 -0.362719094 0.789544576 6.864044595 1.032346264 2.856600036 6.270189566 3.438708393 4.156893573 4.092984218 6.592521982 1.290649084
-4.247856115 -4.196226523 -22.011407378 -0.608816883 -0.018047717 0.703097623 0.366974134 11.208698603 3.901764181 7.177962726 7.865017874 6.585783157 7.573935686 2.955482618 2.624988537 11.684985106 2.544660744 0.340965452 1.247856302 -2.785494385 9.029240298 1.660239360 8.071952158 3.080766165 2.017576793 9.341864837 3.593054073
-13.227551422 -7.142438496 -18.644027625 -0.742894519 -0.569184121 -0.234170639 0.263251366 1.595858957 0.684307793 0.533496511 10.662073272 1.082887421 2.920391860 4.023854635 3.886947871 -2.640923842 -1.384511941 6.320943179 4.580581212 2.813041161 1.074772119 7.020672166 1.235677989 6.747522646 8.802888050 7.138998213 3.534339008
-13.206493139 -6.920183556 -17.106105954 -0.610043489 0.401065361 0.570186937 0.376670113 3.242128188 8.221733741 5.595082329 -4.143479726 10.121688345 -1.447735896 5.926205734 2.907326389 6.132075189 4.642043443 6.766078693 1.758128142 3.630710070 4.279957607 3.212668927 7.556255824 4.563010992 3.272323100 1.280825833 5.558240366
-10.167350044 -14.964516968 -17.295628663 0.031757998 0.268977071 0.951172361 0.148033458 1.767866454 4.217652309 -0.216896293 3.664013738 -0.264148175 2.739149170 5.007934171 4.102755043 6.030450201 1.035608270 4.622600465 3.524848983 5.303078259 2.069625944 2.610227045 7.226341848 2.698866614 -1.161893873 0.500335380 0.971654433
-4.374303944 -3.543052323 -11.499235265 -0.576933529 -0.473058860 0.531397228 -0.401223136 5.093194923 -1.996279561 5.472979317 -0.997658097 3.371671361 1.439354696 11.660350443 2.651901244 4.603827356 1.255709124 3.145395039 6.552391894 5.195755167 4.901311201 3.870351363 2.154491523 -1.494819818 0.680910287 7.976406031 1.640770639
-10.026157473 -5.939540224 -11.580036348 0.801247254 0.521207838 -0.286590256 -0.064894162 4.902501371 7.496994111 6.738505796 3.999647256 -1.774433012 1.370145910 5.183401062 5.631440343 5.248697533 0.893852609 4.098901081 7.475650961 2.745226593 7.080695008 5.262288218 5.066496251 1.202703828 -0.627145188 5.313018311 0.614819922
-11.028144787 -11.236947671 -18.716126773 -0.197640039 0.700997158 0.645461814 -0.230044443 -0.548278085 8.313117848 8.348385946 9.301425180 2.785764825 1.774024292 -0.203446652 3.505286586 9.465413601 0.286249862 1.496279692 1.843266928 9.513050987 6.383840774 1.292140453 4.751034031 3.974759131 8.225633834 3.455221785 3.379819527
3.087061822 -8.427836522 -19.213210568 0.596761831 0.699708237 -0.330148823 -0.212803794 2.447393153 -0.272942007 0.147109058 4.568901340 7.118570659 1.857428507 8.729178178 0.177116238 3.488300070 1.297962253 7.356554362 4.257007962 -0.429624997 2.009611153 5.012997952 1.906535465 3.798459441 2.848423031 1.366981516 2.456661345
2.508233073 -12.862984242 -19.662567932 0.538934167 0.827781032 -0.029448666 -0.153170825 6.488788836 4.275061771 -1.675794734 4.752974855 3.643432308 -1.134895275 3.001294280 -0.821682953 0.126201801 2.094737525 3.052608653 1.294733768 10.076264423 1.103292193 3.200144907 7.112024557 10.308613751 2.733124678 6.109728906 4.180595801
-15.738151667 -10.600947595 -18.657634308 0.111756943 -0.775691659 0.138015115 -0.605610984 2.589294027 -0.541453586 4.814685364 10.531555494 8.551200842 -0.403941725 2.741509626 4.202876824 -2.278396824 8.320819936 0.243688761 0.544546459 2.267515567 3.619682867 4.505593868 5.139906067 6.318974844 0.058262738 8.917412399 4.443829015
-14.619874381 -8.953291722 -21.819252699 -0.256578631 -0.959696158 -0.107302055 0.040459354 2.006753617 -0.478102650 1.754193589 -1.069272930 1.369729791 0.570568447 7.374988745 8.232634138 8.474330430 5.321077578 4.927625619 7.137386441 6.830815234 4.197190268 4.461196801 1.622833028 4.070343966 11.190848568 1.124945075 2.861775975
-6.786799104 -4.232091611 -15.424915583 0.674420123 -0.491329516 0.181789934 -0.520293402 0.849904092 3.231137447 5.808680580 2.045360510 5.269049103 5.055302573 2.220892344 -1.554741321 5.563793406 1.183630140 1.893524394 4.132694911 5.610626036 7.448798074 -0.137126981 7.020048306 3.102062970 9.708147000 1.689490398 4.053126492
2.048830926 -4.435835547 -23.247462047 -0.544355655 -0.657539174 0.366322001 -0.370307100 2.653147940 5.567326133 4.741401166 7.885981087 9.195830790 5.810173332 2.953750188 6.787197077 5.171537652 2.935526512 4.674838833 5.765622630 1.889706615 5.773618805 5.130209863 -0.397425507 1.990499881 2.496567644 3.524303069 5.552782408
-1.738509303 -2.815898120 -24.069469625 0.423775526 0.807285308 -0.050451059 0.407626576 5.111228396 2.449836836 0.828520723 1.871407875 7.837308686 8.828812594 2.169202341 3.812014290 1.538358381 9.058153551 5.566015671 6.533964077 2.687803403 5.689591235 -0.883658879 4.284453418 1.441921916 7.871835009 0.650240575 3.546141381
-14.306000934 -6.743228710 -16.180313939 0.449866625 0.872416974 0.150573442 -0.117627725 10.450099135 1.729809740 5.433747067 0.883337634 7.833207551 3.866814311 1.648212847 6.420281227 5.989483785 7.790183556 3.642861202 4.786865058 6.518236099 -2.338897243 2.088000222 4.336421133 4.472880209 2.246086463 4.951433162 -0.100484433
-4.657808563 -6.924134894 -20.658915520 0.813951796 -0.532260284 0.205775966 0.108801266 1.352165085 2.674551276 -0.166616279 3.231163375 11.320336996 5.109045207 4.566269972 9.636939958 3.892806986 0.852645464 5.017764807 4.856044994 7.499830757 7.977940598 1.391330547 -1.467532281 5.499016280 6.237013717 2.225376687 -5.452932259
-5.715330011 -2.525779155 -23.843802956 0.274486527 0.827245492 0.482333772 0.087613784 6.503718870 2.500159126 2.746190775 10.013788144 2.107539183 1.768740921 5.243712142 8.495340625 0.606697702 4.051912541 6.669537111 7.422329200 8.398410277 3.591991279 7.187221184 5.883669387 4.679833375 5.144535770 4.693660919 2.418521081
-3.584740063 -3.151052796 -19.860617728 0.481699107 0.579484234 0.074748265 -0.653128387 1.989564244 3.168260312 1.890237877 0.186393483 4.918840474 0.632333595 4.508563633 3.602078706 1.845581998 8.378389025 1.692942361 7.401493901 0.580483243 6.332089042 2.318575643 3.609391204 7.357328890 3.204691945 8.782674013 2.772367992
-12.364438454 -8.009670835 -24.063349130 0.079195923 0.141656252 -0.063941323 -0.984668990 6.903392357 7.255803609 0.323007470 2.681932491 9.273082259 7.085573479 2.231563827 3.430403488 -2.297257210 8.910609791 4.789240552 -0.767914945 5.622728903 5.683160950 7.467243096 2.726889088 4.901652002 5.147629804 2.460991863 3.758167477
-7.185475000 -10.881974842 -10.629858635 -0.050290041 -0.178938841 0.906757270 -0.378474645 -0.389162653 9.326131946 -2.562356700 -1.470922824 7.535089295 5.205092630 6.498623076 -1.564161526 2.768601932 4.730582585 2.540514643 -0.696979889 4.017776839 -0.055719015 3.403250556 12.901671285 5.510896595 -0.981027069 4.072057504 0.125140990
-3.751025002 -16.839604699 -19.789206361 -0.303471789 -0.641819594 0.683863356 -0.168236121 2.723695533 3.622631362 5.568860428 1.680474611 2.341041136 9.705648222 2.226592326 3.737305324 0.703706918 2.452416197 7.016798391 5.552299898 4.505018019 1.744584933 -1.575935212 3.334252248 3.956579167 3.991246908 12.657846987 6.084480358
-5.735591571 -17.505785797 -23.554651930 0.284968107 -0.030815703 -0.945567415 0.154096836 7.667261694 5.356648868 2.291765192 6.932908943 6.099103318 2.653611153 3.762099087 7.487440824 5.449662558 4.812086665 6.624717426 5.894830115 2.289660940 0.507267609 3.225569690 1.130869896 0.737687799 6.688862268 2.371631911 -4.304231088
-12.008508702 -11.853369184 -22.873047448 -0.043532542 0.146605758 -0.691271252 -0.706226398 4.885665224 7.638408861 2.449050893 4.039753980 4.188435764 3.903855462 7.053729303 5.509568316 5.535752759 0.526430073 -1.802006355 0.231049418 6.111276045 5.589301576 4.916662060 7.072694541 2.936122300 4.969637424 8.139400796 7.283875001
-8.949108330 -3.412729873 -18.705240646 0.633443840 -0.770474817 0.005921374 -0.071290926 2.174675489 4.194920598 9.365326655 2.861211352 1.200146045 3.914557103 3.199868027 6.311151853 4.515712464 9.901484843 6.895092073 6.728567707 2.848834730 1.709844126 1.821256985 1.994803867 3.126587756 4.490422990 1.828273158 1.986477511
-13.516684426 -6.706324363 -25.618256713 -0.009365645 0.617420885 -0.786496911 0.011240253 1.773093345 0.655424447 1.951964872 9.188140064 1.316681049 -0.044385062 0.049816932 3.594322232 4.660838112 4.096135924 7.113501098 2.789837204 -1.997745223 6.422357048 4.657303198 1.310112761 7.953839338 0.186023199 4.067601910 1.474888758
1.292748982 -2.759729748 -23.179270004 0.942744290 -0.061469179 -0.084518189 0.316719782 7.176979680 4.566840194 1.168365564 2.140187635 4.604526729 2.400152932 9.555276466 5.596118765 3.586426521 9.029441182 5.025508759 5.905778604 4.794347138 7.107313904 7.060341117 5.250964950 -1.182730675 2.118910335 0.238956026 4.950466871
-4.137541566 -1.940421229 -21.663855006 -0.342626935 -0.259843885 -0.497744825 -0.753218447 3.429426732 -2.709193853 1.340860543 6.920163535 4.260784415 2.921084361 2.936313707 3.635768644 1.544604505 4.489918631 3.660161817 2.715703638 8.967634979 5.610428188 5.033975613 8.028067794 0.829226208 0.606234842 4.552923508 0.677240261
-6.735979080 -5.217985427 -19.009283367 0.447332833 -0.881629945 0.149299704 -0.018209183 7.482979991 6.280648828 8.693501937 -1.302245721 6.069038455 -0.060102412 3.549642509 5.512266289 4.258520075 -2.698326396 5.932498410 5.652670379 1.606700169 5.662529459 0.386813662 0.783783177 1.014255653 0.329248450 6.997762714 3.427987000
-4.941855174 -5.294420468 -20.572418836 0.527644312 -0.228759820 0.747891762 -0.331539344 6.359378921 3.271431156 4.970914300 -0.653885145 4.059080484 3.887468575 6.462778884 2.981664657 2.516514140 6.326646894 5.129537712 3.362090635 2.368985766 1.291948995 1.831356797 2.991138721 4.068428030 7.805487054 10.726331136 3.401446572
-10.002276653 -2.205985866 -20.325377839 -0.291927928 -0.411323496 -0.200958790 -0.839765819 5.843179755 7.017069489 2.097495999 -1.756632736 3.694434882 8.822906143 6.328156081 2.776279778 1.395546399 1.859237613 6.283758935 2.576738261 4.360848981 9.585222134 2.673190621 7.616234055 0.463786993 2.341219066 1.567008651 7.847038049
-3.750766634 -11.978003219 -24.719087278 0.920341639 -0.102061821 0.068048406 -0.371381295 7.090897351 7.588720960 3.132246955 6.051043557 5.161377351 6.223385242 4.568299549 -0.242721270 0.673827579 3.039726032 7.073022584 2.357134213 3.986319589 4.233697476 0.936599525 2.225870626 7.184045574 5.072782154 3.394192111 -4.244165639
-9.020355662 -5.333881240 -19.659684348 0.765645934 0.280889715 0.567498425 0.113281993 -0.530838950 -1.249814012 3.968369834 7.434479498 0.811791947 2.285157115 5.279302242 9.000028201 3.409958706 8.825430179 5.303518284 5.844350299 8.873414470 3.697962934 6.663334783 6.139332046 10.234333246 1.248743080 5.318437666 8.211676606
-14.790080653 -4.118546440 -20.473323410 -0.566039779 0.219513134 -0.472641986 0.638766394 5.494480479 0.599284907 4.542119782 5.151445729 6.605524915 8.430529882 1.617459931 2.674161709 5.913916144 2.031523676 7.561803578 10.230558574 9.229336916 1.620383826 5.531859700 7.539400434 0.526225000 10.651818298 4.970168729 -0.521868944
-7.675271439 -1.020217089 -20.307211503 0.045324385 0.686243581 0.676105642 0.264379669 5.447564922 1.672149173 -2.998695019 4.840053379 5.834929467 3.612743443 1.408243082 1.516347966 4.825589796 1.989319519 3.394882327 4.285924771 5.711261965 8.265851000 0.370369254 9.080713928 1.597297545 3.976508369 5.267868642 0.716466223
-13.312438141 -7.413165566 -25.155462504 0.357695174 0.107141150 0.255385721 -0.891825695 5.688802997 5.536114553 4.455385380 5.412266250 5.682741773 5.919759245 7.344783118 3.935869275 7.455165445 3.785506970 1.548837868 2.013487970 3.952735181 8.112487652 8.588526159 2.721080978 6.876352166 4.975060087 4.528365456 5.770172968
-2.508477820 -7.090748571 -26.072416483 0.085213747 0.960536811 0.105122570 -0.243016247 9.443026587 2.002109906 6.532973265 0.147585384 6.402470079 6.756856497 4.074984383 -4.937912984 4.534472723 2.683574263 0.118060312 2.020849076 8.435282988 2.461514794 8.152606491 -1.331276751 7.342584359 5.306448781 4.303610209 0.639128130
-7.014848828 -12.090105486 -14.593377193 0.447657447 0.310326580 0.703395632 -0.456656117 1.078164225 7.104571597 6.256761938 8.120666364 6.375985076 12.617185107 3.161360989 8.115511661 -0.195604247 3.968569039 0.955536302 5.545390064 4.295873533 1.260133752 0.940630768 8.221641929 5.717454697 5.056635672 1.418945022 5.649884577
-8.754783823 -3.592333566 -20.531849006 -0.787404122 0.343189266 -0.477841583 0.184074164 1.400582495 6.752479699 8.344906946 4.417435976 4.608315023 -3.256362781 8.100955741 5.019246128 4.450062315 9.846661046 7.233268310 -0.265387305 4.186047302 -0.653129333 4.486166817 -1.498276040 4.302271370 7.702451213 0.249928890 2.052225445
-2.490685534 -8.172837662 -21.581833853 0.903765132 0.126296785 0.346638006 -0.217024883 -3.790890311 6.584479022 4.479452719 8.364176997 8.292362772 0.850930017 3.873536762 5.446155894 1.120092559 4.205680431 1.350978184 0.922450503 7.076883593 -0.642776093 2.661923158 -1.094930495 4.967050339 1.239097998 6.659590854 -0.899620198
-8.862276929 -1.842114617 -23.042289025 0.314448346 -0.525922458 -0.676087651 0.409186135 5.181625383 5.075635539 0.995506418 4.555043869 0.691469679 7.404052238 7.168186879 2.821388737 4.603057301 4.070501473 1.971933071 4.838752028 3.641784055 5.481785011 8.276227165 5.115944564 5.196406637 8.183259449 -1.571156855 5.251254581
-4.886211734 -5.032384715 -22.357941496 0.277951339 -0.709182003 -0.281204400 0.583719132 1.557561367 6.912901686 3.041377601 7.871687304 2.802623798 0.231819913 3.279250539 8.053795624 7.859962059 6.524616578 -3.270963257 2.405764699 1.363900785 0.802234906 3.675631950 1.825545803 0.300231725 1.012474426 2.276915879 2.894716631
-1.956001068 -3.984005522 -18.975707603 -0.170336344 0.246961352 0.589968836 -0.749621500 -1.185817686 10.836978258 2.181658793 3.862500668 5.503214489 -1.542405424 3.108915147 5.119650260 -0.222722019 3.552122001 3.100492071 -2.562067093 7.845262954 5.101909204 3.881343499 5.651297773 3.458067263 8.653545225 7.192328708 4.211826564
-11.361157962 -10.377826503 -21.234994940 0.602137591 0.071508055 0.795183574 -0.000060550 1.924063641 5.734091840 0.147166109 5.572778731 3.766519938 8.487436876 -2.313656269 9.996354840 2.590495346 5.482732053 -1.021843292 -2.136412306 -0.795916515 5.365055420 4.542149147 3.833998786 -3.397788618 8.426133819 6.677846553 5.403748248
-2.120318616 -1.979364404 -13.402008787 0.668212119 0.399672450 -0.294649990 0.554017942 4.163723004 -0.797376801 6.476100270 7.854577182 1.008048713 4.715117811 4.723901928 6.278892554 5.865843209 2.657988679 0.690739917 -1.103427625 -0.183812593 4.201190173 8.933701817 5.420940841 2.285518056 4.888573006 1.017862820 3.544374871
-14.676731980 -10.629727865 -22.171370690 -0.147363647 -0.154666994 -0.728124942 0.651303420 -0.752900504 2.712469564 0.070258222 0.877218960 4.959924555 -0.704805480 3.422101112 4.782810981 2.924092058 1.169481573 5.863263616 1.825620221 5.952628215 7.263628034 7.882781426 3.031282735 6.229742027 11.089151058 3.759259331 5.895432558
-9.665142318 -8.502158663 -12.362947732 0.885137765 0.080063604 0.023022179 -0.457811026 2.967432869 -1.541603599 3.829525968 8.746390162 2.291740234 6.892573461 5.817893535 3.138309446 1.703407886 7.102003875 11.457837631 6.092526352 -0.055037512 3.021334465 5.406908569 8.299100468 7.859325100 5.764358987 6.479180877 -0.064905603
0.934743852 -5.274943403 -15.929128555 -0.345089764 0.272518325 -0.777903660 0.448901675 0.443046444 0.917462050 1.436837324 6.004785724 0.553235791 1.891207653 5.860231359 3.307481245 8.602292615 -2.081344835 4.667454328 4.004385414 6.846478954 4.833429190 2.305233820 1.404511282 -2.044307021 7.078861606 2.081510689 2.706903106
-8.175101720 -15.231434876 -19.178946785 -0.467979329 0.400487119 0.494688140 -0.613097919 2.823627329 1.637995781 4.733250202 7.680877109 8.830057776 4.203576065 3.487658773 9.051855422 3.981658048 3.936689905 3.709770487 4.870308674 5.168562084 3.869473944 1.561146411 -0.368942012 2.193706354 3.750870585 4.499928976 7.473728062
-13.823618788 -11.465332874 -20.010352497 -0.595003249 0.712335994 -0.136826851 0.346160336 3.659668051 -0.375432580 9.613316531 8.392814032 3.066051753 8.161067794 10.661640963 2.082497641 4.389593436 4.094020617 4.667716670 3.445293067 7.493599977 2.451338162 8.976118332 5.066937796 7.741831571 2.339491286 8.854899296 3.602754783
-6.023359718 -13.064556304 -27.453497949 -0.501642804 -0.266690734 -0.261623123 -0.780246046 -0.155474208 0.501081909 6.456598196 -3.372493840 2.760599468 6.419245301 5.006878216 -0.451935197 3.528136106 6.500010114 2.388425578 0.082185217 6.770232139 -0.983730401 -0.570543061 3.774486055 5.390630402 0.692825008 4.722508121 3.600772312
-7.999911776 -7.122267560 -25.647749152 -0.955688097 0.068239715 -0.282576259 0.046414017 -0.024914372 2.912311628 3.692639430 10.284999272 4.811099178 7.413918269 3.702098816 1.331712897 -2.000515813 6.751425384 6.661347031 1.849128514 4.001631399 6.107622354 10.572646647 0.989283386 3.121765971 3.877161639 0.010748779 3.074046177
-9.097211479 -17.693971866 -22.163846894 0.484490476 0.355148284 0.574580622 0.555873893 3.268661420 4.975517071 4.877477763 4.277122567 1.699230872 2.304086268 5.661529871 3.644643732 -1.542655276 -1.266721486 5.694824813 3.103829260 7.408504573 4.114867538 5.324006376 4.275626415 1.699106257 8.446201442 6.241777407 3.521587407
-4.406883944 -11.292542410 -23.627170836 -0.859190076 0.118563551 0.417456877 0.271044007 1.033382163 4.534350351 6.870526432 7.019983573 -0.325519889 3.104211577 8.289090913 0.430586484 3.390576067 8.332085266 1.577139220 6.776663343 7.381343453 7.657737442 4.426931043 0.717404558 4.505681800 6.050982509 2.350160717 2.179258543
0.222637719 -12.230340481 -15.269278042 0.564281157 -0.175280262 -0.491426680 -0.639815148 -2.888919231 10.195616343 -2.215587936 2.798782135 4.358550237 3.567079283 1.925250442 3.997178970 0.833809911 0.259530625 -0.287820200 -1.180830169 1.867471580 0.577810899 2.742804420 0.768913649 -0.024250991 7.007230494 3.181602748 11.594939858
-13.294006242 -8.075308569 -20.475634073 -0.845146164 0.299353609 0.285139483 -0.338837503 6.202251112 2.562523623 -1.207374798 0.537271948 7.676725921 4.233341758 4.468095743 2.078935911 5.032516324 1.363573229 3.820648263 2.647563922 3.750855319 1.661800397 3.228003099 7.332366283 5.434029048 3.781094708 8.121011151 5.811163869
-8.114531205 -9.569226868 -13.688822699 -0.915461623 -0.096574177 0.328456875 -0.211469919 4.529535185 2.227016717 4.474289335 -1.327479452 -0.458830927 8.652164970 5.235851344 5.439716373 2.382613122 2.570379833 5.478900455 3.895459336 6.086530362 9.021409830 6.480360973 -3.708986671 1.716218191 9.977348544 5.424181945 6.446307763
-11.405209309 -5.336788724 -22.508852174 -0.148481714 -0.227870690 0.955703436 -0.112512542 1.283017047 4.545441510 3.054813038 7.887645444 3.305577664 4.543020590 6.101960108 5.266745600 2.780488256 6.279624999 -2.724670059 0.700045232 5.182499499 3.613222659 3.783100406 8.354207219 6.226518519 0.415622287 2.984084707 3.530973599
-8.867162558 -0.129383622 -18.934158480 -0.959553342 0.061771694 0.137897156 0.237541608 2.431969649 2.341660279 3.037626243 4.898423375 9.708544767 8.350985157 5.731146702 9.041251873 10.516401713 3.372258985 7.339865482 5.159915302 8.299932520 5.389199208 4.698003147 0.201523225 4.939039601 4.355687239 2.488806506 7.525081751
-11.896243705 -2.966296037 -16.363474176 -0.760823021 -0.452656309 -0.307498658 -0.348848351 2.810857232 12.511802476 -0.637522240 -0.726014238 1.649128660 3.740290073 -0.276497300 2.631909308 1.445633108 8.130232479 2.816809515 0.839718252 -0.448696263 6.334711133 4.512556472 5.556971568 3.727016817 1.806105877 3.658356377 2.647166887
-6.499008751 -12.411696601 -19.222564270 -0.651152089 -0.509607812 0.421437917 0.372412294 9.590089034 2.798542954 3.254379887 10.284071071 -0.109769362 6.368495359 8.299842467 4.029163515 7.236695776 4.316095130 4.867563213 4.112824201 5.017880936 7.465877985 0.956061803 4.315156632 0.789372366 2.855449049 6.464508663 4.291031320
-9.292571935 -12.420801668 -18.093782398 0.325172767 0.761912440 0.305058533 0.469778028 2.590979058 0.890265216 5.881596413 3.796813565 -0.643211113 1.576110340 2.628129640 8.633698454 6.391640085 0.131586289 4.940270819 3.374093023 7.705529231 5.310512686 5.115907249 6.059244238 3.442215054 4.368714403 -1.610561741 9.531579970
-7.064871307 -15.466165918 -12.910787597 -0.073133988 0.784984387 -0.577870983 -0.210988290 9.196260730 6.044146693 1.327878812 5.375286342 3.063638469 6.305011341 5.213097133 5.701762314 5.063383098 1.110897265 5.545928525 -1.250994441 5.667305560 5.636820200 -1.484203519 7.595120354 1.679965476 3.293516622 0.568114348 1.690840690
-7.156049883 -7.499994804 -12.994001472 -0.027523422 0.903486764 -0.424948004 -0.048716751 1.994960754 4.869305155 7.442585190 7.465609005 0.815159167 -0.658265125 5.664811829 2.945939645 2.324285565 5.612176135 2.706053403 4.492257652 9.607277586 2.194674639 4.860261237 1.830885139 0.130573167 9.505310267 6.277962877 -2.370663118
-13.200398316 -6.377090415 -19.416978160 0.819382509 0.554395326 -0.139857995 -0.041205203 7.925764990 5.206589013 5.638937679 3.579455539 0.804214739 11.500058083 -0.760279811 -0.758394615 6.905454296 4.008430492 7.520609243 7.445585691 7.377751026 2.031511296 5.355438480 4.348817339 2.438287930 4.717067692 6.130029061 7.180585420
-11.386018551 -11.737298021 -27.181257078 -0.459907733 0.066091402 -0.855139422 0.229898614 9.056537908 5.504298830 1.768867443 3.088405296 7.066011619 6.789706177 1.246067756 4.282125759 6.039405436 2.412244091 5.308708377 7.391576581 4.098342276 5.411178615 6.106176359 1.300330260 4.615821736 7.834608538 -1.084058766 0.435105409
-13.167430979 -14.222350872 -20.721846388 -0.024844076 -0.056916568 -0.697440759 -0.713946541 0.492896281 8.291731299 -1.648565762 5.224947716 4.974123343 1.346302075 2.776180089 2.322453496 1.103780345 5.991723533 2.809831411 7.350704707 4.193356668 6.855398497 5.036046806 3.551317277 3.322263044 0.917643975 0.869949382 4.001381958
-1.938878551 -9.928857201 -14.848613952 0.675030613 0.051280245 -0.579814845 -0.453341762 2.378142358 5.246574992 0.053106120 6.009598023 7.012952799 1.754476511 6.196586851 4.500590865 3.688543902 5.990245436 7.341085441 -0.726697276 7.428797715 7.184474540 4.706020397 2.924904943 7.405452326 3.246112382 0.247193515 5.440846013
-8.376914180 -7.152245593 -25.260260860 0.221662301 0.417565474 0.228764858 0.850982690 3.368447857 1.165796794 0.697943171 11.229168100 -1.482071898 6.874854903 6.222567799 -1.984308186 6.369181751 -1.322272304 -0.314404989 3.815785038 4.538680941 4.756685767 4.526074717 4.086001295 6.946943723 3.275716025 2.644825934 9.085327705
-7.936741116 0.290701046 -23.768887061 0.332514644 0.891462438 0.268528812 -0.150402826 1.234057834 2.565026835 -1.899234117 5.587754589 6.874637357 1.083694913 6.003187823 1.444032125 2.627094258 2.651919737 1.521092999 0.227081021 3.716418820 4.110985501 -0.313920927 3.512965755 3.553388804 7.324789703 -0.230108249 2.113027091
-12.145703520 -12.629159816 -14.459746122 0.194984679 -0.292284342 -0.321658130 -0.879253596 9.057925467 6.452639652 2.628404073 -1.461721927 2.850146177 7.993180509 3.543804805 6.327709550 4.628029080 3.633407326 5.656007371 -1.659753663 0.914741465 7.151839484 6.598137941 4.508126718 2.061281009 3.699596265 -1.123878328 3.607782587
-5.993037825 -8.261686065 -12.260626182 -0.788869945 -0.134488640 -0.017940634 -0.599395654 0.563875521 8.512326800 5.222178976 8.119880907 5.951673412 4.797260600 4.667075056 10.847367068 5.203548795 -0.099940088 5.312900618 3.153213102 5.128082670 3.112169498 4.982875871 1.834144580 4.344989125 8.956512086 5.049623356 5.110517388
-7.723082660 -5.781587724 -23.204628529 0.497302897 -0.340131964 -0.767453190 0.219124798 5.240313168 3.470395486 1.294163845 5.506963039 7.512998432 5.069199620 0.145142155 4.845540551 9.068650384 1.124782362 5.659311468 3.909559772 4.699861710 2.637189065 0.705473713 1.087517944 7.140541369 1.384523792 4.687305820 6.322953763
-1.404555319 -6.594787193 -20.870907478 -0.277566101 0.949992100 0.030672336 -0.139754346 3.632234018 1.389629792 8.513653008 1.890428665 0.445345865 -0.609504118 1.271936210 2.376397351 8.004512412 6.270330792 -0.694850575 7.042617995 8.057994069 2.125834406 3.661108130 2.019840287 6.449185631 4.651134156 6.111335719 8.946665320
-7.073495503 -6.943168464 -21.263834488 0.326503756 0.407356377 -0.019172456 0.852694844 2.058032495 6.191493908 -1.710466012 1.560285116 9.165410361 3.023206145 1.933666309 -1.166865688 2.488458230 7.477795446 -0.677716918 3.189799654 4.304485770 -1.338709270 3.149884872 2.551475482 8.678010029 7.734766182 9.871798447 5.698980044
-3.734078481 -14.611301306 -23.810025868 -0.250177162 -0.161013242 -0.454258858 0.839723176 4.462333997 9.048406970 3.423376654 4.223896036 4.571907365 4.818466827 6.163982437 7.097036491 8.244355056 4.584710237 8.706910259 4.486205892 7.589584947 -1.903120517 5.314136689 7.469347758 0.207080730 5.103069243 8.315830133 2.773370964
2.567248350 -10.284586648 -15.943577986 -0.775261000 0.347961945 0.024580690 -0.526582052 3.645049386 5.784815717 7.532216008 4.201651370 6.948273421 4.475613638 3.446360884 1.006515217 2.969193829 1.330206366 11.384682219 -0.668724882 3.654669657 2.411382178 8.624709757 4.074201816 0.723472492 6.176208622 3.040474540 1.842776121
0.225826096 -13.684471953 -23.959515128 0.251217842 -0.456187029 -0.092079645 -0.848707446 7.315610028 0.711928665 4.126540008 3.618850552 5.080508561 -2.233225257 7.324514253 2.769707095 -1.065320775 1.399115760 5.270283126 5.187185180 8.672758552 1.462833668 6.545270714 1.735647614 -0.310792346 8.319267317 4.457212371 3.981797333
2.031942193 -8.881756009 -14.671445737 -0.129566997 0.059622090 0.200797075 -0.969194580 3.238555595 6.190159089 6.825249430 -0.397325847 7.747541247 3.696735138 -0.169691894 3.880788186 3.938970211 5.839610795 -0.291172642 0.568218183 4.926579280 1.385062434 7.750604683 5.433169153 -2.524012984 8.710029806 0.923182501 3.400060338
-3.403047975 -12.606117363 -27.606194153 -0.330214211 0.760983273 0.557844449 -0.025934621 6.650977453 7.265842967 1.748962931 0.448622563 6.949224354 5.651891529 4.298250862 2.888043776 5.803672348 3.501552641 5.399999420 7.443937984 3.836431183 2.586675225 3.359196912 6.615105209 4.693428743 2.683275945 2.065869301 7.955358062
-9.168008632 -10.191042167 -23.531674607 -0.796824699 0.010986510 0.576956446 -0.179083654 7.348729102 1.605086088 3.657097360 5.617213985 5.157523337 4.802253373 3.892223259 5.063754767 0.873763472 8.243809968 0.191347966 5.355175583 -0.262763162 9.617363184 3.370543784 3.808667358 4.688254804 0.169350163 -0.404365348 4.108752893
-2.515525067 -1.555742177 -14.072597870 -0.533276081 0.592647968 -0.315337967 -0.514730001 2.001292556 3.188669336 -1.626698312 7.586810416 3.623492204 6.903325998 -0.676529864 -0.644350117 2.393578658 4.346755771 2.266514031 -1.139784193 5.709478168 6.942489825 6.020775949 4.907370025 3.342681966 6.509375986 6.903679217 5.844404244
-11.444253452 -3.148071912 -18.541093632 -0.458303026 -0.388629197 -0.797493794 0.054123303 6.628814809 3.091037194 0.461257546 5.030343484 2.979773495 3.088934966 3.087649839 -0.126823268 3.852336088 2.086297688 7.823807988 8.245509995 -0.157447111 2.756181378 2.477651852 7.759227897 3.819581371 8.841121679 6.043597242 6.391881332
-10.894425023 -13.722022162 -17.542430866 -0.859060416 0.263703981 -0.421991493 -0.119994138 5.383267453 4.049037656 -0.623773293 5.797758498 6.312334036 1.534203782 0.880464437 9.134488796 4.013302871 10.942621931 3.207031115 5.689111367 -1.259696920 7.409542473 6.887102892 7.581137844 11.125272142 -1.555350362 6.582053877 4.226896821
-4.509388744 -16.771087261 -22.305271992 0.240137689 -0.760556080 -0.540769925 0.267312976 5.156202044 2.790264619 7.034203040 -0.148817702 9.434923507 0.589004973 -1.515383134 1.295498724 3.114154112 -1.689117621 3.485756846 4.739923096 -1.028322861 4.071566259 4.386846072 6.112821839 -0.743851561 -1.761942516 6.441027668 8.072739909
-11.224805343 -5.006812254 -16.743853768 -0.438291573 0.476939372 0.759012669 0.065795907 7.245985733 1.822193221 5.958410230 4.526221008 9.240577792 -0.108328184 6.855604211 7.775367933 8.659402443 5.322590352 12.443486792 1.092185659 6.451528719 -0.642227093 4.093516150 0.097113186 6.063678508 1.266551091 6.431016659 -3.912460458
-5.067561814 -0.427567618 -15.241171187 -0.150258930 0.762111161 0.223438826 0.588798713 6.607416290 4.859610697 9.415799707 -1.738760573 0.683773996 3.923056470 10.124142521 -3.456830625 12.725734515 0.758408102 5.467963015 4.176919575 0.042161972 3.559563368 3.291339372 1.116550870 0.733029506 1.813078084 3.401262065 5.664773528
-0.505971732 -11.687095527 -17.506165348 0.059051768 0.757259021 0.534248904 0.371011822 3.768244559 10.999126925 9.154765713 8.065471455 8.014022041 1.058938859 4.203818336 3.041848638 0.615143897 0.369844992 1.082425959 1.290933982 7.883568516 2.182927405 7.278309856 -0.248369980 1.525464908 2.917356883 4.960848020 5.602982542
-11.790840869 -10.316530399 -16.267418753 -0.300371609 -0.161561775 -0.139016054 0.929703838 -1.964320999 2.834028162 -0.478085101 9.042252580 2.353331022 -0.097566579 9.348435684 5.138120101 -1.984483079 6.125259659 7.547403951 4.389571963 0.537921768 8.727327979 0.227061001 -0.726398760 -0.388386104 4.025885356 4.352412715 3.547445425
-3.923631254 -10.670127055 -20.248009652 0.509956532 -0.158573153 0.211902878 0.818471784 -0.412431458 2.379720975 12.725035156 2.488882408 7.099433494 6.309936258 6.782230110 12.152638720 2.215893965 7.192041701 2.576140390 3.058197307 3.608974817 1.928552767 2.621774715 -1.408084381 7.313123866 5.525176026 4.832027107 -2.058121151
-9.136585065 -5.827003334 -22.163504321 0.796981603 -0.313938685 -0.121638565 -0.501464740 3.455607890 11.767294173 0.146485088 8.615060176 3.476666796 11.360756460 7.841105598 4.852253138 4.615212646 8.392569208 5.400607885 -2.425388124 3.544633003 1.782814871 -0.564604512 5.943369349 -1.932725259 0.674067233 3.637213853 7.722601925
-14.254915307 -5.890918391 -24.581693475 0.026021874 -0.493780151 0.729425010 0.472697768 2.680172598 0.565186739 5.231081819 2.782717420 2.559412283 8.048583185 -0.135994487 5.539408946 1.786125567 3.597176826 4.922483253 2.909103522 5.226253704 4.587665282 1.410864306 2.852601906 3.482850343 4.937581294 5.152883640 8.124363181
0.053644344 -5.830392983 -15.601123901 0.286462125 0.224754233 0.406971608 0.837734502 4.510563768 -2.531537318 7.094767751 0.132938207 3.694254025 6.699709881 0.204223106 5.017079396 5.890473914 4.549748891 2.530618534 4.974606817 5.051958507 4.879964552 5.687921046 9.619866834 7.906203765 -1.974151165 9.538832051 -3.279782075
-6.870325956 -15.518229998 -24.642745509 0.156373364 0.184453071 0.926857966 0.287156311 4.348595821 6.077015017 4.724886242 5.790956416 4.870876598 10.500658678 2.291821872 3.005654496 3.121934987 5.622937826 5.419350691 9.044289525 1.769663888 0.227006177 11.852062214 4.741765995 4.354757275 0.800850695 0.180208877 5.618798038
-13.228066499 -14.019466023 -19.694715961 -0.122949925 0.342852449 0.917088207 -0.162125676 1.898299338 2.740185143 3.201316403 1.672317713 1.616568927 4.803523468 4.538310876 2.990067824 4.366524481 5.291771100 6.081566612 7.562353041 8.415122003 3.416183865 4.008005886 0.153625137 5.330509107 3.015938580 1.372370846 1.885891151
-1.111468492 -13.227283495 -14.635532471 -0.376339936 -0.872810630 -0.203114227 0.235190278 3.464085747 5.432031849 6.643218326 5.860509126 8.155221090 6.510584403 1.912340695 9.024371685 5.232658968 -0.868853360 1.235549867 10.410184672 4.991488763 1.651221085 -0.787548709 4.316858053 4.414898760 6.319989143 4.772530991 1.365430194
-5.375321585 -5.387574236 -18.705519223 0.465535387 0.471305725 -0.024166803 -0.748708009 4.087035044 10.661829829 3.732164362 2.427158767 4.304608272 6.811208891 4.085729497 1.673186199 0.822265491 10.760597534 -1.568351144 6.662392459 -0.415178153 1.585829754 7.904701130 -2.804908219 10.399102931 2.467075738 0.680231765 6.649270807
-1.708689564 -13.329203626 -19.342953118 -0.273679347 -0.892010280 0.008461043 0.359646612 2.851316877 0.587646405 1.452176171 6.894365048 -0.706000132 3.224586414 0.836415228 6.022243058 2.087117560 1.814218518 3.030858658 4.384776838 1.761551592 4.492282032 3.217785943 -1.436541218 6.461824924 2.602284086 2.622149945 3.763377884
-4.487485865 -9.960539402 -23.068848088 0.705127397 0.421738611 -0.088674693 -0.563088534 2.087625025 4.417840632 4.501690906 7.139964825 4.413712214 3.110861556 0.708719745 3.744796477 0.017509084 -4.739178372 2.616339925 9.829122869 2.884977962 5.761768504 3.186253681 1.980285132 5.575524327 7.461178889 1.375425057 -0.105063225
-3.185214654 -5.670168228 -15.824521999 -0.028557554 0.138842814 -0.400219948 0.905390044 3.022865679 2.701385348 1.560603281 3.116020006 9.570247935 6.722640497 5.211405196 3.271146836 5.473005245 6.288673766 0.038083290 1.086625764 1.009615473 6.138285710 5.935962785 4.433187369 3.752698429 2.887651055 2.418723416 0.155036449
-11.654331176 -1.609234681 -23.588390500 -0.559215150 0.825075047 0.014859739 -0.079427774 3.456802328 6.147637787 5.686124807 3.316541061 2.610161997 -0.277837414 8.869433732 0.842376532 1.515637022 4.460613978 7.888712963 4.986958290 1.200564458 4.525228017 3.022100445 1.984176626 -1.551217151 6.033174347 4.241837496 -0.100275189
-8.053256545 -11.989308298 -25.910794359 0.023320465 -0.620012206 -0.766619914 0.165332777 2.874833873 4.985401124 3.721944901 5.420180263 7.857689543 -0.054593709 2.789029678 -1.172810276 5.492902344 -0.895186454 0.912049294 3.584238357 5.006910256 7.393432117 3.441175649 6.520412287 10.157912370 -1.790551889 4.486328724 0.345326881
-8.614636327 -0.865541675 -23.775368653 -0.296818209 0.604130081 0.699130749 0.241126505 1.587201962 4.474823609 11.491541755 5.748653054 11.741612520 4.962702356 -0.766314533 5.279329272 5.481897457 1.510453327 1.359441942 6.769044448 3.035094449 2.116635735 3.550336910 10.270474943 3.887733873 6.138744001 8.353252122 0.818471154
-7.664560824 -1.025539393 -23.365168198 -0.166428956 0.936051970 0.278292432 0.136606858 3.671266564 -0.515870743 4.099534727 -1.158763312 3.482338496 9.816939508 3.767167483 4.852137217 4.162055821 -0.795041945 4.710272034 7.144767978 7.707664627 3.870763133 0.864238868 -0.092284665 -1.325546336 2.844011126 3.806286584 -0.582720412
2.632006196 -9.406007907 -22.739287006 -0.213633503 -0.596446927 0.218471495 -0.742214251 2.696556028 2.235456153 6.076471441 -5.432432484 5.459088434 3.483674303 4.115695888 4.044830758 2.157383772 6.499593363 2.941822174 -0.829844412 1.669230727 3.495721829 3.603309260 7.873320455 6.436214481 0.966475390 12.705330481 6.280501050
-5.270700951 -1.181973000 -17.084594715 0.833197175 -0.346524376 -0.115183933 0.415254123 3.157828025 2.143598504 1.242396175 3.890636238 2.226759299 5.594997201 5.970132956 2.017658590 5.106804765 5.165281382 4.925206384 -4.112639565 3.228056087 2.110735313 4.843175096 3.481766446 12.967808159 8.216953709 6.182719527 10.097082840
-5.538319980 -5.614019147 -20.181607569 0.871722254 -0.202191328 -0.371087062 -0.248018892 7.745613432 -0.129995607 3.482178364 1.480569178 9.487894415 2.966860425 1.763475254 3.000781585 4.177990678 8.525726272 2.922835092 5.148357696 8.500175561 5.148344371 3.943800167 5.244688251 3.037713868 6.521966387 5.109961393 1.150145230
-8.544357891 -17.062587259 -16.805797528 0.040967758 0.204361431 -0.643334900 -0.736666990 2.989003180 9.242344451 5.099073208 4.282933371 1.753116068 2.897622223 7.035622689 5.441325414 7.138320554 1.956945439 6.425818135 6.238940854 2.936895635 0.504280281 -0.154029710 4.234619136 6.075788299 10.395009016 5.407887561 6.057563643
-12.355142443 -6.062569010 -17.151627780 -0.414319120 0.197325258 -0.886709793 -0.056108391 1.456181756 3.338676841 5.056666330 4.325183808 3.670136561 -3.296230851 1.540983780 1.297794475 2.528820247 4.696601298 4.314505932 4.854321047 3.722682248 -3.800748750 8.539759051 5.633160499 1.770098714 4.960981100 0.944504979 2.080554536
-10.566912792 -6.874489954 -14.749327890 -0.417203416 0.120120009 0.854398198 0.285510440 4.522889407 3.767964452 0.594858152 3.230704063 6.151077159 2.303729052 5.776348762 2.509549778 -1.283544343 6.750609586 1.600930696 8.496507162 5.733275602 0.771589021 6.656130762 5.656700695 6.218389043 4.284533761 4.136624331 3.033215015
0.462421294 -7.576421586 -25.580653936 -0.166560990 -0.574839882 0.731405316 0.326898779 8.570915334 6.662163282 4.392068741 6.030879525 9.120975837 2.057617707 0.356266918 2.403519760 3.413450349 1.449308085 3.139872477 0.860064688 2.557416994 3.983520788 0.198504164 2.630265849 2.344010959 3.889076540 0.764117447 4.688864171
-9.049094720 -7.166043437 -24.994351766 -0.764989374 -0.100449862 0.632788484 -0.065420306 5.728119483 -1.204377119 3.434708105 3.068768855 2.242914727 3.466494184 2.817613824 4.254282040 5.635803400 4.366172191 1.641328981 9.758561848 4.547003565 1.334344128 2.750179702 8.530223304 0.871038306 4.704435205 5.632405168 5.613375823
-10.574888025 -12.057868549 -16.003275304 -0.141009245 0.749001388 -0.164300667 -0.626193743 -4.552849692 6.769991751 -0.790631170 2.536590095 1.977914356 3.327864793 2.746474631 5.222840941 3.017295848 8.983701091 7.763620316 -0.943401054 1.868382059 6.070746738 2.092440788 2.746351477 4.000311502 1.155418823 2.260238689 5.088268708
-5.638430744 -0.305817108 -24.305248890 0.400653160 -0.631267347 0.640090115 0.176814104 5.567525899 3.752420013 2.827283731 1.625401721 6.911112344 -1.360266490 2.395945528 2.188355404 4.777946534 -1.025013157 8.566657474 2.948000139 4.187633111 6.361366208 0.472274718 2.750401190 0.259205715 5.189911339 4.804333804 6.540315034
-6.844930106 -0.568867594 -21.550896801 0.264282080 0.609014447 0.739292151 0.112709811 3.407722784 8.456199266 7.416618427 7.753588114 9.026212328 7.602231159 2.905172756 1.896290358 6.441411477 0.654258724 7.627970382 7.074774748 9.229380779 -2.073298226 10.189699848 3.839961690 5.328761666 6.941777743 5.194247113 6.632388480
-9.110631762 -13.948839514 -25.069468710 0.330489042 0.936780774 0.048974446 -0.104020565 5.656383272 3.820464973 0.281134938 3.580696239 -5.377439936 4.916885309 6.629240816 6.006889467 2.687086180 3.521395575 1.469643684 4.821952349 3.405098530 1.969758961 3.667991510 2.261600960 5.898282760 3.997553844 3.651645537 7.300093803
-8.294760548 -9.893253655 -19.317594801 -0.542958163 -0.397480588 0.349955762 -0.651718176 4.315367168 4.941861700 1.901536133 0.928749231 2.862101662 5.949423189 4.148378765 4.829896789 8.093654776 -1.421094077 4.209579396 11.572213463 3.306055448 1.771356385 1.843160816 2.584931958 8.831379741 0.227856001 5.544524865 -1.394107099
-3.048879798 -6.590986523 -23.038663505 0.530267167 -0.003960034 -0.277601021 -0.801085965 1.512043433 6.136132440 0.928459399 1.723123829 4.615864175 -1.295993516 2.516036824 2.073382585 4.323885331 -3.420470466 4.179630075 4.589750941 4.248915550 4.124016115 4.518551807 7.042137368 1.892684777 4.351541230 3.974542008 2.663281025
-2.890415778 -13.653311854 -19.376626783 0.150905697 -0.042847243 -0.919046823 -0.361586118 6.038560912 3.667277994 6.477625209 -1.785912566 9.239259223 1.295164961 2.568942619 5.459875104 1.761904640 3.124906908 2.856449971 2.622029587 -0.931266069 9.247035338 1.202491838 6.679523689 0.620934446 4.723416519 6.190384092 -0.697917879
-0.929581163 -4.263754138 -26.469797913 0.485280471 -0.145468745 0.828398661 -0.238950553 5.671137730 0.263809165 1.474171155 1.265245472 0.677141095 0.987576117 6.037113545 1.339732787 5.643183936 4.182710503 3.647941146 4.409951672 4.913009597 1.617395639 8.875290977 2.280305249 1.173617022 4.491613417 7.118020407 1.117842675
-7.777934866 -11.131448707 -19.164336296 0.865207917 -0.049540046 -0.457677934 -0.198725825 3.950883525 -5.965061811 -0.036793395 5.305669595 8.039513856 9.576023752 8.761570866 -1.847554060 4.837179324 5.125599501 6.689487604 6.024669628 8.450329099 4.543112894 6.431577507 0.034603389 5.198417418 5.373884538 4.496994730 0.742002991
-7.965503931 -6.770543312 -14.358566205 -0.382660458 0.303407436 0.062313753 -0.870420529 4.206912756 6.172037137 1.405925325 2.921016221 2.869871699 2.183793532 3.776946761 5.769410323 6.145675189 7.523380284 7.859116041 10.033059718 0.097321718 7.749195998 8.065069714 2.382950741 4.000856024 4.083003040 5.337936853 3.861627052
-4.812660371 -10.018727994 -25.650788504 -0.941830310 0.253580383 0.201994615 -0.088604920 2.496463839 9.021341463 3.090031109 1.198064291 6.758056920 5.146818670 8.842709551 5.686015319 -1.220566796 3.948540902 4.077789678 2.476422202 4.764720158 5.481117422 4.010073402 0.144284882 3.465053944 4.501356301 3.855518393 7.011606168
-6.864772298 -9.298180665 -28.150489681 -0.207027505 0.414986301 -0.671670059 0.577741563 5.315003507 -0.403329245 3.721255762 1.154069737 3.344146673 6.763499032 6.156189177 6.790954605 3.896458537 3.866988688 3.324698885 5.721939968 4.541279932 9.418395005 2.432838190 1.354449188 4.433532184 2.646071563 -3.499483745 3.221678572
-1.676623247 -14.207419479 -15.910173005 0.395306594 0.178788437 -0.558462612 0.707026805 6.691699105 -1.278487607 1.384080382 6.574811887 8.217083746 4.922370256 5.484145870 8.071993704 3.137692037 5.259658754 6.027818720 5.650271377 3.717058889 -0.454256178 4.544265927 3.739618050 -0.475502758 4.382883149 4.469749169 6.493136660
-0.026150971 -10.924432376 -27.013982062 -0.032289575 -0.910869977 -0.279376901 0.302029496 -2.628221610 2.540355932 5.112750821 5.906942677 -3.185304840 7.644109941 -0.388224032 4.732712915 6.775542598 1.525362261 5.061996187 6.019751832 0.795091653 4.038532363 1.659912466 8.274756011 -1.086767069 7.582018311 5.169850206 4.384457703
-6.198020799 -9.352439395 -19.431950541 0.249381720 -0.931982121 0.245001555 -0.095876594 5.476324476 2.412290754 1.037449845 3.846766487 5.343772293 5.218266661 6.709722570 3.231900948 1.828250043 2.516998441 3.781014964 8.390884059 5.449073253 1.744172497 4.307099100 -0.144155242 6.949573850 1.433534921 6.478817898 5.290383810
-1.703936300 -6.265460811 -16.717198990 -0.351745664 -0.043477344 -0.070200098 0.932446596 7.060075059 3.802965303 8.213821229 4.467744266 6.969448472 0.897652267 8.903159741 4.095276723 1.435002134 -0.181553611 6.069026121 0.963235680 5.849554255 3.317149424 6.616318983 3.727556069 8.899678538 4.490174764 1.718858059 3.354782836
-7.079063802 -17.968386833 -19.780152778 -0.525428968 0.771360172 0.040795479 0.356740261 4.943733078 0.650801635 0.918925569 3.727830780 0.186600721 2.284642457 5.593378446 2.640451037 3.342011994 2.576462644 4.363298146 4.494681512 6.071418170 2.489515818 4.201824150 -0.360593162 -0.704726645 3.177281665 7.691020344 4.818049279
-0.488502234 -6.599111519 -13.769992639 0.582138639 -0.120007222 -0.580116940 0.556935550 5.913750548 5.278190649 0.036023935 5.771692967 1.559869406 7.254017007 6.580194472 4.043543325 6.650190976 7.556408808 10.393672772 10.887601083 4.051623351 4.800957913 3.383363804 6.142152944 5.720681252 2.022525396 -1.281739401 9.413640051
-2.394173636 -13.526285044 -24.298102945 -0.644775035 -0.191520959 0.342624885 -0.655891047 3.775559276 0.848816054 3.990585809 4.274145286 4.829890954 9.410269345 5.902724758 6.274276392 7.521594313 2.238049203 9.063849919 5.928261493 5.573935133 4.725505373 2.914825467 4.724876296 5.467344421 2.325543703 0.418030076 2.872314992
-2.316155124 -4.394895360 -14.826102237 0.255850461 0.797076001 0.535447868 -0.111830100 5.049708233 4.107846188 3.905773416 4.030197434 2.698615305 3.308761577 1.743391615 2.239261095 4.897721372 3.191996720 1.933380962 1.778890396 4.381444501 8.279550472 -0.851062908 7.660327983 6.035350079 2.010569474 3.813601066 6.962852622
-4.812460637 -7.609236532 -15.143194241 -0.037585862 0.831105534 -0.190651808 -0.521059288 2.045819990 3.106135205 3.879742779 3.254867675 3.577899980 6.064421776 3.883614655 4.320531238 6.830126887 5.393035264 4.760868784 2.877665675 2.871063142 6.789038901 4.461480409 0.985382368 5.731645346 6.007873251 1.358072229 7.309794757
-6.493778584 -10.325232542 -28.412890465 -0.824659699 -0.533869318 0.095259776 0.160765377 6.119663067 2.452451848 4.530818313 4.703294713 2.036169312 0.019850496 6.659646139 2.477205377 2.750833135 5.875687649 1.892051011 3.206228931 3.794850109 2.428160292 -4.413179440 2.942541769 5.051144838 2.860244632 2.904352069 9.569269569
-2.767695564 -5.849189888 -14.467973447 0.756908057 0.645018978 0.103592662 -0.017586119 4.328905509 -0.223012123 4.048646854 -1.746052513 10.029168492 4.384616828 2.339674861 0.940250608 3.198492511 7.041205695 5.136558511 5.223135203 8.814978834 4.644199910 4.158790428 3.129129151 4.937406671 3.895646729 3.441182848 4.003469998
-0.779191303 -14.596394268 -24.097120232 -0.117196115 -0.546063459 0.814861270 -0.155180152 -2.448553454 9.722621715 7.250965802 2.116657863 6.032504913 3.969012190 3.038383855 2.186228169 7.938692075 3.841103015 4.687273394 2.641340660 6.863196251 6.692734114 1.245373804 2.276137166 5.958387465 8.883628735 0.395227831 -1.344776758
-1.915062954 -3.122462464 -14.425298910 -0.449286401 0.130823902 -0.393312544 0.791411447 5.649998414 -1.142655080 -1.744721706 -3.181506641 9.116410356 4.225667624 9.432096014 3.913919952 5.530077536 3.915414265 4.407791264 7.272904492 0.459891342 1.104543563 0.591084931 5.096864790 3.486769966 3.324207178 6.734897491 5.162855303
-0.264087941 -14.469143894 -20.144214968 -0.050283227 0.263277171 0.783982692 -0.559935592 4.299755850 -1.343572202 5.182535582 0.863602101 3.746887514 3.879795160 4.119941532 2.331786903 -0.542533317 8.360111693 2.904101367 -1.659087530 7.838448440 4.748700936 3.924223184 4.707132247 1.109588758 3.648355935 8.029917670 -1.196823160
-8.621658659 -9.211794597 -26.576421129 0.227461548 -0.823740674 0.480987261 -0.195866796 5.814036057 4.181101386 5.571973876 6.959694121 1.506007200 1.970171573 0.375699630 3.597707960 0.262525319 2.091269548 1.934652763 10.189667272 4.259980041 1.594593798 2.882900868 2.722247543 9.204089775 7.066170211 3.148622250 3.274780804
-9.058771564 -13.289167885 -25.926231393 0.039860323 0.769783393 0.512107313 0.378933744 4.892521340 4.469338670 3.767473008 7.903286477 7.425767605 4.120493066 6.486459079 5.247459070 1.013175291 8.190556861 5.464382276 2.212655226 4.448314235 3.504220143 4.564709760 4.093892552 0.734725787 -1.969979530 8.387879484 2.221863042
0.788849308 -10.291938899 -22.973691495 0.223749088 -0.074525313 -0.882411579 0.407102111 -0.339793291 11.284046207 2.731462691 -1.051337894 3.113497825 5.469661019 7.195455208 4.541921923 0.118967139 4.449810622 7.360793257 1.410221110 6.608190933 2.831666642 -0.367814277 5.319695114 6.496042155 3.976683574 9.136418857 9.442501766
-5.096961428 -5.939625464 -25.317939150 0.499913117 0.575047257 -0.471457446 0.443999329 5.667510619 0.736845891 5.372477878 2.445528631 4.694457810 7.436902476 4.552079042 0.870266693 6.277995564 6.140041376 -2.436599320 -0.339021870 3.542841646 10.949882580 7.863648430 2.221786720 2.869808567 7.353090128 4.557946062 -1.957063548
-0.919341211 -9.041778546 -11.652440299 -0.640957619 -0.499507888 0.540590081 0.217778706 3.775908938 -5.327353432 6.419899636 1.193002853 0.193503946 5.754076650 4.684895518 2.348127296 4.089899804 7.597540202 7.209826568 7.254748219 4.089884801 7.721212844 3.114345768 10.340523836 7.321530722 6.058910539 4.072288050 1.846693750
-13.751774149 -5.876833083 -24.049132314 -0.240527139 0.008708612 0.931717305 -0.271981100 -2.668859953 4.557592512 -1.782482443 5.195411723 3.970518781 9.265653553 5.193367964 -0.500379441 4.124818806 5.249860609 5.588480318 0.626247892 7.610846760 9.656131460 -3.019931199 7.266920268 2.950370254 4.364180196 4.180628672 3.828067758
-11.964410077 -15.746163769 -19.523422292 0.419097431 0.260506311 -0.848492333 -0.191192485 8.140314889 1.501227117 -1.811901309 3.457074930 3.698168784 2.379210724 -1.364250500 2.223419641 1.496357878 3.230848693 2.704768548 3.369151686 2.950215214 1.514955702 7.107011613 1.393824170 4.277625282 3.345070081 8.662355098 8.360109358
-0.960771928 -14.497649317 -16.401783655 0.032295507 0.685071009 0.631023195 -0.362552673 0.891416022 0.883600252 0.319584288 4.215293947 7.299107973 2.761307387 2.287014543 -0.658396160 0.812435438 -1.548802872 7.461474979 5.329460690 9.479147167 6.341133403 6.250159537 6.421846316 -1.345308351 4.942333609 5.024728278 5.712018087
-6.727434374 -11.257120728 -15.519969117 -0.215893878 0.272367801 -0.468399070 -0.812285618 -0.714526153 4.358207060 5.261209943 6.572987474 5.196757962 1.058782772 7.208045723 5.283526033 9.467439987 5.920456571 1.507854077 4.648461348 4.355995602 6.971000845 1.408675632 1.877891462 9.277334105 6.883078313 6.722868818 4.582339873
-4.491204604 -5.097097664 -18.360699785 0.440601589 0.588168869 0.046755954 0.676565963 2.559268798 2.177351854 3.330690506 7.699170330 7.658117347 5.891076045 -0.441474163 2.788889125 3.937092224 4.495181370 3.301952580 8.546410140 9.809810494 1.159475607 2.249263614 4.478446026 5.829317486 2.242322504 4.259406738 7.309476513
-1.193672870 -2.614136613 -19.850940525 -0.125354005 0.319410513 -0.859465381 0.378922891 5.330046178 2.223733040 6.558718420 6.641744055 1.068507937 4.399326934 3.992717162 3.161979274 4.529626121 7.464970996 5.755048279 4.760028085 3.310052609 6.334586359 5.071274185 3.353817048 4.038469466 6.600271319 2.888602240 6.600169879
-11.702784523 -1.981700174 -18.019153864 0.291327484 0.926481295 0.178897051 -0.157342151 4.105551486 4.634654627 1.888973657 5.144129564 7.293422123 -2.879595033 -1.407263196 4.630715195 8.650007341 8.035943660 2.511376903 9.779249113 2.270596708 3.245784995 3.770647426 3.649126928 3.057636948 6.555787096 4.272020928 5.548147980
-9.104246761 -8.429033803 -15.977085933 0.938822199 -0.148029838 0.243978129 0.192807467 5.386863955 3.380268009 4.113685544 4.701998971 1.916321187 2.088516775 4.671747100 4.597747502 3.657545795 5.261739347 2.761448383 6.673603109 2.212502334 1.874665026 2.860173921 4.710456857 0.475119879 3.231267346 9.344124224 2.738610583
-3.899124999 -12.436517905 -22.501708314 -0.242404560 0.557030248 0.695861136 -0.383059539 5.461194484 9.373937763 3.490589838 -3.816285927 3.347602429 -1.209097436 -1.208799729 7.503444818 1.951694404 6.385909668 7.263701693 0.701539450 -0.393812645 -1.534375439 4.143437024 -3.603348307 2.623339437 5.852270465 2.990926082 4.882939551
-4.187777072 -3.821945473 -19.225379067 -0.220827654 0.103515154 0.931006380 0.271563770 2.599199810 1.172491444 5.863243123 -1.111963078 3.856890659 1.034259549 4.471507991 2.831078284 6.665245720 7.903726840 1.777134798 0.888325046 0.237584289 4.227364561 4.744464896 6.025972794 -1.384823428 2.733992477 3.520558958 4.990671974
0.421788847 -6.460707875 -23.565028482 -0.314232919 -0.893412750 -0.145038888 0.286417619 0.750595918 -0.394972660 6.103966833 0.352674186 5.032348842 7.432624229 -2.467535485 1.775438695 7.572067323 5.083614387 7.343549642 8.002389754 4.933590469 2.241560843 -0.242035456 2.362682027 2.803845500 3.215395020 3.540611655 2.423130836
-1.615409108 -11.558760701 -20.635922058 -0.599847557 -0.271784790 -0.233697923 -0.715332941 10.430048813 8.379808617 5.153067602 3.106148629 1.147721738 5.558000329 5.809746594 4.142651231 1.048250788 6.941595936 2.949333831 2.828973466 4.079804649 7.946508232 1.913734255 -0.248779815 0.904931210 1.326262223 9.878231975 2.995290373
2.281886155 -5.629492639 -16.714918894 -0.587214764 0.732145556 -0.206465894 0.276610811 -0.474506503 0.113721384 2.950181619 4.402319555 0.634079543 0.519277435 4.240974533 1.632647834 7.774602958 0.709323970 3.411944717 -4.066969609 1.564877174 8.560182522 1.771992802 1.843633442 1.871172884 0.538092295 5.066699245 6.635058547
-6.327780765 -8.597976627 -13.258101442 0.028557762 -0.625074843 0.098129893 -0.773845217 -0.010362991 6.504979523 3.503364603 5.540380833 7.941137235 -1.522322363 2.655984629 5.307443010 9.581990826 5.080303299 -0.366254380 3.345333606 5.486074079 8.442820524 0.929809447 6.641359895 0.202907086 2.796453467 6.216728931 3.960032651
-13.456117208 -11.360268462 -25.003861597 -0.765769888 -0.614459593 -0.163807176 -0.095932771 1.811419563 6.335651720 -1.492909495 2.515173044 -0.628307147 5.137836181 3.169935036 -0.781668666 4.677732337 1.311658500 2.129221315 3.907513053 7.894035528 1.506413126 4.151486019 4.613442331 1.920067690 3.521138166 2.879408084 4.339524889
-2.693430882 -12.596479521 -21.711700049 -0.680616548 -0.374538729 0.003365071 0.629659060 6.835618478 7.653125044 5.155885828 5.745790673 0.778749123 4.766672715 9.484648799 4.938019238 8.182623785 5.154304034 5.767089996 2.689233882 0.467126387 8.246999512 -6.216143769 8.546976748 7.368616674 5.032318514 5.793050586 2.933062582
-0.995265984 -15.665887017 -17.170937936 0.583233924 0.230519680 -0.089643599 0.773733088 4.129253946 11.358570781 -0.289332806 3.245324717 4.528470534 4.154950560 4.874843959 6.095872458 2.966210981 6.039860536 3.111321623 3.005231680 3.792315119 -1.247661271 5.485670109 6.266971834 4.916744684 0.142814455 5.414658325 3.558500048
-9.624124059 -8.161554641 -18.710460906 -0.194763432 -0.429939474 0.792597932 0.386015249 0.241174499 6.782357600 2.077648449 5.953165525 0.531989721 6.899887924 4.894689662 3.694064674 4.252359452 5.592172761 3.444102814 8.158400060 1.841997140 6.860403870 8.447366049 4.468867033 1.768189957 3.876344573 5.347990641 6.256547591
-1.352531491 -8.451092025 -18.944156361 0.178642419 0.321120002 -0.923882088 0.106820960 8.930638492 6.988886185 3.535165544 -3.262415016 2.102828626 1.652010371 3.172557385 4.677959608 5.411127504 7.200005546 -0.611096733 8.288205613 4.854072402 2.557136696 5.361417554 5.778222983 7.647235716 9.209843319 -1.609334814 5.627676271
-7.234976563 -3.017532263 -17.985127176 0.590709089 -0.317317053 0.083170598 0.737194216 1.580667717 3.483643003 1.262290995 7.212687843 4.720715452 8.485713736 -1.888951711 10.016205688 -2.746319890 4.493506920 -0.220165254 0.364319936 2.467022870 9.357541737 1.154426881 5.267278532 5.398607527 8.664650362 3.525420586 7.808508078
-10.351172003 -6.826873464 -27.888584329 -0.064493132 -0.831576306 -0.279206380 -0.475778605 5.799407133 5.741654643 7.000029705 2.453409729 2.719822018 4.703886317 5.516886108 6.439045854 6.078670846 6.835488531 3.000109107 3.186914756 6.678145978 0.708389864 8.291845731 2.941078968 10.268171378 6.680980425 8.282440037 3.499219109
-4.850892451 -15.768886090 -14.878714559 0.744057874 0.218852261 0.580664321 0.247609600 6.907351695 0.274857743 0.817867894 -0.057663769 4.110462023 9.162716595 1.207073368 5.349397574 4.379221052 8.267872388 6.630961485 3.823030444 5.171604620 -2.488862175 5.145858718 5.572473555 5.054354964 2.561483100 7.561442192 5.999757588
-3.892825178 -4.290526344 -21.921785988 -0.098099534 -0.846544697 -0.057623461 0.520017398 1.220881095 5.290641529 2.734686516 2.097052237 4.197006463 0.171397776 6.836414782 1.314013306 0.715080649 3.592253551 7.546249498 7.426435577 4.130881171 -1.727374034 3.291082752 0.829704198 2.255991098 0.966418137 10.044727111 1.411087455
-8.042895179 -4.657690095 -24.538177085 -0.122878301 0.122006093 0.673865664 0.718276063 5.444418160 1.112401058 4.740410455 2.440187734 4.142581769 2.472650270 4.856403519 3.048689874 -0.248945689 3.726850923 3.804467627 8.612490923 8.981143680 4.513727597 4.071427875 -0.184012142 7.235199165 -0.035388677 2.245080585 2.670338000
-11.746358945 -4.842731560 -19.395333444 -0.658881507 0.303913192 0.442078979 0.527331118 6.311236251 11.444666703 11.142808984 -1.045579807 2.432744724 6.009003900 5.405853438 2.947575552 0.754650710 3.688103671 7.094790320 6.087782331 1.599360113 5.733315115 5.101605997 4.240189864 7.086876803 0.249530590 2.170301264 1.102922892
-5.562796553 -13.557291437 -23.240746647 0.244853891 -0.560295499 -0.312477820 0.726961580 8.714721621 0.542973928 2.252383363 5.611919908 2.226433248 3.900816244 -0.046972260 4.632265574 0.121042519 7.139634022 8.079725698 5.393288461 6.703761866 1.894422930 1.274736483 1.029184832 6.906592513 5.427296997 8.540758903 5.983131941
-10.182805114 -13.240461895 -22.919550887 0.715932213 -0.030583822 0.610816848 0.336761748 6.370494198 1.209872282 -1.072426034 7.030326289 3.980218628 0.279603465 0.294223725 5.085539277 3.755340886 8.951449692 1.131801990 3.974576364 5.114536254 6.131505241 7.328725105 7.990195916 8.402238315 0.019040560 -0.644193367 4.935597461
-3.684086700 -9.977746650 -21.092386237 -0.066554082 -0.609957014 -0.097466201 -0.783596411 1.246531758 1.594584728 3.791993416 2.216389001 6.467480938 4.331291108 2.657498708 1.436147679 8.408613919 5.088517770 3.614365042 6.954059997 6.857876474 2.771319170 8.347639269 5.840901933 1.716499066 0.783911932 8.940818672 -1.019232997
-4.710802344 -0.618478725 -25.386086953 0.786259846 0.304396142 0.240775707 0.480796737 0.817775519 2.523119848 7.170104463 8.284769498 -0.365378814 10.535032391 6.319462582 3.062510801 6.261313159 3.350858462 4.270960156 9.095739166 7.286199364 5.651229616 6.374032455 1.527522624 3.957036501 3.682990038 5.694800634 1.165980275
-9.327860431 -15.428587437 -23.427571773 -0.162295222 0.551262123 -0.798467978 0.179497133 3.371961968 5.974202364 2.068585513 1.594718820 4.221821342 4.033296032 4.611420755 7.841882960 1.937991108 0.321093064 3.643612967 2.974980763 9.533838803 5.372214978 -2.239606971 3.678665433 5.671609951 8.441186766 0.139242171 2.768544682
-3.070777784 -2.544829124 -26.203021252 -0.261874351 0.120886976 -0.187980543 0.938867125 4.575765466 4.496013721 5.329931676 4.474935086 0.476903850 8.639030688 3.371647311 9.194957801 1.465643903 2.456461062 2.475823905 1.015624627 4.420699334 0.234505525 3.435526170 -2.211583175 4.763281635 1.790713834 -1.094020705 -1.211016391
-5.217641202 -5.799592118 -15.758361202 -0.337242283 -0.013751763 -0.493653839 0.801488876 6.951135917 0.113207644 2.387971320 5.857827606 -0.088625218 3.200201501 -4.469230738 7.232770220 9.373620351 6.115426244 2.132864435 4.677804550 1.739281952 2.126558415 1.292796707 7.435070762 5.994302480 7.833758696 1.960779694 9.539478018
1.154049623 -10.735052686 -24.102087913 0.050734801 0.412587344 0.757300979 -0.503679353 4.394348340 1.433515138 4.576227239 5.737347138 4.618442319 5.657315385 0.713285177 6.878828981 2.896719432 6.551534869 4.022808027 6.033827857 9.678203198 4.277617544 -0.905447947 1.340460324 3.313554454 2.551431628 2.279191188 8.728920291
-1.484640463 -1.336151891 -15.073602726 0.098259287 0.246785118 -0.399646368 0.877339728 8.784808352 14.905405127 0.397304251 2.367300911 8.246424914 5.621998388 6.535630274 -0.097258362 -0.564915528 3.252547962 3.341830149 3.510634785 2.545353867 5.848823865 6.528757931 2.321609098 4.554345194 3.735964184 1.445738175 2.527076307
-4.242245932 -9.848226477 -10.632395271 -0.927991533 -0.277121770 -0.248764250 0.012312065 2.571643422 8.349706449 3.915292752 -2.886772582 5.417655001 9.155571134 -0.014577110 6.247515792 3.251976167 5.204551826 3.263577693 6.666030689 6.509693021 7.017980863 4.993821236 7.293336740 7.448957173 6.706454118 2.567528764 6.725921998
-5.447256565 -2.727030768 -17.660154256 0.309153681 0.432073033 -0.417352779 0.737260845 3.834754827 3.167792321 3.382615100 3.127010522 6.032075222 4.201679481 5.662770347 2.828836768 3.009421514 3.729071073 8.883574286 1.595772803 4.442046825 4.455318237 -0.640990139 -1.587990625 4.908223279 3.363639552 3.724871641 6.419909417
-10.178408388 -7.946629679 -16.701388633 -0.638486330 -0.672061407 -0.229679529 0.296506299 5.972610007 3.001310683 2.616909869 -0.756222570 0.745663754 4.608571715 3.721044429 8.024417650 6.129642955 3.687179252 9.235463776 5.811308094 5.588595309 4.485583239 4.739750650 5.231485623 5.184124019 5.137219985 1.640004351 2.148941509
-2.301807141 -10.661848180 -19.154420969 -0.573061150 -0.261015241 -0.653548760 0.419935686 0.328484497 4.025329984 7.382060972 3.485128290 5.841272763 1.927675696 5.514883022 6.950320999 7.723798324 4.180332444 5.705763799 1.375987332 3.823327476 3.791153863 4.543950877 -0.717556416 3.763814369 2.726957860 2.325212097 5.626078162
-0.391846668 -11.650130289 -21.940824981 0.709113284 -0.598393127 0.365288811 -0.075153846 -1.989887385 6.236861246 3.584049156 2.661163565 10.197145923 4.336793433 5.910930573 11.308543267 5.996324510 0.027358410 -0.741211724 7.171516066 4.671901250 2.841256816 2.220687404 0.119325548 5.331135096 1.832872060 5.295315905 3.656624279
-9.139860011 -8.159441468 -26.186416995 0.572352787 -0.280179226 0.737085393 -0.224982248 4.889524091 4.870435313 4.546571220 3.244592759 6.285713485 3.666733251 4.383545481 5.135659615 2.333932522 1.879778923 4.941163764 10.574933625 6.032764142 -1.852797270 5.239243193 7.326917529 -1.977061615 5.947693986 5.596476133 8.465431420
-11.060969007 -1.363746259 -16.448178053 0.059968574 0.207402240 -0.284051815 -0.934185553 2.405575981 3.469573262 2.689239802 0.631123197 6.237968460 4.212818965 1.397135681 -2.343523725 -1.826525124 5.046897115 -0.383811111 7.326983959 6.540381990 5.523252822 4.638762349 6.180981704 8.854743283 7.712059126 -1.835060041 5.235364634
-0.761699260 -11.307877840 -17.652621435 0.580284565 -0.682421059 -0.248858007 -0.368294739 4.422296243 3.099124397 1.665966388 6.778012029 3.993963476 5.545273243 4.484272237 3.126583826 0.862632795 2.297557159 6.487799612 8.424144495 -1.221374049 4.237568334 10.862703952 11.194613598 10.415806094 7.367042271 9.511982994 5.344696378
-2.292030379 -12.387791833 -22.698615358 -0.918598130 -0.157553706 0.288108098 -0.219881854 1.352301442 4.185023042 7.912978241 8.393200070 -0.904118207 6.486773564 2.687782872 5.374347315 2.256371766 6.743732843 -0.330493066 2.146037213 8.141371362 5.709191379 5.229821581 1.517292310 5.261238852 3.284207493 9.595516155 7.092644188
-0.996661643 -4.392087668 -17.238250513 0.865063916 -0.057273805 0.458076566 -0.196341521 5.741981207 3.585668783 11.332281725 0.398033197 0.327795070 2.073466893 0.856487558 4.414616253 2.143291417 4.080851988 0.665308102 2.788126743 4.836021379 2.878531793 0.585270213 1.020066907 1.455893720 6.313718953 6.249843965 9.285785811
-13.493228716 -11.199741836 -20.194827641 -0.534832266 0.108864069 0.098586297 -0.832096030 6.998010403 1.762465819 4.609034545 0.622505596 4.008203778 -0.763533756 1.888122529 1.704997095 8.607034976 5.675348030 5.213097169 6.045608184 -1.198933709 2.855276798 3.664836944 1.926672389 0.942603977 3.509895129 3.438283801 3.568177691
-13.762707490 -11.067681306 -14.966448233 0.318557012 0.625401749 -0.343838031 0.623834506 0.917642247 4.107467638 -0.239375928 5.659052905 2.301073345 3.598034744 2.857479546 -1.091607139 3.903757651 3.412267385 6.232557469 2.570948185 1.176470070 5.672626396 3.821308305 8.261492548 7.761677301 4.596276305 3.574515175 5.565322003
-0.301513715 -4.535149500 -23.819320497 -0.122853125 -0.860456400 0.226953954 0.439333354 4.942314753 11.119966356 3.430908711 1.875339438 6.530677106 3.594178357 9.932885789 1.588806201 2.313728983 7.070237124 3.747748918 3.398791187 4.438891743 8.154929301 4.252400645 6.525987604 0.997419590 4.600800941 8.331856906 3.745383212
-14.741255772 -7.457966767 -24.579038051 0.505614948 -0.693196044 -0.353122147 0.373011417 5.347514358 -1.727941313 4.773050583 5.341147151 0.316541328 3.339726819 5.293786825 4.319466278 2.685317717 5.612992123 0.397763884 0.237247412 4.408116486 7.367967342 5.532239829 3.212944336 4.790097452 10.492345784 0.231685691 1.024322407
-0.112757431 -7.438241995 -15.696727013 -0.465704380 -0.101004169 -0.623806217 -0.619502536 3.969206447 6.174922993 2.630038233 4.684393586 3.862004113 6.701127255 8.100825874 6.865131775 6.088471968 2.256968503 -0.808462334 4.877250756 4.927585335 6.123863220 5.342045398 3.570468104 5.311672927 7.389885640 0.182230424 7.428126606
