7.185407482 18.309723086 -24.449610534 -0.573553272 0.287546694 0.457447375 -0.615707270 3.623006899 8.019485979 7.715831075 4.485194987 0.591523685 3.986701749 6.853838555 4.266231856 2.848155799 10.354454847 3.365532605 -0.093686983 3.950485812 7.719921248 3.552135104 -2.675845771 2.472640754 3.417507530 5.174410154 0.488489933
6.825437531 14.524568431 -20.264920734 -0.495404288 0.158791384 0.827675934 -0.210505191 1.421728309 2.027381074 8.491237664 1.750057317 6.195637973 3.744206580 1.129522312 2.920333555 8.929463574 2.084494607 8.401250414 7.348151638 5.230008952 2.498568298 2.477890079 6.013773546 1.947652946 3.895399519 7.962112610 2.400693250
6.886324566 11.321883293 -18.007673560 0.285052383 -0.786032689 -0.426909861 -0.344449883 -2.751065433 2.857719428 2.517411620 2.952137292 1.456005323 6.312550034 6.178984901 -0.928373746 9.791498978 4.362530690 1.807959266 9.661474272 1.601790673 4.129508102 5.167560381 -2.344297424 3.132647528 5.631535587 6.662665086 2.873422643
15.992758949 16.304395583 -26.335011993 0.151532922 -0.325238842 -0.767643582 0.531018644 4.522953884 5.429868014 3.767037390 -1.149212678 -0.472136118 1.394427635 1.765140038 3.405789087 1.799604682 1.125590600 6.480837486 8.024249628 1.423044501 1.444638049 1.976311152 8.196859498 5.287090231 -0.253737820 7.945096004 11.960057340
13.321169354 19.373206079 -12.244936848 0.586366067 -0.803506247 -0.091906064 -0.045889236 6.739542919 1.266651125 6.202948984 2.401904266 1.632436788 -3.701447293 4.211965825 3.494561018 2.964577028 2.277948611 0.739408613 2.170340874 5.151730158 6.243760063 3.007938025 0.593742980 3.488043985 8.958875690 3.304723696 6.012234572
10.378637003 24.502885937 -23.119852523 -0.968042855 0.243723666 0.058449031 0.008690052 3.932580379 3.217824730 1.208909373 9.571934946 1.053731699 1.323572761 0.019105333 4.210496425 7.255501666 1.018352052 9.350276326 -0.424633228 3.420212785 3.729448497 0.787781687 2.342189816 12.481502850 5.618848647 -0.314359854 6.404653290
14.408544374 18.845638767 -19.265496993 -0.591199984 -0.722092712 0.046301388 -0.356259562 5.830093343 4.620231465 0.303896222 8.960486396 4.589017594 10.492171814 -1.054477491 0.959689173 7.543579196 5.388331844 3.248414127 2.437527035 -0.277251784 0.060129293 -0.495821059 1.411324570 5.642671324 7.688516358 2.051557779 -0.829582995
5.474268306 22.449221759 -14.647055804 -0.051008418 -0.150828013 0.934278891 0.319017249 1.589309963 -0.970766463 1.239080236 5.313522532 2.164380328 -0.593936746 5.284266037 6.801963372 3.938483823 14.378469689 4.936758682 2.579561512 3.217990990 0.664554719 9.779757311 7.065186400 5.180382519 4.238605023 -3.822858894 3.633101879
12.093854059 20.073057210 -19.334652686 0.111351067 0.015808096 -0.955727056 0.271913291 5.462053609 3.522094765 1.918724936 5.773330399 -2.434534795 -0.430859571 6.077546951 3.064540155 4.352085425 4.392235008 4.786826287 -1.360613439 9.468037688 3.891609475 4.890664350 0.204527165 8.234784799 3.255258208 2.577239185 -0.439333000
12.718864420 17.766912802 -27.356417444 0.075556328 -0.816477876 0.418727702 -0.390284808 2.752462288 2.577278109 2.483772457 -0.155086958 3.343019986 0.111398318 10.864266569 2.081868527 4.667683345 3.947710706 2.566804622 4.272204506 4.768309159 5.511214128 4.124192940 -0.224217931 4.053015931 4.232618274 6.615258771 7.910100394
11.709506851 21.610717215 -14.180602349 -0.189831916 0.744083088 0.474690512 -0.430085014 3.588296837 0.483859234 2.623902865 -3.290169501 2.998796024 6.458676779 5.570974980 8.600857045 2.678169889 2.659461540 -0.050673076 1.864329873 -0.568268286 4.651370932 -2.889066147 -0.906375738 6.842063473 5.426113199 3.993011589 5.287209298
17.226816418 19.515313611 -15.998375631 0.189212097 -0.803083593 0.513216950 -0.236355427 1.680080557 6.718371437 1.778504010 3.343672061 -0.129235071 1.779461362 3.162189822 1.183541797 4.940931786 6.147345459 5.815628828 10.456389807 -2.011275965 3.546530674 4.350870634 1.029352130 -2.388443648 3.843327447 -0.499420626 1.692026125
17.538993046 17.288409642 -16.645417431 -0.081837829 0.761466455 -0.315016610 0.560567518 2.159764187 6.705236060 -0.426197448 1.712793746 6.958514643 8.149920402 3.506891317 0.132606572 4.898744366 0.814754366 6.245506151 5.175010854 2.928805973 2.093399682 2.086182567 2.056420434 7.061640018 0.841858831 0.695880276 7.050214046
4.638251756 11.034792647 -16.134655666 0.706888272 0.342440005 -0.302262507 -0.540075171 -0.863485609 5.234672666 9.269500602 3.609647734 1.118083237 1.800565530 5.890178072 0.811333059 8.508257304 5.079313350 7.070258559 5.783271938 1.292253522 2.940130759 -0.635939814 8.375217697 5.502607437 6.135837679 3.656490638 2.722857959
16.409238799 16.742230538 -12.200633111 -0.516622038 -0.274953326 0.349980157 0.731448035 7.566440751 6.627750747 5.655592745 5.218934723 8.314373553 1.505790058 6.569189967 10.199440360 -0.931861405 9.167972519 8.196587691 3.172866194 7.169310849 1.003114834 4.600493835 2.285962466 1.900591298 4.661200709 4.772848578 4.199116063
14.706722632 10.497971891 -17.714415261 0.838245287 0.268196147 -0.105438179 0.462923811 2.990496102 5.032947320 4.524978422 3.557816699 5.264934145 8.343784719 0.441013430 6.924652984 0.292027540 4.175030459 1.309685818 6.464456992 3.889624247 5.732546894 4.752541193 -5.244231714 4.427036582 4.109854550 6.762671778 6.507611693
8.286434467 22.086023389 -15.921967205 0.044083569 -0.114798091 0.952281408 -0.279353105 0.993368108 5.936925632 3.041918737 9.405681384 6.568664121 4.642353230 -1.611504354 6.642260103 10.390733308 7.069952512 4.422495756 1.546805330 1.715653514 3.302901240 3.019565315 3.539471345 3.096257531 3.968738252 7.330610235 3.734179187
16.432882223 20.429458223 -23.996031568 0.590309820 0.698823980 -0.292510382 -0.278598345 6.617882727 8.573432731 0.336571972 5.136476713 7.912061311 8.005213899 7.050785821 3.243306445 0.087047965 4.295530874 9.064249607 8.040829566 2.030953438 5.517246227 -1.590894387 4.401341640 5.255987277 -0.648163030 6.039144651 4.216754153
9.725420817 23.989539815 -14.411775982 -0.336999380 -0.073371568 0.867077931 -0.359477248 0.115182646 6.226087096 3.553435174 7.866142158 3.834429545 9.760762068 4.601359168 0.615243833 2.975797141 1.805967522 8.758012740 7.009811933 2.482845992 2.588408916 1.343134063 4.741767949 5.581353466 1.907925820 2.515086374 5.267095128
12.465776294 14.201679854 -25.817501161 0.327153652 -0.434854462 0.834761383 -0.083937585 -0.766119284 4.827826184 3.472034884 -1.474108946 10.365207997 5.409320672 4.913220716 2.142991648 4.096618273 7.895280713 4.089679113 -0.653199518 8.420094969 4.825907938 2.558790142 8.814938150 4.772870393 2.664016211 -0.382447574 3.256647750
6.794469438 17.830740777 -20.345578335 0.694704141 -0.549323783 0.113085241 -0.450379025 6.754635037 3.667112150 8.926172615 0.861518220 5.289461206 6.510698757 6.142169173 4.216516744 6.344788244 4.675586829 0.828049294 3.992185716 5.511663864 4.617772980 2.562370258 4.945538697 3.120507804 2.270742053 1.365921307 7.546435892
8.442445274 16.874685173 -10.643337251 0.964877266 -0.013985490 0.261879705 0.015339095 6.835964605 1.688054560 9.402522439 1.915800013 4.567551465 0.371294608 4.386773358 1.479891988 8.871717887 6.474908366 3.488926034 -0.957490601 5.568172705 1.872448583 0.497665709 4.163066299 2.697937230 1.436299219 4.885418693 4.226625045
17.239900461 13.066371670 -15.749444817 0.495071138 0.627519318 -0.277634187 0.532957158 5.501875121 2.973001602 1.830586165 3.499220204 3.809657473 9.696053691 4.002879143 2.783844115 5.717448313 5.805334327 -4.425603782 -1.927737204 7.227103738 4.334515281 1.594677791 0.634425679 6.867404020 2.162132090 7.101280013 1.964886934
14.256084044 21.958831295 -22.244393906 -0.682025162 0.378880585 -0.606515047 -0.153070830 1.292187245 2.524985104 4.509249110 2.784686852 1.803390908 8.197439020 5.995817232 5.065998791 1.204441582 5.497601474 9.947108942 8.149398722 9.374158042 9.146330038 -1.009760762 7.309256541 8.062578603 -0.492782784 6.506515157 7.466456692
16.082199403 11.696647062 -22.830156687 0.157355343 -0.533889713 -0.011228185 0.830707529 3.932835500 3.897164788 -1.180287665 0.493525740 3.441238853 4.486238622 0.041993625 6.644658690 5.040931822 7.793548939 0.917075320 8.205051089 5.248809169 7.301093531 6.474100782 3.021145701 2.535622748 0.472722992 7.024945128 0.256618254
5.411459042 15.880254859 -17.052284164 0.045597441 0.940453561 -0.045250563 0.333796883 4.852598079 2.058121622 5.897457123 6.716893490 3.880071818 7.265989886 6.267890948 3.948790295 6.053482043 3.258230150 0.799586103 1.931269481 6.846147173 6.021639574 6.563649050 0.611197708 5.212444251 2.183260131 -2.603350372 2.130739903
4.553812592 20.578733027 -25.770960497 -0.304710094 -0.320258457 0.896572557 0.027275062 1.763458276 -1.157343687 8.777973448 2.422511714 5.834836062 7.671215866 4.351697388 0.069233994 1.531156677 6.225629608 3.856835466 0.701839538 9.769375856 5.908521277 -1.747771025 4.189183137 6.149871724 4.262054599 5.820474327 7.440166715
3.887759312 20.426057484 -11.876491833 0.226398099 0.097433114 -0.883754750 0.397779122 4.895225468 5.553448534 3.486033897 4.050512701 4.345090182 5.253841132 4.762789512 4.295981952 2.108485723 3.970854806 1.905927978 5.990954758 2.671761976 2.362750612 1.138928776 1.415955390 7.084217757 -2.943000677 4.084135309 0.013249731
11.998334708 11.629946687 -16.401524578 -0.221617329 0.021266768 -0.069594579 -0.972414561 -0.085763503 1.946253562 5.624218266 3.642477438 0.166006149 7.856247762 0.259837143 8.935290915 1.820553846 7.321746669 2.509956583 5.984646426 8.014337522 7.184989125 1.498077923 1.888949279 7.881890743 6.287120438 0.297255999 0.274697568
15.374267025 26.666455414 -17.384473538 0.230177195 0.805543390 0.166644201 0.519950013 3.723353734 3.427841332 3.324562550 3.038519353 6.201312606 2.797222423 -3.563111985 5.412497605 2.657456346 3.258788901 7.121668109 10.527475466 0.725215434 4.233378771 0.945907451 -0.797878705 8.617279369 8.493959274 3.639308336 5.767073332
13.885074294 19.497227230 -19.969040319 -0.644720693 -0.082849618 -0.741969694 -0.164171076 3.833024494 -1.721435122 1.988103800 1.148972739 -0.573108004 3.393626823 6.576598376 6.565810007 5.913858208 1.736673434 0.899954558 7.501088926 3.485291296 7.572293538 2.089614422 9.216054178 1.252674453 2.285707720 0.089592487 2.961541438
11.728218931 26.120354906 -17.883955716 -0.014370047 -0.985409744 -0.079787467 0.149649916 5.236783989 1.167752850 5.281861919 2.453231541 3.225980797 3.704570463 2.072194148 6.427930950 7.313247317 4.456942988 0.907823304 4.473867197 5.922921499 6.264277365 2.236911924 4.741926239 8.492642768 5.724994071 12.620231931 5.506183438
7.459675500 23.496996696 -15.570656215 -0.445020221 -0.788852053 -0.235220961 0.352619542 -0.230208300 -1.622898319 4.114465192 -2.998920096 2.590213268 9.128174003 7.816318091 2.721865358 1.493802089 6.522249114 5.987249544 3.234340242 5.232693051 4.450772860 3.703888130 0.702876664 6.994178753 -0.559563448 4.745614271 4.762523101
18.593287002 15.336636091 -23.808433391 0.344602157 -0.593867406 0.717857742 0.115113503 0.187078420 4.595027410 2.872730023 5.098158806 5.561398960 7.241160677 5.828283968 5.048851248 7.305283164 4.919895776 -0.847938808 6.301185991 -0.245146784 4.694342767 0.001249922 7.126350525 -2.639783029 10.431711341 2.832060431 -0.266387306
9.990507340 13.690570767 -24.197017537 -0.616936993 0.682124742 0.368409615 -0.135532058 -1.963902095 5.382314312 -1.831143696 3.540425848 4.074530701 3.266105153 -1.351442720 6.618274572 2.232666178 4.446512141 -1.046049871 -2.496835283 2.253282023 8.216102552 -0.300251840 5.674877097 9.500937415 4.310933026 5.243637716 5.690490179
17.439635566 23.230235938 -22.696306393 -0.709247164 -0.344902331 -0.614081952 0.030235740 4.957067042 2.749005407 5.695420121 6.149489187 4.627875774 5.963502061 3.612227063 -0.631358503 14.316701500 8.168837350 3.225442580 -1.225693851 0.607442453 6.029560997 1.480311630 5.566660032 1.548227234 5.658713204 2.879279341 7.581638013
16.305230326 22.192206682 -18.183628635 0.097806592 -0.316719123 0.420998850 -0.844323893 2.230743549 8.803887116 5.042125531 11.352061604 7.837653713 0.260031429 7.776676564 7.935405469 2.985799025 9.001956973 3.280220213 6.983485199 5.399945639 1.590873723 5.499275112 4.911333193 4.967385464 3.570950876 5.474221015 4.820389285
4.669988996 17.075638735 -15.648365941 -0.093487385 -0.920340788 0.350929915 -0.145193449 4.256617883 0.437389870 6.074762074 8.378465620 3.360950828 2.839930749 4.238367303 0.631795003 1.350737660 3.122498203 6.239612691 3.187364135 1.168954912 5.070271874 11.748141086 9.768314217 4.374932802 5.141199680 8.863801957 0.466891562
14.907483047 18.324841119 -13.601164099 -0.591398059 0.211207520 0.096893529 -0.772173143 3.381873899 4.594210811 9.003353624 5.236173103 7.130888307 2.257774663 -0.251070418 -0.004485848 4.451746775 2.960333831 2.272690888 5.772183589 6.733614285 5.817995308 6.784792935 2.689262829 1.940314366 6.869707181 2.141752165 2.357384250
17.060100919 13.306333054 -16.727885596 -0.235716326 -0.200019545 -0.294187236 -0.904369319 5.666698282 0.674975405 2.859098696 2.762448888 8.789084913 2.140202003 7.027683778 10.425760037 2.456233433 -0.784365346 5.284894731 1.927644620 7.028766463 -0.163036649 3.583554183 3.578218844 0.814913107 2.121276023 -0.895581442 6.879713310
8.094451167 20.110485255 -18.152272302 0.581565632 0.257416543 -0.133131311 -0.760127748 3.546694154 1.667152470 5.730071875 4.849192030 3.815138105 4.284109956 1.528649135 7.623523385 4.483285389 6.428800278 1.856767966 1.795415070 8.461840520 6.139979788 10.443901490 5.929905042 3.759076862 1.628514483 2.076775341 -0.379065065
11.811919066 21.154150929 -11.975577624 0.301477482 0.755233198 0.572790937 0.103173094 2.004542523 6.348150945 0.590770694 2.139771461 3.056817327 5.283609237 5.031054915 5.978663951 3.248337307 2.795935116 3.798739750 2.961676053 4.809559853 3.369982384 -1.977736963 2.908542232 5.483637828 2.862411415 4.590525575 5.061472149
15.097115695 22.952828031 -22.372507150 -0.567030738 0.109379494 -0.794400215 -0.188256654 3.749888595 8.478767408 7.551597690 2.540272373 3.685378770 5.550964874 4.803088347 3.625346981 0.762856097 8.568714537 0.306450412 -1.311201682 0.890356077 3.069696494 -1.084890583 9.972330634 2.647519171 4.380436760 5.914322499 2.689396035
10.437386685 14.227384236 -13.880224685 -0.098457435 0.264839711 -0.884567992 -0.371086955 1.041978459 -0.086044051 1.385963514 9.403494620 2.058147253 1.731503074 5.683344929 1.807645153 8.407001740 6.219154395 4.953500761 0.581130379 4.254869912 6.055581397 7.418755408 4.952152321 7.419490949 -5.888490458 2.294281115 4.720421075
17.154237805 19.109939332 -16.296793284 0.150301520 0.500347358 -0.302943554 0.797049044 2.473676610 3.626883400 8.599052545 9.520012169 6.663407778 8.503174505 9.067061457 1.431256828 5.202757898 -1.876023630 7.958941434 1.013964367 6.822028926 -2.067131665 0.368374319 -2.649859702 5.417946172 4.358988256 0.693993493 6.662938238
5.219513138 16.505634135 -12.259034774 0.496631551 -0.613682344 -0.329923382 -0.517592161 1.195500557 6.376871052 2.762958069 2.464684294 5.794531560 5.530808703 -0.582326480 -1.636508087 8.510959156 1.959549143 8.090371164 3.397981414 2.014607752 9.326913113 6.308539665 5.036632391 4.094342537 3.755423140 3.962998708 5.364148439
7.771555201 20.719834763 -22.272369786 -0.295512270 0.653366777 -0.196516077 0.668704557 3.329552327 -2.251301940 1.960997675 -1.195602292 4.597213237 6.304467093 3.263461111 4.027764292 2.031684802 0.043657297 -0.414303434 5.309014491 5.307924123 1.746351890 2.347031958 -2.203358891 5.496262143 6.906812668 -0.132716544 8.195403383
11.162692496 9.316027303 -20.118028068 -0.258121245 0.115057995 -0.924139789 0.257100624 5.682344377 0.255422930 4.431176118 1.296472603 5.734892156 3.345822989 6.813514088 4.798605217 5.289066202 5.161761262 3.910138749 5.161945403 -3.341720826 -0.933771006 3.653771325 8.181645370 1.143853986 2.621578729 2.694967898 2.070838719
8.238488430 20.848498751 -25.346785432 0.595672986 0.074621116 0.742117305 0.298106170 5.998912150 6.425391485 3.533808142 0.647000724 7.143312723 1.896144533 1.602376909 -0.009766564 4.414686552 1.186355068 -0.045112134 5.031727535 0.534120169 4.177019994 8.505475617 3.412455365 2.241732664 4.834027864 6.364845087 0.121281311
8.863414967 12.022687230 -13.504039706 -0.708668217 -0.091778676 0.221415031 0.663582261 6.254624030 9.670975845 4.454635798 0.296732925 -0.795630967 0.511824272 4.157968892 3.905708912 8.751973381 4.438187595 5.804724831 3.862280931 2.753653904 8.129736195 10.123383357 -0.155456580 2.937889130 3.096990162 0.732077014 3.007701372
13.812451359 14.271570214 -25.996641600 0.918936893 0.373128523 -0.105449112 0.072184323 5.679624570 -0.780194100 3.138798504 -0.908276250 6.561877324 2.656657233 1.255755371 -1.217427981 6.006650829 4.523108608 1.610337708 7.009102462 6.076351435 7.383396763 3.220236540 7.677518417 4.777330595 -3.184635465 9.633902723 6.868610968
6.234583399 13.422759308 -20.946846732 -0.302103594 0.293565528 -0.360107075 0.832391491 3.056595025 3.141274331 2.228754547 8.911985253 4.916359363 4.929267445 -0.445188967 3.212145849 4.764460828 2.073469381 4.935285215 4.971482914 5.186032699 3.308762538 5.251288002 4.992859023 4.383873293 3.601939745 4.155910835 6.065538830
14.641369401 10.102857803 -20.138211178 -0.202074086 -0.623654649 -0.710208886 0.256562431 1.163578948 9.455972066 3.764852061 3.006783775 4.608085727 2.054842749 5.871987629 4.044073104 1.423643444 11.416281375 3.825510219 3.878078460 0.081515544 7.290165716 1.164614272 3.957131367 1.043152712 -4.384479426 4.236933317 6.666799585
12.075814265 18.543365068 -12.616603184 -0.497064055 -0.517515935 0.586842597 0.375127111 4.155109959 -1.282980521 9.476978871 3.798948850 2.220939391 5.528450827 4.642797006 10.622172134 5.281050409 7.690961489 2.379033145 1.761467892 -0.504771557 -0.799441660 4.164679936 3.301543022 -0.517368504 5.270857180 1.617974949 0.962825165
9.251673018 24.087189161 -11.537804928 -0.703052929 -0.657259978 0.261493743 0.073122655 4.473972963 9.757849875 0.219764207 4.427992944 1.872064855 5.138596964 0.340307862 2.071393610 -1.033526066 5.548257654 1.391101222 5.238030924 3.443882283 5.717504750 5.325179350 2.705246486 7.215019182 1.620053802 8.521802428 3.675673039
18.182772398 17.742076803 -16.898758057 0.114298426 -0.321948307 0.215906915 0.914696322 2.792992016 4.169542830 4.219556229 0.193068539 4.068241696 9.629374500 1.690267823 5.866414197 1.700439146 7.898722607 4.718977323 5.128305512 1.552006767 6.226166311 4.290776368 -0.593813120 7.855270992 -0.322238949 6.553487504 8.613716748
16.108433246 17.662833112 -22.012611993 -0.672982166 -0.419763169 -0.449648821 -0.410743014 1.556952598 3.747916776 1.983507715 2.873540968 -2.082669126 6.467204914 -4.456476216 7.925707754 8.490671210 -0.181075749 8.186272625 3.132839924 9.749123361 3.323233347 3.795084602 5.469177739 4.820737029 3.834928921 6.265615928 3.311288588
12.043348591 15.695382521 -10.499260594 -0.603766668 0.623053897 -0.308981159 0.389615574 4.182736768 6.741492620 6.971903444 4.232623687 2.614184671 3.796082083 1.015746868 7.795439590 2.208787728 1.451680223 -1.202774259 -1.823413137 1.291936675 7.041160100 8.020834645 0.947500724 5.162610213 3.525643229 1.847924496 3.530731990
7.730284649 10.702778065 -24.133256923 0.223739387 -0.834529607 0.236325162 -0.444580070 4.010119143 2.630756704 7.549190958 6.155161616 1.253038399 4.684528672 1.593353281 -0.509763937 2.233106828 5.787867511 2.173254227 0.586868842 5.978774917 3.986869874 1.031439775 2.160585939 0.876069524 1.760380050 1.365941792 5.336644801
11.179797434 17.630894356 -24.244676800 -0.505812186 -0.036582521 0.635933657 0.581725138 0.484368187 4.079809639 -1.040733157 4.920917519 2.703621429 3.997330412 3.528494167 4.052085184 8.024602665 3.025818361 9.725108125 6.002770140 4.354733440 2.722072859 1.540761252 1.520371553 6.337440381 1.331829204 7.573347161 2.135415084
12.948327267 12.415634515 -26.609192046 -0.261658833 -0.339252277 0.702000022 -0.568892360 8.509972022 2.185749615 3.174618823 0.478379348 5.523054016 1.750503605 6.873546927 2.555797225 1.832883686 2.801852397 3.142836654 9.300555668 0.126678960 5.008080421 -0.030117809 9.569797067 5.194805548 3.855200766 5.089100710 3.127454164
10.389345217 18.138012278 -21.096098287 0.158539704 -0.018518842 -0.536993147 0.828348100 3.939843903 -0.885755635 1.811058194 0.235484557 5.647957948 7.774086700 5.809845281 -0.538616061 0.960859062 2.780508601 3.719604025 -2.578081894 5.541825718 7.649951966 5.964196454 5.704124044 1.079500567 8.119924060 5.960229541 3.437620840
17.419176314 17.544253027 -20.709489590 -0.445150798 0.162815721 -0.497358377 -0.726613001 8.288634759 6.798226758 0.304109701 4.290785972 3.137624879 3.479543040 5.897142362 3.950031977 5.449243877 1.232093195 4.789335904 -0.000692743 -0.426244159 5.423534459 3.894422142 3.379768024 7.509455666 -2.895103556 -2.764740007 0.935121988
11.202783008 17.040646219 -24.172546114 -0.527145700 0.520896640 0.020601560 -0.671088427 1.847369755 11.000709069 7.724250818 9.682207681 4.186408943 -0.671941075 2.097702362 -2.139686281 3.420040860 6.381060709 3.401403094 0.156339611 7.365510200 1.327118283 1.963592748 7.204625974 3.118652249 2.819544911 4.357958477 7.607013249
10.740207986 23.745118875 -23.074487158 0.661242912 -0.420634236 -0.579329394 0.224058260 0.846981518 4.179494590 5.182615118 7.537891875 3.540941018 9.312724057 5.152330690 4.917385959 3.296313429 5.685907166 5.271033497 3.690391604 3.350933302 5.998660988 -0.576110410 4.543837685 8.659190228 3.052468430 5.690754550 3.311014365
1.076781619 18.611833852 -18.703432184 -0.016568089 0.109042556 0.074098352 0.991133015 10.897141463 2.407246972 5.482698121 4.312218689 1.476194525 3.685437625 1.401794957 5.271170274 2.600711184 4.163874499 1.828106874 4.782822324 4.362685410 6.207580241 0.505668872 2.627424612 7.847605239 4.580757579 0.916697863 9.939431682
14.040432894 15.220611198 -24.012748253 0.816041985 0.361562050 0.080263225 0.443741115 2.757542973 5.811609872 6.360216853 4.920227183 4.963760230 6.183519663 2.935580722 5.684300627 3.227000606 6.808428002 5.548424239 3.413275696 9.300584860 5.108820715 0.850597836 5.663025466 11.116770442 2.360439200 3.200977776 4.350038412
11.296864263 20.824121069 -14.191438330 -0.062642969 0.637803306 -0.766942699 0.032889187 3.862016636 8.260920257 3.716050516 5.004645971 5.561740547 9.518504610 4.925951052 0.170389972 1.799922143 3.717087977 1.468301759 2.969207549 5.611285442 4.504815733 7.443058810 3.306036676 6.948696089 3.714729042 -2.348953723 2.377763269
12.426065505 11.305106486 -20.961437100 0.320321289 0.880896850 -0.274976949 -0.214015629 3.940210704 4.375961086 6.477068623 0.683402836 7.063104267 9.929863774 3.744981678 7.198056144 3.691870962 1.978123555 4.019987561 6.176804457 -0.909454465 0.827105086 6.454073347 3.978761746 2.978879240 5.115552245 4.011544017 8.633842857
12.093180733 23.801587905 -23.759920036 0.450524342 -0.736960996 -0.503567608 0.018329545 6.883257285 3.536929276 -1.346169889 7.702514329 2.539040307 1.595494637 -0.790891528 5.773178728 3.640643809 7.107201265 6.142878362 -0.290274546 10.549529696 3.994244829 6.932367223 4.671716138 1.026664982 5.627636462 5.756289263 1.993601744
5.377387605 16.089008113 -21.904139075 -0.719549922 0.617751964 -0.020954606 -0.316530134 -0.431287292 4.935610986 0.690234346 7.183621731 4.582394091 1.114679504 6.215811286 -2.490960949 0.715111503 -0.125922070 1.334250291 5.057756565 1.515847713 3.336863474 4.444681886 9.090211795 0.878098961 4.050155417 2.183095398 2.485264175
1.332681696 18.552358113 -19.026712303 0.543383880 -0.686547776 0.483050449 0.006955199 5.410385708 5.352397402 6.441203176 5.189042777 2.068996760 6.342060873 1.259928217 4.145531700 1.536201366 3.654513786 6.545567904 0.641455514 6.159661451 5.740855112 6.457278739 9.489360090 -2.173020089 0.090528473 2.768419266 7.099399796
17.029223406 16.390997249 -25.196090824 0.092958920 -0.656990799 -0.623733382 0.413132422 2.317816434 0.610549300 0.570118926 -0.678540860 3.839137797 5.688762077 6.769495255 4.600020280 1.646877718 10.127222833 7.251858872 5.090652402 2.112703160 0.928817850 2.014552281 6.617485442 4.160770135 5.689175943 0.066073857 4.699776232
8.642552810 20.982645480 -14.022474184 0.081825868 0.721645636 -0.518336714 -0.451507646 -1.215757177 5.059373555 4.781447986 6.048412961 6.170389016 5.760951476 3.144904370 4.461533328 4.102250491 6.513983171 0.133120038 8.022053065 6.888145609 4.290614675 -3.175701320 1.327626520 -0.665650015 1.061087890 2.384443566 2.010899180
9.597891109 23.765576842 -13.231526881 0.606490509 -0.002614666 0.485601754 -0.629566011 1.717490162 1.998906423 6.283381377 7.594648344 6.194429251 1.579750408 2.984958912 1.040613604 6.414997632 7.637406610 3.195758230 1.165183068 2.714811882 3.540611018 -0.165075000 6.491630394 -1.726612970 4.756357223 5.493469305 5.464214361
6.910651767 20.925570117 -13.406270163 -0.020543219 -0.143809336 -0.253417473 -0.956387179 -1.859178980 0.916380272 3.614807763 6.248550345 0.023900053 1.946986068 -1.401892156 8.131872083 -0.482068931 3.430065270 8.619692541 3.203530369 1.247654329 5.179670251 2.441196553 7.663898901 2.566503349 -0.262808098 5.993270170 3.118300654
11.813451984 18.455451835 -23.386048815 0.343585064 0.602669972 -0.720224182 0.003916214 4.897120115 4.662001668 7.315742921 0.629673816 -0.290123240 7.642010227 -0.863273785 0.730874992 6.284922402 4.280682499 3.263423977 3.167692030 5.397788411 1.795484108 7.468855746 6.094915436 2.794432688 2.279370760 8.211037264 6.399241129
10.770604157 12.404569515 -15.276612171 0.327933263 0.348278987 -0.800643925 0.360736507 5.246905237 1.961811257 4.163099859 7.220910104 2.845380387 6.104088692 0.596661115 2.461740414 3.399421096 4.555656137 6.149712092 6.957029786 4.216446537 2.788452453 -0.282994722 7.160952925 3.214392075 0.902083627 2.363059552 -1.130706826
10.072996833 21.974289238 -27.452071163 0.338154662 0.939439541 -0.048357549 0.027682511 6.402164014 7.738222328 -0.316219463 3.835175191 -2.437184011 4.068435749 2.920659879 2.942675392 8.912007783 2.091334116 5.316507665 5.549230266 5.821010768 8.515214511 1.601062268 6.744389549 6.317577193 6.185392541 3.883023261 2.289441915
2.473152000 19.060086921 -23.465417585 0.747912672 -0.285551072 0.482761421 0.355005112 -0.473510666 3.822352113 3.682151654 1.295218195 2.383628502 3.795702507 7.212017404 3.220525798 0.349514220 4.695493238 0.601120996 1.469203853 6.104762240 2.965872176 4.776354112 0.579520470 5.970473104 5.691929270 10.647037420 1.456622182
12.210021309 17.423961233 -10.222775866 -0.282566782 -0.036492816 -0.958346135 -0.019924197 11.637292656 6.701797347 -2.693218922 -2.710780814 1.379518497 8.867275034 2.167902841 0.435304317 4.820304559 3.895390665 2.813610507 5.429030663 3.880645689 4.440884599 2.248656781 11.535257854 0.799448271 6.816697060 -1.008204690 3.774654369
9.408856390 18.274270146 -13.385619052 -0.189463250 0.464750050 0.807147726 0.310843394 6.295935983 0.637245399 2.886512833 4.732216267 2.413618883 2.831421735 2.582404627 8.793432275 1.589471474 7.782659430 7.626162147 6.197753419 -3.633704763 8.860226745 7.120247461 3.436701696 0.199108881 9.475873208 3.252970830 2.529386342
3.269326697 14.840884323 -18.134211721 0.313742440 -0.508414470 0.272111604 -0.754344539 2.393251869 -0.787317985 2.300441077 0.533125056 3.327112122 -0.009839599 -0.422633239 5.040887144 3.795212137 3.610374579 5.565300134 2.503515953 2.844376060 -2.482019479 0.233525353 7.718962232 1.499518865 12.689868786 4.327123468 6.196417720
12.651813298 24.568621993 -11.804915958 -0.253422206 0.182090371 0.877423043 0.364347480 -6.644427393 5.490012900 6.045679417 1.280008759 2.272619600 8.616468023 6.431842214 3.138841336 2.446458684 2.942036000 2.046629705 6.358739683 2.731219195 7.252779528 3.864275578 2.706281009 12.294800982 4.206747246 5.654385294 8.474129996
15.678028732 16.633060362 -19.539455803 -0.398861607 0.434251363 -0.347896908 0.728905284 5.894782548 6.951856199 -0.454539527 3.392169376 -2.618987089 6.700222132 -0.850203534 7.473936949 -1.185088192 0.818625167 3.217681459 1.051392173 1.629455550 5.806511019 8.261946691 0.756034524 0.185998880 5.960347094 2.336786559 9.881014277
13.596320639 23.601539901 -25.579141672 -0.848838287 -0.247273857 -0.458863414 0.088167848 2.556152066 6.980392803 -0.620555395 6.715040405 -3.552115236 2.065582987 6.118135771 7.110569688 6.242143964 4.605965685 4.525102732 3.287529531 0.644785125 0.067921338 3.264525249 6.274254601 5.964558459 6.776565220 4.339547589 6.025881969
11.815135389 13.614405780 -11.381895214 0.418191511 0.264775142 0.864843962 -0.083993491 8.246917143 3.964245171 9.565972347 5.614479671 -0.191822741 3.408324864 8.701393639 3.713501618 2.206999145 3.878845222 2.793511983 6.063363358 2.177697717 2.732912356 2.481704764 5.537647117 8.186834739 4.027021125 0.967112755 2.121736792
13.346223390 22.389451203 -19.366334528 -0.471264856 -0.791642033 -0.097791644 0.376363017 3.264103890 7.229900117 13.950945780 7.584251683 4.615727446 3.058990680 6.925739596 3.946893773 3.183933768 5.392552353 7.862585483 3.495763937 -0.674412380 0.882880837 1.976751414 1.357643297 3.414156120 0.430012749 -0.650543006 5.824251653
13.919212404 14.282225340 -26.336003436 -0.455933865 -0.297693222 0.390704217 0.742194901 3.524045939 5.549288693 2.923067496 0.530853140 0.072438106 0.017696701 12.153889485 8.688021947 11.333526921 1.727993191 7.803254344 1.983197636 9.104395981 6.382953706 1.132832468 -0.606272722 5.834144232 5.205135824 0.842483810 1.352487132
8.842974444 24.347735737 -23.608023598 0.026929951 -0.457635030 -0.583452409 0.670394096 6.412039712 6.229164107 2.478594175 3.059605639 4.881464623 2.052686193 8.319691748 2.643164373 2.767916392 5.903511819 5.790325994 9.268346028 4.509316167 7.582043959 7.108820981 2.518953686 3.664787908 4.205974570 1.231315755 0.245129200
11.821625656 26.378337874 -20.341638097 -0.032510959 -0.039328310 0.134101954 -0.989652963 8.258652822 11.664757376 8.792163724 -1.660948348 6.222202162 3.573968067 4.024835967 1.414252814 -0.511480280 0.211514437 4.311480349 1.275232188 3.896528057 3.544516170 7.473284563 8.452959312 4.295557497 5.860600186 4.576941342 2.150880379
17.208287223 19.882504625 -24.178679665 0.933967509 -0.242309517 0.210955764 -0.156487875 2.009863537 1.861445883 1.329218836 12.758772848 -0.076786238 10.921364728 5.335220243 5.039261337 9.931578113 1.069942523 -0.348883744 1.208634214 5.052214192 7.956203279 3.202522571 5.402755299 4.041595613 0.383980022 2.572672580 2.959999180
16.900710561 17.835422084 -15.314547464 -0.673960776 -0.413477353 -0.394111696 0.468496877 2.268143438 4.625395131 7.163674647 3.425040706 8.500986377 2.654366527 8.941685391 7.842464210 6.379372261 4.837857549 2.460711203 7.520584274 2.047913918 3.643100178 4.424604910 4.759558919 -0.053994229 -2.417526789 4.957018664 3.121469222
3.449425241 17.715611526 -25.234159556 0.888112687 -0.083586437 -0.334788480 0.303621205 3.035683010 2.567722084 8.905897923 4.439889093 4.808954288 4.453716980 2.211106494 2.817132549 5.663230430 4.575313197 3.899454312 6.833438781 7.326851248 8.114035805 5.218036939 1.331201542 3.666143552 3.017204415 4.366920987 7.194741351
9.757101388 20.069807393 -13.924446487 0.967709281 0.119530059 -0.069588110 -0.210733975 4.181303650 5.163138093 9.011562375 6.373287855 6.026700332 6.766172406 6.419914782 5.999211604 4.463092418 7.962940907 5.740962860 0.231875522 6.628567322 4.659494755 4.170021122 0.378992796 4.452147142 2.533595420 4.710887778 3.566817156
8.416629212 25.032323742 -13.956272642 0.342059417 0.079962503 0.555450923 -0.753707918 4.573506270 5.255876367 1.847615705 0.948015459 5.570735641 5.643218982 2.732862567 3.723053696 3.091326469 2.179206700 2.944694444 5.057674128 9.470996514 2.486812675 2.996244667 1.651260083 1.851266434 5.130221602 6.323843226 6.879470596
3.945056010 18.252848416 -24.308563166 0.587259352 0.006455116 -0.273943625 0.761603359 1.891934567 1.069547316 5.898367201 7.921869426 1.504381716 1.540236966 0.334793511 7.915582183 -0.451834751 6.019209664 1.059113510 2.757911825 8.629988249 1.459524906 10.756713939 6.048554124 8.137707655 5.282339474 5.070937441 1.784809685
3.633118611 15.163915018 -22.353462564 -0.691685198 -0.456342928 -0.534602518 0.165900170 0.061006692 8.628473481 2.947669747 5.605976786 3.661542974 6.250711751 10.097681453 5.642205657 0.182463270 4.253147557 -0.590818992 5.182004556 1.859963673 5.815805748 3.615188583 2.123595303 6.093056341 5.612827365 4.195252840 2.918133290
1.713078942 18.624433456 -19.337444126 0.288062552 -0.157356270 0.647043039 -0.688181862 5.984564900 6.468790652 3.078976510 2.957178322 3.446759883 0.360694273 0.915742893 8.493984934 4.210904863 3.858019489 2.701023321 0.826214613 5.468199155 2.027148537 1.551125703 0.472644522 -0.401730276 5.468796334 6.031749127 1.036335339
4.343239107 18.672250409 -14.720466522 -0.978901608 -0.039014836 0.190414799 0.063021335 1.415650223 6.223321193 3.651358964 5.807904832 5.146990904 2.278855701 8.165968327 7.229889283 3.270776059 6.810382714 0.259493476 4.069466258 -1.503573830 4.173694375 7.461614653 4.281580440 5.678279239 4.554380669 9.320032194 4.177401451
10.260090044 20.085779311 -20.825044819 0.111040374 -0.208261492 -0.233076178 -0.943383634 0.105803633 3.405829370 2.936387302 10.307204544 4.930399976 0.782624040 3.294880733 2.716874605 0.618501635 3.606478536 4.039653687 1.776561240 4.111695909 0.254439929 -4.596413131 4.979675975 5.119252049 5.678456628 3.677511911 4.694559573
9.558685697 27.988716365 -16.719003306 -0.143123844 0.963947084 0.079199798 0.209878478 2.721857710 4.338650673 0.133691085 1.773634620 3.815785801 2.072781011 2.431572909 1.155744517 9.799830872 1.950190727 4.351506110 6.113666526 5.323828587 -1.263392236 0.784752194 -0.882748699 1.527025282 6.632122482 8.484160443 -0.782125889
6.572109950 23.845323594 -22.183392144 -0.037648491 -0.797281491 0.216934129 0.562018149 4.170635386 6.955217540 -0.545747047 0.649149317 3.729914710 7.690949078 8.672286650 5.773438469 7.425253796 3.543464240 11.784046352 -3.878602441 5.792401073 4.385965500 1.504466269 1.440867384 7.869864971 2.397094357 6.165215542 3.254744432
11.964856315 15.512723633 -22.016879479 0.675169468 0.409693126 0.067965246 0.609654375 2.086097077 5.905728602 3.828380744 0.414779201 11.042449244 -0.811191171 3.079250536 8.934160785 6.573738403 4.992519198 1.126941143 -1.713604748 3.278883201 4.523581056 4.699329549 0.782254855 4.762134101 -0.096411407 0.310863334 3.915448858
3.926767101 15.530879280 -21.804695006 0.463508969 -0.829100801 0.254702263 -0.181323069 4.349264282 2.785086121 5.169823544 3.149160927 5.972125298 0.414319926 1.776966663 6.227859664 3.508737662 2.482191038 6.795327795 9.152441803 -1.073315680 2.206283032 5.076026049 4.334496204 9.830395397 2.288185828 -1.132982011 7.130053170
6.475369292 17.623867016 -28.339744495 -0.669371586 0.142672616 0.251095952 -0.684497646 7.542123127 3.299927066 3.871985375 -0.131324515 7.763868611 -2.391363417 2.178197920 5.491511689 4.180578449 -0.674308393 0.002556185 0.327673850 0.041872454 2.577162992 7.547647283 8.879021061 -1.915274698 5.634140956 2.539884286 2.747505859
14.699541300 16.638046331 -15.179785281 -0.415345279 -0.405681602 0.758669175 -0.295519577 4.128491816 5.159276473 6.006758999 3.555759292 1.621760289 2.589172193 1.248088995 7.366301038 4.185956462 7.657122739 7.563348490 7.871802942 -1.280804991 4.118728834 2.890147535 2.985183719 2.548409609 5.376593961 5.821190970 6.220701385
15.765398026 21.052172559 -23.626772773 0.198890180 0.670785120 0.465552740 0.541987698 1.907543405 3.901963216 6.273725746 3.439234817 2.776276756 4.740422799 7.674074758 2.103678398 3.115308536 0.437248623 2.968014502 3.406885111 4.461259940 3.187327105 1.548340823 6.552423895 5.382401005 3.009159531 6.052306887 0.343423434
13.840547519 16.864382144 -25.194531974 -0.961220610 -0.227990967 -0.054883725 0.145130402 2.584757615 2.110581815 7.137680462 4.025402161 1.446798750 2.318164632 6.952615128 8.556983601 4.995752382 1.564846592 1.440724433 7.722092567 2.961301044 4.189765768 5.487637144 1.621435119 6.652374162 5.203545036 4.148756333 0.163360471
7.113913785 20.014096959 -21.437194311 0.853459356 -0.146439013 -0.243236978 0.437033769 0.279574197 7.106080858 2.774912275 6.237978164 2.523337892 2.817931718 5.831434796 5.094936222 10.108994685 3.257084513 2.223115979 3.266679243 3.375700324 3.307056746 2.270341307 3.434462464 2.019071840 14.113145225 4.258608841 -3.199608753
13.517163839 16.069666304 -27.617267947 0.941816000 -0.246914972 -0.014070322 0.227634895 1.824456537 5.479030479 8.277809581 7.303372856 6.043356795 2.066898148 2.627850498 8.273249828 5.122950017 5.667283292 2.640209771 -2.542418778 7.669843631 2.718684658 10.578708103 4.461938465 7.088672426 3.085329603 3.184100092 5.044388546
7.305759902 16.061907570 -14.150136843 -0.891558549 -0.346883748 -0.202381368 0.209372400 -2.684435729 0.158729407 4.907419712 5.796514323 1.814505833 4.548232254 2.841641069 5.357818817 7.119053895 4.004483027 4.444445949 0.231545162 1.091786515 4.972369386 9.207604082 5.430166815 4.925979822 -0.709065350 2.017738990 0.913834978
3.969818858 21.665909066 -16.511761933 0.109500745 0.535589343 0.748757599 -0.374854238 1.772767269 4.317264186 3.570346165 6.519303666 -1.902005526 8.317733964 5.002558073 5.512234762 1.655307275 4.258994869 3.195643167 2.895583831 6.695307463 6.923831138 1.685059178 1.092451877 3.108655016 7.841052563 7.871762841 2.932035614
19.325194547 17.867141453 -22.894538971 0.274393006 0.183249263 -0.869681754 0.367126454 1.329627007 -1.644352760 7.968320986 4.406870947 6.000083960 6.793248263 6.855477434 1.552011567 7.267334305 3.623563576 -0.778479154 7.709596172 5.914579686 6.175619580 3.581132288 5.542637707 -0.127046535 5.970831026 6.067497011 2.772166618
5.792647085 23.657874264 -24.616365229 0.769174453 -0.009521283 0.574888464 0.278896504 0.493816813 1.893496464 6.079344923 0.341839952 5.153165502 -3.186448770 2.882781276 -1.181167885 6.293109953 -0.460132553 2.809029235 -1.648168706 3.680671916 4.638883101 -1.739884279 5.582766207 2.094187479 7.767211496 11.139646627 1.359601492
12.458063263 24.677798311 -20.661001992 -0.471395507 0.849567675 -0.234698802 -0.030618848 0.589846113 8.329921475 1.227976216 0.435588557 5.590364318 7.063998071 5.335241738 6.249928482 8.909308692 -0.176964041 7.718712853 4.239862017 4.039710276 1.548765221 -0.305446135 3.503042212 4.666099395 3.847978934 -1.302440459 3.011497839
4.035338760 16.832877078 -20.039732517 0.738720748 0.473630455 0.173507059 0.447058328 2.096216073 4.020251553 6.542072855 9.396918467 2.681069819 2.313379496 5.423920386 1.858785006 4.175223449 10.023034181 0.946873902 3.159478947 5.380634659 4.716618800 2.106513293 3.757803069 2.780164656 6.142808239 3.046628393 3.776480102
14.072327116 24.456157584 -13.154917484 -0.341829131 0.518784973 0.459085574 0.635023963 1.325647703 -0.557570655 -0.321712151 5.218628466 10.617591077 5.188798635 0.984659579 8.769633730 2.810848274 9.563136832 4.085328217 4.334880395 2.043720225 -0.876911501 2.667771633 3.246945581 1.883721728 1.426050183 4.703010543 1.204227333
8.615339765 14.848489265 -15.871008875 0.422348274 -0.629357463 -0.614203266 0.219739545 8.111919360 2.141220969 5.739381645 -1.749470653 0.215568684 5.494356731 4.426933430 3.845575980 3.973645091 3.069882145 1.201372601 2.801020070 1.370424544 3.073044717 3.148579898 0.779778407 2.997313935 5.003802095 2.292279387 0.284349417
13.240661985 19.029090869 -11.437446100 0.320219953 0.210217256 -0.877984349 -0.287073806 4.243418324 1.151291517 2.658412614 5.494043491 6.388133827 -0.318302404 9.348975631 7.555743679 5.257812855 3.505748789 4.805382891 5.118113981 -5.465065297 7.658584410 1.093882602 3.680101355 11.766460926 3.610423673 -1.147702086 1.207801835
5.190758107 17.169988813 -10.773434897 0.531826551 -0.347737895 0.586381486 -0.502389917 3.844634142 4.793596913 -0.953160632 -4.777159384 9.518308708 1.244915626 3.000523826 -0.178393531 2.622050971 2.993683487 5.668847141 4.802299329 5.470108787 6.952762042 4.260868422 3.698989578 5.378373371 5.556295498 0.979743442 2.327829894
14.980731871 21.357437197 -22.315036813 -0.405603356 0.736508317 -0.541330692 0.001580429 1.530756656 6.095933841 5.536243782 1.441027540 4.660499883 -0.442556271 8.204889935 6.445583675 6.508127269 3.922513754 8.787913763 3.191139800 4.896417724 2.857388679 6.891017164 4.292247019 5.857585240 -1.405131912 8.403121774 3.660120573
3.590874560 14.153448550 -22.004129699 0.530351570 -0.233180601 -0.814510846 0.030431915 6.905027956 -0.793068421 4.654710023 6.666961551 4.209024167 10.573024800 2.383404686 -0.648955516 4.025526119 2.186822548 9.425618844 5.700614845 1.609836401 4.269090102 2.912019947 5.444829918 0.931449437 6.557080124 4.677561533 6.436179823
8.906889638 23.294331041 -26.687048553 -0.046554947 -0.919390530 0.211689991 -0.328239301 3.975961082 3.568635955 2.087777406 0.307823554 4.524841469 5.692292515 4.439612611 0.622869127 12.357522774 6.407858497 7.968745043 3.800047391 2.819671781 3.441923948 6.084169682 1.758991765 5.249605529 -1.567037287 1.660693714 9.268979887
5.851701286 16.047827673 -13.694471822 0.781185515 -0.329740270 -0.529489352 -0.025721061 7.488142192 2.544106897 1.739638998 3.425026618 4.241460422 5.384277619 5.863022804 1.159921611 1.080344946 2.758250387 4.474886581 3.298829981 7.713606612 8.322889951 4.543557459 -1.231075883 3.963103488 3.330461032 7.644647615 1.133352248
10.548636552 18.773506993 -11.294997835 -0.883504826 -0.235455443 -0.346097521 -0.210229549 3.509884270 5.545861934 6.247222294 2.151962186 6.505563059 1.703329173 8.506029193 6.575472395 5.229062646 -0.279345139 6.616503081 5.930523474 1.408905241 1.531236510 -0.819804305 3.112462464 3.365392943 4.920354208 4.775311196 -3.470799096
14.420674142 24.956315456 -16.053424388 0.289896120 0.622332482 0.725152773 0.053065779 3.386989784 5.758877245 8.109146671 -0.146403642 3.137136744 6.411399490 6.436037714 4.750441627 3.436340469 3.715115874 1.313091822 5.726799212 1.485809944 -2.399774134 3.989982255 8.395487488 4.091535449 4.483022119 1.720384799 7.226874766
9.542468468 17.611466840 -21.167478486 -0.733401649 -0.181052676 -0.591560341 -0.281777063 6.439245752 5.636412221 1.035871469 11.514157297 0.721863495 4.034822211 4.728337595 8.857722826 -2.084648549 3.252244512 4.714113415 2.346393483 1.235449772 3.635570749 5.817742647 2.293991980 6.614881364 0.884658937 0.090964887 1.209926971
18.601015112 22.177785926 -15.270207374 0.821668107 -0.311546806 -0.398839880 0.262158080 2.223630033 1.563721290 6.968922015 3.422872901 6.203285933 8.069386992 6.859273574 3.652441710 9.395917023 6.747187843 -1.103790585 -0.777170300 1.143801792 5.615994233 -1.268234108 7.305318443 6.162219029 1.120581334 -1.356128689 -0.018533623
5.131806296 15.633393795 -14.579863274 -0.097418120 -0.328378305 0.776756125 -0.528514259 6.053402571 7.276762270 0.971890067 5.256297847 3.680235782 5.934311829 0.586570144 5.067172691 0.153955388 6.131767933 2.330238562 8.287432828 2.883260366 0.240286531 0.356876864 3.130302791 8.785968416 2.309945813 -2.078601193 6.810825022
4.590048719 16.360968866 -19.742841471 -0.700183163 -0.604376259 -0.350895130 0.146100941 5.888411265 5.853576410 3.500362547 5.006585353 5.622541109 2.484536865 1.960100293 5.424989704 -1.338779441 5.591206284 6.079108193 3.818527320 0.953334118 3.473079129 6.536240409 3.808403270 6.299211369 5.337009690 3.281300560 3.229131206
12.610206384 18.652699280 -21.578525175 0.449054857 0.891001993 0.048906627 -0.045533782 4.428329549 3.970331501 3.318961191 1.585337362 3.392619899 5.644497167 0.406449281 -0.288433692 4.913575846 0.822587856 3.127741306 0.553018814 -0.554460153 5.994805502 1.460912235 9.891397486 0.076391457 3.994172666 4.210734773 4.762868432
10.316477685 19.959875597 -19.361652043 0.044722699 -0.006264375 -0.208693554 0.976937889 2.192363415 0.475512140 7.170866500 3.206905121 7.682175008 2.355998299 0.755327222 5.424708432 3.042680064 4.248773783 -2.428612883 5.242828492 4.381814886 1.802860368 -0.795740119 3.984926963 3.162273506 1.057254836 1.948530606 4.230355965
5.505855381 18.601776423 -24.717697470 -0.384225631 0.386467898 -0.575756511 -0.609522491 7.161004793 1.413753415 4.448783156 5.289440221 8.911049972 6.220904993 -1.192869745 6.524950932 -1.738687287 1.613413193 4.148184378 4.057377907 2.906191374 3.377668596 4.906573941 6.330636330 0.381689243 8.586142485 2.260766131 0.422905271
8.190604071 23.875192567 -17.532655138 0.145204024 0.927078223 -0.264476205 0.222472688 6.274042935 4.685892071 5.221097652 3.628465175 2.183742005 6.462704863 4.682707792 2.094629351 4.695816064 10.703208068 3.552334510 2.235242185 2.200800049 1.802465056 -1.278702486 2.317039608 2.674740198 2.305013739 2.586571454 5.242273604
16.515808586 19.310729873 -14.672544825 -0.215149135 0.410010897 0.302549823 0.833105947 5.094965163 9.611847024 4.113630293 5.794876134 3.867615570 -1.311786239 4.021911093 8.289997015 5.341407903 5.640032601 -1.917224633 8.269589484 5.338325864 2.530434521 5.095688332 6.935699432 6.228509320 1.883405660 2.161601111 13.463888113
1.397816400 17.131174463 -17.566663581 0.573145735 0.545187358 0.534437995 -0.297742742 -1.550243258 3.326742624 4.189444023 9.173153701 3.799690940 5.589572848 1.000365845 0.968487351 3.272935877 1.748927523 6.960353473 3.326183333 0.864489882 2.384185064 2.801544398 3.495129530 -1.601537390 5.592529521 7.701545476 7.798130790
13.292935866 19.886472058 -26.657916474 0.122270812 -0.242212681 -0.339136687 -0.900760331 3.373710227 1.355049003 5.607796667 8.394259310 8.366475233 5.908728523 -0.273382057 4.435632273 5.073083133 -1.233191872 6.468764046 5.188196387 2.129501761 6.935410863 12.302558437 3.611408440 2.432576345 1.506264683 3.260412944 1.263548952
14.694735588 17.548256610 -15.590583373 0.050539042 0.948524856 0.293504182 -0.107711178 5.090423234 3.534050441 -0.401224173 6.789104517 -0.078919437 2.111892947 0.582836757 3.347328327 2.698268611 10.553926439 5.470387970 0.572761960 7.677226904 3.760707415 6.659969989 5.547560031 -1.649951494 6.107405522 9.875770078 7.687131362
8.146985158 11.350084896 -21.425770498 -0.154881325 -0.613661134 -0.399343940 -0.663291946 1.691971468 0.647937076 3.087610631 6.281413907 2.686390807 7.580210445 4.732285698 5.596764640 0.452113625 0.904857555 8.498728385 5.375594196 6.055454256 5.179356943 6.302563317 9.007766816 7.051320425 -0.609596290 3.139468313 0.758670523
10.107317908 25.777724269 -21.260358458 -0.411656674 -0.339681354 -0.842263902 0.075808172 -1.462987604 3.026323315 2.062568063 2.188009379 0.973426094 1.224403702 1.892231967 8.033033043 2.915774653 1.700368699 2.943405240 4.537989720 6.540960232 7.626302854 2.254974743 8.539957000 1.734353751 4.139433770 5.860096484 2.555501176
17.211130656 12.499201419 -20.561253593 -0.339855463 0.838413602 -0.124982104 -0.407357791 7.909086337 4.665736161 2.887543306 7.701558143 0.747033853 4.989523019 2.362999650 1.118384271 1.854017877 10.877590391 2.232536566 1.345947907 4.571398433 8.755187878 3.199935900 2.556251967 2.712252031 -1.127329971 7.684579294 3.386128057
13.844664411 20.550027222 -21.028209819 -0.410625467 0.835009100 -0.006361467 -0.366204942 6.076600522 6.009763406 3.522238899 5.855791483 5.687526554 2.739535652 3.376090900 11.135612746 9.440342063 4.446698720 -1.588506846 6.555073915 8.733343645 4.769003419 6.127505116 3.652920596 2.692103980 4.834662022 -0.499780201 1.445030236
11.126057892 24.822801411 -19.239549222 -0.367894632 -0.143141370 0.918758653 0.006828272 3.741538420 0.688974114 6.412941119 3.746204656 1.144405603 4.831113668 3.092396279 8.278512792 6.107628135 7.138641532 3.290692589 4.852455040 3.595758355 0.166612238 3.774409819 4.167772824 -0.150971987 6.174461918 9.061321843 6.688125743
11.504037844 26.471494321 -22.895183702 -0.471050747 -0.564408592 -0.499082385 0.458771085 5.049956483 7.270708070 5.770558240 4.937191708 3.963610700 2.993416286 -3.970183183 1.505509551 -4.696849884 7.909635958 5.743112016 5.932890015 6.715474027 6.956616100 0.724239930 5.538371534 -1.046765644 10.773455548 1.924322764 1.191067902
12.531347265 15.597994475 -11.204151995 -0.919876617 -0.025150533 -0.370479042 0.126252682 1.785045229 2.196042729 8.557505293 1.547374473 1.708044201 5.266140573 -1.024827162 1.376261343 3.395223376 2.656498406 1.436514362 5.440742457 3.816306141 4.459829172 -3.065564345 1.075217496 5.297181120 6.165777408 2.148752119 4.165391488
13.143110949 12.278388404 -19.576067343 0.655313663 -0.694270494 0.247835483 -0.164712044 1.619071523 1.534247103 1.638216699 2.341497413 4.061332373 -4.445061213 9.255543745 10.949716353 3.755019379 1.177488455 1.496442371 8.266583069 0.568504058 5.672691201 4.785710200 3.998720234 5.651589913 3.178267193 4.672541964 8.657714073
15.530691557 14.707901428 -24.765636634 0.789100279 -0.063798988 0.598866734 0.120867999 8.149856968 0.178945266 4.772592561 0.977686469 -0.187164015 4.724827884 5.295808636 1.121697369 7.550313257 6.996875896 3.158418264 5.241823091 3.498776192 3.261690361 6.911129484 3.908691654 2.346888558 1.704664804 5.441029109 -4.410025668
14.821576074 11.431298154 -22.461374969 -0.428153012 -0.574619725 -0.408543820 0.565322135 9.307112268 2.769026435 2.712233603 11.474441714 7.254899536 0.550397664 3.769907806 8.420972317 1.789469242 11.175116677 3.303399353 5.463592686 4.819339056 5.136085219 1.065688588 11.226396039 7.832590004 4.765894631 2.571498466 1.873853101
16.265072705 16.972864415 -18.297350317 0.547611902 -0.242870628 -0.198002188 -0.775841605 7.050484207 8.086200526 1.940547557 5.827042397 -2.443017509 6.038162491 -1.020279664 2.812415146 3.530937166 3.490687452 0.716867046 1.071884455 3.472260540 7.042347655 0.186591785 8.015639879 5.362522834 6.916504395 1.844813767 2.485081781
15.787740224 17.710281289 -20.959609923 -0.512762492 0.381358850 -0.575229493 0.510637919 2.763485803 0.922652361 3.234857735 -2.886779689 2.827925005 0.798193825 -0.209879457 2.095043226 2.546625672 1.687745626 8.451434474 1.754961723 7.063094069 4.805880942 0.214918388 -1.462706102 8.591355948 1.982226466 4.179129648 2.721409484
8.095132316 10.526460805 -22.246850405 -0.403796723 0.664685993 0.251018357 -0.576307663 9.354165677 8.281878711 2.587301088 2.364946235 5.754361384 9.633168428 3.347234542 -0.131169907 0.628443224 5.935245606 5.813986374 2.347128758 6.713154570 -0.036397839 4.106944237 0.226864197 5.388319170 4.134545094 4.025563678 -0.249225430
10.283681663 22.037368670 -20.533844963 0.190238556 -0.585618225 -0.547923698 -0.566251011 3.091614918 6.153333643 5.820980924 7.016900309 0.774161556 -3.049081468 0.575057309 3.203079730 1.952442998 6.149582840 4.825175006 8.695834880 7.205024287 3.263871193 7.382399531 0.179542074 3.522406364 1.433445018 3.358999537 3.219428503
18.644712924 22.611080291 -21.577066414 0.816616762 0.514638460 -0.018259615 -0.260673945 -4.655058314 1.562800574 4.476556030 1.130447361 2.258132818 4.161547430 1.428893602 4.791917121 3.712224191 4.376646435 6.596609600 -2.671480974 5.693057961 5.705271208 1.834779648 4.322995360 3.061082432 9.664325704 3.605074896 4.672903844
2.637707714 13.176103218 -19.400647967 0.379266107 -0.695446028 0.047490470 -0.608487220 1.576355977 7.921971359 6.082745213 4.844636058 5.629300731 0.288317958 3.835059416 0.776995024 7.266147422 -3.323878971 4.197606006 6.689541699 0.962160924 4.691000319 5.280386406 1.927192797 6.202468919 2.774989350 -1.146344618 0.539257700
10.468773085 20.379974648 -15.650562432 -0.192316137 -0.432755415 -0.818050135 -0.326391223 6.967450143 3.672337157 0.160599283 9.897087645 1.893629687 3.958417528 -0.705994039 2.259416188 8.649516600 8.914236615 7.371247414 1.523292913 2.917244145 7.936906939 7.504964209 7.033141157 2.622548597 6.065584450 5.632704629 4.007789776
5.826876115 20.398021096 -22.743164378 -0.466771667 -0.477062441 -0.224470408 0.710034276 1.602417363 4.588285190 2.706529060 7.147340958 4.175489503 5.819657197 5.819523640 11.358432967 1.851960068 0.006775995 -0.599435882 0.921042171 7.097189981 3.551026738 4.383084871 6.473753586 8.296380750 8.518085918 2.788876246 4.569464570
2.522932475 17.982347545 -18.854678378 0.433781590 -0.602898414 -0.668510292 0.037960825 3.496815101 1.391127933 3.478447120 5.234329885 0.627103884 9.883941166 5.506113709 5.201846343 2.106062006 3.266085922 3.787309136 2.451551045 -4.655691815 1.422713917 0.840721647 4.835235837 4.952268425 1.867988363 1.349020082 0.677242208
6.121628781 18.118795261 -20.294705683 -0.482631329 -0.713423879 -0.487113238 -0.144270798 5.658750316 0.446472414 6.141666342 6.279538379 1.332494164 0.617830750 9.273933550 1.518426263 5.786836375 4.027255154 0.734819969 4.257751720 7.978384010 3.809495807 6.158739499 10.536951070 -0.791078231 3.025228959 4.084145180 4.209468249
10.101919533 14.980878382 -28.460022221 0.011883273 -0.018856606 0.705962783 -0.707898132 8.534194144 4.329617273 7.028851712 9.877535520 4.032375143 -0.004545488 6.067028226 7.203186444 6.901875509 3.285376756 7.993348244 -1.405351670 2.205488981 5.439513048 3.463814118 -0.661179017 6.521036014 5.554272306 5.541469896 -0.022068340
13.515905498 20.282300588 -14.036287858 -0.057599429 0.006096232 -0.406777378 -0.911689260 -1.926435713 4.323303507 0.988911257 3.579465718 2.777449827 0.967665290 5.745781442 2.636517981 -0.163424546 4.055210092 -4.668740021 2.703428001 6.223915234 5.430930260 3.130477657 6.889198073 1.686071460 3.690357207 -0.232088764 11.078380689
11.510839856 21.343488364 -18.013042479 -0.274740829 0.154330582 0.449609375 0.835793610 5.533936319 -1.777584349 1.580164348 4.696427589 4.677156072 7.097774517 5.788866332 3.001704407 -1.605656582 7.873240805 1.582401758 7.073520919 3.090510767 5.819595780 7.203588589 5.167143856 7.930386841 7.079113061 3.803734252 -1.339280719
6.902691906 22.132365791 -18.301572829 -0.427245101 0.664757786 -0.467112133 -0.396692533 0.350354420 5.505425360 -3.561260720 0.007636497 5.517909511 4.868308170 6.821756640 10.654717144 5.965335534 2.068112690 3.787244496 -3.196202247 9.367369143 3.082684163 3.798619893 1.606334378 3.946650722 2.484603386 7.699114613 1.277598211
5.710119264 15.966107005 -19.115491172 0.340573791 -0.507696224 0.743813688 0.270176304 1.389720901 3.403544649 5.340657517 2.746244682 5.823630889 7.712827217 0.364508361 4.327438364 1.963204737 -3.134790780 0.374785325 5.341904769 0.918555602 4.561578355 5.011214818 -0.542912601 5.144316641 2.239276109 3.129174593 5.297115691
11.142820614 14.778737068 -27.672574018 -0.042062107 -0.823934054 0.538941494 0.170016235 4.785840746 3.990960686 2.027919892 5.299305008 8.795464214 9.021128241 6.450986553 8.200998966 1.070985943 3.372537144 5.775444048 4.989830254 5.483421653 5.441860382 6.037278276 3.862361215 5.195241413 4.981763471 1.023754136 0.320504806
14.650745090 9.494029251 -20.552230983 0.795612253 0.060333338 -0.035030839 0.601775599 4.976989763 5.123422035 1.597856370 4.645075756 3.205083067 4.739526887 2.531078649 5.050505418 -0.941968781 4.823137928 3.713856572 2.586618980 3.997514080 10.328767187 5.955191786 5.489812830 1.775619496 8.371667866 5.828021285 7.447181532
5.207681243 19.683555709 -17.148520964 -0.524924146 0.494791337 0.690887523 -0.048068750 2.937989741 3.715373721 2.878816066 10.513456509 3.264888544 5.788501316 2.433248807 1.103966161 4.602304801 6.562190718 0.716065247 5.181885003 7.562325933 5.457847613 7.844004375 7.835987240 3.772711682 0.552498652 3.179236858 6.221243763
9.086829326 20.573047247 -21.963587289 0.088119606 -0.354249549 0.867985711 -0.336664518 3.733825704 1.764849102 4.772305482 4.655659679 -0.118184859 5.002100043 6.847001402 2.818879907 3.925024687 5.142907986 1.213811757 4.176658011 3.424090146 7.624384359 6.170009745 5.561858198 3.782096700 5.825769999 2.931161809 4.882508962
4.147843846 18.524175599 -12.780647863 0.965958509 0.171035648 0.026208082 -0.192312515 3.096912042 1.395782495 8.625636953 2.064171701 7.089299336 4.880437336 5.332679855 1.835470362 7.157739350 3.702578155 0.740681915 -3.767882093 0.903598890 2.299761012 0.617702894 8.648935809 -3.304492416 0.056383127 8.519225984 -2.411756925
12.214717856 23.846055631 -26.072499428 0.599443423 -0.751772600 -0.229256983 -0.151481936 3.604621821 -0.966540044 1.024169194 4.324701791 0.341402976 6.585952178 5.484653674 5.639937246 2.269273928 4.396608096 0.035740629 3.085582986 -1.011044907 8.504239215 5.650953019 2.346039750 4.795122461 4.916589572 7.188263772 9.773560617
13.109860299 16.422776103 -9.845531963 0.596952194 -0.166265772 0.576469910 0.532622018 10.359797181 2.031457975 2.836701365 5.186652560 3.887824611 2.585334690 9.202507492 8.843576222 3.416296205 7.038710039 6.982909013 2.205334739 4.668951639 0.950421250 11.355608564 4.330877196 5.790994312 1.094730495 0.476173565 2.255792150
6.108753838 23.210768625 -20.704459055 -0.582564925 -0.305362275 0.701215373 -0.275079971 1.764365160 8.763749188 2.242732239 5.541398700 3.727523110 5.369979362 4.635280284 4.214165994 4.236624928 -0.424047513 1.515941524 2.575877974 9.732818066 4.906777266 6.115171316 6.426834304 1.783042894 2.100979024 7.666586758 0.196811546
2.803711055 15.659804898 -16.105633190 0.524452114 0.443188637 0.439309314 -0.579259130 4.463069506 2.537429996 1.715444688 1.146946707 -1.228852715 2.604438651 4.009113157 6.480595522 -0.744902813 -0.829689817 4.823060508 6.645324713 7.030505874 1.365924447 7.122165037 3.407001395 6.983369186 2.288891026 1.041240110 3.676099631
16.561737541 20.035435600 -14.787527156 -0.593832164 -0.507921838 -0.013731043 0.623851125 7.544148836 10.527891387 3.236184739 2.790427587 3.317974128 6.613088327 6.968258328 6.086965689 2.291110984 5.538652085 6.285982141 5.362981308 -1.647872148 3.638535687 2.230765620 1.400854873 2.822715765 -1.881429169 8.685714766 -3.166135500
16.079649960 23.619493660 -20.071215789 0.302081008 0.367988715 0.169336451 0.862934839 3.536279709 6.860530954 1.082393750 7.828919998 3.525761865 3.433062545 4.247637867 5.201486217 1.729876462 5.273175055 6.820999200 14.449290507 6.723280298 6.997223813 5.557764147 -0.336389192 -0.933692511 6.828927089 4.231655491 2.769565813
3.485534477 15.772071793 -18.650507879 0.707172532 0.222374294 -0.323251269 -0.588188151 0.595545451 2.440895394 5.321447807 6.732737758 3.677864763 -2.561438587 6.047479958 1.241223164 5.255730473 0.169005868 3.543115421 3.325635854 4.379021491 5.466916903 8.267041621 4.904385409 4.810200207 2.073385199 13.814359640 4.433657977
2.833938996 15.313759427 -21.828463181 0.195216741 -0.072704398 -0.878570418 0.429788918 0.632764514 4.519734026 -4.600173563 0.851566232 1.713041079 2.636226446 0.475131207 7.669956543 4.766015654 6.577508703 1.299894537 0.842219559 2.129364584 3.331494234 2.556004261 5.320096341 6.020194622 7.794697003 2.060824362 6.117906943
10.920561358 20.900764249 -10.577264019 -0.297730280 0.690717248 0.627888192 0.200056948 1.979183302 2.733751207 5.571554726 2.269913164 0.778517954 3.385266643 3.331944217 -0.232566560 5.741817582 2.273098968 7.141995151 3.910650098 1.402767407 9.493493481 9.627667319 0.590195173 8.041795736 1.858725369 8.553109388 2.918301403
9.581815645 22.276476317 -25.195151660 0.405029081 0.037489542 -0.796706218 0.446995727 3.090663761 8.351246881 5.028074336 5.097757560 9.599141543 4.703210172 6.099681513 10.078666036 10.017574275 7.487408364 0.396759946 1.397973519 3.717602347 6.783070155 1.779877262 5.232770246 5.071518089 0.737004835 1.808639645 -0.446396847
11.741985336 18.903917931 -11.930959746 -0.254381640 0.168863444 0.733108909 -0.607722343 2.820512619 3.370505331 2.408222212 8.415684423 9.262522654 6.966902349 2.931669128 -0.422178154 2.256820646 5.012163498 7.088492326 2.993020757 3.424089158 5.716061012 2.057889500 4.853958472 -0.367039587 1.679808377 -0.845020092 6.753961143
5.825056890 18.719251079 -24.631747868 0.125430862 -0.198397202 -0.649334816 -0.723374001 4.441443064 1.909834659 4.160495744 3.036223296 11.117019578 2.428627259 3.567382079 6.104849744 6.421457768 8.438160427 4.636587211 6.645916190 5.032125173 7.140881567 4.268197007 4.520739595 1.858425184 0.189609122 7.821644685 1.908892973
9.485729940 11.675226548 -13.167167041 -0.156039014 -0.486063988 -0.600506061 -0.615456006 3.694447965 6.190573874 1.910489177 0.406163267 3.994783400 4.748185622 1.330085055 9.681849382 4.532647191 5.966104200 3.029346395 0.587241359 7.031115168 4.018569861 0.772874595 5.315096253 0.671995147 2.135261505 1.721638927 7.041586073
16.311459803 18.030585235 -16.222612940 0.104854377 -0.929362554 -0.054011759 0.349819285 6.159751834 4.964270545 6.742081560 4.587367419 6.760347117 4.603487122 10.798273670 5.089079626 5.020292798 8.675227426 4.784350521 1.681629651 3.188479082 2.801379196 0.434760723 7.948528714 5.828251415 9.701636018 1.983903852 4.106928581
6.126825153 15.729345357 -12.578336620 0.300761181 0.541074658 0.042890145 0.784181970 0.716296230 1.678750993 1.102911433 5.906882377 8.976561334 4.932974593 3.129824769 8.263085829 3.912375837 10.851532041 3.646565534 4.078339592 2.190819930 6.782794509 4.239356711 4.144371440 2.731784201 3.732645062 7.664442406 0.793394933
14.063518558 15.529753120 -17.322951574 0.208280501 0.381418387 0.371722535 -0.820342370 4.062448007 8.412380028 1.313001052 2.787482770 2.810789761 8.423520737 4.193211939 8.228183985 6.235984449 8.947367903 6.825804327 0.615850021 5.553829294 4.296343430 7.893563072 5.963628586 5.912879389 2.690373359 6.551232199 4.995410333
9.433469695 18.033743234 -16.808677921 -0.147514890 0.841007742 -0.193583837 -0.483187989 6.076962669 7.300440191 2.831365916 1.958071080 5.139001027 5.935592044 1.152976848 2.328986549 5.562320384 3.996243371 6.353325445 4.941132735 9.318887094 5.547108158 0.671039430 1.164869841 3.641162775 3.891313998 4.335862623 7.219337254
14.424797795 24.060523965 -16.851639670 -0.014835127 -0.140131696 0.950584948 0.276642882 1.954892300 6.032190965 4.198449467 5.201333048 4.115720835 5.144456264 7.632211558 6.202027209 2.680755160 3.074475337 3.186027012 2.801685109 0.300784020 1.177367281 5.587188066 5.093662233 0.051278400 6.650171074 6.007925269 4.766542098
4.769606190 25.478785610 -15.845361498 -0.370711404 -0.175905976 -0.389532257 -0.824557314 5.065478003 7.752827773 -1.022878497 4.284396214 3.454672837 6.924834402 6.035471083 2.591023887 4.877862409 5.819786105 5.598072476 1.039398220 3.054120663 -0.686524998 1.182237303 6.934304322 7.142315192 3.102567746 7.175570471 3.891545621
8.350137410 21.571838577 -14.781790185 -0.227316962 -0.194424378 0.072358851 -0.951467475 7.129784497 6.416600327 2.284651022 3.790208966 1.747117957 5.331408318 1.610827700 2.183560881 2.426841405 3.162953085 3.958890909 5.411975249 3.170535415 2.811165171 6.024773854 3.810286232 2.108842977 -0.165734323 7.428831833 0.810369797
6.559673470 15.302224789 -13.603792873 -0.456224438 0.532797816 0.610564994 -0.367690274 2.502724055 -0.604108696 -2.165624014 1.225336452 5.183206813 5.119798521 0.508415220 6.473814881 1.615699686 7.913731627 0.147548018 -7.686423163 2.939988655 7.490627609 4.060801587 2.881752036 5.682806491 8.350606549 2.690567852 8.120988781
10.274145905 12.499535783 -13.012221853 -0.754436110 0.501299814 0.362208458 0.219840135 2.157668012 1.295862300 3.689916294 -2.534077890 1.133751998 5.355850523 6.185923520 0.875916387 3.676060335 5.099502823 3.946473967 3.690379827 1.857528960 2.789794941 -0.229065758 1.444869410 4.857376452 2.189029635 2.535724826 -0.830257419
10.830202265 9.838092088 -14.795744126 0.316333887 -0.425598602 -0.059400594 0.845736526 2.890926131 3.365444466 3.715048093 1.461755906 4.824263546 -0.339136373 5.543880831 3.603465496 3.176320652 2.486726165 6.824153703 4.617165381 4.305417256 4.682015532 5.912756250 1.913251608 7.107149867 9.396988060 4.002247916 6.570238912
6.822542053 26.469422343 -15.730304194 -0.811855481 0.058415394 -0.406978278 0.414544330 4.551504511 -1.626233982 2.198151451 4.010023774 3.609677749 8.213598489 1.730445973 -0.259474873 2.772113866 0.038750508 5.747970944 7.955677204 4.680682941 6.411342364 4.707459394 -4.496527137 4.078998605 3.484745638 4.344488485 3.185829888
13.147366525 13.641697995 -16.228722130 0.767740339 -0.390393679 0.377470015 -0.340123412 8.451950144 7.431993456 3.528436894 2.306122884 6.201466720 7.300788779 5.486074998 6.866189626 9.752624684 -0.371006669 2.667219804 7.944775181 3.458777188 0.216345789 3.058911742 8.096871326 6.078459626 0.411412649 5.039870098 -0.229313548
10.085601488 20.278905808 -27.202180619 -0.426341442 0.658750159 0.079775222 -0.614749637 4.443415819 2.511255853 -0.837527861 3.847641799 1.637379222 7.414667131 7.507332324 4.822304389 10.316504426 1.314733082 1.796659121 8.456384566 2.304109662 0.170427795 5.602721321 2.066914761 4.468613541 6.295378865 2.921241774 7.029988079
19.221942586 19.497402469 -17.259126601 -0.426443487 0.389377575 0.118823087 0.807720330 0.888385609 3.633651858 4.156104879 7.991123482 0.922954054 1.912768264 -0.335873238 6.090565827 5.205309192 5.759330788 3.862424181 2.795524741 -2.606738076 2.986707700 2.129902874 0.910725067 7.019573822 7.186777144 5.745152737 0.558378595
17.881151749 12.313985217 -16.897893748 -0.042242598 -0.148974429 -0.701274500 -0.695870863 4.771159789 0.422873748 4.442162277 8.192349811 9.682772884 2.911220590 4.634504929 2.583639006 7.690055398 5.122885496 3.047562870 3.940201299 0.276786517 3.540318696 -0.960475654 -0.175756564 6.434967505 1.016448339 -1.253475566 5.253691343
10.868442013 26.908784072 -19.021614473 0.582817419 -0.397382316 -0.555068965 -0.440805621 3.510085986 8.569067394 8.311570150 0.401131507 2.979706329 7.989809943 -3.014098583 8.798347903 2.800012261 -2.207164937 2.939635067 11.112098519 2.213951118 5.362532097 3.932208203 6.991747696 3.185555960 2.283214630 4.663109088 3.131668638
8.133430748 10.485119981 -15.550602193 -0.319863450 0.493559453 0.449180151 0.672550096 0.189161806 6.068188812 8.243630184 7.859064911 2.844802318 3.696414966 6.764644261 2.708362216 2.263325099 2.417700114 2.952794293 6.266703447 -1.276141002 1.394851988 2.431496417 7.182523671 4.495700933 -0.285687238 5.128108042 5.207219383
16.016038289 20.564799122 -26.059822661 -0.788379336 0.485446738 -0.374504736 -0.050454825 4.584457347 -0.961321800 3.990956691 2.340300570 9.351147471 4.324421878 4.287542527 -0.280575678 4.720681688 5.753710404 -0.701401368 -1.305711838 1.947889787 -1.819414022 -0.715183841 2.834786356 4.254747776 1.708403239 6.186135930 -0.996536810
