-32.466364136 -4.857702116 11.502961324 0.321821319 -0.431721810 -0.266871415 -0.799266517 4.787738505 0.580755692 8.173155113 5.202093776 1.541581102 6.998881746 7.783872501 3.218690935 4.493476344 0.684650745 2.958295332 7.940353092 4.357778125 0.655899135 5.274782530 7.538888467 6.205456153 7.478025583 -0.003045823 4.882355520
-30.701850382 5.039649812 12.192465942 -0.500653125 0.739550133 0.082793133 -0.442218663 4.103166295 2.962630418 5.230536559 1.000535369 -0.046697137 -1.161162557 -1.218052839 6.518577142 1.780043371 1.791867728 3.929930765 1.828729058 10.413531004 -0.489361136 3.892792308 3.511914831 -0.830483120 6.477031963 -1.817323123 4.326811465
-24.009515373 1.557679205 6.401010360 -0.183037424 0.633013033 -0.002303861 0.752187805 2.854122731 1.040866549 4.212063364 2.781278979 7.171589612 6.653427727 5.160942891 11.481144544 5.026196789 5.135346557 6.278491431 6.197487400 8.353522057 2.313499534 2.339142384 1.797085743 3.746627386 5.721314284 -1.440390504 5.427706197
-33.495930725 10.307966647 11.340246168 0.289109384 0.024908895 -0.295880985 0.910082279 4.421688517 4.916927215 7.549897290 8.656953034 4.128087438 3.277566757 3.961422435 -1.638219231 0.192131716 3.473798067 6.324767072 -1.516851839 5.778617840 4.776769274 4.889873237 1.910864610 -0.022064928 4.249492119 7.767587467 4.652220915
-28.531026445 8.334362017 11.266805874 -0.430712681 -0.338907765 -0.221588398 0.806552351 5.398486947 2.780592302 -0.749378734 4.052058498 2.738634983 10.136520307 -0.725331763 9.543911007 6.058710862 8.039929432 -2.343190479 5.047321201 0.068820901 9.579855903 10.581975211 0.314760124 2.914446869 -0.229792224 -3.176525843 0.666274203
-30.450900208 -3.300133415 15.533783620 0.659721465 0.274327251 -0.249487590 0.653657472 10.552328187 2.427051597 10.531804181 6.305057369 4.340140797 3.231972373 -0.068750182 6.776220970 8.084122490 -3.263307837 3.121546922 3.698622459 3.921598304 -0.532987441 7.318351926 0.673794919 4.995285190 7.173632546 0.618445260 -0.498913013
-37.630617223 4.144694762 8.575381518 -0.757057321 -0.114287029 -0.520017790 0.378661043 2.382960674 1.614310488 2.335506400 -1.957682745 3.062290059 7.499078465 3.583808947 2.477163362 -0.127004242 4.829797085 1.702866344 4.867984986 4.367826910 5.484407565 2.410926931 4.294471074 -0.213091527 5.116613731 0.331236654 1.423230613
-34.807074073 2.070584712 18.672475075 0.543162811 -0.542037496 -0.633822304 -0.097153491 2.856770106 -3.214310690 3.952944697 -0.488532459 1.996768344 2.640427224 2.683369155 5.664465490 5.865937239 -0.705109646 1.818554681 0.572759994 5.651461034 -0.368043005 5.085185285 4.842668305 4.141063118 8.896666274 4.656426955 5.026562472
-29.695448765 0.192544096 7.995225564 0.400172988 -0.697116350 0.361329250 0.472579673 5.801285350 5.606270300 6.384563544 2.833527546 0.011770577 1.624706403 9.635107885 -0.060705918 2.304866553 6.329342817 1.709922531 4.102162111 4.537131411 1.541851786 0.527378084 3.072838334 5.971363619 4.824081356 3.104750164 5.875870443
-29.153145022 -4.087315332 16.127240396 -0.889083726 0.071835997 -0.250276561 0.376472257 8.339644817 -0.637125499 4.279649489 2.997619457 4.549296086 0.062842178 3.091038319 8.122551610 3.561408658 0.146236501 3.211697885 5.625925181 2.505596840 1.795992256 2.036323632 4.798350003 2.325857267 6.902389628 7.936949578 3.486655492
-28.450872537 -6.603545832 16.805331278 -0.151430343 -0.579409309 -0.698746944 0.391288145 1.487891672 4.929934250 4.946663568 8.193160803 10.509224802 6.230085695 3.379324760 7.223745601 8.743174688 2.118330466 5.531239684 1.117495483 5.529012382 4.545096406 3.625507011 3.057099167 1.161070686 4.763824074 2.803121765 11.426819761
-30.863893466 -5.822329109 6.648323479 0.708842364 -0.248485963 -0.588955904 0.298208269 6.738077913 0.842704285 5.650169393 6.170974140 6.410546693 3.029385039 5.027312500 5.603874278 0.379204917 -0.650451769 2.349237151 3.367858798 5.826063073 2.066516295 1.834575834 6.501132308 3.142371316 2.558655388 4.042572167 5.033227112
-29.890294039 10.047473819 15.128860920 0.379559216 0.051133759 0.361136463 -0.850235612 2.551030010 -1.426103459 3.376207553 7.014044963 8.538278556 2.747855404 1.044385516 3.473077443 6.295790248 1.419117108 6.755397119 1.608542876 4.453651308 5.590798401 3.130536593 7.918733895 0.431353041 2.602539398 5.844284613 4.816890071
-24.895848687 -0.087857749 11.109147305 -0.177981023 0.846692904 -0.293046846 0.406887488 8.744763318 4.278066081 4.630644277 0.111750883 4.402967972 10.578652030 4.466407512 3.231700354 7.291828408 2.086457024 7.921109795 7.776293882 3.385396930 4.694698666 2.991537623 10.218249513 12.551068562 5.849279560 7.793611749 1.818071195
-25.370479902 6.568954561 10.937137314 -0.447293381 -0.559397933 0.483616634 -0.503107877 3.353442722 11.863044243 3.585609937 6.559830888 5.543352417 0.514994731 5.744107584 0.693420434 12.270885999 2.606547964 4.065638060 9.658267222 -3.893891159 7.301245910 -0.673401709 5.774656046 3.762642165 -0.976717029 2.466368689 0.643463995
-35.786002445 3.193831108 11.356077285 -0.448127161 -0.180094942 -0.596403963 -0.641131946 4.058913740 4.454241015 4.524537645 2.364198016 7.884059437 6.350203616 7.256128072 5.305780508 10.659550382 -0.444583789 6.662716550 2.082181714 4.992440910 -0.129778203 7.465233904 3.567705967 6.704975514 8.388493434 5.723906882 5.244655591
-33.323873032 9.118479114 13.795360517 -0.799869429 0.461947026 0.068806906 0.376934280 -3.728356212 3.502652241 3.671892706 11.330007144 0.515891020 0.221502240 1.490499864 5.627957847 -3.143782728 0.595360416 1.503692978 7.976560169 0.213378216 4.885151842 5.130462302 5.939539054 3.325751366 6.214215203 4.054017630 4.231259895
-28.234948767 -3.591817890 15.827634523 0.030339743 0.236669041 0.968841044 -0.066440169 8.564934566 2.770172572 2.898111862 2.070313289 1.326455239 6.993745928 0.788744776 3.196870701 -1.384650822 3.984963986 1.632251974 4.052085382 7.978051523 4.204332154 3.046422019 6.912868549 0.321568507 5.680166187 6.303219099 3.512660279
-33.824465688 -0.095329585 12.806315529 0.955796111 0.027783225 -0.058277587 -0.286854683 1.021805555 5.591304358 2.316305853 5.711394017 0.764416743 10.224022379 1.875284286 8.158345572 4.161048618 5.821486534 4.150526412 2.370688907 4.896950448 1.962806827 5.558509591 2.294685451 1.118381801 6.082939641 4.633818313 5.338227947
-35.292895560 8.030074311 7.379366337 0.321416932 -0.639229418 0.698582616 -0.007696454 3.138905231 -2.029627076 0.171152845 9.505600166 -0.870488481 5.015998429 5.423752846 3.628129020 0.176025330 3.093912252 8.278973091 8.457514380 -0.719378426 5.434294706 7.539067341 3.851198195 4.774822329 1.150090545 3.069105446 1.775260247
-32.238130749 8.643677655 7.653698745 0.266741599 0.263900002 0.635856496 -0.674456985 1.567491308 6.385627974 6.165645966 -3.260516740 7.716145401 -0.113380696 8.009809149 -0.604263829 10.263788707 5.424123040 3.647764512 -4.454743274 3.698824165 5.644730469 0.809540623 0.900295617 5.106893819 4.872013007 10.183175949 1.858307654
-24.010128403 2.387049033 12.554436807 -0.328445715 0.449757580 0.771119300 -0.308571800 5.568944513 7.880296039 8.947616428 -0.988038281 5.609769934 2.623677907 3.364811887 7.934461328 11.702483466 -0.802357067 4.079988860 7.104589064 8.109725489 0.693644666 6.381908855 -0.611649966 5.941376579 8.429504985 6.206520259 1.958358888
-33.855636675 2.107191016 15.744188462 0.568728313 0.093291145 0.036518177 0.816401428 7.643453986 5.797641214 6.824336675 2.718460590 7.968002238 3.026720853 1.956155879 5.374803546 2.928400441 4.678713986 2.534671754 6.681580083 7.656609654 4.781169022 0.144580064 4.679887850 -1.222936447 4.081040396 4.966406881 11.582738311
-33.822674803 3.691529543 3.387366397 -0.211277958 -0.644659043 0.253120529 -0.689714681 3.321513532 2.081476747 5.131511226 10.567971979 4.789456195 4.176641605 5.619215633 6.531817603 -0.034159030 1.992524829 6.485701828 6.121378956 2.457249508 6.023960219 8.870061992 4.745140360 4.559894681 8.605259414 6.419317617 2.244600890
-28.117871469 -1.165642298 16.930385115 -0.753526746 0.522626269 -0.396121371 0.046336660 7.318453974 3.913294353 5.572267099 4.702300998 2.983198959 3.933956663 1.017179043 4.512049840 3.201954780 0.064028258 -3.007892630 8.262833902 5.183066973 2.927332771 3.081789425 4.421307837 6.234589400 1.011295708 0.660868324 0.312592547
-28.719818930 7.939442624 9.761047805 -0.686600740 0.667935477 -0.136660734 -0.252518248 2.360705343 2.727264796 4.576642412 5.316884634 5.312521530 5.497369980 1.651815636 6.983705198 1.061958501 0.420980980 8.114226852 5.062115696 0.828031705 5.229356183 6.412432518 7.069828858 3.223614493 1.499433148 4.878113107 0.560830545
-24.973111169 3.276883977 14.764643610 -0.007318808 0.618519683 0.478572938 -0.623175561 7.759746326 0.160547879 3.445603489 -2.970259727 1.903195462 0.831439795 -0.971600899 5.147641023 5.478065191 4.245239075 13.910057138 3.504458737 6.147328738 4.108856817 7.219451796 3.431198498 3.256337091 11.392720704 8.038223193 5.081092595
-27.133635933 3.603346221 3.378116251 -0.297821324 0.533173427 -0.008731404 0.791803207 5.248997952 3.889614873 6.459324623 1.358756517 6.276656282 1.544090779 3.903669568 4.135949946 6.464755073 3.187079552 1.515465685 6.621201740 6.509930216 -0.643531045 4.539226217 5.208835220 4.522097301 4.494465776 5.665371897 -2.434722367
-27.615596049 0.250547646 14.409096424 0.155619915 0.139701110 -0.717441188 0.664487911 6.568726777 4.178554239 -0.068164474 6.379124177 0.240708646 9.551306728 2.064689558 2.270513745 5.107702944 8.072369166 7.190831565 3.691476873 -0.329687211 6.271629357 4.708277493 8.886334847 4.136170958 5.526067029 10.398884792 8.580172435
-25.446022083 3.559775018 13.134013823 -0.574385951 0.591987343 -0.147186173 -0.545864448 2.946775949 4.854497061 2.434654839 -3.689858803 -3.013427732 4.837379349 5.949713407 5.556505782 2.669567664 4.469372220 3.676568038 -2.912518988 4.209338237 3.366461197 6.567139836 3.334885720 3.103308596 3.617221772 7.029086692 4.066927138
-23.875074553 -3.716180130 8.805513181 0.078398574 -0.015331682 0.396730766 0.914452461 1.009663493 12.162582713 7.013751219 7.528735119 5.139174237 0.555757202 6.789846957 6.489595863 4.996417806 5.532852029 3.337387427 6.413884372 7.113502400 5.915926798 4.215723876 7.062268068 5.253744288 9.014702525 3.975166437 2.159675735
-29.793565952 -8.014092176 9.942029848 0.269787295 -0.719998146 -0.632921133 0.090710113 2.624636352 1.833881698 0.063166514 8.177510676 7.764170464 4.731546879 5.579601257 2.793375613 1.755035885 2.415765918 3.976409823 2.797582027 5.949053348 4.550392935 4.754186472 2.423445630 -0.398724028 -0.119893874 3.956945686 8.045925776
-25.013538695 4.876409994 16.279677092 -0.310285166 0.797526928 0.485600953 -0.178509464 6.142727539 1.645406516 0.655327938 6.223164580 2.937070288 5.442017889 4.787680825 8.141370603 -2.303479517 5.779249391 11.101295010 4.620946740 0.881036481 6.693179700 9.281755708 -0.656263038 3.602569018 4.921657715 3.426527991 4.273990375
-29.591115880 -6.644858859 12.414711799 -0.261740719 0.878590690 -0.299116788 -0.264762804 4.175828017 5.990886294 3.342902192 2.083591999 2.250150228 4.020543783 3.306241915 -3.761814584 6.057407449 2.447497591 2.650353929 2.149163833 1.623833791 2.178537786 2.995132652 6.998545435 6.407033708 2.427917361 2.201396715 4.294534736
-30.031123942 -4.364160092 3.231361598 -0.005915860 0.605012095 -0.796177673 0.005145827 7.824882876 -1.545614259 8.108548316 2.764780066 0.689674715 5.101332909 4.842732204 8.443410031 10.777712367 2.321475283 -3.237510334 3.774498629 7.850044313 0.411843474 0.843588927 4.883176511 9.072134417 1.899793788 5.109611027 6.232057592
-27.053800403 -5.625829812 8.088498766 0.760582589 0.648080210 -0.036999420 0.011713661 5.598879283 3.351983309 4.324312220 5.751481487 4.716572003 1.601842656 7.154666778 3.358969944 0.932387835 3.092611750 4.137629171 3.899966604 6.098372707 2.124782824 6.750180911 -0.428149975 5.962985602 2.270047845 3.073987221 6.544028446
-28.694104875 -1.221405199 10.617743477 0.674623991 -0.691074290 0.061086388 -0.252125465 -0.308593410 4.566267164 4.460460977 3.632683149 4.857070773 2.398816362 -1.463158336 6.474889031 4.058215669 3.404896292 8.972038024 1.343222885 4.179903277 -1.636802294 3.370901925 6.782787500 10.505208395 3.254723026 9.568549204 4.376650191
-34.297539296 -6.603007115 14.456920389 0.105829508 -0.245819796 0.918799397 -0.290138606 5.348767109 0.968253229 3.256536548 7.513905791 1.800924884 1.573745584 5.205861668 4.206492912 4.535134122 9.195266832 7.085475547 1.683167582 2.421789837 6.416652466 0.718972914 3.485183093 0.267212138 2.824872025 0.055203440 5.608029934
-23.892106601 4.463224159 18.762235545 0.714783924 -0.459417366 0.071133768 0.522455368 6.367991990 3.791663608 7.535754652 1.259854087 6.560171562 6.508383120 1.071047301 6.006106334 7.665154354 3.434094208 1.740457959 4.168382824 4.037362207 5.352950717 3.665299032 1.461644125 7.814043036 2.716732372 4.728647377 9.562164434
-31.869716117 -3.669111969 9.261191756 -0.399605660 0.834021067 0.306024390 -0.225993914 2.846543138 1.929044647 3.803690618 0.078355730 0.641968183 4.056861390 8.175994675 11.035665097 2.715222298 3.806160976 5.218873060 7.650091043 5.697295269 0.821844776 4.869539109 3.292637346 2.538816921 4.895856184 -0.628990375 0.504218731
-33.176916573 3.047238409 20.172403426 0.094195647 0.650303683 0.564978982 -0.499030109 5.689098967 5.779370402 7.084109244 -0.958651520 1.479124355 4.892751195 2.882664160 5.604902488 4.256815026 6.059849874 2.210661717 10.035224351 2.787904005 0.585887097 6.319491666 4.077385837 3.775396857 7.668145995 1.272936342 4.541488053
-31.407020553 1.674180958 5.501291934 0.591656427 0.634426681 -0.284812625 0.407832352 -0.682534942 5.849961392 4.868876586 4.094968693 -0.489411952 5.626415826 7.400360297 5.247772063 1.442922363 9.156043500 0.693787731 3.473077299 2.795560450 12.598247268 0.841366104 6.349938150 0.920171937 1.787608361 6.401025555 5.780080244
-33.979216455 4.296225192 11.197067578 0.095088642 0.197672799 -0.566731712 0.794165462 4.630181870 9.072363652 4.113171486 4.172699676 10.594557079 6.389842167 2.524557115 6.631364673 3.586710650 -2.777488886 4.944418671 3.282527911 5.258426469 -3.068673252 8.136586027 4.913605232 4.005301961 1.755158827 -1.653694977 5.810376003
-29.345924661 -1.954680143 12.428800562 -0.653513063 -0.694959816 0.052119855 0.295355804 3.267762988 2.749366011 6.611095539 1.263306610 1.451572133 9.556624577 6.616653398 1.792784009 3.947479026 -1.479592054 2.677224612 2.898087088 3.084349171 6.699715193 3.334463616 4.459696347 8.935873452 0.823801122 5.107546362 2.260513229
-28.832314484 1.739025502 14.060322691 -0.336137892 0.734819812 -0.187964006 -0.558319527 5.333025177 3.117593253 2.613522512 1.509068219 0.293956753 4.659505834 11.153015685 1.310461045 4.545590019 5.298431709 7.475317061 2.957235708 3.563669028 8.654345438 0.593544846 0.954834908 10.209059306 5.084539129 3.707704953 5.233340208
-28.689657684 -4.283433807 15.472828185 0.740654679 0.392642385 0.318207152 -0.442726565 3.634181708 5.265159930 4.792538024 1.927345510 0.390689375 2.121955710 3.451426898 1.135276334 6.974829496 5.283564098 3.452490034 9.358653959 5.403922516 4.372685757 0.783514389 -1.336078743 5.606311420 6.706902246 5.986686225 3.208541087
-25.451730169 8.504584934 16.828465585 -0.178892728 0.870009886 0.368850432 0.273915223 1.064646015 3.127550606 6.283673784 3.022468748 5.275544059 8.013104435 4.742916036 9.257174552 3.319687231 11.155005863 1.993283298 2.001742316 5.242834231 2.519438741 3.901699917 -1.337125187 8.077915536 9.263393109 2.961038382 7.028653243
-31.518502672 1.179709180 2.082035595 -0.344392961 -0.286060400 0.885458363 0.124605068 9.591566809 6.038833077 -1.242356455 10.560479225 8.304153047 8.173970091 0.518116477 4.640608762 2.971017906 6.181851448 5.242514459 11.120538468 -1.570374177 6.208620920 3.920062648 0.872984873 2.865372367 3.370405458 -0.224678130 3.983927699
-28.286944573 0.181399765 9.757478350 -0.867527526 -0.435066748 -0.070964394 0.230384398 8.751088019 6.121105788 -2.288328625 8.425486551 1.065072392 1.498152965 4.071490206 7.131953568 7.221732765 2.301559384 5.351108639 -0.295493185 4.161230271 5.389628590 1.730766074 7.013983966 -3.123983651 5.591252490 3.498872242 5.742542880
-31.767685497 -2.159508464 19.771867621 -0.501805551 0.185422904 0.705952605 0.464155637 1.980223762 4.900102988 0.836785940 2.231541084 2.868727038 5.828570798 -1.287642216 6.047101038 5.453592930 2.974801604 -1.706507856 4.166429073 6.963531787 11.409558424 -0.016694508 3.756846830 10.033798390 4.248406347 3.000685390 2.658491824
-34.033805914 5.247738681 12.193657852 -0.546141632 -0.548857067 0.237915660 0.586413997 4.428061950 5.865495560 4.175602838 10.923920275 1.352450780 5.532411604 1.525882797 5.069692601 7.248999084 1.563062194 3.850421501 4.079619559 5.893234493 6.415800626 2.396661178 3.891476174 4.172772320 4.794234256 1.382673813 5.885927692
-27.142499514 0.347771637 7.166353380 -0.051258026 -0.544568060 -0.762704797 -0.345108150 1.525313270 7.155977988 3.684473194 3.149621269 5.416167361 7.268614458 5.042110972 7.777802861 2.761564024 1.558900682 -0.157335419 4.500680278 2.844796953 2.927023565 3.704662184 5.123542086 5.856959681 8.260437057 3.259401376 2.611344991
-29.175653335 -7.265467129 9.422792755 0.336078793 -0.069214730 -0.939272205 0.005300082 0.332548214 9.988765212 0.523935034 5.941660129 7.706820629 10.818072195 -1.813641872 2.156638999 2.593386737 -0.971846335 5.101324702 3.546787525 -0.052542049 2.752167616 3.984969262 5.793879899 7.754556766 8.607347669 7.858984620 6.753700526
-28.302498306 0.920623745 4.589745977 0.629326253 -0.365694818 0.621361629 -0.290043950 3.749716630 2.395844176 4.100421227 4.217157464 6.431074716 8.106986102 2.461301707 2.114134961 3.285025690 5.650999805 4.045958519 4.148760247 4.827771279 9.171068432 -0.014418618 6.846400828 -0.632018820 3.539414136 0.273920351 3.954431014
-35.357572378 6.448560163 12.902410699 -0.688069823 -0.136408746 0.530037650 0.476458458 10.618561894 8.472804659 2.706432187 3.438031399 4.442305025 2.193683464 3.656086927 -0.169142271 4.027091593 4.831629609 6.860236485 6.963734983 4.920585537 5.849455862 8.280884349 -0.059693122 8.210909607 3.996849778 1.596474018 -2.573018417
-32.186083014 -3.258030487 14.941145723 0.388165376 -0.863803110 0.093863618 -0.307183089 6.622631343 2.158390667 8.962843873 3.569658089 8.853735115 2.161389017 4.455620225 -5.452247769 0.501531978 2.004947652 10.427462161 3.115618280 2.492816966 2.038337471 4.395734033 3.182560223 2.307114789 3.543595570 -0.847550647 8.717891989
-37.075876692 -2.766484915 16.185217598 -0.161588378 -0.751304796 -0.577286069 -0.275991112 0.625374199 2.190688132 4.309188214 1.900112022 4.767516950 2.423165287 7.586626325 5.760904309 5.529778206 7.448134185 2.906862068 7.752169176 -0.292286187 0.157544400 3.724634890 7.047641674 3.880466474 2.329007617 -0.282757971 2.384994874
-35.618817134 -0.834153191 3.711231127 -0.354794261 -0.689735016 0.616604497 0.134853750 7.953319610 4.484320842 3.704247733 6.225908156 5.105418275 4.495333238 4.726540041 8.112742433 2.668971836 4.868221755 3.952871553 -0.455868051 2.857811572 2.352578366 -0.081658564 0.552940177 5.361195065 5.758312146 8.761701085 3.025654871
-37.971530390 5.342564510 13.125393872 -0.084607722 0.385337222 -0.822904928 -0.408881693 -0.038954408 5.295084900 0.483272990 6.398104950 8.514277386 7.026207215 2.977418359 2.817135841 7.290079804 8.324770562 7.238173898 1.932713311 5.447776474 5.997456607 3.489901191 6.964070577 4.496834351 -0.207184465 0.381639684 0.499140875
-30.804311392 -4.853226177 17.673946238 -0.622445485 0.216328266 -0.668177840 -0.345401324 5.831834313 4.406163167 1.773999406 9.213954887 2.928725283 8.202186662 7.596598490 2.078402885 0.047530004 5.447809139 6.821473945 4.300836085 -1.769007219 4.107147940 2.619338398 5.238369130 -4.202424247 8.012793555 6.336199514 2.315862277
-26.033281652 3.528478345 16.469649979 -0.498792316 0.494049620 -0.461465586 0.542375065 7.465152633 6.171724174 0.899604364 6.841326164 -0.358313333 4.257790642 4.754858410 4.886625791 3.005721429 4.626218692 7.642246912 8.720255082 2.254246280 -1.616365738 4.005785528 8.205914054 5.835772935 7.667339988 -0.444570465 5.897218461
-31.990051278 2.381193881 3.770234317 0.684294794 0.276863565 0.638705271 -0.217123879 2.214183393 4.487290191 4.608585111 4.881054124 2.914483201 4.735748783 -0.035149267 0.046078655 8.379298256 1.457023259 8.861190378 6.852144369 3.635345218 8.224460022 3.526558951 1.689605520 1.163185950 4.737588328 0.920749276 4.790374905
-36.395932190 3.507197754 14.511467901 -0.448017666 0.179256525 0.428809223 -0.763721101 1.437393890 -1.317665994 4.824266229 2.242747253 10.699543711 1.983584218 0.599294965 5.043273926 1.673558897 4.146828064 3.329882708 4.898553951 -0.003403350 6.194071049 4.813885830 2.004243563 5.757683862 6.115385596 4.750902166 -0.262194109
-33.058715246 4.019863051 4.927014431 0.219014654 -0.341399078 0.704711283 -0.582117908 4.251177436 -1.023432308 7.640459492 5.155569367 2.668127897 6.425581441 7.601244332 6.084169090 4.562479340 1.256956718 3.016745685 -1.015590655 3.096679782 9.410974417 5.367017049 4.629041217 3.320693922 3.744816628 4.818431329 5.391380348
-33.310271474 -3.053561387 14.474726909 -0.004969072 0.409088619 -0.450438059 -0.793553631 4.006994803 5.912904370 -0.483995684 7.533058866 7.329334879 -0.009383887 3.365403531 3.985621649 3.560472043 2.855422241 6.655334034 2.813118301 2.713319194 7.057819213 4.996814410 2.737025363 7.682358734 11.876134328 -2.047783650 -1.383975792
-22.441700083 4.193677867 14.135846628 -0.834392596 -0.024038332 0.541495852 0.099966979 5.607227586 5.384840990 2.878218707 4.592872991 9.144121023 3.093235722 4.060006010 2.351145180 7.862447591 0.630677326 5.461459648 2.386148706 -0.282659181 2.607871628 5.996688175 8.082782363 -0.842253359 4.224769011 4.157075680 -0.928173723
-33.961710022 1.339071667 15.697609125 -0.379607770 -0.314554007 0.773999163 0.397339921 1.751350411 4.522734069 4.881880248 5.852680509 5.833464484 5.624286175 6.594382858 12.968985153 6.950099858 6.386363867 4.927729363 4.039032102 3.359084074 2.691725221 0.371474488 4.080184679 10.464851898 1.138037250 -1.952631532 5.933055581
-25.590640678 8.068793799 11.208204213 -0.253874662 -0.436739009 -0.388153324 0.770807169 4.887594480 0.836807870 9.264698086 3.536771197 4.027938260 5.159888034 -0.362788884 4.847954274 5.605138618 13.206405365 0.764502013 0.043993174 4.115594629 5.639316353 8.972260195 3.646605824 6.244970934 6.789633290 2.629887170 8.205441620
-25.917293822 4.553697997 17.200664224 -0.882227242 0.180946898 -0.381685104 0.207965851 2.522383694 1.842030580 4.290178497 2.894336054 -0.120264217 4.585239311 8.735357586 -2.339408320 1.610973565 4.867345690 -0.140067988 5.049138007 0.260573747 4.124849516 3.104556328 2.648269460 8.615756522 3.561690601 9.175454502 4.057810719
-31.793184261 8.757723792 5.722464495 0.952049380 -0.163648644 0.258491501 -0.001800668 6.395824176 1.978147528 9.408586642 5.361395274 -2.809908262 1.822925172 7.147942311 6.628094750 5.612755852 10.326060971 3.253919206 2.928360031 9.885925553 3.479347545 2.535055490 3.602445189 6.029351838 1.996155296 2.980980436 8.701050692
-26.494387878 4.424839310 15.971043566 0.746759909 -0.218727850 -0.126100434 -0.615310041 -1.632024416 4.384937211 4.568530531 7.844713098 3.351577415 4.320461478 -2.747177154 3.695175279 2.164786482 2.724665762 4.451652927 8.125434476 3.776124301 2.026751529 3.026954893 5.674190636 -0.009090605 6.262760957 3.670892820 1.849881334
-29.687435275 0.917934416 4.074447648 0.708082658 0.302746782 0.604119622 -0.204945891 4.581093501 1.448601507 3.102590328 5.424025696 5.907806916 6.752579563 2.175861707 6.218109212 4.447402002 6.015703232 9.789619971 5.398886510 5.209400183 4.882263240 5.630624971 0.671711209 1.649570300 0.769103771 4.558912692 4.270306199
-34.974246971 2.053128790 4.573346912 0.367829143 -0.558667019 0.736315512 0.102138882 5.522218490 9.206056933 2.448050765 8.846022550 1.741013780 8.874569763 0.610200615 -0.984105648 1.393439465 4.099815623 1.104486748 6.318168670 4.700081393 5.158427100 7.853350960 -2.378293560 -0.375955052 5.356320651 -2.369802533 8.725162775
-33.290056946 8.679134624 9.402182961 0.784861615 -0.202927150 -0.388949708 -0.437642483 0.745064639 1.616387037 4.157837699 6.434247503 5.267423468 1.810075646 10.284874250 -1.477568511 0.589700316 2.773342991 -1.950958602 3.915823173 6.276308087 1.609807769 4.815270516 7.245243657 6.654759890 10.203589237 1.188099132 -0.478158943
-37.162991925 -5.002629189 11.863085736 -0.797729573 0.083978601 0.335468138 0.494000255 9.188201385 -2.156449568 3.187707718 5.026612111 4.904827082 6.548977130 9.474624744 1.142874097 3.867510076 4.945565739 2.449154445 3.611586350 4.821903525 7.024812786 8.024262759 6.360891966 0.103385811 1.857340316 5.294421681 -0.583110064
-32.474989749 3.559549408 16.627568485 -0.661643733 -0.429649855 -0.496287452 -0.362391139 1.153387926 1.732638576 5.116975918 -1.861709610 3.622489078 2.881130845 1.558221938 6.671700491 5.783181443 7.925882790 6.053111800 6.583888983 6.202536562 8.130326307 5.109645534 8.273273541 1.709809288 1.414332144 4.021600491 1.837008835
-29.720583993 3.248956313 16.861455454 -0.249140499 0.583580921 0.437440302 0.637187808 3.453614584 4.114683612 4.916976157 -0.402441182 6.869346651 1.795977542 6.161526909 5.418215808 5.992296818 3.142952875 5.042664945 6.160417637 7.378432886 8.212755749 3.077011422 2.369018921 1.971137849 0.641171194 6.237967875 6.554091604
-23.965388469 5.302615819 17.391666413 -0.140475101 0.910355794 -0.320306446 -0.221185113 3.399099429 6.908961894 10.417027241 7.052607512 3.841328298 1.021723088 7.306298860 5.082780380 3.648573268 5.401632383 5.358032973 5.128791602 7.755178545 5.391297830 3.223228429 12.268870956 1.283466759 3.624250560 4.891967842 2.197585747
-25.013943678 -0.610176228 3.029416323 0.739819909 0.210444909 -0.639019404 0.005800274 5.310983895 3.693492522 1.869865207 4.843052457 2.696803388 3.825652669 3.045865215 5.832100635 2.849469997 7.304147749 6.374436969 5.369873979 3.896453919 5.751898165 4.249951045 3.573890316 7.633500335 5.195403323 3.962582074 7.924553177
-20.578858879 2.177204885 8.461347119 0.271179014 0.700384128 -0.532839860 0.389879083 4.541791417 -2.051094225 3.002922912 11.077984297 4.007059986 5.487933837 0.542275176 6.502068579 -1.956861512 -0.939668591 6.144476090 2.478182921 4.321497751 -0.061411158 2.745227923 4.360687938 3.985040713 3.363922658 3.449875266 -0.365677068
-32.789777207 0.407850272 8.302370926 0.017451761 0.261185975 -0.781671737 -0.566097711 10.747825792 6.318354646 4.635271537 0.725348139 3.790210919 3.779762368 -0.135163376 4.572942502 1.330989688 4.092910931 5.109704734 8.319030560 6.534759242 6.665134213 5.018050151 5.092018386 4.683399582 0.624408664 -2.667320155 7.022581137
-32.858292049 8.794995366 12.880283374 -0.283001154 0.709041208 0.644273456 0.045635799 2.217938686 6.468771563 4.835429747 3.018965706 5.515473179 3.934423837 7.622530985 1.364390796 6.802463910 4.214441719 1.243006659 4.728976411 9.136362765 2.709396909 6.167419480 3.368014091 6.183729009 2.204871507 -3.062213268 5.449909374
-33.298687545 5.151109154 15.889170844 0.157854599 0.169127122 -0.963767127 0.132781275 3.393381481 2.598244259 3.960084733 7.910223565 2.330536868 6.422889025 3.370592238 4.661637695 7.223235918 5.474121854 6.369201735 3.756539638 -0.497620625 7.480084046 3.185470627 -0.930231594 2.382211222 8.522516631 3.587601058 4.251225269
-36.528658565 1.234870134 15.241128504 -0.334506815 0.267881394 0.156929778 -0.889785252 8.385036072 6.427653131 6.931711534 2.497913038 1.222955327 5.840808348 0.440681071 8.960030561 5.929186210 0.159343139 6.165974823 -1.356811048 12.412334066 -0.328966735 1.576191317 2.020117534 8.595037919 4.774411661 1.706161863 6.108520755
-26.342976246 -0.860683112 4.085430847 -0.254325890 0.889693563 -0.187043764 -0.329815610 8.231637796 11.947279457 0.327092971 4.257203725 9.462356186 0.227095136 7.829770810 0.433692581 7.768862401 5.475765472 6.544524279 2.284538379 3.588471857 6.185701840 6.362406823 0.809591767 5.286066599 0.398977498 2.949456185 2.959754137
-22.250538553 3.948187620 7.837119674 -0.160282587 0.594387880 0.081235736 -0.783845199 7.170864253 3.706636751 7.315137947 2.009865305 1.495003328 5.650330116 4.375574582 6.115373987 4.662497819 1.958662685 4.612471619 0.113754244 0.363161603 0.474202445 6.599740267 2.391917049 0.844057090 7.166474750 9.694132268 2.200525420
-32.514133524 8.151623542 16.215357581 0.198735514 0.320184902 -0.915063503 -0.143682323 2.969772796 4.974483269 5.817443745 1.533075840 4.676719018 3.579298622 6.150374058 7.892480977 5.054539401 -0.250117918 3.392303743 1.394702588 2.808345124 6.059641083 1.651207569 1.618713278 6.095532964 4.009972898 3.772703931 5.231444507
-34.663426405 0.781500857 12.743773451 -0.580195612 -0.123813592 0.788399172 -0.162696011 3.555858251 0.087928282 8.548004681 6.187227814 5.218419553 0.246085257 8.334229731 7.553002149 3.697544333 2.520980219 4.124351736 2.266749540 3.487293891 1.457785393 10.045568091 4.915658775 1.655252179 0.634551976 3.168113930 4.853089875
-38.697750054 0.677051918 12.194075539 -0.577620672 0.440739566 -0.680234668 0.096869967 6.231600728 2.180266054 7.929719113 3.754879623 4.781928858 1.918853714 2.216026992 -1.115301052 3.551405184 4.651741969 7.655750528 2.588235877 3.304380580 5.058449906 3.243202346 1.687223522 3.323243678 5.600805113 -1.063173651 6.338237953
-29.429399086 -6.116141283 10.157488277 -0.122015855 -0.500131308 -0.771616337 -0.373616159 1.639472089 9.392232250 4.532280468 0.097123248 3.015164826 4.973803305 4.114040143 4.909573787 8.944368660 4.662203172 0.295190994 8.694968300 3.805110785 2.258241001 -0.130467500 2.205173338 0.180762589 5.525796689 1.609438409 5.498864920
-23.065313572 2.693914496 17.395621998 -0.866894844 0.325330900 -0.377653789 0.005545270 -0.494566288 7.969115326 -0.500348306 4.169352542 2.571311653 8.466310555 6.312405437 1.127710602 -2.147461073 6.221510189 7.752348815 2.913672684 6.801626820 6.496150692 4.221631972 6.177507451 1.951217162 4.162038057 1.073118585 2.033276125
-32.609408113 -2.560072647 11.438333107 -0.828804637 -0.267372101 0.235677000 -0.431336742 7.335762467 11.322223884 -1.393765192 3.904062399 3.789881917 4.658735825 5.530450132 -5.168513957 3.272000620 4.484075867 3.710678368 3.009755270 5.502860915 -0.629739301 3.547162797 3.742842003 6.415751492 6.297460578 6.144493833 2.847091557
-21.891002886 -0.639994525 8.557868395 0.125966862 -0.892037674 -0.432833413 -0.032501906 2.359535630 1.964002450 2.244945798 8.040375569 7.121954126 2.880930063 2.979290257 8.302750964 4.506061647 7.937639178 -4.544208738 4.420192718 3.229648586 2.415234522 5.001003640 1.619394854 4.639884640 1.978042264 7.178508903 5.025712090
-35.389597417 4.869501908 16.755084299 -0.544085196 -0.640742176 0.268687972 0.470348314 6.554626264 6.831565764 4.290066259 5.707116343 1.901828069 0.149883011 1.874346589 -0.681454449 2.984973942 2.281756356 9.128601228 0.988446097 4.709348882 -2.342624788 2.116672467 -1.112117860 -0.893457206 6.088759699 4.391324374 2.375232881
-30.037052262 4.587593825 12.843387043 0.149213661 -0.832160944 -0.520861444 0.118096587 8.916813129 3.230385866 1.153961449 1.925471624 5.155033606 5.579966530 4.979380077 6.766932883 2.201391441 -0.420559973 -1.845317866 2.335336879 2.061411640 3.869305701 3.393727814 1.701023884 0.818042780 4.922384018 2.888838143 5.932929639
-32.364494334 -6.165317034 16.181646627 -0.745942457 0.611472853 0.226274030 0.135907557 6.791207260 2.239576989 2.130957860 2.889045049 -0.154575403 9.291430072 2.620781093 2.327673598 1.427797627 5.331618443 3.344000527 1.620130192 2.504859308 -1.411937387 1.717519141 1.049551219 6.129670045 9.324974362 5.996945645 3.626403856
-24.304601241 -3.358320479 10.145654682 -0.082825147 -0.264384383 -0.939626936 0.200853464 3.980313254 3.389135506 5.913103762 -1.244047582 6.617972434 6.215603476 4.945727049 -2.121594539 6.205267328 3.523413745 3.660222065 4.332289769 13.291566352 8.454835257 9.070382006 2.850502422 9.198246674 1.193134331 3.875852392 0.976701823
-33.773186128 -5.940501783 6.587896142 0.051476144 -0.887302563 0.446226121 0.104530463 9.053276959 2.431454630 -2.398192485 5.585806092 3.338840807 6.297696474 2.615606822 5.295794702 2.042593062 5.040269445 7.743907117 2.843483987 3.328251757 7.084793956 -0.747508396 8.181263696 0.914286703 -3.698870703 6.092436444 0.110899461
-31.448657343 -2.943917592 8.552175551 -0.556470227 0.029927826 0.500297702 -0.662681991 2.450438756 4.060823902 3.710516652 5.728005687 0.388983720 2.921446264 2.396268139 3.629501803 1.349081876 1.343265307 -2.228877492 4.002306415 6.370185091 2.260576320 -2.078042125 1.942597962 6.858186857 1.685442617 9.694535606 1.905757468
-29.966013968 -2.720114589 7.184987161 0.364174452 0.685538798 0.627454166 0.060949112 3.550373039 5.848604108 8.264589525 4.842146875 4.346281186 7.674344710 3.415563170 1.168813177 3.501627636 6.726842284 2.763479623 3.361674862 5.073184928 0.732945321 6.470441001 1.547324309 3.099422459 5.151347067 5.370289077 5.709026482
-33.047068553 -6.632632588 15.647654711 -0.246418086 0.267455977 -0.746913069 -0.556656353 2.185233358 3.847477765 2.701623317 1.198399454 4.059125114 6.583547942 4.847056607 5.204397596 1.726354282 3.826074647 4.467999667 7.685120237 1.685415545 0.120248712 5.419649341 4.210553172 4.981205095 3.112991610 6.262346564 8.217122704
-23.114580340 2.449155112 5.242423975 -0.803485846 0.178978961 0.420558423 -0.381454637 0.707190117 8.173063514 4.533584682 -0.421444253 6.709935346 1.603390427 1.774137109 7.556515685 4.805964984 2.688834704 3.046764345 -0.881355087 1.188509943 3.930497934 3.713510563 4.256713514 1.531953343 4.216113864 8.591121003 2.799906541
-31.017892372 -2.124393607 9.915408283 -0.075111464 0.340564413 -0.929157045 -0.122643115 3.203540028 7.018803919 6.870631997 6.096093199 3.528612134 1.062264872 0.163912922 4.721264963 4.192107289 4.399213075 1.202701971 2.705168340 0.983041401 2.348860653 3.444954460 -0.380824830 3.432057780 5.975845047 5.517570388 6.970488241
-25.501402098 -2.912733256 9.765007792 -0.205980326 -0.446570458 0.775287534 -0.396328363 2.917607482 2.667393564 2.330659813 -1.415359418 2.455993133 0.809825137 6.817539468 0.895193700 4.023008505 8.877842378 2.743358483 -0.187134306 0.243861678 3.959626996 6.715075348 2.965510594 8.601089788 4.818226644 6.346815869 4.500626756
-28.233059006 -6.139182682 10.153806037 -0.312023955 0.460881179 -0.113881130 -0.822958491 5.175811446 -0.126679168 6.262479437 -0.030860692 -6.574438201 7.166163215 2.310552650 2.684703953 3.495484908 12.395423647 5.727065571 4.053149348 3.710011567 4.688699135 4.008022855 0.610183453 8.082768082 1.714076056 5.659525759 -0.385816664
-33.810995674 4.001875529 16.243663921 0.137641876 0.833874403 -0.227368786 -0.483747485 8.049863401 1.265386456 0.259818935 8.382467052 4.091859284 5.752672921 5.587238872 -2.978227984 0.983731870 1.764042990 10.533654948 6.502924991 3.272502585 5.316094170 8.614765626 7.427964196 -0.585024452 5.124251001 6.572270761 4.712108485
-26.985972380 4.626177816 10.720796727 -0.659311963 0.571577076 -0.404739482 -0.273483700 3.825185214 4.349614536 -2.076140391 5.007323821 2.092221459 3.958329603 0.894471019 4.761118979 7.264123885 0.614950808 2.471084333 9.829206987 6.483814803 5.377088843 2.409247043 1.249947483 6.826969778 5.694863197 -1.289083699 4.610176800
-30.016895265 2.093733877 18.532759275 -0.496196181 -0.484763493 -0.607693522 -0.386655259 -0.000828668 1.236136988 4.034858819 1.965210239 2.996146476 6.170172765 2.649279953 4.898047035 -0.836270750 0.975889987 1.063091802 1.205781313 5.092888756 -2.340892592 2.103324449 -0.253674761 2.886399054 10.922107069 6.274555458 3.433281008
-28.538503973 -3.664586216 4.212393692 -0.920138581 -0.143872081 0.007407478 -0.364130396 3.485020565 5.464052216 2.207830770 3.787716359 4.289523731 3.187594633 4.344678060 3.204483293 3.204846792 6.487781314 2.438974364 1.799258485 6.049740952 5.939628954 4.511847025 4.265912785 1.098704578 3.263068553 5.935892159 2.034972400
-35.307976452 -1.105958388 14.467091252 0.717166895 0.016709853 -0.526397932 -0.456396366 5.278715697 5.736394611 6.097558180 -0.779475775 4.488311219 6.278919441 7.550584824 9.978389066 0.048724449 -0.786391354 -4.219993913 3.710241226 9.471345900 6.251078037 6.364369066 3.379118624 3.310107281 1.432361266 -0.143050410 4.613951462
-34.248464284 2.926056262 14.375058647 0.384645471 0.468568144 0.671039965 0.426845547 1.570814794 4.044998704 2.353226442 9.271355975 5.253054667 2.981777678 -0.063626555 1.112738930 1.415540495 1.513965285 4.528511380 9.843298776 7.689805700 10.863415611 -0.080416046 4.100591526 2.215054719 3.391138106 2.740575689 5.039038300
-26.697734088 8.723624447 8.635887625 0.061593924 -0.461603340 -0.631627991 0.619818220 7.407450206 3.753309834 6.694977828 2.060361977 4.389302179 7.181586766 3.331441732 7.037750116 6.103266001 3.935118815 0.701687753 1.373445771 2.214889431 3.605747819 7.602375490 6.593861490 3.032875105 2.976162538 3.435617142 0.567879591
-24.208294743 0.648328516 18.068212639 -0.579450723 -0.768675016 -0.146637767 -0.227756328 2.714588760 0.930432950 4.759580383 4.421431086 5.324299781 7.580364352 2.157569080 7.913824925 7.670913108 3.805519830 2.863854549 5.278165011 2.663198608 3.110063758 7.342578227 2.138776383 2.588264685 3.373464711 4.740602900 -1.375434872
-27.413642603 -5.997194302 9.412033826 -0.008581837 0.797389625 -0.344310304 0.495526541 3.722987727 -0.196078597 2.980616382 -1.220520381 4.444303464 8.957039369 2.019145333 -3.178734120 8.275824895 6.606212199 5.060472038 0.728049927 2.770586662 4.353638341 3.459837315 -0.997366338 1.276772328 3.420172571 3.619882598 7.851220522
-29.979917487 -2.671417532 9.828817438 0.208326694 0.022742905 0.184023989 -0.960321780 1.052199898 6.067249586 1.283780060 1.287382478 -0.938778577 1.706955840 4.291720720 10.883271928 1.908462041 7.452948622 11.301337233 4.705986249 0.291958133 1.699595895 4.432402442 4.040445181 6.203010304 1.985860265 5.345166587 1.491376444
-25.036658523 3.055863585 18.624073809 -0.540153131 -0.830074892 -0.107603070 0.087360451 5.621258335 5.778371548 6.249255946 5.374463951 4.822316003 4.761925473 7.937190714 5.249072319 -0.453728957 3.640243568 -2.781730699 -1.200481877 7.744668365 -1.935026411 4.545015322 -0.073511243 3.950426396 11.750879585 1.402571900 2.658813452
-36.382448175 0.520874161 17.860650308 0.540329506 -0.306732747 0.169978556 -0.764896292 3.291026799 2.241310054 6.817004961 3.334512637 1.691666079 5.017114835 4.854362308 2.610043175 7.095795635 2.788273571 1.762443064 -0.647136155 4.088356360 2.023948307 4.211778511 1.711042125 5.843645938 3.860659966 7.554381262 3.825857599
-34.816498118 4.011034267 7.740272606 0.415034944 -0.346035893 -0.176108308 0.822794640 6.424211981 1.468561803 0.330053887 3.318418432 1.928416561 6.807854298 5.176048408 -1.776088687 0.767056196 2.953140834 8.323419405 3.095646907 4.155590156 7.264385875 9.258238620 2.259397180 3.307440740 3.919237122 4.027407186 2.997866821
-25.735364295 -0.218523740 8.811567641 0.567811057 -0.705120501 0.196160477 -0.376718396 6.521469596 2.942938939 3.039436730 4.238211461 2.680167679 5.340747070 3.627827454 6.225612377 5.574054643 4.068587689 6.555227384 5.867572677 4.473561313 3.591667392 4.638278604 -4.768068018 -1.066353997 8.068611511 2.668958769 2.068822283
-24.526884644 8.671699523 10.732731631 0.111855593 -0.165559460 -0.334273861 0.921053406 1.120530981 5.520665438 -0.534989845 -0.137646834 4.052396699 7.030163337 7.064010012 6.033120214 4.880250752 -1.953419060 5.570968663 5.051149189 7.147917613 7.039921876 8.862883578 1.701381976 5.041259390 5.330826627 6.672323714 7.702722291
-20.373247704 1.682708591 13.042701539 -0.279599362 0.224192681 0.881158170 -0.308418737 6.013869298 9.006375447 7.617475871 6.902313902 4.653524053 7.348788355 -0.833124194 4.792993460 6.020407151 6.730152805 -2.341915010 7.959203303 8.117774300 5.974034246 2.640196171 9.057225470 5.034487034 3.899615487 6.522227883 1.153306281
-25.523528873 6.311635617 11.723607709 -0.836502450 -0.177342705 0.390047343 0.341579107 5.114404606 1.375299329 3.742084002 8.638407528 7.106294875 -0.643889750 3.127156236 3.460302173 4.402131398 7.468842010 1.016109209 3.903883202 3.116443363 8.082373113 3.278464174 6.479687916 4.452396827 5.084485137 2.027924014 1.645821846
-25.112639244 4.949904351 12.862005818 0.497435492 -0.505159266 -0.613718022 0.347451058 2.911404127 0.367122292 3.787046028 10.403591024 4.941688846 1.113535281 4.911112629 4.097029994 3.403246271 5.493068034 7.934443346 3.853963090 7.053152905 -1.178739544 3.909148953 5.484043779 5.263500427 2.437843541 3.037684916 0.728035311
-29.705630734 2.201973987 13.539314033 0.076897590 -0.881178996 -0.072657888 -0.460794063 2.575619195 2.304546444 5.684883243 5.818981564 1.951641470 3.559675187 8.212817663 3.145536703 6.809827004 2.944056891 3.083252662 6.448843175 -1.083093798 7.402389531 5.414022241 6.165181274 7.043824513 4.986130402 6.353711407 -0.524382571
-27.420325022 -5.019297398 7.368554014 0.280753894 -0.868778632 -0.325179471 -0.246290989 2.090417354 -0.657715456 6.846066964 5.284987494 3.608611849 5.987755769 7.815810695 3.551572345 6.066593073 5.907478069 3.950086413 3.611072001 3.292349549 -0.900153748 6.516236439 0.093549019 8.397760940 5.524046261 0.670642531 3.881382962
-25.103315350 3.305770376 13.574750795 0.490516502 0.038455759 0.502755982 -0.710739853 9.833990532 -0.360155861 1.226599886 4.504055642 1.061787930 2.310701530 10.635763490 6.010946944 4.890521447 6.004149880 4.585885590 3.119058545 -1.181913978 9.217893030 8.595983687 8.792088724 1.534121837 5.171544010 6.406858248 3.922667305
-29.323212887 4.111370443 19.297776601 -0.745419528 0.332134524 0.405936472 0.411402438 -0.275868181 0.636889772 6.859639589 8.108412420 3.599182694 1.616826202 2.454132261 5.898578230 6.436680140 4.641097465 1.982464357 8.246829605 2.498140651 2.402632425 -2.256631739 3.333462960 0.491607755 2.616601295 0.868858879 3.183949638
-24.657671501 4.474270203 7.732035671 0.848738614 0.127317930 -0.242019960 0.452613796 6.426840565 3.426263204 6.600567401 5.624857189 1.868118226 3.975617469 6.776888066 6.377363180 -1.038755987 5.059966482 -0.001200527 1.935149268 4.525630134 7.143276370 3.850664755 4.237935226 0.309152577 2.499468728 3.487871519 1.857757426
-31.950009968 5.513523051 5.194843657 -0.448571191 -0.630320664 0.110308579 0.623948527 3.063339964 0.604718998 8.109151764 6.328065575 1.651004436 5.471294995 3.527254042 1.316484668 8.296662534 6.521735941 3.822373006 7.038927566 2.239572464 4.232186776 -0.548870698 5.259739212 5.204587316 7.402662798 1.419398832 6.249428440
-36.930379666 5.265697634 17.062654198 -0.202938932 0.100342346 -0.294689143 -0.928388664 2.439416962 4.048068094 5.165428452 0.633403058 6.804030001 5.025948987 3.109106918 6.667630966 1.532272391 5.582134424 9.423430946 5.403629187 3.417006775 1.261790703 2.487273775 0.382767745 2.621320755 5.545235236 1.423031623 5.973258028
-30.851630810 1.824277179 15.380829887 -0.311523153 0.703435408 0.402763809 0.495896427 -0.742528296 10.494797917 5.896115879 2.310588879 5.895197394 3.631439762 8.219413205 6.644120062 -1.553322988 3.090249802 8.156288278 -0.142963103 -2.759236076 6.046421308 1.715598770 -0.466916832 4.619175997 1.294481413 4.384145336 5.890357331
-26.390206080 -3.220974387 7.976897357 0.324622516 -0.213693242 -0.897610446 -0.207968526 5.476303062 3.963899946 2.664770995 8.258491516 2.152638174 3.848399341 4.663844889 3.318968813 0.361759380 1.251260915 2.896649940 2.718734860 2.232082913 1.504453896 7.763384395 6.915095329 0.191394561 4.152734404 2.644902994 1.048966157
-31.817586999 3.579860398 4.431321645 0.263482586 0.129334126 0.863135200 0.410910254 0.544700907 2.823818554 5.388862734 2.800318452 2.524699329 3.434947912 3.072921390 4.526856736 3.056136144 4.597144498 2.632255979 3.030424745 5.219426856 4.304951571 5.742906940 0.800259665 10.263006731 3.471861052 10.128718704 0.900479847
-27.632517413 -3.215883991 10.636304005 0.021916623 0.771820867 0.412573490 -0.483317004 6.775966916 8.218071698 3.650414687 3.693157172 6.208960991 9.376550018 5.297177973 7.852153712 1.786054646 6.299525473 0.416922604 5.968422428 3.957928874 0.236205525 2.377339496 1.270875666 -1.201582255 0.142121782 4.382894908 6.755577809
-30.387109219 5.423226317 17.633498249 0.017010087 0.389855211 -0.392578320 0.832830015 -4.027453801 7.517000529 -1.445179762 -0.315431785 5.413264129 2.435624222 5.865128303 0.505440412 1.070254168 0.913299955 -0.550431492 5.684844541 6.839997542 4.628673827 1.376750832 4.797067174 2.382191798 8.595264654 2.352676047 3.337171739
-24.903184202 1.824439114 4.105472746 -0.261196942 -0.944344890 -0.156172500 -0.124896103 4.358684761 0.518024685 7.657502143 5.030841662 5.845894943 3.122851919 -0.630420876 7.351471032 4.994217694 4.985905607 0.383416507 4.810787499 3.286592748 2.105061685 9.135593204 0.867916824 6.263337769 2.775422857 3.870307647 1.726075784
-31.476820815 2.196520744 6.057237986 -0.068569433 -0.807378677 0.481513859 -0.334039382 5.156795984 5.834677173 2.762218663 4.809980900 3.885308602 0.988588641 8.788670092 4.495057336 9.997820347 -0.430856014 6.673954291 7.004997498 9.756158903 5.632106215 3.499430716 0.972632553 5.202996623 5.775206874 -0.281914204 0.873528993
-31.665064054 5.853423456 19.485960217 -0.792843165 0.279140101 -0.000692513 0.541737981 9.694145528 2.613944620 4.278577189 4.281665907 5.603706146 4.105246084 3.195131550 0.033218563 5.693713289 2.546160849 2.747173887 0.597018824 4.423643881 -0.569310567 5.189362876 4.111772719 11.822183566 4.055587163 -0.529671183 2.656221364
-25.989927403 6.525315152 7.904052976 0.386256010 0.573821002 -0.581075849 -0.428820021 7.418694029 5.934949051 6.389098375 2.289408607 0.030218050 8.148516866 0.044950905 3.950725657 5.076934780 2.182826905 5.881940988 4.333899562 4.471900473 3.657647806 3.285660716 4.056053894 4.167747750 2.714737457 2.639106614 3.237437882
-32.542158254 -5.417337340 9.810309757 0.441672319 0.879430630 -0.108855063 -0.140277955 4.283836800 -1.966269626 1.335840008 2.087643048 4.538539476 1.183122567 6.727132781 1.709816796 -1.010030939 6.826104363 7.662203350 0.876595217 9.933272131 5.504875446 2.010183121 1.745707300 4.930025668 3.057354124 4.845015015 3.701946063
-26.621974783 1.949306704 10.904696052 -0.027200033 0.368421938 -0.135494115 -0.919329527 -0.571402096 4.004816849 -1.066037437 4.884127560 5.185489049 4.097819064 4.668314734 3.198744029 2.125307720 10.714124779 6.911989483 -1.539274568 11.888341703 7.963583221 3.886909479 8.383433351 4.562117759 1.288320401 2.454309378 2.212374452
-32.298688497 5.418140226 15.724313836 0.135316379 -0.305523249 0.303204371 -0.892419258 0.177590661 7.718225558 4.590626111 8.553242043 4.724275280 -0.911642864 4.291850116 9.994119253 4.418460801 5.041087529 3.389532340 0.420194390 1.104174876 3.410624344 3.564574857 3.669838565 4.645969640 0.952440675 3.746266001 0.400515255
-36.792379555 5.983337534 13.555170585 0.445671916 -0.794433466 0.405274798 0.077487735 5.024439647 6.430195117 1.737647353 2.065024509 6.880427820 3.664386996 3.502774906 -1.193758183 5.006992167 0.490056418 1.655984470 3.198692070 4.603723186 4.736639321 6.840464879 5.117390446 6.335006986 -0.151568149 0.259286462 0.840926694
-32.337469251 -2.173355891 13.623524058 0.396669327 0.382375573 -0.746928069 0.372210728 7.007221830 3.755237273 5.460893435 3.775687126 6.995653063 3.809106179 4.555552258 6.613096519 6.406824598 8.289969637 1.771027101 0.048987286 0.734261735 -0.938753133 9.066981155 6.695317464 1.890713579 3.164451544 3.190075895 3.351179855
-25.964460788 1.509185314 15.128381027 -0.671950680 -0.365494607 0.638700425 -0.083413088 2.418042495 8.375516911 -0.348155071 -0.022043784 6.185545745 7.013947770 5.925451631 6.238057492 7.463803753 5.993093718 -0.566134207 2.381321669 3.799588033 1.324449005 4.058565275 7.766786819 5.686642079 3.564607062 5.297999499 6.007978551
-31.507953866 -4.037886507 11.803268895 -0.597725710 -0.442235404 -0.538622093 0.396280283 6.797752506 4.713759857 -0.662459613 7.113571502 0.716110785 7.730647916 -0.437400122 2.591699073 4.350447738 7.283632064 1.555734389 2.839176172 7.095620513 -1.172102050 6.676042822 2.110754692 4.274963952 9.316394662 2.121595868 3.407264066
-21.977809247 1.964676841 16.615583615 0.591832574 -0.398354827 0.130599893 0.688470263 2.030149923 7.547368181 4.269988879 5.086185615 1.063870809 2.842205039 9.522599822 6.028671523 7.163280394 5.185391946 6.638155149 6.857430065 3.316656334 8.800154908 8.787541428 3.725950703 5.738136892 9.220291883 5.425160383 1.181466561
-23.027147388 -0.798844202 15.064989454 -0.271957980 -0.037570850 0.905734696 -0.322911674 5.653654826 4.053863679 3.596565477 6.018307131 10.155203610 1.468180237 7.459810001 5.052309378 0.133578007 4.704433202 5.225021318 5.529732637 4.493978088 3.470836952 2.311760466 8.986846405 5.158100835 4.037198784 13.323178893 5.529398807
-21.897198308 -2.637805576 13.471270144 -0.780490142 -0.226504035 -0.302806010 0.497834892 0.935253199 3.761366943 8.118129613 9.588702624 1.937162362 4.702959560 2.219910455 1.508502762 1.155656825 6.146651281 0.980093384 9.884814238 3.137701767 3.703799756 1.387243049 3.578906765 7.767397579 6.331232199 5.951153039 3.417620966
-36.597651457 -0.413842493 15.782835984 0.260328505 0.092370407 0.651188757 0.706859236 4.699984590 5.317734498 1.266234513 -2.946298675 2.245817885 -1.192615010 0.697982107 4.397839054 5.833241770 -2.359893222 4.065201634 -1.856644869 6.120149478 4.001258653 1.727265726 0.571126001 11.757392224 1.510963670 2.363000016 7.281547385
-30.931647072 -1.389409016 4.978794331 0.060688224 0.456228048 0.877857966 0.132432247 3.394885721 -1.033299173 -0.222268138 5.772039030 8.053200744 8.484165638 -2.358195053 5.406012315 5.272671580 -0.014532245 5.740759479 0.874598166 7.263767681 -0.700482569 2.009845029 2.955343207 2.124379537 6.561995586 8.975483934 3.194205204
-30.972964313 0.693888714 18.659472434 -0.743804173 0.150924202 0.416204537 0.500750458 3.763910295 1.039039770 -0.005270932 6.233617833 -0.219072581 5.242492458 0.778692750 2.786763935 -0.199943712 -1.495347942 2.261509297 7.229836993 5.408900355 5.936383083 0.375685867 5.266008587 6.575186031 9.375788626 3.490036176 2.066465784
-35.252565156 0.160905488 15.965933878 0.244325807 -0.700342312 0.462028725 -0.486163556 2.588757188 6.062977356 4.693638249 3.990958254 2.844776908 2.702381839 8.210660265 5.003283443 9.065056351 4.737337258 2.580087465 0.863877487 4.968694415 4.343075298 8.577258486 3.876179536 5.374725256 2.763757855 3.049034758 5.143941740
-34.576599167 4.626908296 13.976752873 0.352964355 0.290529684 0.346294682 -0.819200012 4.850995697 2.504953687 3.376850959 9.679865333 2.643626760 1.322181956 4.392655551 2.843571620 4.919523614 8.548955811 2.776572014 8.506582442 -1.451911107 4.413702970 6.651054310 3.088231166 1.376592874 8.955682434 2.738196478 5.839137190
-30.907274345 1.370332291 17.865857917 -0.229808473 0.559898507 -0.790983306 -0.089705833 2.980820801 5.157721303 7.281782899 5.826764921 3.870545983 6.579657643 3.107677148 3.566610416 4.721034641 0.680427472 7.440916137 2.405878103 7.585806917 3.660755412 5.777911703 3.285495978 1.890877995 14.185030307 5.984587624 1.996124565
-26.364534184 -0.984440897 20.020587669 -0.116687241 -0.843348286 0.508154597 0.130102503 -0.236883994 3.832680115 3.986759498 1.429222591 -0.991284734 -0.399568602 10.764101047 1.033190342 2.975179119 5.635344061 4.327175910 5.843374800 2.555378451 2.418380626 6.116730494 2.027469014 1.396411820 0.768454884 6.698471354 8.269877880
-36.038851569 4.500222165 7.894801220 -0.386506507 -0.311887465 -0.615273365 -0.612190832 2.737017758 3.293477701 3.576132793 2.860482299 6.718248908 6.294119211 3.984334113 3.719395961 0.372561788 1.114918037 6.860217469 2.254576805 3.390729212 3.174474587 7.862018483 4.216474583 4.052751344 2.053711542 3.077818000 4.871909205
-38.666196904 -1.693011409 12.502009521 -0.559667921 0.369702538 0.152548028 0.725824325 2.520883587 4.017420365 6.822319192 2.284061825 5.219454037 11.234693247 8.150108997 6.726155638 4.814574765 -1.231243513 2.418830521 -3.289612395 0.963807567 0.869768372 7.303603385 7.141259240 6.956907858 4.705009385 5.592290736 2.811858061
-30.633087532 5.355682705 15.391344914 0.402056441 -0.548338104 0.491222070 0.544405015 9.435941559 3.248594088 10.139956500 5.203317217 4.764671435 7.614857772 5.212042225 -0.743809070 6.714101772 3.810883525 3.172691573 8.547777142 9.708592794 0.386669735 4.341368576 2.630756242 3.983318740 2.517237305 6.407892343 -1.451500559
-28.389301776 2.830004158 16.442220823 -0.137707412 0.959505226 -0.149573187 -0.194972436 4.225345198 1.390467142 -1.475221876 2.700293958 8.444623591 0.923833454 6.171062362 3.607855103 -1.513677463 4.651129570 6.336402976 -0.875827852 5.048006345 -2.537801553 -1.028258994 -0.143609275 2.926428239 -0.174742227 1.002950748 5.565041202
-24.111832068 6.265264580 12.980970938 0.476802244 0.430743891 0.197053477 0.740465562 2.642044757 5.471834476 1.642524269 8.697965918 3.223410687 0.033876723 0.927098781 1.300725551 -0.016583274 4.802121939 2.205905000 2.784331919 -2.000427768 1.851585407 -0.582019919 2.726448046 3.603353506 9.806943680 6.466563517 -2.555971106
-25.103261840 9.468039882 8.217072883 -0.204594751 -0.930099014 -0.289508160 -0.096134470 10.006230992 4.262069515 4.211634687 1.647949926 5.401555989 8.042143281 5.344083844 3.438726740 4.660118574 0.185641969 5.826133449 -0.295997995 -0.673163869 7.522986145 2.865695897 0.803456583 5.786187176 3.667833468 -0.536898116 4.193242354
-34.413420335 -1.644136748 4.452345969 0.136358471 0.734943697 -0.091982342 0.657877936 7.714764608 0.813595753 2.435471352 3.383826426 -0.504354279 2.922351037 6.153924050 0.596243377 8.376938231 1.325732377 2.206708825 6.429560825 6.212784886 4.470210422 10.877728545 4.005507773 2.808350948 1.252994084 4.504410329 6.376836666
-30.954220031 -1.870431308 11.673040369 0.953777120 -0.195381677 0.087843123 -0.210757658 2.713315388 0.899329310 7.544443649 14.796374765 10.699489844 4.108664640 2.413466861 7.613133426 4.471558641 -2.677400471 4.943332952 0.357627660 6.683948857 7.033518421 5.805809426 1.988551175 7.637590932 5.530601479 3.080748499 4.379842719
-25.046405566 -6.132877748 12.133075326 0.287092446 0.639502473 -0.218642704 0.678829789 4.177743986 4.119912476 1.791843844 3.861262595 3.086540394 3.147313104 4.129281892 1.846398676 6.649405571 -2.312678511 3.477677159 4.888846192 3.323289962 1.681205555 0.457382462 0.830448842 7.923037187 5.910924246 12.342230796 5.138694875
-23.348400618 0.970699049 8.334352854 -0.150651626 -0.835451604 0.168848541 -0.500814212 2.419601774 8.326718694 10.402708058 3.898085718 1.509465913 5.805328156 5.258986832 4.145219847 2.058836960 3.767233729 2.803854315 4.786426483 -0.417216480 8.314617952 6.911528546 1.397254893 -2.420028755 3.154485149 5.945267098 7.295852161
-23.676548274 4.915255549 11.531019518 -0.054674793 -0.965406464 -0.149512992 0.206511239 0.924989672 2.141236366 7.409648621 8.418463694 -0.540071648 4.303419264 0.057528849 4.293801544 2.704647571 8.040689888 0.671237343 3.437158302 -0.404473132 5.532197839 2.363762138 3.163739266 1.999233150 3.687363013 5.067470347 5.496398655
-28.561439538 -2.207466148 3.928239530 0.297138179 -0.934523234 0.040945716 0.191568986 4.057157877 2.100246539 3.295589512 7.353220236 7.929320335 2.404888361 5.549483455 8.889406392 3.618723430 5.510293432 0.134104927 3.410377642 8.519714579 4.301799300 6.710755390 7.516663042 4.359025609 0.747180089 5.276288564 6.197695465
-30.165453508 -2.027790884 11.233511772 -0.416250306 0.156992787 -0.482475406 0.754523976 -0.855333959 3.479039027 2.682572142 0.992468832 -0.357823477 5.281104826 8.300716706 -1.212328301 2.562728316 -0.154357767 0.600547480 5.429225797 1.497299040 3.039637574 -0.409667362 5.011116028 7.038746049 6.462282644 5.010963265 1.196233202
-29.338358388 -4.038910054 3.851674470 -0.278521673 -0.242907181 0.836238255 -0.405126351 0.504093669 0.425632158 6.213189758 1.924510814 3.132491402 6.719562117 11.958486343 6.179086320 7.173213921 6.763507375 2.548463426 3.609353708 3.604164222 3.473402106 4.290622050 3.780164573 4.008221673 0.974845028 3.818184719 2.390448958
-22.064371176 1.124118915 5.630972579 -0.415511033 -0.324964749 0.259020386 0.809108728 1.671330067 11.068772980 7.278333774 6.281585480 2.477597921 8.012365367 -3.481796561 4.969751142 0.128407930 3.368377342 7.132270106 7.180302697 3.283819118 5.210733445 6.717030484 5.850257579 3.487896224 2.842659890 4.839091156 4.009567018
-30.552547955 -5.609722994 15.615707557 0.377690722 0.646064811 0.051429955 0.661290359 5.764639704 3.157184156 -2.317930695 5.137301621 0.133857338 4.981880334 8.778777759 2.829740128 2.203386258 2.966569161 -0.667161165 5.715031696 3.841142176 4.781553374 -0.248982105 3.506076318 1.332622539 5.002575912 4.804104754 10.666316712
-28.703884312 1.198167246 3.517608312 0.184976554 -0.632548796 -0.302296204 0.688681857 4.136080087 3.278479838 8.481097883 1.411966668 1.860447560 7.276048598 1.958743980 8.460316824 4.927284312 3.331340792 0.596010603 4.398442038 6.996678150 -1.366903233 8.425865171 4.798120402 6.010620154 4.357382529 -1.648367750 6.233430438
-26.331659309 5.850012641 9.940606081 -0.514903867 -0.489853399 -0.531844376 0.460498875 2.955696050 0.022998263 5.443918501 0.880523672 5.579269020 6.128572281 5.603502798 4.794419797 6.590369724 3.819065789 3.998447528 -0.678420843 6.398469332 5.145758130 3.921620486 5.509237985 1.915402164 3.047554100 7.448970552 5.130787968
-32.555643933 -5.581773790 5.796928329 0.238273661 0.621331462 0.725255266 -0.176572012 3.207824894 3.615086595 6.354177629 5.545961534 3.731290646 2.933207400 2.127922189 6.947006183 4.604579200 2.300587222 0.337755163 4.228253715 3.669221202 2.014095928 5.335447102 -1.673934633 5.282309566 5.625928617 2.961474516 5.626844142
-32.220492279 3.571686059 8.945444713 -0.661143501 0.731295499 0.079508637 0.147561988 6.325884544 -2.467250886 5.815536137 1.211478217 5.167616592 4.647334082 -1.883105909 6.095753197 5.999176992 7.946290904 0.422297309 8.996234890 2.034157325 5.792910393 5.203879558 7.662610365 5.016408099 5.632045889 5.608384484 6.560347808
-34.319554018 8.769964657 12.117439232 0.595530574 0.266092714 -0.316020422 -0.688962333 2.495367924 5.433859726 1.111299914 7.326219164 6.246296822 1.702709466 3.235890050 3.113522248 0.134286359 8.267017274 1.774198147 -1.268732654 -0.116913539 2.869738272 -0.291878905 3.322219438 7.273540319 2.897245353 6.757119768 5.912344058
-24.288583128 2.031173533 7.997070003 -0.685751812 -0.479708671 0.492375188 -0.239145810 1.431904365 7.193759851 1.199363448 10.774611209 3.611916062 3.635260171 3.842086057 3.778030093 2.427474279 1.425563807 -1.668775160 5.289244056 6.744880161 6.138109179 7.948923034 5.459637520 0.687607604 2.396361616 3.632428324 4.975252482
-22.397383711 4.555980407 5.319402256 0.151448859 -0.639273781 0.368864692 0.657518909 4.416225488 4.522635256 4.766630839 4.730436955 6.123373146 -0.137570215 1.185069698 9.602062950 1.004471414 1.350434101 3.705645735 -0.945828743 9.359622679 0.126236099 1.351013421 2.035798603 1.342780326 1.870164974 0.734246664 4.413769816
-20.367420649 2.438610634 8.891567470 -0.545488979 0.809924749 -0.081540308 -0.199536596 1.140775911 -2.078545953 6.342897841 2.234209785 3.983393400 3.624225429 3.393011459 1.647975050 4.738957557 6.218980084 1.364731657 4.115389686 3.752369304 2.528376261 4.776179831 -0.009179868 -2.330448062 8.676398512 6.749965320 1.743210078
-35.646067793 3.872062043 11.626675565 -0.110574797 0.373691115 0.804187141 -0.448788599 5.906339459 8.229024664 1.806774622 6.565924414 4.839931269 5.548030385 4.297965805 3.935050571 3.539812739 0.918193277 6.194887701 4.403037786 7.703047963 2.836575672 5.222312683 9.952405416 2.676544852 4.597841062 6.740916269 1.807999111
-25.462353086 -1.278843918 5.547943800 0.265537988 -0.575700371 0.639486401 -0.434874467 2.386766224 7.980888140 3.358850529 8.024426817 6.580046997 2.277116406 4.576109937 1.820764963 6.431698527 5.108721564 -2.849172118 5.782490660 1.270506040 1.824112730 1.357356242 5.803262490 7.395263741 7.109163949 2.754844204 2.929993548
-32.623449796 2.314941417 18.335356052 0.331878241 -0.895016621 -0.222910069 0.197770530 9.696671464 1.311571229 4.652758867 5.414643774 4.228798680 3.382574480 3.622949590 3.284413535 1.848155348 1.801776165 4.590534138 0.710429030 5.616603656 0.046011683 0.239356428 1.413471037 1.639772188 6.855086928 3.304249493 5.024583438
-26.255926319 -5.141834950 7.124804489 -0.907249996 -0.263639938 0.025128403 0.326741475 2.092521130 1.754396109 0.381403579 -1.150853211 8.662670568 7.595598030 1.655054806 5.901630911 8.777484785 1.043435066 0.478914016 3.286672877 4.929875042 7.236802213 5.893374141 4.161328999 6.244159138 8.698960858 2.612312799 1.298824556
-25.909964143 -1.641108932 14.207059613 -0.267732591 -0.367289056 0.180864306 -0.872184678 8.458425114 1.651578034 3.053796059 5.589209134 3.678693153 5.718254942 4.050577716 3.602576854 3.334337475 2.184047586 3.602149722 5.516375606 -2.080892681 3.077297450 5.357014673 7.059768831 1.735755374 2.083689041 3.595152359 -0.739135468
-22.858598122 2.163281831 6.184638262 0.577104897 -0.002639625 0.137458586 0.805014353 1.303420422 1.142095898 9.772618333 2.990428948 3.920532202 4.017287846 -1.581554848 1.242970138 5.886733059 0.033680559 3.256888950 5.715933883 8.437818006 -4.837454373 9.784968328 4.076931371 8.950414508 -1.581240354 4.341624005 6.670511114
-25.171551282 2.447683384 19.653413944 0.778941162 -0.253885767 -0.151957591 0.552902861 0.182952370 4.030353888 6.324462192 0.998363539 0.401641621 0.500664578 1.620053578 4.778112057 4.802357885 6.833344700 4.691592742 2.190280666 5.280296842 5.567709368 2.388682075 5.095977748 -2.747513109 4.788039450 3.274305466 5.847336520
-25.824330914 9.259825779 6.347125205 0.361217840 0.473005939 0.039690071 0.802628028 -0.653222426 1.995428723 -1.826537444 2.497551499 4.139884719 0.380915281 2.296461855 -0.040162323 7.891683196 -0.880458800 4.929518709 5.982766781 2.085465593 7.749945233 2.225598495 11.058325011 2.232996489 -2.369817943 8.361858584 2.762046980
-22.796346881 1.915514139 16.595636494 0.307777245 -0.388088489 0.023682732 -0.868389095 5.430481037 4.447826693 10.731646750 6.992458778 6.494460754 3.565638106 4.011573445 6.771120229 5.449333409 4.788558909 1.150126895 5.022368032 9.056295984 5.906390664 0.643722313 2.291759959 5.710373471 4.129849510 1.270922664 3.574865704
-27.335248340 0.043921856 1.708890764 -0.364304094 -0.219889265 -0.868461506 0.254373448 1.634009165 0.626406858 3.298060917 8.120772825 4.285594046 -0.582924174 0.288648766 3.398385122 4.600896255 8.864108698 7.298644126 6.301998836 1.283483544 7.179669548 3.547389148 4.392524872 -1.736882945 1.820003428 5.579963571 5.784990026
-31.487654508 1.500964003 18.787765581 0.239207527 -0.309477343 -0.203476412 -0.897552719 0.378961852 3.991422862 3.601593283 2.094131893 3.848369584 6.882728108 -0.009438549 5.551771556 1.759689831 4.896217691 9.536529689 2.895906120 5.194923917 0.713066613 -0.778476631 3.481004398 2.074770677 7.646375160 4.196733443 6.241981508
-26.939271718 4.944645598 19.417215854 0.327712877 -0.473404341 -0.301334749 0.760059188 0.571980851 8.240634856 4.583322628 4.491770483 2.996432524 2.712607256 8.085283716 5.985427589 -0.564860717 -3.555684381 5.690991583 3.256668186 8.567426035 7.980278105 6.023502468 5.353253637 3.822805565 5.175103379 0.982657684 6.767242777
-26.829921683 -6.624640261 7.551751096 0.048690704 -0.090923591 0.898310543 0.427083464 2.718913245 0.959718454 3.905042474 0.040949634 1.791076546 8.374172773 6.532864371 9.840886934 0.242414690 8.203553954 8.711334297 3.162197506 5.409569635 -1.058102484 2.823556499 5.072482194 1.318901295 3.815436019 4.441329908 6.476258218
-26.788355091 1.520023828 16.472502066 0.200324619 -0.226060536 -0.459234040 0.835386604 7.316866074 -2.871694240 5.694115510 2.153046693 1.114800495 4.831038520 2.399207806 5.381218445 -0.346998635 5.600108002 8.038582149 5.537245090 3.438439931 7.530352517 4.806878841 2.345647364 1.214885266 7.767375313 0.391783434 4.379086601
-38.841835686 3.762016973 8.044244750 0.195042623 0.856806003 0.442141093 -0.179869682 4.067931451 5.920046795 1.576661288 4.468187174 4.017062025 2.933060173 1.797515886 5.191590990 4.638431140 -1.062432596 2.437805562 5.566070666 0.827325957 4.974487621 1.773734812 4.996008276 3.123394390 -0.024214939 0.681145199 0.851479256
-27.202062957 -5.197372361 5.019364355 -0.105597039 0.824021792 -0.162016566 -0.532529797 2.291748378 8.597258080 6.373385462 2.765856202 6.455401595 9.794122385 6.474621030 6.531691125 -0.847136786 2.525307653 7.081424094 2.395522823 0.342990295 4.992210133 3.386984596 5.974906757 0.868697843 1.010135053 -2.169838856 3.760446152
-28.993792267 -4.580458891 9.331689724 0.500373757 0.238946760 0.424264045 0.715912403 3.873624088 -0.643978922 6.447330329 5.196534809 4.886241877 2.005425587 4.446403445 9.657357077 4.530228542 5.857204689 2.554787115 4.509414102 -1.614916503 6.885399815 3.372953410 6.695115290 3.243085616 1.884723735 3.992881836 1.794138735
-31.502758694 4.442495094 2.864487351 0.292423065 0.445916446 -0.825004491 0.187122592 1.179278830 5.073138431 3.077979821 1.301438506 3.638879761 2.270388548 5.693600563 4.032363708 4.324587166 1.763782170 0.829486497 0.226854415 -5.679023403 5.985198414 1.358877094 -3.020512931 3.724226932 1.593246839 0.257576807 1.425109514
-26.639099615 5.369587188 10.889137513 0.900787172 -0.420444871 0.099799331 -0.042996222 3.940992624 -3.275708310 1.661063856 6.518581925 3.709088496 6.440845116 7.644498408 0.941812271 1.706250735 0.592474886 0.337528892 0.507747503 -0.377755184 0.870369658 4.318358419 4.890127586 1.604950932 0.822322647 5.062356814 0.745875670
-27.411764404 -4.277973893 8.933724067 -0.515524230 -0.855854317 -0.025018473 -0.033499745 4.420045576 0.986795935 -1.431490054 5.706895782 -0.767496804 3.960350805 4.176147716 10.853056911 4.489915335 1.132124131 4.597675649 3.280069367 3.166758890 2.980292109 3.694531919 2.174910029 4.362270046 8.368847932 -1.387379808 4.198455754
