16.072308996 29.973776025 -0.165626506 -0.385319035 0.314520621 -0.106397924 -0.860979385 -2.620669758 5.151513462 1.681155483 1.396669866 0.001594434 1.020295325 5.438048578 3.411544946 2.238628097 0.224378815 -0.653642097 3.030636844 6.602289697 3.560227443 6.370512400 3.797264184 5.136955081 6.966162184 -2.870754815 4.174026507
7.993819938 20.145197824 -6.307212806 -0.095645218 0.053978065 -0.349839453 -0.930349783 1.296887979 4.854556605 1.312731273 6.482715899 8.270835929 3.146587331 6.360577198 1.799634141 1.729660810 7.478258091 11.176568722 6.005538492 3.832709486 2.580253873 6.029544826 2.175382263 2.808224064 1.100399350 1.856950854 2.729105595
8.682617338 24.793802631 -6.053902872 0.003805293 -0.026219359 0.998521924 0.047455583 6.978708905 1.762977637 5.620035982 2.435938627 4.678847761 1.720729302 1.203053717 2.625645166 2.077965869 7.075348630 0.942496544 -1.174609729 2.636838441 4.425919107 6.959692248 1.632978630 0.395936010 7.660755886 -0.651138209 5.965657344
7.395290111 18.728127582 -2.166714747 -0.646507788 0.596716936 -0.328586895 0.343492693 3.787621213 8.045388435 3.257582159 -1.014368548 7.541757273 4.401198103 2.377861504 5.266144241 4.461563949 10.792127334 2.340283941 2.812178858 3.409883096 -2.094324251 9.313878862 2.525347250 10.019374167 3.288838050 7.847334252 0.548253788
12.677703159 20.849468200 -8.032850542 -0.540321709 0.411723389 0.182193681 -0.710873944 4.144096227 7.287663663 4.742979109 1.520461347 5.328312335 5.866434970 1.635648581 4.733180139 5.136870153 2.968067386 5.043236994 4.029749384 6.205176116 0.023553145 5.115591356 9.400958872 -0.544788400 -0.327731934 1.310930993 3.560588920
14.028088785 18.833427583 -2.775518147 0.448133758 0.485584881 -0.559672138 0.500150534 4.014037270 4.390538404 5.445142535 8.186508088 1.637250266 7.407852317 0.013643042 7.446630951 3.100216922 0.902135445 3.028800758 4.492382835 -0.404161578 5.403268637 7.195402723 2.901545781 9.760174229 8.095015173 2.522488165 0.319910555
18.960124038 25.234548009 -5.889662569 -0.123572120 -0.706683922 -0.428118249 0.549583961 11.654274711 -0.261690855 0.862981138 6.938307634 -3.053001405 0.673877375 -1.858673483 6.136497370 1.345056775 0.210324814 8.353713989 15.336125714 5.789445844 8.075642747 7.422773893 5.558718940 4.018584581 6.292985359 7.813120105 4.189753604
6.704613875 19.296780330 -1.409312463 0.219061390 0.189330270 -0.930264213 -0.225332310 5.317817249 -0.274700844 1.742129654 2.999752632 -1.902701166 7.985185029 3.084142183 10.972003308 4.357182255 5.010457982 3.837767547 2.413596363 4.230619297 8.162892853 4.724842511 2.068615814 2.680651421 9.293381764 8.601798721 -1.820995016
6.896529864 29.919437591 -1.735966451 -0.243058472 -0.542782834 0.045650329 -0.802636544 1.884568191 4.533972577 5.123462139 3.498833109 6.942956290 1.140093173 4.039227794 3.797733492 2.816755591 2.006584146 4.316577660 0.965808022 2.389711552 9.840075008 4.513528120 8.207988986 10.689421815 2.149281183 0.012889966 -1.889362078
18.587371251 16.472276697 -6.686697377 -0.163763767 -0.638817189 0.411021519 0.629408722 -2.386220783 1.791602761 6.651578671 -1.332847587 1.614571447 5.263778314 3.513743832 9.415543299 1.155518308 9.287349188 5.972558376 4.079736376 6.237503445 8.149792998 -3.133597742 -4.115517016 7.230377751 1.519189173 -0.245080334 11.514180256
11.989238470 29.805664950 -13.319472143 0.733383792 0.170684372 0.620981597 -0.217708326 2.939524476 3.742743916 5.965962645 4.884073731 10.860010907 3.041056618 1.492610165 3.373533669 -0.330986326 6.740782001 8.636486430 5.948068447 -0.308364348 -1.072543127 7.403161448 1.798137326 10.126697232 5.117476621 6.236746338 4.323224912
14.903795157 24.431482400 -4.461046584 -0.115587102 0.844518276 -0.521254147 -0.041504428 7.922378548 0.631959167 -1.788777179 4.076256559 -0.751842461 2.395539765 5.367819485 4.014497089 7.845135182 4.034452089 1.915010880 5.807669635 -0.730647025 2.455992129 2.807560910 2.130085909 4.994219455 3.534061766 0.730471820 8.919646673
8.175236838 31.285600548 -8.922820907 0.120507780 -0.641480110 -0.304513710 -0.693723680 4.568973038 1.485465984 3.639680540 8.017537084 4.631967959 0.029102675 5.007306945 5.333792886 2.347349895 5.269550420 6.083297523 6.181574684 5.844941091 2.722844084 6.561687376 1.536670605 9.014095212 3.149191649 5.235987293 10.194001378
8.978089140 18.905132997 -10.134342323 -0.838452897 -0.485039916 0.004499737 -0.248420553 5.145291589 3.854749863 2.774910733 1.810472225 4.882817139 5.337095564 1.185595668 7.287566766 2.136116542 4.674762266 3.364262934 3.038812677 0.849105585 3.398028060 5.040165265 8.912319712 5.939460226 2.283523148 3.449760395 0.511679462
12.872774169 28.843265043 -7.228907402 0.145459892 -0.771956683 -0.604139083 -0.133941286 6.539731119 3.945013406 3.788811441 -1.843001614 4.092197545 0.131057978 9.091985242 2.287594572 6.501343719 0.916105995 6.078642249 3.270014307 6.105859041 8.253232685 2.384128580 8.557079667 4.945975249 3.665257426 0.673566700 6.787036826
10.916485552 19.375984043 -9.624654169 -0.418878566 -0.123520677 0.528498592 -0.727992189 2.059860921 7.971780146 5.731193529 5.503847134 4.038920411 2.197754155 2.029076606 8.072869580 5.389255973 4.779295911 4.804990008 5.418319020 2.191070502 0.546756317 0.229314478 0.353117764 1.784352914 2.348684805 3.452055459 4.699204026
8.877709493 29.547578770 -2.560294567 0.615524156 -0.202529825 -0.198990191 0.735196972 4.504046546 -0.011011635 1.146975895 2.181083275 -2.033509183 3.754979427 4.722098559 3.719779848 5.690739819 4.518299889 -0.463085979 6.273857167 -1.189749875 -2.563208355 1.171958585 1.722667373 4.745274427 0.166383819 5.300106629 1.905135094
17.942679174 24.129093513 -9.950803979 -0.836717343 0.169320610 -0.386652959 0.348904153 8.887885350 0.727233938 3.953338913 8.425450531 3.257679596 4.544790291 5.682396132 0.878200731 3.823051756 4.792175336 2.239218237 0.815365751 4.835247454 0.984029225 5.438907036 1.634148606 4.600973255 6.771085497 -0.978017412 9.001817742
20.392496872 28.410234790 -3.137407550 -0.805643602 -0.494515701 -0.018358454 -0.325661750 4.380160169 3.312182597 5.377657321 5.193382390 -1.978195272 5.670666960 4.429898331 0.926872841 -1.497186332 2.236670008 6.380107959 4.738495099 10.800662061 2.498294977 1.172615763 4.864143396 7.041584277 5.152754935 4.662016823 1.102154719
13.911382221 18.011652100 -13.878759187 -0.402853511 0.344063914 0.298992336 0.793682968 6.748766331 1.175710821 6.344392382 2.202126918 4.356783732 1.358450048 0.061990394 2.321360091 2.655454631 6.073284035 5.334904944 5.043641568 5.552756291 2.369724178 4.529290836 7.367964097 3.263238536 1.638115297 0.947771029 2.870695963
14.942028444 26.719829298 0.212482800 0.423002186 -0.238601876 -0.822974393 -0.294705690 5.593229855 4.819756952 1.818873864 -1.330262925 4.398987089 7.381515455 4.832598489 7.574421617 1.668473590 5.457787649 4.233694046 4.648523931 7.694716566 0.560780585 3.581343368 3.694820065 6.778466787 4.036684694 5.459022907 4.729768495
14.203383216 22.322583702 -13.324988342 0.235955430 -0.192629514 0.386569190 0.870507419 2.224462025 5.419715720 3.654837818 -0.602292967 2.939009831 9.324064464 2.195114654 1.264697045 3.280432151 2.458330819 5.627051539 6.723701403 6.603370826 5.452839901 1.207553241 5.789150104 -0.293333568 2.287918328 4.525116608 7.063409827
11.066274500 20.150996174 -12.931134408 0.389763247 0.018992779 0.426492151 0.815983046 2.333029674 0.103657860 4.579761057 6.882787045 5.286473792 1.659443477 -0.819379652 6.422155161 3.199498423 1.819648070 2.326336966 5.169861321 1.637772426 5.088417291 2.138902896 4.126872660 6.205675382 2.943079450 1.387103850 4.088836544
18.635574401 18.685055021 -8.256501885 -0.337541897 -0.035949593 -0.690400963 -0.638842395 6.003803476 1.810675930 6.505092039 1.490521191 1.801997365 -0.216867159 2.197169659 9.878624181 6.294512568 3.468388587 4.110181373 3.697486340 2.102655798 6.880696988 1.145537779 5.932870418 1.279565990 4.355552656 6.567907738 4.090757416
7.933408560 25.522498082 -1.480714253 0.220257427 -0.656050920 0.588564773 -0.417941820 3.324512305 0.235298065 6.154622585 0.519184626 7.545931997 4.969597207 6.722139949 4.517141570 6.332634783 5.852344215 6.038600894 -4.756348494 3.597254258 1.918740543 2.599040989 6.145993015 4.820417076 5.100368544 1.024407305 1.447336405
7.973943333 23.508661862 -3.411264854 0.928166497 0.323615490 -0.028808208 -0.181521500 8.243140451 9.858083474 4.912227346 3.191274199 -0.126886089 7.652590543 3.127736790 3.898356751 3.308641866 3.525475972 0.313245130 3.138585099 5.256880927 0.350798212 1.268442491 5.280223038 3.828537632 1.321073208 6.033553268 -1.168786039
12.313143247 27.202281887 2.639280875 0.577109386 0.622942662 -0.479367726 0.221571162 2.204201616 -1.348793846 -0.212758096 8.502487698 10.079037709 6.094371163 3.621182377 1.962586326 5.645198263 2.022030532 8.682721884 9.613189191 2.312646590 2.945989722 3.252333492 4.148176315 2.722975010 4.282941958 0.134958329 6.639926685
13.067260039 27.750651421 -1.858199071 0.723076364 -0.633888189 -0.191034479 -0.197109524 7.712016751 5.516366518 4.416047425 8.270169682 -2.436049578 7.396952869 4.441452874 2.325790768 4.420167587 4.884183999 3.276624740 3.046310445 4.141606936 4.590804292 1.270786211 5.396245312 4.606907818 -0.683986371 2.358567798 2.126803810
19.354250231 23.235146412 -0.007653633 0.334455042 0.880469122 0.301583011 -0.148194595 4.757066458 -0.240920711 3.684118503 4.969166334 6.086862201 4.275161442 5.009932375 2.551058631 4.107069962 3.134228188 5.225253021 4.824304711 7.042582311 7.594141844 8.047329757 3.302619063 4.834436077 4.418895926 4.191257997 2.595453634
11.212292974 18.836476536 0.269333626 -0.469427243 0.418713314 -0.171098474 -0.758315591 5.029727003 4.189372672 8.586705074 1.960077543 11.860354515 4.947273419 1.936321764 2.442015161 1.803909435 3.341881914 9.181749298 5.606018696 4.958353194 3.755945476 2.186856624 8.784189196 6.724765646 3.523096349 0.263530527 4.523734030
11.688043786 21.363567811 -9.524789562 -0.721342301 -0.018136376 -0.237902616 -0.650183591 5.666477268 -0.496788620 1.579515797 2.767360267 4.228001001 2.400372970 1.972733327 2.851163889 6.774403329 6.332321985 0.967550499 4.631729347 1.508162175 4.265645194 0.787066212 5.866047688 2.087882741 5.446743307 4.488153188 3.735898724
12.197456076 25.994107616 2.498143045 -0.714087830 -0.689225626 0.107050169 -0.059890467 5.013559939 0.856956072 7.778852347 3.666490687 8.050856538 2.885013260 1.933073802 5.224162899 6.250729579 9.838849997 0.710264021 6.969873765 7.855142295 6.250889955 5.106596894 5.789561041 1.663519817 -0.100965190 1.919300781 2.419703514
8.804993656 31.016360490 -8.990717209 0.880409469 -0.126757440 -0.316749591 0.329365169 6.126458854 3.104148411 8.112645767 5.423072384 10.350472396 2.850040078 4.276346934 3.045936039 5.908421775 6.626660650 3.371672611 0.463495070 11.227400428 -1.434416268 1.685742531 6.169456367 3.908330200 3.334550047 1.770613629 4.273588788
11.920061888 18.477118538 -13.063183886 0.472769587 0.326470921 0.700556243 0.423233512 4.309605172 10.322543159 2.862318823 5.909619649 4.826740182 -0.219884035 0.358372041 6.460660391 6.498467387 2.655854410 4.996389529 9.022682995 6.079921571 4.424761779 2.440551885 0.608049581 6.328347036 5.657033117 -0.640707098 4.181721208
8.273878110 28.957150662 -3.215929013 0.238574068 0.675999438 -0.234022864 -0.656765158 1.009054189 3.493985922 4.409337896 7.703635412 -2.016331717 5.433114262 -1.858808339 1.413375980 7.072943843 1.948580531 -0.533345763 4.576140496 -2.953777896 6.764671634 7.674662167 -0.913274279 -1.708001986 4.810075551 5.359336532 3.291158736
19.186488772 25.092636232 -0.840733753 -0.461558183 0.689687147 -0.075019815 0.552872237 5.432630526 6.512261929 5.608193622 -1.939612656 3.905353946 -2.809265138 3.683708264 -0.681943919 -1.531458257 11.833667877 0.116856177 3.686017582 6.310306237 4.338486233 10.321649734 7.678233981 0.132700825 -0.156363504 5.221691502 5.059077341
17.121067386 23.171616572 -10.603836187 -0.770233876 0.119820892 -0.305592953 0.546804972 3.122998353 5.439391292 6.143572297 3.070638858 1.631163819 1.669324806 2.601861989 3.161951826 2.858122709 0.227088304 0.485893900 4.328450258 5.425574977 6.729099636 1.016747157 1.967527518 3.847694458 -0.340265081 3.841084949 0.512754026
4.852086166 21.433947798 -5.115673154 -0.864397539 -0.127117745 0.272479319 -0.403004957 2.801651569 1.610253809 2.087870109 0.579985465 6.653219985 4.142192290 5.303590024 5.596670583 2.841636023 6.227328374 5.034231579 7.940327767 9.508304432 5.798740131 5.046499464 5.333650811 -1.409496487 7.725411621 2.819784069 5.298865950
13.586301917 22.711872068 -3.899634007 -0.306340979 0.816976037 -0.178436423 0.454825023 4.550396598 4.666103741 2.057431387 8.088765875 4.053373728 -0.013383742 -0.758730919 2.689375448 3.204240298 2.689347041 8.075857836 3.783111631 5.962545506 0.846272332 5.331971808 5.186712928 8.793642250 8.910228955 2.291908863 1.281826442
10.117211346 21.696881185 -14.926383154 -0.694803412 0.265340718 0.137843217 -0.654096147 -5.424971249 3.595073318 9.084499600 2.574315645 -2.995997779 0.504132804 -0.337246064 5.083264145 0.233831725 6.154216265 3.285390617 5.789831882 -0.845064888 5.374988146 4.479497225 1.498731515 6.925302942 5.812702364 3.705907055 9.758277627
19.391389950 23.849497005 -6.313117904 -0.293212327 0.410961898 -0.849693426 -0.152177301 2.923011318 -0.218494760 5.384884153 -0.286864983 8.015739031 0.733111805 4.556616780 8.553115535 5.963748561 4.958526187 3.396123003 2.474617797 2.904785306 7.440261216 -1.532729738 6.640924609 8.558635740 4.170241167 6.943943094 5.969702854
19.628109125 27.825091304 -12.077998425 0.202744286 -0.428003603 -0.319932601 -0.820579552 4.084710783 -2.347493364 2.398547810 1.478564315 5.616805982 5.632006612 3.039499998 5.586553873 7.652055951 6.626210467 3.389512970 -0.753389894 7.398271554 2.781769321 7.409246333 1.080362290 2.914764644 4.024494974 3.834146458 6.306184315
18.867156659 27.537730293 -12.507809397 0.322662573 0.890067798 0.162684445 -0.277852388 5.483901380 5.721588972 2.062206539 -2.279623259 6.943835957 -2.193884533 10.703778430 1.064500578 6.808668821 2.366460063 0.220995712 -2.503704312 2.042040925 4.661111330 0.008738181 3.894240677 3.033457563 1.847459790 5.336065070 8.549125143
19.749853617 24.378139152 -4.955121079 0.563538269 0.279621755 0.606215302 -0.486558632 0.225947087 5.759224746 4.925235841 10.505977536 3.059593880 6.010081654 -0.289053485 7.727398176 -0.647382680 1.281710499 2.086832507 6.191926746 4.293123610 2.077627135 7.329251823 5.972282842 -0.872834210 2.330257683 2.491568322 0.955214589
9.184484450 27.947263196 -8.507004733 -0.030144768 -0.185568571 -0.949688691 0.250493490 10.114109000 7.469485360 -0.530073609 4.945130803 5.738193715 4.625554225 4.084440396 0.379916655 9.775123646 0.829250605 1.972523719 10.324655168 2.293672262 9.093276678 -0.384463116 3.096593607 6.200559980 3.875274072 1.758128220 3.924636506
17.690269928 17.101734112 -10.489764281 0.572150256 0.115684225 0.754583243 0.299775540 8.194340332 5.151203137 3.711338027 5.259788297 -3.997905129 3.712150666 9.536051260 7.302831999 2.267027195 4.483023119 6.790930940 -2.707126373 4.323202305 5.598557396 0.467437097 0.808066278 4.214754044 1.322517216 0.717268100 3.901936139
15.197258987 30.225164744 -7.392208966 -0.357072836 -0.219431573 -0.907805155 0.015445882 4.547534521 4.145423693 8.203513108 1.687159778 2.694504950 -1.841080206 -1.712529616 4.909265183 8.105524790 1.137951088 0.286001639 5.726154161 3.288353514 5.915942572 6.349516855 3.251156292 1.135590222 4.365535247 3.625570825 2.663689205
13.787526113 20.922156543 0.734131782 -0.437450536 -0.858979749 0.073973801 0.255575225 5.013967477 1.479612075 -2.735202083 6.280500122 8.781422761 0.756531958 1.722194205 9.839524230 6.625251460 2.721723208 4.246691609 6.351834195 4.058851132 6.176949637 -1.153586654 9.820802218 3.435704558 5.120284566 4.974057955 1.528661944
21.623492878 22.324101986 -7.348866094 -0.496541553 0.384527385 0.723185728 -0.287380548 5.112435874 5.835098116 6.439818700 2.556949703 7.814630726 3.435298640 3.386166449 3.123530494 8.233251422 4.831404560 1.805106499 1.500738190 0.313099814 6.953939912 5.345322810 6.302463322 3.891623347 4.441701797 0.555397037 1.368172655
6.912704002 30.737438686 -10.111356517 -0.014354937 -0.584915089 0.203067519 0.785131745 2.203016075 1.521426227 1.109058097 3.576485052 8.222307231 6.261394339 3.765664947 3.637087435 0.759892252 7.868325643 9.037746670 3.486524385 3.620268523 4.699301104 3.449858545 6.022921765 9.696094957 -0.683794329 9.371705945 2.675788586
11.306301752 25.529999269 -5.349734463 0.818205821 0.497657301 -0.207826672 0.199209735 3.927244052 11.975941148 3.147976570 3.744345673 5.170943134 0.971636086 8.807230160 6.227640773 0.501235062 7.017324954 7.663070313 6.745923529 2.302083516 1.264338233 5.683644249 3.585693526 -1.347228031 4.581193332 3.576643255 5.072728541
16.131249955 22.019201565 -8.110979243 0.013436116 -0.219182533 -0.939286078 0.263666743 3.504616130 2.103695584 8.239762335 5.161646271 4.165050226 5.978570892 3.044340334 3.192246527 4.625934001 -1.077871920 0.883725374 0.651329206 2.282380544 4.481774843 0.793982435 8.342784090 4.779829666 3.859793768 8.353599004 6.087452490
20.592149622 24.825962663 -9.302027482 -0.151682480 0.479022127 0.661800645 -0.556372297 7.339055857 2.087794890 4.542714285 7.379211438 10.596695575 3.312738592 0.734096563 5.152977077 2.639178902 9.014956567 2.906114611 3.212936842 5.250239464 4.995116460 0.402323551 1.974812694 8.098956639 4.542573331 0.600647658 1.976919590
8.133669465 22.042185892 -9.337285219 -0.623436391 -0.158802559 0.328086270 0.691713967 6.196058095 7.083183898 5.909676422 0.687079558 7.077237450 -4.235240432 3.411271342 4.609770979 8.694452686 3.935650959 8.067826612 4.056106384 4.505586027 4.353275607 1.283214569 8.300047411 5.560755030 1.762624929 -0.004524902 0.468013508
17.460165112 21.580949342 -0.825486906 -0.232074102 0.438148474 -0.363200748 0.788829983 1.959035056 4.904189082 -1.605620556 4.357793721 1.945836694 5.976047180 1.446650575 3.680446527 10.679389081 4.673596603 1.991042847 5.918122687 3.219518591 8.258333335 5.725424813 4.537074136 4.799099063 3.461455509 4.958759094 1.801110315
19.375057657 23.123632983 -5.655791531 0.562885328 0.360731224 0.589204718 0.453729978 -2.307819839 0.854979268 4.335979820 0.408892061 5.832645229 3.002585799 6.887272792 3.948071550 6.394495325 6.422560910 2.927003175 5.017825690 1.579702003 6.975589748 8.889862289 0.975813913 6.098966022 3.857091563 7.402178634 5.747086506
6.481897135 26.859211496 -13.145725501 0.106378456 -0.442576675 -0.881721312 0.124004187 2.283826945 4.039555272 6.076857882 1.493628942 9.571113937 2.509858786 -0.134347417 5.196443255 0.814954473 7.105478040 0.045625053 0.455758448 9.215927984 -1.333620661 3.961248997 10.339076438 2.785037797 4.068217733 2.690918307 2.098815798
7.495905181 25.685404129 1.060707507 -0.223058153 0.116823594 0.861272573 0.441369304 6.203402116 -0.031461854 3.197527765 6.981287335 4.971027010 1.718207345 2.202879766 7.858378571 8.699139691 2.623440697 6.859607077 4.129425955 7.043992320 1.002399571 -0.449418979 9.778569563 1.606772560 4.047789408 0.010813921 6.226845625
14.047732437 21.942214887 0.928037111 0.165673260 0.525687730 0.558173016 -0.620199699 1.438760299 3.141796100 3.529878566 6.500886584 8.274154516 4.631110895 1.716984126 5.511577641 -3.543948828 6.465696823 6.243602655 3.385533087 10.105696509 3.772539084 0.475500189 4.813355069 3.339472095 2.958372656 4.628459895 5.078380772
11.522543976 19.982721342 -0.017097804 -0.234283312 0.181806998 0.092249417 0.950551203 2.671391442 9.009591532 0.023612755 -1.038881517 1.469584783 3.886111566 3.266529389 -0.077214834 3.083518907 1.619836277 6.864176907 7.153319282 6.335071127 9.859324324 7.809284045 3.923239054 2.685824042 -0.193866484 5.018428673 6.477401985
17.858059012 24.590859385 -11.735276151 0.593697189 -0.152591314 0.781269030 0.117721029 6.460929896 -0.831316098 1.524178151 2.708093898 8.312790712 0.578701208 6.591070857 5.087809205 2.433487894 1.223215574 4.100269184 4.576024790 7.763057678 0.430697516 4.394883202 1.612360173 2.316202888 4.349801998 2.069341526 7.780412050
21.664390378 21.528229850 -6.442436352 -0.428690922 0.324767424 -0.463287185 0.704354455 7.617769259 6.734819791 2.175376149 7.754731640 1.632796319 6.161875131 5.212005000 1.613426880 5.631206412 3.581185407 -0.597325700 0.901149204 3.107630036 5.588022772 7.879473424 0.254880463 3.554779352 4.664856072 4.635199758 5.863700999
18.170387034 19.882824889 -10.314708759 0.378932035 -0.424652691 -0.763547205 -0.305084039 3.573075365 3.734341822 8.817926749 6.653117967 2.249360250 -0.714311963 4.449158474 6.078761837 5.862698076 6.011810287 5.089579641 3.858828006 4.085624460 2.885817741 9.754589633 1.680829784 5.953402776 0.905044904 2.355289033 4.411667359
6.237254330 20.083543948 -12.522056179 0.175629882 0.761193830 0.165690714 -0.601900892 7.174861463 1.864640261 3.641340873 -1.641668034 9.506761456 1.257609782 1.495154095 8.105836531 2.538414196 1.697763790 3.832658882 9.508158549 10.061335674 1.962306684 5.265277680 6.651660456 5.629147967 5.780589092 4.593407480 6.529301426
9.061381649 17.510163372 -6.559102686 0.068331216 0.590701519 0.639357331 0.487467704 6.372950772 5.498794869 5.745700884 6.685155502 6.089777831 8.810529699 3.744998491 4.622542392 -1.597317466 3.378398831 4.343282895 5.668153809 7.752929603 5.750018534 4.030136924 6.319032905 0.972046947 6.822926304 8.448148536 6.721150663
12.420501890 29.317838213 -0.332533017 0.713561302 0.130751396 -0.423281265 -0.542740556 0.153786620 4.609629295 5.319533649 4.998889624 3.655687948 0.609647723 6.355621549 7.221959998 3.825393548 8.260330407 4.647633451 -0.611290655 2.036945742 4.479498109 1.437239083 6.258325363 2.866893042 6.156202312 0.603959547 4.063359343
10.673863633 14.783379203 -8.340127266 0.975383246 -0.077332001 -0.194049875 0.070653591 7.033757508 0.920028248 0.123824807 4.533727972 2.990213646 3.602480719 1.073169083 8.168466752 2.588222872 5.981833706 4.854290137 1.758265853 2.276698700 3.240840233 -0.416438715 3.615392505 -0.871285039 5.595689003 4.437880155 3.060922967
6.007524805 22.806789176 0.416314101 -0.664708714 0.284292033 0.467188901 0.508994004 1.410403971 4.582121531 4.758235648 1.340778112 -0.330664515 0.758656094 12.175176819 9.001099171 6.785247578 2.712657808 5.746537997 1.457721136 6.882151008 1.236878604 1.125918174 2.250825662 3.824433126 7.200154044 1.578087325 0.451125037
15.443489852 27.633692109 -10.514315247 0.023017281 0.338219408 0.528426181 0.778359562 6.623156949 10.294286238 8.332206494 3.022069441 6.741509005 2.841874601 4.325565616 1.966900410 3.973148265 2.362530939 4.543532447 3.544528121 4.509017024 5.710915920 0.338273983 2.106318238 3.737041528 3.805196152 5.756627439 6.919900588
4.853570210 26.346059149 -7.285601812 -0.201201763 -0.187711616 -0.959545134 0.059626638 4.798414981 5.286673430 9.225241653 7.114410679 4.006310689 5.149784545 6.002621543 4.361270594 3.608773429 4.097616048 6.546493829 4.554614364 3.338562580 1.985249970 1.656659779 3.916004464 9.086701419 -4.607815913 1.634240087 5.758703539
4.105483925 25.566832179 -9.937118041 0.051822456 0.672952311 -0.579845762 -0.456320625 3.818262681 1.726930935 5.287983943 1.333426441 4.288279937 4.962956029 4.445238752 1.384155937 4.624707038 6.585719921 1.301345802 5.409349361 6.721770630 -2.703265765 4.458557795 4.358330506 1.691914782 2.911838046 -1.885513181 8.959095378
11.241763250 21.597365010 -12.813815966 0.002953319 -0.424147320 -0.828124122 -0.366470691 0.535924551 6.907567688 0.740571609 9.625932003 -2.272189716 6.840815467 4.698972804 -0.460607425 3.093718583 3.245106222 6.339840505 -1.348505281 4.091071579 3.117451834 4.464026257 5.305314261 5.634362722 2.178633883 3.822332150 2.660657371
3.502932929 25.254001709 -10.029281020 -0.753393751 -0.100752363 -0.636508928 0.130779207 2.945550976 6.224563523 8.148020278 4.232914439 8.128819559 5.153280941 -1.101605118 5.203982839 0.464808389 5.726072586 5.484570165 3.047685332 0.457531292 3.046761996 1.991513030 1.926576844 9.073913527 2.481739092 2.550424287 2.795364046
14.382144827 25.604769776 -14.398809101 0.433902980 0.781131140 0.291427964 -0.341514403 4.245037471 -1.583577533 -0.263162364 2.309403163 4.709993935 1.614369779 1.703384086 5.371100661 9.556642150 0.910314488 -0.768048766 0.282245149 1.585277313 4.856682110 5.152269442 4.238415271 0.253941046 7.947741579 -0.653868310 8.725631790
10.023483033 24.182403615 -3.009776038 -0.293592167 -0.548891535 -0.723892596 -0.297491566 7.015881343 3.782031787 8.939543553 4.676075481 5.216335323 5.723702194 2.466389375 3.203098806 7.638580619 0.288047781 6.962457423 4.100971276 3.908464325 3.169746439 1.982333503 9.078281428 0.667457961 6.120348591 5.871012907 4.180685598
8.461919966 24.650033914 -1.574413021 0.417795610 0.591657200 -0.657658335 0.207060619 4.564559876 8.312668600 8.704622467 6.596429612 7.085475748 0.128947960 5.769919160 4.574489957 3.472941586 2.106801552 -3.954939070 8.936105800 4.643832475 4.667855415 3.375316515 3.118353177 -1.479373555 0.941751068 3.846856780 2.571353135
13.677222417 17.705479163 -11.070105387 0.663758986 -0.746863431 -0.038502304 -0.011687431 5.203891946 4.323137126 7.121722443 9.766921931 4.803082781 1.572515135 5.611292464 2.199919292 5.892938452 -3.002295602 2.086084493 4.582375147 8.064485209 7.724368978 0.478427975 4.362912047 1.733959220 3.179061182 0.201161793 5.644779566
14.004960436 31.379690236 -6.154197814 0.694904782 0.604281020 -0.030692669 -0.388599733 7.033728716 3.567427864 -0.051969046 3.263508351 2.987056417 8.128174674 1.105787557 1.974375368 10.709920740 13.424519703 0.412785221 3.635947027 -2.073022251 6.943632533 2.057285099 2.337432832 4.259599640 1.711101763 6.321234275 5.918092257
13.760887187 25.877112869 -12.607780095 -0.339974036 0.110414832 -0.519258225 -0.776271290 2.798889225 4.107048232 6.345544942 6.288931985 -0.689145347 4.720090539 5.485520849 12.079510766 5.749838405 3.458854351 4.868468662 0.178179078 5.506378478 1.289020197 5.589975200 4.970501218 12.699091113 4.012609985 0.690311876 3.682777043
10.361020080 18.660036745 -2.253250156 0.533469954 0.482080303 0.142609487 0.680199180 5.219878087 5.668756725 2.741242664 0.759841103 2.853195558 2.621731229 6.727759936 0.009769374 7.538701440 5.418936962 6.380557457 1.392134079 3.250256186 -0.292058945 7.681744749 5.331514057 3.490441917 8.833392268 -0.757284535 -0.041145947
6.987333020 22.953307162 -10.113242100 -0.124462256 0.538541062 -0.499147176 0.667334075 2.814186739 2.022802928 0.509943033 4.763884622 4.053290011 0.690735511 5.222121246 6.552060425 6.168080449 5.636920456 6.027847751 -0.218548356 3.451740987 -2.518488289 4.156190509 4.282444959 5.002115031 -0.642291092 8.086824947 1.954062207
13.545314043 24.894278115 1.766058289 0.972090046 0.145768174 -0.178597583 -0.043537166 7.807831811 -1.081834113 7.385017884 6.975490913 1.889927288 0.483448570 5.893999599 7.765413227 4.476668272 3.965482081 11.346659792 7.970136977 2.793814800 3.894653362 3.842648598 10.312283083 7.868391185 0.997039370 5.870877363 -0.064772197
15.936584943 21.698767188 -4.244888618 -0.332891442 0.581966750 0.655043097 0.348448749 4.265778596 1.685961217 0.430789551 2.463300544 2.505576570 4.805594003 5.972377311 6.202362667 -1.792636039 5.860079595 6.431138426 2.679813003 5.562932254 1.965092145 7.974498473 6.338330102 3.729808963 -0.409332670 6.362784752 -0.281404644
12.423976760 30.566016146 -9.617862869 -0.805470852 -0.394112938 -0.416836082 -0.148793078 4.973747812 6.214675615 5.811478245 6.647932181 2.732355342 3.047497350 -0.789219699 0.466447457 -2.411124964 -2.611606844 4.059461134 4.162542483 3.305942943 5.922183558 1.995904103 4.849152038 2.536435749 3.603974256 -1.343681239 3.807954613
4.866115658 23.265534070 -5.473102928 -0.507155123 -0.344836832 0.642148363 0.459920341 4.168805763 2.446669815 -1.091043928 7.907435450 5.203065504 -0.729548697 7.552421153 3.516530659 14.133812384 1.707750709 7.548079722 -0.174156144 3.517469208 0.757936903 1.149880099 1.399879087 3.882630849 5.694962406 6.978733195 7.605634537
9.527577778 29.131046892 -5.167771209 0.185320828 -0.317119525 -0.558793993 -0.743532562 1.240640033 3.524131169 4.482196405 7.992182415 7.739542284 7.861588984 -1.114818801 4.376762134 0.199114154 2.782263049 6.998360866 7.346616305 2.790296170 3.461790647 5.342055637 1.791628121 4.454936014 7.933165897 3.515521678 2.017021149
15.109456069 27.006995577 -13.156548524 0.847768470 -0.316813192 0.243141224 0.348999093 2.673346504 -0.750806127 0.453077821 2.910100657 1.990845379 3.016316199 2.973237900 -0.729996823 4.238440970 6.378818115 8.006313798 1.988669405 2.607400737 3.961844164 -3.879053080 2.755149424 2.125524642 7.190883280 2.884624454 2.961811000
17.088206608 26.961343710 -7.105925556 0.201936099 -0.817589748 -0.471177246 0.262222841 5.152294443 -2.035110629 3.538777905 6.105766137 6.239832010 -0.305629522 8.177480881 5.816627239 7.435966021 5.012817236 6.993920104 1.049421768 3.859739582 3.987393458 -2.297801617 1.533154133 3.631671646 10.891952300 6.862122711 1.136845886
8.384738983 18.330333211 -13.419878220 0.872804569 -0.180393529 0.367785218 -0.265338260 3.144399767 5.848795341 5.232407964 3.688367610 8.302763263 4.446421858 4.349058766 4.794856843 3.500640967 2.621164165 4.667977928 0.922504065 5.173264646 6.331474882 4.429233907 3.253700203 4.794453325 9.327049799 6.834166908 -3.119708134
19.491812255 26.652004165 -1.913753968 0.008557809 0.088264573 0.995532513 0.032421376 2.232421518 2.228525482 8.889465104 4.349588605 -2.941397628 -0.583985823 7.779802165 3.811440429 5.508893706 3.995519066 0.706971938 2.820157651 2.748191502 5.278216323 4.865288662 0.205783059 6.562690357 -0.103948258 1.592389108 5.348372761
11.793435606 27.870672670 -11.582145606 -0.232979621 0.388871009 -0.419455873 0.786483697 5.284777189 5.855361450 1.024812020 5.549506589 8.192339311 4.820774410 4.642144758 4.324431993 4.504875491 3.441179642 2.982558804 -0.774666713 2.383035925 1.177659096 3.888047624 6.667676520 3.554891224 3.413920203 -1.765102018 3.342541039
11.736845814 20.462789497 -4.986692997 0.301277799 0.823835873 0.319100320 0.358749394 2.655315677 1.724482641 0.713579633 3.678482728 4.029956254 0.180569638 4.701689542 6.020957634 3.687978086 8.355998563 8.628526760 2.537535279 4.789909007 8.883090841 -0.823472748 4.200497165 3.982266793 6.966807394 4.702344184 3.457673117
13.293043634 15.496752729 -6.615775539 -0.886891347 0.145883583 -0.425408544 -0.105684856 -0.580220594 1.326692682 7.801745957 2.385515505 0.880090930 6.267698638 1.839621470 3.634337264 3.912663942 1.869492944 5.145058683 2.617841222 7.239088220 7.578865415 1.564584787 5.429792769 5.989417627 4.938621616 3.559050471 5.765129224
16.978425965 19.315565190 -0.098103539 0.783808589 -0.404793740 -0.295712915 0.366524209 4.264869883 1.267121581 4.797858900 5.815607830 4.162372578 6.293329370 5.798962909 0.532269239 3.612865990 1.141783202 2.663543105 6.182546691 -0.032871645 8.224525864 5.111535749 5.960026140 2.615306114 4.502151159 8.471982707 7.935366409
10.624654257 14.223961327 -7.779413698 -0.540929886 -0.814072570 -0.001967397 0.211368961 3.257765815 -2.104771505 5.723399387 4.016857168 2.109950311 4.563189365 2.537629528 0.548561175 6.733713047 5.988117957 0.339092084 9.677219667 2.494239542 6.695549917 4.790654466 2.351624595 4.146573433 -0.094717535 10.543069924 2.638100802
8.863740240 15.604884522 -3.830022362 0.087074628 -0.219714478 -0.382137728 0.893372439 1.677998464 6.515075517 3.600377475 4.045795437 -0.611802775 3.770074323 4.601763032 4.091719475 5.553270835 8.773388484 4.554135351 9.004980117 -0.643827003 2.643100066 2.746850808 2.375712497 3.432405620 5.755809739 -1.262749487 5.830708033
10.529725736 23.314482516 -6.214813369 -0.764536446 0.320228019 0.339259032 0.444793602 7.228659100 2.734441695 0.970112517 4.901664484 2.548866479 5.837255902 7.545062064 8.045878529 -0.363915624 6.872822653 0.813621037 6.493784639 6.859958681 4.430412794 3.863371326 1.793073008 8.651282632 0.042211934 9.780816136 -0.481618198
18.791596858 22.961922803 -9.005474585 -0.514989751 0.325048614 0.457330969 -0.648056587 -1.597234688 8.115823656 6.096775327 6.280918169 4.410498202 3.781452164 4.538323180 7.113304585 -0.919906193 4.696375810 6.593574208 7.292171784 4.656717451 0.921856380 0.259075056 7.303053718 5.946568532 -0.272596815 -1.178535519 1.619525928
16.417546350 22.235599924 0.667721947 -0.377485059 0.031180022 -0.915131119 -0.138086463 3.666718367 3.437844998 4.928436248 5.611253958 1.570328117 9.217193822 6.450895803 7.678076378 2.068768275 7.498065446 4.557444873 0.472359650 7.278891412 2.091585046 2.462577232 6.935873699 7.349205922 6.360649882 1.281854445 8.589702384
14.243344412 25.364571246 -13.690841296 0.072864879 0.006331150 -0.409395016 0.909420886 1.665262980 5.996492588 5.470708731 1.256392211 3.117497642 1.537364432 4.286064772 4.788237746 3.244777244 5.240585460 7.166378669 9.561272688 6.283268513 4.920924823 4.887826286 7.078033414 -1.064144238 1.815071131 2.986184251 2.976246632
9.244639991 30.125190698 -7.484857240 -0.456210773 0.559863035 -0.398824664 -0.565122996 2.873428944 4.021586503 6.653311557 -1.927378684 1.073183641 7.580519964 6.180995400 1.208925939 0.419825222 3.553867981 7.655402920 4.252078740 2.587213580 0.579864756 7.247663729 2.544425270 2.629893552 1.414642287 6.862394458 7.744523500
12.035738567 18.841319662 0.215981038 -0.833728457 -0.001250001 -0.255504157 -0.489502731 2.520505936 4.237073884 12.386713016 8.950492567 8.343119278 10.847427951 5.332127173 -1.485993740 7.673695283 4.855797737 1.836953555 -1.919807116 3.410240828 2.489384891 1.981556455 0.736015529 2.262383237 5.051117899 3.011734917 2.228045533
7.728286921 17.374711395 -5.831004932 -0.056234119 0.011793364 -0.663854027 0.745651709 0.477339031 1.865929286 7.866588655 1.241769469 4.106606877 3.466393311 0.939377500 5.930279758 3.453253022 -1.229206679 8.136657221 3.699856620 2.961636763 3.883521000 3.803325341 7.878619860 -3.462013306 2.589415000 6.622072720 8.673771184
7.963124472 22.686059919 -3.462412446 -0.465281248 -0.145343537 0.373016595 0.789460092 2.731004414 1.162773877 3.852775015 2.306269865 2.957969037 4.143897396 1.906746228 8.037532770 5.486243879 5.711302843 4.798203202 2.584215343 -0.420255348 -6.130294434 -0.542852224 3.515393157 2.299528185 -1.322297870 1.620225186 2.230203910
4.783868487 19.174403856 -5.518010626 -0.301380968 0.163823553 -0.700674660 0.625608804 3.643291446 4.883545295 7.076029751 -0.628475437 4.180562539 0.691226637 5.166344313 -0.613295867 5.986170900 1.459771022 7.025975713 3.647935351 -1.022356732 5.968922116 1.553825951 7.010402238 -0.751670384 8.386960232 2.070158426 2.126466122
17.454026777 22.025543152 -2.891913287 -0.058452062 0.950581660 0.129213052 -0.276191692 5.658217843 1.112338334 3.196987148 4.330264791 8.680472247 1.734630322 2.730228836 2.356270414 4.361070984 1.859153028 7.538127588 7.704267315 -5.762955880 5.607842161 2.607185365 -2.498626159 -2.783261277 2.945707774 5.083260889 0.850065327
19.971408949 24.662801666 -9.325264699 -0.586486344 0.681106556 0.345728598 -0.269442693 8.490239670 -3.703826282 5.243537272 1.376318998 3.793330600 3.211586398 2.256904355 8.339612441 6.629168611 7.258126223 5.362411221 7.764710496 2.947193472 5.658392984 2.425110294 4.926601467 9.507795455 0.297567621 9.559329039 3.138316818
5.019929657 23.753108687 -1.101570068 -0.776666353 0.273993729 -0.116211249 0.555168225 7.396372271 6.825168662 4.672432340 4.523496709 7.158320864 6.445224483 4.530886833 3.220530944 1.334678173 8.363120816 0.603123608 6.263247152 3.056769025 3.503200522 4.362095804 0.617343671 1.429462087 5.944910596 6.190160418 3.731865294
7.376663906 22.546311614 -6.737683732 -0.742079661 0.652043823 0.087203519 0.128655260 3.623382194 4.573282180 3.859411235 5.356265233 1.488810103 -1.527581400 4.612688152 6.395026455 2.027136823 5.566220923 4.742000573 4.952975642 5.591093086 6.537826583 6.010495232 -2.121753863 1.424771687 5.796350252 4.647921689 2.381787300
21.011748112 25.791395861 -5.376529457 -0.496449131 0.241257745 0.472097651 0.687354907 6.666409814 6.785026643 9.130168997 0.564000761 5.154897782 -0.874492204 1.461574385 4.563227974 -0.237852289 3.170435153 6.029221913 5.808776498 1.253623539 1.778022750 5.327769525 4.784101677 9.038198402 5.582561438 7.447720440 0.399321209
20.036337122 26.644598358 -7.697801134 -0.506049527 0.470486076 0.154505006 -0.706176275 10.520542284 1.530778911 5.327586231 3.796042576 -4.084924138 7.161912614 5.325733887 0.959055572 2.574901458 7.549595767 4.960036781 5.753867628 4.896854754 -0.533743870 11.334359542 2.320058147 3.463621599 2.872547658 2.444732573 3.215289171
16.036036460 16.374651153 -3.639759294 -0.357880285 0.426010810 0.509292963 -0.656549442 5.216406560 5.058462076 1.448232420 5.158780044 4.610569092 2.884245494 3.909642877 7.484632668 3.035217829 7.325393794 4.821484121 1.854304441 0.232740185 4.961389927 3.253474273 -0.717537902 2.540533197 9.637939671 9.036925435 6.757613203
14.487830730 26.131758306 2.190330705 -0.157716925 -0.562394577 -0.810616925 -0.041688273 8.041776266 -0.284568524 6.094458856 6.990768293 3.924620301 2.183767066 4.365682013 1.518229620 3.400032859 7.164641429 7.854775187 5.886011230 3.854868314 7.041884204 4.237870683 3.928992096 1.097634992 6.498648230 9.019714982 4.071423045
12.732991792 27.966529819 -2.878792356 -0.606863768 -0.657013049 -0.172443137 -0.412690664 3.020513898 10.264090595 0.338279734 6.521670733 2.550136479 3.769845717 1.579356673 5.164663509 1.515471311 1.802388580 -2.431189552 3.590565648 0.040964419 5.604577142 3.949648091 4.118269448 0.296027064 5.688410997 4.495836137 2.823975783
20.171070486 25.774046843 -3.543580369 0.843482885 -0.024814734 -0.535833269 0.028347123 6.092368465 0.079081093 5.812779001 3.379549306 4.941742323 4.721488263 1.873554514 -1.488902953 6.526655003 2.395609240 6.030786084 0.117674732 -1.363592656 2.219913101 4.540259817 -1.268178533 3.085430224 3.864816282 7.943801735 1.060457462
12.246929847 17.368673345 -12.262095866 -0.760015079 -0.549393275 -0.050560856 -0.343493389 7.633915849 3.310982604 2.309775483 3.199433475 6.252743087 4.843224870 -1.609426561 6.225024854 -0.023858300 3.682417196 6.531027975 3.393139684 9.318632855 4.520622552 3.941528162 8.414690210 0.176869227 7.793959751 3.304231216 1.570074589
9.537689883 20.723766638 -13.621036347 -0.149308200 -0.276401898 -0.855052243 -0.412546621 3.655949636 4.684009570 0.556055942 0.016802867 5.189430186 5.459955682 3.881340359 4.808626380 6.565810459 1.231122943 6.775914249 7.834918273 3.939729840 1.629647862 7.292599358 2.335691362 8.209011786 2.282785809 -0.763988696 2.403266374
18.864855895 30.275513784 -5.694568400 -0.936463968 -0.026073778 0.313678320 -0.154794401 5.044776772 4.840161634 3.631836180 4.636180053 2.005454068 7.707988258 2.819723488 6.246486737 6.490369942 4.217142261 6.057667940 4.671266200 4.824540938 2.507343454 6.107650883 0.330987077 4.287162857 1.460690045 4.137728271 2.188543682
19.552698656 18.087331870 -10.904319877 0.681318989 -0.358983805 0.040512457 0.636626896 1.628681646 4.989782051 2.413401703 5.678727365 2.205091999 1.537857532 12.116912581 6.855783531 3.803468345 4.769382501 5.200365089 2.353458403 6.273401730 6.661504776 3.297977107 5.926066655 5.039913034 5.311869110 5.746248286 3.614317252
16.614533211 22.104282182 -13.551359770 -0.633058778 -0.707647218 -0.183444735 -0.254597778 0.430117095 5.596453127 0.266099145 3.894270476 -1.522525080 9.988998165 5.476448645 4.782719097 3.303356273 4.494658827 7.038733280 0.893304844 5.997705408 3.461019956 3.649798283 4.236234717 2.907391976 0.897761566 6.380826432 4.616672068
14.049437974 21.303721820 -14.968588546 -0.481821091 -0.862683742 0.078761133 -0.131991977 1.153922053 2.736043271 4.562050780 5.085575700 6.032378613 0.592382749 10.287941557 3.648376109 6.110525745 -0.168671020 7.876060576 5.587109662 1.668445495 2.335634952 0.181838648 2.643507738 8.791251893 6.369100360 4.987916922 3.170131002
13.326983620 29.403690641 -12.349894121 0.219645866 0.243156680 0.143374049 0.933849241 -0.153024353 1.359922934 -0.445454232 -0.902807140 5.310191906 9.971508875 2.769467256 2.152776183 7.357832032 1.037973747 5.335675855 8.663201686 4.376988375 5.439749804 1.061051813 2.349674760 2.056409754 1.251192504 -1.178544053 4.598827743
9.259404653 22.457277820 -6.639550978 -0.076462045 -0.570589343 0.261543144 -0.774710617 4.281876850 3.007555309 5.899028837 6.694689052 5.130177049 1.862915795 2.216860926 5.854807675 1.320343636 2.238693737 1.210334269 8.756324916 8.540729321 3.208246471 7.735217774 4.418736164 -0.503662652 6.047590230 6.375443228 9.334277757
16.844764158 20.247490382 -4.716859298 0.422886284 -0.756212730 -0.373841049 0.330986961 4.717088302 4.355412439 2.967424846 4.229490756 3.259982733 4.833614911 2.896368978 3.013657986 3.196227742 6.987703077 6.881763501 -0.235211325 2.487267256 4.347483530 6.116117281 9.442740291 6.207442737 3.822698982 1.781655314 0.211943286
21.212675952 23.293511588 -4.736577058 -0.365145034 0.594981091 -0.079008030 0.711634975 0.482812084 2.319386727 0.512565014 2.911749997 8.317729030 -1.369759858 5.191856433 9.778356308 8.333785509 10.274164954 2.905206595 5.094838876 3.526846278 6.149466833 4.522418432 -1.015737588 4.576669024 8.565759297 2.094236815 3.517040819
10.302951090 22.736905886 -11.299415533 0.379859936 0.164023375 -0.871848947 -0.262072842 3.715291238 2.228738859 4.719115760 8.493153233 6.253807521 4.796585207 9.413624306 4.144631086 3.412809601 4.979084042 6.165785749 9.102416782 4.013535171 8.821164303 3.894028507 2.116649326 12.932653173 8.677023554 5.871553400 0.021394529
6.846571681 25.918860404 0.157513566 -0.492998887 0.600065638 -0.624200871 0.085126972 5.738738467 5.060579658 4.210027339 0.552231014 6.919099758 4.229675390 1.478028230 4.502410313 4.683096043 7.213977154 3.736820168 1.475806084 1.341235025 5.840150868 7.189017146 4.583855764 2.963622774 -0.428716244 5.900642351 6.357401712
12.671281619 31.925420948 -5.905101265 0.463521659 0.708721512 0.316491855 0.427427650 2.301323220 1.804498345 -0.651357920 9.313642900 7.993139264 5.502094587 4.776247606 4.915285431 3.581660186 5.714544613 2.629614068 4.645400224 6.879669974 5.926786216 4.964863184 -3.745212243 11.815333384 1.125145790 5.618429896 7.196797626
8.433580472 26.438003014 -13.903889903 0.032003129 0.920647490 -0.186625174 0.341401586 4.898987187 1.346796387 -1.380323987 4.746713406 5.728837012 1.072036895 9.280612676 2.394804358 2.372668561 2.492201796 2.314593859 5.669331253 6.408149475 6.190317583 5.311227734 6.020455415 6.338745159 1.991139642 1.070947733 1.176242615
19.136730472 25.014710048 -9.187595082 -0.665722438 0.526602076 -0.470228988 0.241637308 2.264718494 -0.082297718 0.632373296 6.297430935 7.847160332 5.491596146 5.604541418 9.038807639 -0.928767471 3.370826469 9.034378674 -1.841073157 4.152056315 -1.571830647 1.908197703 6.748570876 3.748640069 3.249172989 4.513969260 4.314024863
15.856847125 24.643212818 -14.430165969 -0.596460731 -0.108991314 -0.751772896 -0.259216131 4.848242264 4.710964196 4.855795561 6.877189792 8.592277009 3.810480438 8.145730420 2.725766488 6.223684697 3.856284686 3.417742799 4.632946343 3.296340957 6.744527596 2.572684838 2.917434696 8.985181763 3.515456881 2.117966264 1.997550424
11.380298513 24.620609812 2.950403793 0.839234057 0.495915334 0.076480073 0.209535149 5.846669738 2.227341201 6.343492612 8.217931333 4.240227221 3.898988546 9.858226790 6.881023947 1.134390560 4.114777173 -3.493279508 7.711366711 3.745357928 4.039788331 5.278056213 -0.667183311 4.543427601 8.471669147 12.020768153 0.742676191
6.719300919 27.006402747 -12.782081836 -0.131707607 0.593496838 0.789270467 0.086410302 2.711373854 10.993018761 8.408448928 -0.154510126 4.490402760 2.630270150 -0.806492110 1.912207749 2.656522384 2.651187350 3.068299088 6.931274715 3.396354842 3.994699500 1.621049013 3.656320823 3.351429832 5.180276981 6.038010729 -0.103656953
9.859300801 32.546052771 -9.365908081 0.352870733 0.385020028 0.809227653 0.269058414 7.049385158 4.916256386 1.405946061 0.281154053 1.420348291 4.384237370 2.412618978 4.003952245 -3.232439639 2.296803769 4.301492171 1.698994897 4.056244013 1.847205569 4.012108661 2.196778073 5.761068332 2.001207842 2.969731089 5.451880758
18.027414242 18.178568283 -6.478303632 -0.822502107 0.238666136 0.175000135 0.485699200 1.119807492 8.113242024 -1.614641391 2.659587553 1.574203291 0.617434138 2.914784683 7.499120550 5.195306985 6.555085757 5.691293965 -1.968397921 5.687625578 7.512988859 6.074097215 4.877539805 2.518957837 3.270360102 1.527800869 6.723943357
14.699351337 23.499609651 -4.234532047 -0.075829080 -0.102940240 0.821389552 -0.555852913 6.790543851 1.311592718 -0.466269205 5.586755492 -0.009230420 -2.947633022 -0.746804982 9.171734279 3.880105874 -0.434983196 8.038713319 4.020483532 4.466142795 2.564963713 2.991075584 4.450772360 5.635353882 -1.891282665 8.057786461 3.523456844
7.195149340 18.887288331 -7.155140869 0.702318419 -0.350960223 -0.220273233 -0.578839756 4.864398381 6.681891415 0.997202576 6.897407013 8.027342696 7.176818302 10.947491693 6.847211134 8.797753423 3.308653447 8.644201358 2.696684710 3.542105343 4.255866356 9.182288996 -1.962527029 5.617375203 3.151351113 3.934697393 4.016188133
8.171250118 26.943020724 -4.240209851 -0.933886312 0.337313045 -0.117831448 0.013856959 4.145668006 2.733985633 6.739545463 6.448486718 2.635753455 3.579202351 1.056083698 8.041421842 3.704712017 2.169675752 0.171981324 0.456039381 0.594354321 3.576088650 9.038679319 9.031347698 2.469595094 5.785155363 5.310778222 5.803318698
10.732476811 16.873501693 -11.761600403 -0.856673227 -0.158540779 -0.053306601 -0.487989969 3.044324606 9.892111147 3.916149115 -0.457432198 3.200519032 3.806150492 3.977165852 -2.637835246 5.918227949 4.810667739 1.761381853 -0.556758526 6.381669386 -0.315977422 5.656223223 3.705523278 3.784471336 1.227497899 1.504134500 3.307917664
10.579413448 27.330027808 -3.079349953 0.282275847 -0.563148527 -0.685178339 -0.365670242 1.682695502 0.143918296 -0.063363956 2.472848042 0.729973920 0.870283502 -5.375753688 9.355278778 -0.851435643 5.467804405 1.098061099 6.122096045 4.884254789 2.876042814 1.457343526 5.448376381 1.293117988 2.496821541 1.290113734 -3.566448676
17.023499553 25.101577886 -3.330166611 -0.448671696 -0.369527128 0.142837115 0.801087367 3.198121182 5.664095134 8.192857627 1.295304150 1.130225454 5.131902944 7.361673235 3.875498102 5.352404797 5.692295122 2.929320222 0.316515014 7.703224499 2.458531203 5.339930351 4.580709894 5.331822547 -3.188583918 8.710702584 2.899632451
18.139693745 22.606735416 -10.979209800 0.546516736 -0.690573861 -0.125775426 0.456735965 2.757209585 3.887884256 4.330987886 7.098339882 -1.324184775 0.750541483 3.425531273 7.811730969 6.096247583 6.836387858 6.921245825 3.387673559 6.490258309 2.639871293 1.596765789 7.719145724 4.081496642 8.555578602 8.903231057 0.114027935
18.866126961 26.220132557 -13.497082461 0.910139215 0.398834242 0.102591286 0.045308761 1.869405288 6.588229263 4.198244114 6.353230486 3.767417724 7.362720837 2.338895698 6.192241384 5.788559278 3.747643407 10.400052728 2.872850992 7.887665568 3.994110225 8.229210411 2.477569426 0.023317461 6.239685139 8.446180505 3.119433121
17.827578514 22.592788471 -6.887985026 -0.076284461 -0.113194897 -0.911743157 0.387417102 8.498548062 5.869353879 -0.197583701 -1.617160604 8.108145566 3.550481363 5.019692163 -1.936471862 3.333100385 -0.421270656 4.348934029 3.145429838 1.136929290 1.842694743 2.564064149 0.361244372 -2.804738423 0.307503734 4.007960267 4.393676181
15.016857204 28.724691180 -3.609651262 0.075356349 -0.720742899 0.097828300 0.682114887 4.652922662 8.755614822 6.006661258 3.742507386 4.124866912 7.983805250 5.423616982 1.322102714 1.429243916 5.123101751 9.025106805 7.378695584 1.394728305 5.504204551 0.166885759 6.677377820 4.462842170 0.806163055 1.842607255 2.317316548
12.563885957 18.573771725 -10.891907304 0.216518660 0.417644391 -0.055858588 0.880666027 2.409606337 3.199089947 2.395956070 3.780877086 5.822238041 4.131327498 4.823413295 3.229008239 -0.747012289 1.712190689 6.232926581 2.410971946 -0.001865596 6.103528544 -0.386029215 3.088757264 10.159996674 9.268817377 1.832906972 6.453332881
13.853998002 18.860463479 -5.219653000 -0.909193686 0.287226950 0.175356019 0.245189289 2.344918977 0.949890655 2.255136166 2.428755217 6.693409157 6.073442950 8.268241948 0.409920942 -0.945146559 -1.637816227 8.379930325 4.262882311 -0.215964680 6.866534537 4.283802564 3.153244693 -3.025509994 2.681432627 0.516218084 2.866794901
8.295093804 28.671560073 -9.560652704 -0.022660301 -0.833002606 -0.532399635 0.148807920 8.919338896 6.892901927 -0.422322292 3.216209775 8.623624419 4.100345217 2.204862742 3.231227590 0.760718940 1.757328332 6.824650580 2.470588362 3.217291527 0.599576225 5.217926558 4.112245794 4.077036668 0.250118670 1.482667754 6.811663307
15.413754804 24.855721189 -9.443458077 -0.824928318 -0.020317562 -0.333565952 0.455866453 -0.517503358 1.783474183 2.234014572 6.817649670 6.197841309 6.427386877 6.305961675 0.920426344 5.625494429 5.391283712 2.407510763 9.756106491 -0.764292044 7.194254157 4.079782606 0.810097463 1.654880427 3.337277458 7.126435288 0.681258515
15.830258944 15.319094009 -6.736010938 0.613534320 -0.481621942 -0.621430661 0.073755517 -1.730270619 4.709942390 -1.323223314 7.134836185 4.506212770 1.996872736 7.186749757 3.287653487 4.432080775 6.533754315 2.501029738 3.540852011 8.901845338 4.168735696 -0.115855548 4.939172745 6.751859034 -3.547148604 4.216460661 6.055877432
7.684957704 18.932574748 -13.047500958 0.775091064 -0.434754541 0.184164259 -0.419887911 1.174925212 1.396917214 3.334116073 5.571491366 4.416837788 6.523710789 8.153182564 3.968894312 3.978119655 2.002023672 5.827705568 -0.749975971 2.464431171 4.899857559 3.101130055 -0.178063403 5.119671126 1.789159520 3.346541685 7.381337108
17.175367378 20.763589662 -5.663703462 0.706796266 0.309701083 -0.576283364 -0.269112918 5.656759131 6.407727881 3.314423910 6.668599972 0.794229146 -0.353040152 -0.519164948 1.303674826 7.010746720 0.838141219 0.916561826 1.986291296 9.853259929 5.064550953 0.252727307 9.192954805 7.805020550 0.874175899 5.612120969 2.451669934
21.462222959 25.767456866 -2.766645069 -0.274818153 -0.687934040 0.274651404 0.613015780 5.183733204 2.414500177 8.192506749 4.278708856 11.451285608 0.817347939 4.095251485 3.789602489 1.563943790 0.077739673 8.670212220 8.656015633 4.061113799 1.221121333 9.715858737 6.192734308 4.601957360 5.242451809 5.414177046 4.884128967
15.269438883 16.423071253 -12.186175950 0.620685670 0.356792617 0.341968690 0.608691829 7.232880181 0.071765330 4.210963977 5.158328619 5.800741361 5.414431262 -1.250935644 8.834118877 5.960163032 7.592127226 5.718488184 7.346347223 8.206881799 0.197142727 5.576449916 8.480433205 9.441345846 2.024704397 4.297385335 6.900366996
19.197288806 27.468777945 -2.095007181 -0.034866136 0.042349710 -0.867835887 -0.493813455 7.138366813 10.081163277 7.418028278 6.201790242 3.960797160 4.166526183 1.439515553 0.571915658 8.924086400 0.796786301 4.807997575 1.383363682 7.118205271 8.326439803 4.940728352 1.372306951 3.544548393 5.022750324 7.467009119 2.934994266
4.550586788 25.863459013 -10.687811427 0.612782994 -0.195991691 0.296632627 0.705757283 5.290354372 4.919678206 5.097839184 -4.868811000 -0.602315286 6.276154914 3.519061285 5.707205552 3.985170866 5.903885891 1.135154867 -1.871803761 2.448689454 5.091629078 2.731966634 0.631429680 1.114181324 2.511703855 2.639599583 4.127028164
19.407997764 23.804232097 -11.943782865 -0.232712258 -0.971466727 0.031407305 -0.033331419 4.718025032 7.376089824 -0.845744532 3.205060699 9.157677638 2.738306367 5.426767981 9.130763685 1.937529819 4.642571293 9.389502941 3.898436014 1.303520277 4.192093848 3.401816565 4.699686543 2.967483881 1.277289583 4.971729845 7.045463061
8.133020010 21.802254628 -12.939315394 -0.527828338 -0.460002428 0.564851562 -0.436735303 0.789126427 5.370696426 0.097746534 4.482631945 4.029856672 7.895603483 6.192995673 0.412447445 3.663970586 6.010604092 6.877574321 2.260917080 4.364342522 3.109968711 6.968099004 0.088568473 4.650763004 2.229456121 5.732011996 -1.357634694
5.755496204 28.150343220 -2.328794775 0.494660619 0.170539463 0.807558106 -0.272171030 4.576727127 6.430391380 1.477900240 1.388354307 10.201675524 -0.293431032 4.905541679 1.242467443 1.369264899 2.295676785 4.043383686 8.477177902 7.829189742 0.924288206 1.416005271 0.347574508 5.526100505 7.778564420 -0.024679568 3.235012406
17.622441606 28.679934837 -7.441025430 0.120172697 0.937767410 -0.325807885 0.000173337 9.342177600 3.800961386 3.739494238 3.769618631 6.432516006 8.436079195 3.487101923 8.787972553 4.808433868 0.002108941 9.601348402 3.354618676 2.944800650 8.851005363 4.842780399 4.355093286 6.151998756 3.002316743 6.219301790 4.806705707
7.910600427 18.538412235 -9.205540808 -0.248324578 0.626348281 -0.104154809 0.731556225 7.468363863 -0.254778103 4.299408193 6.396330823 8.524037106 6.364286415 4.853899441 1.415807936 8.413371312 1.571433960 5.646471806 0.633208666 4.689284650 4.529479154 4.376766644 1.967842579 1.321854601 5.208756157 6.383418639 -1.164753247
17.407218324 28.559340012 -9.491215011 0.518469261 -0.199198254 -0.499769566 0.664635285 2.406924819 4.057690415 -3.104527658 4.906809433 4.527972293 2.122213165 10.003584546 6.439763638 0.219871773 8.010016315 9.164038631 -0.218869690 11.002087574 2.013959613 0.388878988 3.571461849 1.678883961 -1.188989110 7.541367350 0.841108111
13.990109100 18.719070397 -13.331701687 0.444949358 0.219099413 -0.636401496 -0.590769541 6.238374159 2.909183414 2.005073381 2.447286155 4.720124562 7.124246508 1.578458133 8.812411721 1.298298928 3.824817249 0.646326394 8.861963501 -0.263737930 1.587369014 5.771864885 -0.063024265 2.964927360 6.540119762 7.313772338 1.841650128
16.432966542 23.126525169 -8.954124990 0.462875599 0.521975518 0.700506319 -0.150261891 2.853405784 3.619610045 3.469960769 3.250498424 6.960199642 2.502199832 6.360985815 1.922656657 2.844940694 -4.944929169 4.237493231 0.045593242 8.769515032 7.486422507 7.136857071 4.397839748 2.447083485 0.675216004 10.546034944 6.962659183
6.523442230 26.204155326 0.684151554 0.783432808 -0.602365897 0.005585709 -0.152830498 9.332518066 4.400055323 4.040008859 3.033340147 2.736129249 0.822585586 6.672530815 3.556490086 2.564948698 4.531222443 1.847858544 2.832429981 4.328056656 4.309682413 5.576669832 5.064125864 4.073277733 8.947077124 1.203412964 5.599660340
14.638115448 29.098967903 -0.418176520 0.013709058 0.422306282 0.873799007 -0.240717180 3.085008270 -0.864682838 3.099748942 -3.580788942 1.660198048 -1.182282574 3.541304681 5.913262178 5.456363313 3.618565425 -0.884743812 5.350893236 1.012136103 3.451268631 -0.623466457 8.417320821 4.943905618 1.094541832 2.855980818 4.527751323
5.305301026 27.358932665 -4.009195568 0.423766184 -0.169921869 0.105000541 -0.883472505 -0.747866911 6.997462364 -2.360832658 6.587842614 5.348386811 4.517554337 3.316545229 9.274445482 -0.400146126 6.652252611 11.990823671 7.854881417 7.299046702 -5.474433967 0.994984095 4.081761676 0.049183287 3.641155316 0.920472792 3.971459151
12.785037520 21.921393103 -1.304370666 0.692728264 -0.485772602 -0.524284620 0.096323253 1.624483462 5.169204413 2.300488247 3.543197422 4.911548855 -1.650154821 3.309022272 6.926896581 7.999823651 0.840427239 5.981399622 6.328739684 0.164032527 2.541975093 0.269711607 7.668256435 7.397356061 -0.434496028 4.239666672 2.276660984
10.977657122 25.114052364 -13.019147636 -0.358906379 0.785840952 -0.276340221 -0.421041912 -1.602479097 2.873701453 6.729242270 -0.659287228 1.204473149 5.052981617 7.618543530 3.203921363 3.128063681 3.048990879 4.316306739 1.986391529 5.697305233 5.713867649 5.825804077 4.533867958 5.625817763 11.861149249 0.603198708 7.432188900
7.216934085 17.817578224 -11.617762396 -0.012585124 -0.079918963 0.483424531 0.871639430 4.577439412 10.462721753 -1.847024927 5.482996894 0.331153122 7.407057580 2.330579226 5.999227489 3.019145827 7.828121961 7.810173175 8.169877007 1.614697987 2.201305830 7.515645431 5.498973437 10.648279224 3.915113064 -0.682558073 -2.343083618
6.121613833 29.822505105 -7.340022025 -0.332880743 -0.432640211 -0.795053153 0.264392402 6.496745044 3.419276890 -1.920848029 4.689984581 4.140136714 0.042270081 8.686806681 5.555569257 3.179439463 9.778202262 0.994235971 3.874797890 6.342357392 2.104559738 5.175492698 1.014156884 6.380124508 4.171820344 1.839837333 7.765850010
8.194397377 17.473300709 -5.890333277 0.129369383 0.632269400 -0.693629689 0.319963783 3.722444000 9.355468376 8.166699924 3.961654672 10.281709275 1.302409499 4.164149830 7.084322650 0.544893220 3.521795768 5.281189180 3.185359209 8.622578822 3.074511630 6.267000645 3.883802540 7.858374917 4.417130119 6.386749927 1.071113909
7.924828110 24.722589762 -13.344196623 0.388310420 -0.325020986 0.695732456 -0.509443546 1.867947898 -2.052535120 7.152263366 3.184676949 -3.393545565 -0.555538477 3.288439605 1.965953968 6.207571434 1.407661815 8.761909883 4.600995410 5.463557995 4.708796217 0.559371165 4.836067315 7.836497999 0.546576489 1.753574561 1.108967553
3.149970767 21.285160083 -8.412683299 -0.751986784 0.622583673 0.142904293 0.162738474 3.812728844 -1.670306070 -3.095044979 -0.203453493 7.398423888 0.768906694 -0.258239508 4.859079080 -0.170852172 3.673136561 5.640377733 6.772963544 -3.135598244 2.405207718 4.355906832 5.855454578 6.226800490 1.336101734 4.135199310 3.988373718
11.556675069 16.983707819 -9.993133356 -0.529897941 -0.244199176 -0.746856114 -0.319031158 8.533941517 2.356249544 3.111008900 3.711431176 2.965991618 1.675745584 3.389857506 5.727442248 6.775121817 -4.123476509 0.179773371 1.582030483 4.865799276 6.742611436 0.654330225 0.065502377 5.985630882 5.950289602 4.550061995 2.745805436
12.579006017 24.064928343 -13.531880769 0.687699524 0.590068335 0.400780012 -0.135144758 0.763125340 8.003029204 0.743326049 0.322550562 3.431418944 4.473751224 3.196069010 3.274331197 5.585780013 3.160226739 2.711539308 0.852871750 2.556843334 5.426289370 6.820135076 4.622133740 1.572854320 9.519462188 3.293194409 4.119285044
18.959715639 30.078844053 -9.203415987 -0.804659367 -0.297229047 -0.447270417 -0.253233826 5.153458740 1.974973806 5.624032510 4.263698942 1.633434989 3.302835427 0.349563031 7.336631756 0.504085138 2.213579116 7.846293191 4.175690115 6.831666675 4.741787448 7.457912747 10.731864528 3.188627921 1.652720634 4.940628248 10.305646213
15.541121985 26.742655979 -14.976292564 -0.216195612 0.284321850 -0.469767652 0.807303472 0.888031011 4.035285998 3.507451210 1.427907657 5.533594275 3.144285018 9.184796654 9.448719208 -0.574667616 2.658430463 5.300305304 0.434943742 6.147660902 3.844211851 8.734451916 3.823758726 -2.095080527 6.297743726 1.961832205 2.073614687
12.397608147 27.366558513 -6.308428632 -0.910040156 -0.290642095 0.236435158 -0.177348535 4.383516812 4.970253009 2.715247153 7.356995659 4.821752070 1.224330949 4.864809683 3.261410482 1.322128739 4.252399540 3.449623970 0.567182146 8.731864892 3.704490816 -1.850999313 0.304093129 2.721581275 3.536502414 6.168311576 3.994351760
9.366423069 28.817064544 -6.128370685 -0.211793955 0.491525342 -0.795741812 0.283445103 7.188665481 6.849544024 5.008815400 0.861799946 2.513083921 4.834553183 1.243468444 3.813318319 2.250342913 5.728214362 5.244106322 5.586393408 3.712285114 2.989320338 2.226168246 3.484273066 2.946328475 2.596539619 4.664342577 5.970231103
21.330814368 21.849650280 -5.393676432 0.770342714 0.175980441 -0.526800559 0.313183903 8.492517932 4.270201234 8.524990781 1.799061630 6.858003783 6.766726762 -0.951465029 1.898756895 8.117867620 -0.013772728 5.373512839 0.155162723 1.697789518 4.262031486 9.430590486 6.284352607 4.627163726 2.486675033 3.768794428 4.474349546
12.077296264 16.680097703 -2.392379070 0.451670174 -0.245723979 0.784204647 0.347328161 4.225565753 2.867092765 6.414182938 2.282366151 8.959384110 3.027002143 2.518716336 -0.269056806 1.920201991 8.177919954 5.028083500 6.808844073 0.811887990 3.381969054 9.894741651 6.586357249 4.028254667 1.280115649 11.783440785 8.849253620
11.595266162 25.694251838 -12.885495816 -0.340788494 0.073042069 -0.011399856 -0.937228948 1.949749845 6.029569089 4.438878951 2.869826462 -0.357766550 7.811119741 6.195712189 3.302356593 6.447588296 3.077946935 3.710364399 1.023271789 0.312326043 7.591359844 2.927231691 5.955602954 1.458813137 1.806188849 7.652278261 4.037169306
13.088287388 24.998493204 -3.035161351 0.598768269 -0.332105016 0.578476994 -0.443336426 3.231053595 5.617523816 3.039408744 3.620403158 6.433095426 -0.910241128 3.825785214 3.590646661 3.708765131 2.981274105 -4.237895467 -0.459126165 1.868299711 6.915962711 3.509698267 4.210908787 2.529194520 -0.201883410 1.627253732 5.335382152
7.632559752 26.134263344 -4.754460415 -0.468462966 0.209707303 -0.667998784 -0.538834781 6.311862484 9.229475823 4.039764179 7.597821550 1.770498380 8.225208440 -0.950577450 2.962825428 0.600682035 4.472847681 5.132354033 5.692229393 3.563994782 9.007872267 4.123200177 0.170746741 9.860946996 1.211702037 -0.165298868 11.145504905
6.502821349 19.228035729 -9.222953144 -0.176604755 -0.436675729 -0.484020174 0.737461551 -0.181248451 1.594291761 2.792011091 9.619480740 -0.485561369 1.800302211 2.433323006 4.558257331 7.283967270 0.073845955 3.447428842 6.920335556 9.104815583 3.308860872 4.373876839 3.787244602 5.021241290 0.697485923 8.064533482 9.935292433
19.604655056 17.689196216 -8.530820694 -0.232003165 -0.223863242 0.834050536 -0.447682347 3.595078522 3.715101265 1.134416297 2.785007374 1.571211759 0.156106611 6.008685708 3.843269392 4.804380176 -1.889150688 3.823068993 -0.123584921 7.811808639 1.482558212 1.852478430 0.799946742 -4.346494696 5.062204593 6.953406013 5.017496775
8.680939214 29.233246290 -9.687854758 -0.894909914 -0.387419880 0.089622544 -0.202508968 6.656185315 1.172881058 5.603853337 2.208413178 1.861788214 6.524533463 4.623915693 6.444675518 3.666937144 8.196457691 0.948124641 7.642160461 2.669661727 4.514215786 1.292627393 7.590261396 3.645309881 8.566958800 3.617111234 6.319804405
14.062472397 22.974184749 -10.953200709 0.537713905 -0.236025762 0.769391265 -0.251381536 4.992003492 5.487854957 9.855873081 6.995546419 1.596808964 6.521485874 7.081924556 7.885469510 3.236442331 3.202312562 2.506128685 2.981316982 3.643806688 4.662799539 3.942047079 0.903805106 6.412908465 4.479681312 1.757269284 3.477294603
9.772508098 31.059839168 -9.124779299 -0.240547085 -0.650375531 0.720029144 0.026585728 0.324795829 10.472634950 0.919440581 2.054142591 3.859674109 2.205363754 6.866085175 0.303439225 2.572754035 6.646166304 2.959237691 -1.876182828 6.324624741 1.019266027 0.303483294 -0.633919168 1.759092521 7.246189641 7.557972258 2.908452081
10.198362423 33.094242358 -7.262403219 -0.677505814 -0.003316860 -0.422163249 0.602289848 6.145603535 5.003333151 7.356892956 6.120644012 4.641494262 0.036084353 2.369810564 6.027971915 0.125287014 7.065774726 1.672700907 5.383661590 1.954786247 10.219655324 2.932632920 5.008881802 2.312423079 3.320721808 1.841083525 3.623056975
12.263965295 17.743459468 -4.802078876 -0.537851558 0.500659188 0.664163279 0.137634361 7.039255081 2.253381550 -0.523509959 -0.406247453 3.072201280 3.672629497 5.505971986 8.401412811 1.406378603 -1.548702816 1.181846588 -0.497086587 5.590171929 2.443041917 2.146335952 2.235882059 1.723639434 5.601466810 2.408998424 -1.461664276
15.839837666 28.035000752 -8.874733714 -0.720565797 -0.013785438 -0.593322872 -0.358556638 8.779925258 7.737039032 1.046217736 2.907643300 3.459434556 3.287253806 -0.292406767 -0.392843865 2.299448580 1.480266843 7.913255143 4.019190622 2.899926326 5.306008732 5.897611439 10.568954608 6.001210730 9.927608317 4.042475378 -2.189785568
21.399522831 24.561084391 -4.785026758 0.242577196 0.141858278 -0.203738229 0.937829018 3.979928523 4.572533623 7.612472075 4.593518024 6.541595855 2.951134593 3.828522848 4.341955819 2.892082494 5.297467898 2.989554790 0.309516473 7.521044448 7.613423281 3.666698144 -0.122980968 5.348662870 3.539513028 2.376214123 -0.424606842
5.217334211 19.368285896 -4.248876581 0.224040487 -0.486245995 0.767363485 0.352879547 2.491351448 3.353124421 4.487223042 0.536090397 7.035643541 4.369842780 4.767918147 2.860263884 2.481154411 6.327886783 6.649216256 5.117322338 3.481869308 0.710625410 5.200345726 2.392092175 4.355899709 6.056750767 -1.324892773 6.010318631
11.430411169 30.087366389 -9.376743758 -0.346482189 -0.893536292 0.022094252 -0.284701303 7.104796450 10.264503935 -0.197700866 -5.334196239 7.965932079 0.044970155 6.258256096 6.619625488 6.036514429 4.330216578 2.242725892 5.613134823 7.691244821 4.879705354 7.575277124 6.712679507 3.370303116 3.999980847 3.547019813 -2.238961558
12.802917853 26.830341608 -5.105938519 0.131023472 0.871159607 -0.087779339 -0.464982340 8.095829807 2.940020591 4.029854078 8.837420014 7.119242764 2.910321383 -0.511206055 3.810836549 4.923138922 4.025086503 2.266675772 -0.463462461 1.392330366 7.482608455 4.967474030 0.180178617 0.703605605 9.038532254 2.806084980 1.306792452
12.421661167 24.881314574 1.106337968 -0.241210013 0.257124731 0.931243469 -0.092142300 5.558073343 4.697351877 10.297919171 2.874776879 5.411018903 -0.533966384 5.663764176 2.934654509 3.859710356 5.794827503 -0.230172076 8.940029829 -1.937723364 5.828587114 0.614138560 1.134279843 3.431773535 7.123268574 5.079035759 1.662115223
10.684544009 28.515940040 -0.769643521 0.320011542 0.429632383 0.408696959 0.738901498 5.380559245 -1.558622034 0.488885918 1.424572138 10.009045555 4.523745235 6.466620897 4.874554712 7.607295970 3.461976524 -3.288910673 9.624523980 4.002781838 4.238411800 3.558593825 2.176525484 4.264018122 4.281481652 4.802095648 3.205980339
17.978712024 24.404729248 0.508753649 0.930453353 -0.203258698 0.261473816 -0.156760657 3.625904568 5.917529998 0.064432109 3.656250610 -2.436292999 4.652587393 6.391356806 4.968632889 2.723713559 6.852507073 1.444722239 7.582051599 0.693375751 7.907640669 5.156479534 5.528410112 5.262398421 4.186584760 2.261432769 3.384223689
