2.700990117 -28.835842485 7.821846707 -0.495025598 -0.112209616 0.108157762 -0.854786849 2.935645296 2.735710390 -0.029472198 5.109912132 4.652075301 7.997949082 4.237742354 3.668576941 8.932222477 6.374835183 3.986454471 2.357915179 10.065284312 5.144675106 2.576201749 5.676917142 4.736843087 7.344706232 -0.991282133 4.298002265
6.425499733 -33.570221224 -5.007537143 0.554504333 -0.393420313 0.560386412 -0.472982527 8.620558343 2.963003040 8.441920965 3.223996630 4.108643027 6.572529934 7.912718367 5.668255699 6.629126681 8.629495881 8.707032269 5.352700112 4.880627345 5.073223735 -0.098618821 1.141857562 -1.367664069 -3.750161077 2.864736198 4.849356157
2.469928748 -23.931461738 1.049508635 0.714481661 -0.345386030 -0.192074231 0.577349059 5.763876612 5.337150903 5.141661689 7.179343822 -0.672132309 1.628311327 6.071763257 6.828021126 3.318077449 11.095342252 3.452855654 6.449441198 1.960825807 2.491916568 4.203326470 0.891248971 7.277526110 7.648516809 1.541258993 6.720494132
-5.503868295 -26.815520953 6.273082509 0.213263707 0.132957077 0.503260129 -0.826783073 5.936266976 7.862525378 3.878821478 2.260077436 3.027062251 6.860244354 4.020428231 6.935039721 10.099325713 0.720178950 5.599196404 0.614559933 4.456349485 7.850055571 3.260454721 4.088087653 5.236316002 1.830799957 2.543604689 4.902448046
-6.088717948 -36.445191323 2.502049311 0.203467518 0.809570773 -0.526582159 -0.160957643 11.808036037 4.581163998 8.665041235 5.567525140 3.235857656 6.324112104 2.919970849 6.033916425 6.306506336 5.076396887 5.283832783 5.299221781 3.704179924 5.523607054 8.801745763 -0.600758621 4.677309671 8.251937222 1.480945461 1.491816041
0.367963529 -32.649658551 0.592926606 0.349392814 -0.924919189 0.108853633 0.102956501 3.763840192 4.396837876 3.972610768 10.302176708 2.754177857 6.465929734 2.701560184 0.924141879 -1.483625707 1.535555539 0.533347013 -0.273322372 10.298082767 -0.112551420 1.509449673 3.451554358 3.659452732 -0.235518978 1.770080027 6.791385537
0.815465928 -34.979570868 2.606795754 0.287990699 0.625236894 0.717438463 0.106874863 5.033733935 2.484833518 2.529791056 6.896178963 5.939415883 -0.363248637 1.536268901 4.748969688 3.974348734 2.398515319 3.379538641 -0.620090711 5.005459750 6.280975822 3.902516566 6.633575428 2.503489093 5.436007426 0.318212306 4.837349474
-7.143044451 -31.893590068 1.892909006 0.924352659 -0.145898350 -0.319601221 0.148798158 7.657476039 8.135372035 0.752039682 1.753808057 2.729824320 5.536405342 2.385589813 1.467948605 5.951205476 3.639958355 6.707412161 6.171535595 3.835567081 0.505926466 1.148213409 2.796589548 0.762275341 6.830466153 7.162852018 -0.113488922
5.816356185 -31.863916468 -6.685255198 0.666022108 -0.169802692 -0.724364708 -0.053641090 9.235145228 2.608169265 3.463108003 3.164200360 2.990142104 4.135832017 1.506950153 1.476842467 2.350163433 11.063993652 14.263045972 5.111377127 4.907812612 6.244214240 8.497123371 0.193561362 5.136055075 4.753063208 1.289059096 2.991101235
5.219423252 -28.829937401 0.812477076 -0.231578780 0.193984781 -0.584682867 0.752919065 4.124550302 4.337250533 2.170090228 1.497242487 1.667854916 7.549161363 2.745711780 1.214959119 3.224334007 0.645169902 0.550799850 2.389986466 4.308710547 3.619659174 7.305048146 2.958390364 1.786254539 7.344438111 5.349073044 3.960459909
1.639014034 -27.485303762 -1.511496296 -0.677764297 -0.015595236 -0.341769632 0.650834745 1.272181303 3.339040629 7.145240119 7.175081515 7.146011606 6.431762484 5.599631980 6.688537739 5.520360679 1.508692246 -1.406699473 5.199286235 -2.975530866 -2.861513653 5.123298457 5.396896034 6.070749356 3.017737537 0.856707870 0.485764207
-6.035766159 -25.862473421 5.492570778 0.894649045 -0.275771445 0.221253534 0.273130132 -1.630203260 -2.465240360 4.417579407 7.051161010 4.324179791 3.370731394 4.408134119 5.756256753 5.950660143 2.943708264 -2.181324265 1.335505875 3.816400160 5.814901714 9.072816398 1.094729333 1.497398091 -2.318716116 5.830264490 7.232335861
8.743392337 -32.621273621 -0.461041468 -0.571761930 0.284767105 -0.583836766 0.501129347 4.580060756 3.528104508 1.435411854 3.549267915 6.179930645 7.230659744 1.886388600 1.082920973 -0.027887755 2.826851632 1.184485353 4.911654313 2.003415485 5.169429230 0.012194241 4.785431880 11.100523519 0.896214788 8.105570252 4.463315005
5.448323067 -35.718020690 0.943417174 -0.352673015 0.496734455 -0.643675452 0.463204640 7.517303497 6.462934611 8.744892786 4.076004840 -0.038598503 4.177764233 3.599242124 7.829914503 1.038348251 -1.089846162 3.817865910 5.685217045 6.935676076 -0.038171252 8.627114220 0.568669313 2.156775259 7.122800267 1.606408083 7.246083321
-1.908529777 -24.812502081 -2.521311920 -0.215518969 0.774854145 -0.547542902 0.230974885 5.277996108 -4.253404099 8.860581657 9.306272303 5.138537082 3.296880618 3.513164682 6.501394748 1.208193361 3.389386786 4.164773156 11.065764631 -0.882332044 4.948454865 1.592132505 5.345685841 10.028617612 2.785673383 2.933725409 0.768314163
-0.665114167 -34.527920523 7.140778783 0.398840345 -0.479361338 -0.368596073 -0.689402656 5.830114527 -1.181880403 2.153099995 7.809770097 7.565539968 0.210596871 12.570794944 4.731030583 2.437583565 7.279974912 2.919978213 -3.484739089 5.275799888 2.685981445 -3.569208337 2.663168442 1.302701818 5.175426743 2.768331865 4.684314744
1.753267113 -27.229285001 1.787751423 -0.242031876 0.581705180 -0.702173688 0.331650066 3.128532644 -0.097054534 7.537430659 2.381560530 3.624089339 3.122738299 9.689781143 15.234155914 4.538552096 5.358423212 7.264976161 7.470762662 11.861678070 5.436115290 4.497771292 2.554520692 8.778710994 3.708729043 7.832747482 3.926030319
1.423733658 -27.411219160 2.704752652 -0.802205568 0.062217514 -0.592963487 -0.031456490 6.485458696 11.672756590 10.716463167 2.262301369 4.531204750 0.133514831 3.674778205 3.770319771 2.723263036 7.766178487 5.074531448 -0.011170735 1.340971147 2.421083777 10.825359710 3.224863562 4.196317316 4.225322911 1.071573839 6.244797635
-2.881804493 -28.391201911 -4.887410281 -0.686810018 -0.171216688 -0.158721505 0.688319932 2.940380038 3.512474584 2.883432629 -2.318280837 2.052219873 0.711231874 1.548923575 7.833090211 3.424928593 3.219048101 -0.584376676 3.447843035 4.457780697 4.047429631 4.835955686 7.654768732 6.296901124 5.680490540 3.460289494 11.007103105
4.310973415 -29.466208828 -8.766680543 0.675449588 -0.514335647 0.513414726 0.125028059 11.050743867 0.675199547 -1.002311445 0.870862357 3.360589556 2.827184446 7.579089997 3.024442732 -0.331194259 5.828996019 4.637539449 4.566027230 -0.776644865 4.679582637 4.641534352 -0.984146097 2.762233502 7.903834968 -0.930765179 0.626213544
-5.215317236 -32.707942881 -3.228375633 0.211861947 -0.931883138 0.293788126 -0.019921581 5.721791226 0.524704506 -0.273935299 7.669062468 9.291674713 4.377807579 7.878090229 3.220077949 11.028473578 4.760652112 -0.764961329 8.393811773 8.176503907 2.849720578 4.267430668 5.182658044 -1.182037936 4.543936093 2.601649641 -0.053020564
5.274790700 -30.470767728 -2.592900382 0.823410904 -0.212613728 -0.012020098 -0.525970914 3.726956223 1.340341678 13.287078088 9.430544740 8.971589117 2.475101795 2.588665280 9.340875619 4.309731263 6.090958797 1.268523405 2.162934455 2.033301896 2.173735378 5.978429525 9.207679040 6.002533844 5.661170183 6.066711656 7.071308927
8.782429080 -26.190250781 -1.038210212 0.851295894 0.157745179 -0.372990857 0.333600930 10.078808529 -3.167083109 6.579965277 6.040052889 5.330813933 2.133054754 2.400255578 5.858987091 -0.808428585 4.316465658 2.640576537 1.435015375 -0.162742409 4.340944427 1.612080905 4.519053851 7.194875807 2.274746650 2.110028108 4.160391495
9.411641083 -31.869831801 -0.840317128 -0.695028068 0.099143387 0.626911951 0.337769121 5.795797798 5.985000866 2.378679624 4.493748119 1.312429419 9.385484262 -0.507413829 3.181098951 7.443032971 2.143071599 4.510105166 0.687648962 6.741224110 11.152419916 4.094055653 2.754605629 3.918908155 9.076085007 2.735713423 8.144047695
-4.187747751 -36.630384505 -2.810085586 -0.378079871 -0.638265220 0.644477414 0.185261932 3.969715350 7.525477483 1.600309001 1.305221587 2.462875615 7.988622482 10.199336366 7.567016582 9.485502268 5.096539315 2.425761992 2.373877587 -0.770156852 2.931204696 4.675451036 6.814820941 2.361547738 1.942034771 5.154403913 1.089305213
-0.145219757 -23.094199478 -4.823556702 -0.510396187 -0.829618352 0.212406657 0.078182701 5.044495349 1.417831131 6.209926732 3.083178339 3.712029676 4.390806241 0.595066451 0.224149149 -3.453325120 9.971597731 7.172985534 1.748724003 2.697527910 4.106307146 0.522575524 3.945828207 7.645173892 6.023898220 5.731995197 2.770013553
5.299404807 -29.881799029 -7.039902260 -0.518514236 0.790942215 -0.147282691 -0.289587996 3.646728763 6.429882276 4.565648085 2.665605360 -1.229383858 -1.921989271 7.230558571 2.262008839 -0.466407580 5.956602720 9.082912814 2.805383897 5.646889932 4.257948202 5.042093607 2.384473695 7.041720433 3.290597869 1.921605231 4.689585863
0.471176273 -34.998322418 8.043085688 -0.221080979 0.756210436 0.612479887 0.064322355 7.942635690 5.176982758 4.153104775 6.194579563 4.055778590 1.002834727 8.091550168 3.202401755 5.572046420 3.127466704 1.224730076 -2.073426461 6.214926051 8.297788436 4.720588527 1.090371016 6.249687929 -0.690918177 2.190432139 7.315699637
-2.061579745 -28.192054742 0.691990048 0.084832460 -0.840741371 0.436756777 -0.308546462 5.582008703 5.753315929 5.421958468 5.167187106 10.371219795 10.709382440 7.462604252 1.855223651 7.672405546 1.318337979 4.485146071 10.069593467 6.615023106 8.241454773 5.326392202 1.149330184 0.721832519 4.178729964 10.127743951 0.606202963
-4.645798866 -35.911687776 -1.854669532 -0.583143932 -0.059851592 -0.332739180 0.738678265 4.544367453 -1.528769859 3.559462579 1.411547911 5.683563731 4.339404971 1.031722902 5.908634972 3.058110759 4.828510938 2.250228380 2.264230224 10.561248783 2.533036359 5.256164421 6.715151079 -0.638028095 3.440977665 8.349152716 3.383958571
5.346724097 -23.494568834 6.474003637 -0.084043592 0.112551628 -0.929756361 -0.340326190 5.393852736 9.267354910 5.964364692 0.769860165 7.223277117 5.715087899 5.225068482 1.900118656 2.720489884 0.751310548 2.451307378 2.830652711 6.206467685 3.274716233 1.739688600 -0.926265826 6.078798543 -1.790751152 2.843115145 5.723750155
-4.086763028 -29.169191097 -1.547678278 -0.758492269 -0.111694277 -0.634500867 -0.098094425 4.710258594 6.620575394 7.467332681 6.321144637 -0.941135772 3.488214658 4.304397539 5.962283385 2.851854383 3.866129559 5.725547416 5.333645555 1.152379083 2.315006866 4.728935815 2.216237855 1.889986353 0.147331812 2.378162660 3.269190426
2.004811312 -28.025390452 1.580042397 -0.013837889 0.482020611 0.042044669 0.875041079 8.035764397 3.600471365 2.387795113 1.531440895 0.139483532 2.839464127 3.401957192 5.070942419 1.234698024 5.947208698 1.848938371 5.844797178 -1.550263486 1.581268861 -0.391967347 9.356345433 5.121394423 0.640228877 2.219447649 -4.440201033
1.923261057 -33.183683899 2.227648697 -0.184083396 -0.732202197 0.199178926 -0.624756754 2.809169671 3.371680498 5.139540975 -2.250761724 2.751849332 4.322467030 8.690722657 8.952033937 0.028765925 4.042860995 4.989313158 7.259594651 4.751354053 2.275306137 6.496473065 3.499056061 5.881517442 5.676345281 5.229895723 6.352514336
3.691523935 -25.011690502 5.793514620 0.055144361 -0.015127013 0.029846006 0.997917576 3.302461426 3.587342579 8.673396390 2.525116368 5.439173594 4.534263756 5.626252214 9.052735998 6.691527195 6.329361198 0.642196679 9.896486287 1.833338860 3.377861624 4.364623024 0.712123816 6.649303939 7.036293317 1.921477746 5.479617298
-5.489261341 -28.535928679 2.023817487 0.840033593 -0.137915732 -0.157873502 0.500398612 8.117288932 3.597710981 4.647321184 4.507148312 4.217008341 3.028834038 9.388665685 9.348701445 4.442152269 2.319707330 3.281777500 6.115384047 3.129582277 0.314025372 4.374538923 1.041322035 4.990430789 6.479847119 5.167175467 4.513286722
3.478291400 -22.602401578 -1.570227862 -0.821202165 -0.453657127 0.344856326 -0.029938780 1.659688683 1.976688013 3.871120044 -1.570025808 4.960578456 2.341743981 7.099713765 2.865578242 2.398232311 6.763971697 4.694708975 2.277169268 3.443421042 8.098432655 5.078132626 0.005879306 -2.277220784 3.157097653 1.675064873 0.386471726
3.863802443 -26.896521829 -2.117394908 -0.534384731 0.060179760 -0.838367088 -0.089173887 3.858640001 6.097638855 5.910363936 5.528941305 0.443567545 4.688021229 5.252678312 2.051507333 2.816389370 1.211458698 3.596676455 5.745485212 3.772011262 8.101830442 4.453374561 9.132430763 5.133540890 9.683144232 0.532746297 4.642585474
-7.141163261 -31.231671753 3.320159834 0.690722848 -0.324504322 0.282874065 0.581017345 4.256237880 0.718164121 1.239024002 -0.273171188 2.162732385 -1.629176445 -1.731292924 5.992417618 4.210363384 0.929065112 3.152881356 0.891613010 -0.074541110 6.313318594 7.433731417 1.120639973 2.116369682 5.277660706 3.984284683 4.450162974
0.710035895 -35.188011465 4.297260706 -0.384864197 0.171883824 0.900397673 -0.107793928 2.833293430 -0.834118673 8.415684087 2.674713791 3.210520212 8.195248593 4.846750537 4.718061473 6.443525952 -0.124745104 2.724627359 1.244342011 6.720997475 2.496573708 5.851336435 6.257509542 4.189816434 2.435267240 8.034495891 2.748145633
4.802696851 -24.166610848 0.134551218 -0.219985281 0.249809092 -0.441854406 0.833046564 6.210950887 4.237789149 -2.736053700 1.946191615 0.997920236 8.051247683 6.260522205 -0.006384095 5.939309179 -2.070283457 -2.697321626 1.928392367 3.620333985 3.668982830 0.897467302 -1.029640013 -0.809874463 5.162360069 -4.617814143 4.708649405
1.700115491 -36.261405443 -3.093315657 -0.894855649 0.368957270 -0.169034159 -0.185826140 -1.825678927 -1.366552635 2.119819722 5.743963931 2.516474334 4.934093447 8.561273078 3.637598038 9.532812622 3.271095744 3.746236923 7.431444090 5.239504794 3.184369999 1.307460499 0.909895300 9.819652191 1.806839453 1.824243335 2.003891810
0.242090785 -35.119114548 2.739634199 -0.021145928 -0.812251358 -0.576447371 -0.086654541 3.555889681 3.088858238 8.568853812 7.503808500 6.770830097 6.057359780 3.084465518 4.752984605 3.247559113 3.146648809 0.504139155 0.914802773 4.449975329 1.438839632 3.960367024 2.482584770 4.419571231 3.981836708 3.052807753 7.163353198
-3.599346697 -24.440220477 0.594564282 -0.072987210 -0.630541993 0.581608737 -0.508744474 7.882755484 7.036720505 11.885986525 1.048673663 2.046556844 0.579024459 4.017566917 -3.562603130 6.837865427 5.906849319 4.024116722 6.778355844 -0.678835395 3.487467330 7.077862809 2.688671178 6.345197844 7.801914786 3.828170154 0.390134787
5.299371489 -30.957332529 1.375101100 0.922634799 -0.159448475 0.086209212 0.340425003 0.292246527 4.700783857 -0.818775846 -0.531163895 5.650841688 1.746205673 4.154970324 8.026459483 9.355812781 0.996601167 6.375152231 5.192194315 7.297974064 8.344663901 8.271929602 4.173281176 -0.069386279 2.838011821 4.020884804 5.670919060
9.706692665 -30.165557488 3.185896376 -0.874718820 0.134615614 -0.379019580 -0.270351218 2.934224278 0.383585358 3.396467383 0.058987985 5.618285031 2.127658751 5.819584955 5.762950834 5.597322765 5.166066058 5.640196286 2.021893496 -3.110323900 6.204424419 1.800770362 5.941095735 4.613081204 4.679918006 4.322477787 9.829862397
0.873828753 -27.362208657 9.722905212 -0.429722309 -0.505920975 -0.354700427 0.658460562 2.550169037 2.441193652 1.962499168 3.075715555 -3.030467475 9.591064866 7.080050829 4.416104235 2.186375919 2.738250716 2.690138445 2.730890501 4.003801531 0.598458176 8.423151807 6.075550865 1.937618450 7.589281398 -3.382907845 7.603648544
-1.796530234 -23.362714792 4.885013137 -0.231803965 0.118265831 0.735182606 0.625928631 0.195597047 -1.132063812 0.754696142 3.927024973 1.390431841 0.463676955 2.697369685 4.585872083 6.157016661 5.931423805 3.391950688 4.791043470 0.994165802 2.959964162 -3.859746512 5.777492480 4.138106532 2.042867616 0.619406376 2.716804415
-0.701081518 -37.879442698 3.870854555 0.380447168 -0.229781480 0.890259843 0.099487861 8.738718155 6.031906464 4.434257204 4.337629397 2.395716162 4.152480256 2.672197851 4.061195808 6.458276182 3.053900423 5.682831390 3.620772887 4.661980613 3.551919545 0.574498878 5.010672859 8.231078255 2.778882749 3.273394501 3.433448357
5.014558538 -26.073136193 3.085399018 0.368077789 0.564795984 -0.164074345 0.720141547 5.751463299 -1.537239063 1.194133176 11.030955018 3.432262028 3.628716466 9.783506141 1.864040004 2.100093308 5.862802253 3.462839410 6.639636603 7.990117606 5.976751445 5.426378855 6.397224576 5.109214011 -0.534323518 7.225758688 6.583085435
8.081381030 -25.981271011 -2.874838711 -0.016058350 0.911891975 0.117372533 -0.392961632 6.593562671 7.335731776 6.841072946 2.135805876 -0.041087729 3.040980307 6.308991023 2.565651833 4.070117790 5.361767706 5.011237076 5.134191631 -0.907503407 7.844310049 3.708587045 2.916023850 1.908474541 2.683606963 7.869220129 1.035125237
2.149132602 -30.166805337 -1.500323617 0.248336319 0.515858467 -0.725191083 -0.382514063 4.648604685 3.380715508 4.120320909 8.644089723 -2.455333161 8.185685245 2.263381374 1.233775659 3.955801068 4.153531876 3.209288283 8.233921184 -1.370339164 2.996959077 1.616890728 3.109466477 6.712089826 2.425824888 6.526545897 4.551385963
-0.816351358 -35.643523480 -4.796675020 0.321510253 -0.158637075 -0.621120636 -0.696903574 5.714868496 -0.818650064 9.274942779 -0.515375474 0.224368486 13.393414633 2.784353297 4.307780755 -1.406328143 1.607934115 5.802257249 9.962293055 4.911164467 2.261242225 8.593719325 1.148247715 3.115625424 6.804808434 6.684617678 8.699712380
-3.668319793 -30.727546065 -0.727886482 -0.664823656 0.316205470 -0.150495841 0.659829227 7.202080007 0.417140754 -1.600405222 2.074512775 4.304963625 0.124231441 -1.026972614 4.124980746 10.196075106 9.996831536 2.399170794 7.925697983 1.134635026 2.253802606 3.447180344 3.891738378 7.501304238 4.455499848 6.656237104 4.486671486
6.622792430 -32.299982094 -2.269821119 -0.406762421 0.685948862 -0.601842934 -0.042468506 7.334912496 7.170871544 -0.493505439 -0.674927237 2.680838740 2.746018195 7.155911411 2.271737847 0.655684883 8.517955243 5.911195688 4.014019368 0.181996330 4.259368973 11.676488153 5.944506540 7.189472749 0.551070417 2.408180142 4.110709737
-4.784833964 -27.085158614 -5.541631518 0.232613786 0.906318236 0.331404563 0.121033454 5.308678984 1.402112714 2.135953464 6.127636609 3.224125841 4.196510719 1.615936522 2.695705859 0.241495620 4.983540910 1.798472429 6.566774048 3.944590541 6.337995317 -1.299801463 -7.139334446 1.525672416 -0.243281966 1.704515952 4.067797342
-8.221051885 -31.014589148 -2.024771334 -0.511550474 -0.323677021 -0.776166056 -0.176396008 3.348920337 2.044348410 5.647637341 6.965157097 0.397822457 0.504756014 -0.485776760 3.912993686 6.452505325 -2.045689782 3.602534540 3.469698643 0.865230888 4.539262576 -1.864500142 3.421641560 0.203610352 1.177905188 2.850187218 5.183420326
-2.169416200 -33.283416606 -5.751432369 -0.252810500 0.258672556 0.576355100 -0.732796124 5.855595847 3.820083871 5.485909218 -0.114432546 3.213125517 2.760449003 6.369975497 6.185985793 5.923943205 5.018157809 5.909526137 6.954408676 1.114421049 -0.418919354 5.840390659 2.190767902 -0.194291365 6.037027454 4.273855178 3.950709893
-1.347860075 -27.861486737 -6.662976526 -0.093916454 -0.278063650 0.680974732 0.670920055 4.530227362 -3.436621526 6.231220368 6.792200904 4.997852756 6.311305239 3.567315121 2.967993615 1.574805631 6.203630786 -1.473964061 7.744213461 3.386669864 2.152162009 3.194250696 7.317529734 3.224224866 7.804068467 5.504239768 10.831956835
-5.344389977 -31.706464058 0.690764125 0.267680841 0.252266743 -0.559113043 -0.743035035 -0.265169467 3.818288211 4.945831950 8.862343484 5.303325510 4.309693425 4.897957272 6.232300146 6.755614216 -3.296694141 6.766421756 2.189381552 -1.218116244 2.692407589 3.734173796 6.453038830 4.389640068 0.635808288 9.010446412 7.417706324
-6.586657098 -28.534956145 -3.826462155 -0.069834645 -0.244078970 0.587828863 -0.768118355 4.399841438 5.073136967 7.707925768 2.837805175 3.386630695 0.636010470 1.244877228 -1.431356487 2.908842896 3.370402147 5.737869207 3.891445444 4.171485210 2.724142429 5.074295588 4.296337881 5.063655276 8.124817569 6.999886381 8.463891875
-1.470337611 -25.464466424 -5.450951112 0.615479075 0.244496986 0.498815720 -0.559097138 3.507483245 1.311556706 0.533779384 2.687993508 7.317440015 3.459241558 6.540892170 5.780082781 3.574858109 2.333133382 12.195044121 -3.147715906 6.775713449 6.727594229 5.043723739 -0.107917707 4.392898957 2.435378930 6.473589908 2.462716085
2.008853925 -33.742069162 -5.619289575 -0.053184239 0.770390680 0.163831907 -0.613863783 0.683526880 1.976761972 0.411314474 6.267977337 3.809100251 11.093876665 7.016175622 7.082106080 6.590117191 1.712468154 2.333512145 5.397745566 5.120760579 5.465947113 4.343172852 -1.680677845 5.132792221 3.860398194 10.606889490 9.152385165
-4.865328631 -32.948988067 8.235037976 -0.114867414 0.347102853 0.885380929 0.287098760 -0.887063073 7.422871252 5.516038199 5.203852136 5.924082386 2.289922202 2.087592235 -2.838654354 3.047346250 4.706243480 5.865940950 6.345696302 6.269831683 9.262327454 0.802828286 -0.910602416 0.781568660 -1.522995837 3.810031119 4.866679688
-2.737092340 -32.105687378 0.562382498 0.143517324 0.880943386 -0.428237453 -0.141259377 8.130205030 5.690234931 -1.581867291 5.564019759 2.319309979 6.434714593 2.826983527 3.177821720 4.606358309 6.225724853 6.562556177 -1.152739214 -0.972519736 7.546470928 5.492376797 4.565366667 6.338104282 3.403340517 2.349372884 5.648645835
2.936522184 -33.334367799 -7.507239031 0.162111931 0.891838337 -0.215914001 0.362939728 0.765530872 -0.711228539 6.039277574 4.791229802 -1.480885909 3.346885867 -5.345464578 0.640794241 4.164673827 3.914126326 1.141105026 -1.260847394 8.640929196 9.801057806 4.907905351 2.205416219 2.830217535 2.235671368 2.642791587 4.863699985
-2.549425798 -32.846849674 3.307554803 0.440723506 -0.297988295 0.594878716 -0.602565417 5.099592886 -2.352343000 3.652363806 -4.322223776 4.704429336 -0.239742149 4.010244859 5.566418394 8.631738254 6.035647170 7.008521251 -0.711313266 3.306558170 5.963358803 5.533766562 7.900589286 2.330079026 1.612690496 4.700353647 3.794509383
3.658300439 -32.834283129 -6.038673694 -0.680446993 0.468455614 -0.339088916 -0.450066588 5.243156347 -1.423118660 8.261716609 1.880292810 0.686152410 2.803661734 3.695559445 6.533721595 0.027909431 1.932075415 1.922258338 2.039431517 0.817823224 4.000064077 5.849007049 7.082008507 4.264421490 4.580250114 5.577502450 6.628323053
-2.222863795 -31.929575526 -8.114515593 0.451108659 -0.030326604 -0.778986649 0.434466426 3.375681952 1.705565631 9.009203234 4.869187003 -0.791933040 5.548101585 4.149427016 5.777212796 -0.460224047 4.735042880 3.353489179 7.915116580 9.266227980 4.724120511 -0.000689119 2.777280462 2.686359852 2.596765567 6.854144059 6.468419858
8.681275287 -28.747947585 -3.658257845 0.830666811 0.289606220 0.251655369 -0.403473001 2.427862073 3.645587376 -1.960339558 2.509827741 0.999982983 12.118860045 7.988517921 4.514443485 1.990117827 6.516567805 5.586455900 6.777155087 7.774470738 3.066056316 11.090958355 3.497069065 8.509168903 6.853998780 7.946858478 0.582242038
2.588787891 -27.199191965 -6.351087585 0.244876609 -0.361003592 -0.363550401 0.823129977 4.583156398 2.940854617 2.622677144 4.191920943 2.805313119 4.671321340 1.068117923 8.279538887 0.337446031 -5.850616658 2.052026956 0.717865896 3.351823943 6.587332058 -0.490450425 4.662557781 5.431350642 3.540025994 8.167686841 3.235689690
-3.236631302 -31.339261244 -6.746408984 0.971836358 0.103930545 0.119443275 0.174544663 7.241663426 5.298817741 2.321814273 2.668711165 1.838976271 -0.764629715 -0.052698874 4.586831752 6.147883126 3.170705331 1.459356603 1.993246766 1.720450046 3.812828782 3.022423654 5.839282656 5.215610599 4.790559384 5.568744930 -2.025249310
10.061768230 -33.192735308 1.384737272 0.736993979 -0.387136265 0.506061146 -0.225538256 8.364077268 2.632943552 0.436434320 4.542334735 3.187078308 3.728299003 0.648356068 3.601493957 2.666172233 3.509824455 1.007241433 8.327151004 5.245167690 5.765337614 0.575452540 7.160196172 3.390756062 7.351729808 3.829550709 5.123348963
3.260340066 -26.177593619 -5.124269445 0.304529316 -0.711485312 0.198519765 0.601365488 2.905876214 5.314183650 1.810826623 2.854236189 3.872897727 3.161728209 7.201687096 5.109024331 3.774668302 7.546883773 13.207198757 7.550320133 10.141262607 2.664239474 4.220458289 6.244252482 0.679606710 6.939615851 2.838905638 3.034705115
-6.616095207 -28.711181103 0.055915934 -0.925399328 -0.327322165 0.151906754 -0.115847406 3.035881842 1.154765382 4.824192260 -0.686227608 3.331824867 0.404642459 5.634669017 1.797419796 1.057775118 1.731627081 6.214881429 4.268819162 1.316110538 3.460612679 5.350308665 5.674172675 4.173635923 5.734653850 6.529392707 8.049746301
0.495728596 -37.798899063 -2.888885389 0.536187478 -0.476729050 0.688200849 0.107758958 1.503349933 -0.939416865 15.315065123 6.212386473 4.695878102 -0.851382442 4.301633176 0.768482152 6.313567821 5.927499982 6.896498768 5.640409676 7.276908748 3.095837368 4.653501146 2.526638293 3.336431971 2.190059144 2.241631217 4.664426550
9.173650664 -26.772744525 -1.600421546 -0.955824450 0.259887949 0.132786878 0.035007429 8.192749345 1.132797312 0.099480805 3.276886670 4.184349488 1.351347842 6.425117771 5.572439551 5.733523568 0.814147517 15.200553201 4.570059437 10.811584578 1.306933885 0.631068156 1.949455409 7.512667483 3.993404816 2.130967328 -0.323468665
-0.471796218 -35.522110224 6.094296459 -0.125643371 -0.038504765 -0.689220873 0.712534712 1.575696341 4.245746503 3.949748760 11.314600113 5.635999738 8.190182217 7.002134561 1.692224360 0.958138832 7.803200999 -0.039393576 5.103648168 0.362142843 5.918259513 6.430731890 3.040679863 9.177218529 3.777453064 7.046792571 2.694935315
8.623455387 -31.301679908 3.430586073 -0.742212946 0.188483521 -0.089098151 -0.636910845 -1.248069773 6.862878521 -0.667721409 5.662095198 1.823795729 4.492141605 3.735225979 2.569451907 5.777325525 -0.975065455 4.671342536 3.978018823 6.330213090 4.446366830 6.196161981 9.901341411 7.302695862 3.526782820 1.409479927 1.491889425
2.467496551 -26.106340350 -5.076444220 0.774617911 0.279718002 0.362895820 -0.435926089 5.485656987 7.610626428 7.449744297 3.280638509 3.512812847 6.175807988 7.970691101 3.171166213 6.104146366 8.566992359 5.672127422 2.754216000 7.415528850 2.839701132 3.406183182 5.485931818 4.077906118 5.643628835 7.033831727 7.067935189
3.078884585 -30.440465456 -2.389800082 0.848527985 -0.387558608 -0.264274983 -0.244861834 3.712126150 2.334984433 3.313520235 0.303864320 8.013339569 3.710394842 2.923931737 3.241613590 3.626564671 6.601255075 -2.529235565 2.998447560 2.736968926 2.987638517 6.996082309 -0.601318170 4.388458893 2.806437217 1.235073050 7.566838578
6.262374582 -36.399054964 -4.238236230 0.473634065 0.875157262 -0.093964477 -0.030679265 4.912320917 7.315875975 5.437243007 3.720731122 5.883000345 6.053914146 4.196827401 10.511131828 1.281478121 2.693804720 1.750714337 6.357057660 4.058999789 -0.157670701 2.706054993 5.482572982 4.856042905 5.518431873 4.736551243 5.097373576
4.352113487 -33.580418302 -1.249148317 0.605470947 0.274848220 -0.466833031 0.583035427 2.291851911 6.209618153 -0.120807643 4.386991237 7.119655253 1.338023076 4.214992740 3.593067868 7.721605995 1.159488206 0.051507231 4.067324376 8.726095656 3.494475884 2.470331164 3.117423323 8.769809829 3.225393603 5.786993860 1.574817118
5.233531714 -33.764944222 -0.292392781 -0.520928557 0.478105528 0.636738899 0.307590827 8.218942989 6.437820072 5.521085891 -0.183045885 0.206525068 4.830793295 2.431861645 5.694780848 12.788766810 1.982165367 6.295932226 5.447686919 0.242921940 12.953877905 3.955371325 6.873549933 8.297648596 1.077362850 5.323362009 6.300284547
-1.326174405 -28.117463756 -0.459635474 -0.513084593 -0.851941698 -0.091851300 -0.050028816 -4.937971898 7.957443665 6.490767407 4.684452073 3.756460221 2.882522146 4.247195145 -2.066035549 1.101613629 3.798478619 1.071719213 2.160557060 4.663037045 8.153373800 0.455496841 1.843622884 4.990774606 7.455639781 3.823271442 1.749001969
-4.214191130 -27.157724589 2.107120544 0.156739269 -0.085978778 0.957367509 0.226909461 3.711181805 -0.085273115 0.897745261 -0.284215728 -0.857816995 2.913583607 2.910665534 5.247443737 0.106193055 3.031295324 3.685464100 0.775216582 8.464546540 -3.031071640 1.168936757 0.459990931 5.267545065 7.616371163 4.683813293 10.190135940
-7.682272117 -32.899575656 -1.440198287 -0.225123658 0.480867052 0.331483681 -0.779874853 3.497447558 7.345161785 1.610174295 2.097013784 -0.354221220 -0.661431403 3.277414661 -0.403434620 3.228855727 6.152860515 3.221069594 -2.780269337 3.836290769 -1.097097072 2.379801529 9.405183719 4.286591192 3.279222496 4.964652775 2.651594418
5.423593649 -32.088992849 0.611378155 0.774724551 -0.093803301 0.570792731 -0.255339910 1.064489866 1.112184737 1.809581796 -0.295331156 2.958531775 5.740392994 4.357740478 4.841521369 1.675049134 3.615372751 5.742749445 7.687918807 2.118819533 8.904004714 -0.118244903 1.890224816 3.132491176 3.202356180 5.874788932 3.208890368
1.440843856 -39.202696853 -0.537249948 0.345960171 0.295503232 0.664875564 -0.592393353 7.448639399 -0.775416997 4.635028010 6.995748595 2.583666236 1.175481195 4.432645232 6.112814593 6.104687021 6.658381667 1.861512226 2.031267157 3.058452350 8.437796459 6.226212279 4.661717250 2.979361631 9.475575772 8.103822086 6.034487336
0.627283498 -31.293938103 1.688190708 0.365327634 -0.158480863 -0.731694061 -0.553211837 10.404421976 1.271344580 4.625029834 4.294000442 -0.468262602 5.018185865 6.289674991 4.677696915 8.205982669 3.051495270 3.939632295 12.117677388 2.607244014 3.638115669 5.844422837 4.783508516 5.368762044 9.945090384 -1.332823549 1.400438076
-3.962673490 -29.258432731 4.915684477 0.789763104 -0.236928788 -0.560763088 -0.075390640 1.210663454 6.683944958 2.811706966 1.517822824 7.659923813 3.044832677 10.352976012 3.836299345 5.701508016 10.621890796 -1.092339074 3.759653532 1.419053628 0.619669195 7.492895121 7.594830125 6.257692959 3.173040118 9.159359517 7.001391514
-1.587260033 -34.362353090 -1.505340129 0.782658367 -0.610539964 0.108260415 -0.054465723 0.568287843 3.801147986 -1.075982540 2.527502338 1.517614261 2.368663454 2.440475797 -1.381615634 7.396766212 4.732294365 6.215210858 2.697596216 3.332149721 4.707418062 -0.914047323 1.540160244 9.898278503 1.427975405 6.657538667 5.311660334
-0.595798181 -28.243361443 -1.787015758 -0.013312867 -0.386350363 -0.781158813 0.490252052 2.657193110 3.557327079 4.809120003 3.684971933 3.750716227 6.567543286 4.205872752 4.323760985 4.104506535 1.864345908 4.701621970 6.498438769 4.452351485 3.687236918 0.604899376 4.082878731 4.918093662 1.627083581 6.766068940 6.555309657
3.524430664 -28.822884328 9.119252149 0.286574519 0.462350916 0.834514425 0.087706042 2.547671590 4.326802339 5.840465129 2.039396540 5.720255902 7.131585574 5.699872988 5.661631049 5.254757124 10.566716453 5.042269640 5.203689706 4.237250893 6.631365109 5.616568810 7.658754551 4.385607484 -0.841197405 -2.860385719 3.738602958
-2.421088254 -28.811474573 -1.038755055 -0.046633874 0.437781844 -0.215813753 0.871548486 8.842111646 5.501776822 4.803517789 0.848641255 6.679186878 7.616374010 0.773192432 3.328149546 2.571911409 6.008805715 2.743356702 6.056397728 4.744931960 1.728803883 6.143163949 5.451679878 1.975487169 5.000545809 1.217843080 2.208397314
-3.026888284 -30.897767201 8.468780677 -0.216865596 0.918790374 -0.329696167 -0.009695370 3.028456921 1.571623981 6.437253415 -0.867651789 1.379989935 4.249342780 4.135648130 1.354043170 4.718930779 7.196890329 7.175274266 3.551993728 -0.594938941 4.544907686 4.349378386 4.574763126 3.488783303 -0.421835083 8.267090774 6.584836881
-6.127894752 -27.362472250 -2.965871169 0.038185543 0.119776633 0.692766584 -0.710119625 6.977148342 3.170382213 7.997926387 2.503508824 12.257726658 -1.306045211 5.516472956 6.923013545 2.668026658 5.128480111 2.163882988 -0.566813193 6.294728991 3.648801217 3.573646737 1.499033720 7.332212029 8.101329210 -1.898556547 -3.862469220
-3.052846327 -37.257769826 -0.171406960 0.566274367 0.177703348 -0.457155542 -0.662392386 4.233009962 3.857604107 8.703134942 7.054890148 -0.179696529 3.459173348 4.195431000 6.490830022 3.068881320 -2.877740680 7.471424085 2.182693707 4.668242906 6.063317479 2.595729229 6.553138620 2.867211219 -0.629649112 3.522043954 0.501844256
-1.654554469 -30.386956200 6.718974501 0.614653036 0.663929404 0.425847469 0.007302321 -2.488942549 6.974219109 4.953050706 8.026321476 7.230132148 5.751872699 7.509693443 3.555354271 2.734044978 3.681497986 7.334800605 5.931810364 -0.372657340 1.442257280 4.417213485 2.641998999 5.011299143 -4.885862647 7.767485170 -0.439197894
6.200356823 -25.036120369 1.360565802 -0.288428075 0.908002792 0.279744239 -0.118673230 1.185426622 -0.046662235 5.242656882 5.406958772 1.990475846 -4.446323868 0.648867210 1.429079495 0.339411809 1.415093880 3.825083449 6.412959542 -2.133143666 6.747307844 5.906586091 1.406469707 8.383459687 6.319649432 9.138681908 6.213411228
6.858061140 -36.350210995 -1.485432006 -0.013590404 0.022788423 0.978649328 -0.203817275 5.104194577 5.789560583 -1.466458631 4.491808064 3.832816730 4.561614317 1.736123966 2.312600517 7.695090048 1.171132774 1.843569060 4.399581815 -0.015295530 7.860294356 4.099944185 3.405720445 1.968150575 7.590910176 5.669414996 1.652324884
9.764368818 -27.843509186 1.644418563 -0.116490413 -0.487315861 -0.110252260 -0.858369195 7.363513772 4.729803024 -0.991975783 3.171440358 4.077427934 0.517616991 2.502964562 2.763431843 8.731376086 -1.769134897 6.456551258 8.818067878 11.159130160 1.167023943 1.793060425 -5.661509255 7.451267025 2.430426289 4.040262020 0.254271395
-4.142232638 -27.968661572 -6.081554827 0.819946788 -0.295759282 0.470808631 -0.136209195 1.780594077 7.746958625 8.749403012 4.309373686 5.054176772 1.706138309 2.901604358 6.476362346 4.869278683 -0.297328830 4.539506969 3.661818249 5.293695217 6.062338035 3.888549547 6.053174974 4.610409937 7.897081324 11.411558646 4.950560456
6.724917926 -29.496829023 -5.333522782 0.760911068 -0.346546140 -0.457656961 -0.302440450 2.107197712 -0.268687898 4.244894914 4.144166690 9.412855126 7.467010961 6.944126880 3.136020364 4.817484758 3.874625753 3.046701885 0.604310844 1.898010503 5.646311968 1.409099144 3.040332923 -4.062215380 5.888041445 3.326438789 10.086023046
1.444860920 -23.443217809 6.830571333 -0.372853205 0.579963328 0.676162744 -0.259667038 2.752930830 3.987796026 3.523433223 3.235151558 7.302863396 6.329555270 1.484596794 -1.383728021 -1.331883187 3.079239151 6.982213829 5.782169928 5.328016510 1.970203928 1.814598893 6.484056568 1.997356226 4.852311261 -2.316302457 3.137355357
4.999069631 -32.131976202 3.927687014 0.668910121 -0.669009255 -0.313937586 -0.080181408 6.638861718 5.994314375 3.655653473 3.316134125 5.927445125 -0.650707829 0.070213799 5.384601937 6.190460927 -1.788015396 4.283189552 5.246806719 8.563893953 0.209069387 3.535272950 5.223390863 4.474167778 4.819623015 -1.088234187 5.094036227
5.006851340 -25.915888321 -4.638524483 -0.151539192 -0.578573859 -0.564409953 0.568972380 -1.451559466 7.687627128 9.693392335 5.620317739 -3.564645800 5.472658353 3.706522706 6.405859543 -0.606437011 0.651988189 4.032816973 3.246186173 4.793387016 5.808379805 -1.229983648 4.665023304 3.197638918 6.127819129 -0.180495504 4.106174381
2.822693106 -33.760911892 0.695051623 0.236255707 -0.693075313 0.484104152 0.479033424 3.173994841 1.611646089 2.935212765 5.204636091 2.206880291 0.372432684 7.085979370 7.485528680 4.638320229 3.110185828 6.272451552 3.922410506 4.246783841 5.090271944 5.985249608 6.388419137 3.051812104 4.900617266 2.842324112 6.984661001
-0.673603025 -32.675258710 4.823660428 0.859064830 -0.442959156 -0.199761307 0.160904397 -2.804641377 1.623443220 2.100312918 6.774909969 7.794771389 5.010577239 -0.025262509 5.407810162 4.022083686 6.680505923 6.684326611 -0.132295320 4.347286623 11.005860716 6.829956213 9.576688578 2.542728174 1.973129828 7.198858665 6.513850073
-1.012195562 -30.856231812 8.776844614 -0.207105441 0.651780004 -0.037443745 0.728620703 7.992284180 3.986638946 5.258790345 3.798601910 5.240215591 -0.135081930 -0.297643601 5.830399427 6.957164641 1.440523656 9.000573360 1.902337189 0.958435652 4.118918528 6.582075609 3.942079315 4.370089146 3.574214236 3.038007244 1.977696642
9.316090091 -27.660286242 2.853071456 0.082641723 0.485484804 0.825576337 0.275496938 1.970244784 2.553692256 5.805881819 3.835333253 2.549357392 4.677225759 6.406131858 1.982764227 3.503861904 -0.734180131 0.130397966 1.056193740 1.960025791 2.007823223 -1.735126927 2.110692924 5.669665800 5.307125150 1.428802406 7.310184220
0.043555836 -38.854246980 1.943737438 -0.424702643 0.757384759 0.090251821 0.487699293 6.824356328 3.633307870 7.257708604 3.284476538 6.350241815 -0.129103467 5.404559226 -2.756517997 7.999363501 0.679169154 2.237762846 5.909322013 2.866997776 4.130339414 3.690015026 4.921053750 -0.776878753 3.027030735 1.908527341 -1.587655353
-2.941448871 -38.129912978 0.396130307 0.405820690 -0.609181665 0.454821769 -0.507291263 2.345388611 -1.663292498 7.911800614 1.328474153 4.309514212 1.846300122 2.246892341 0.204721501 3.016634941 6.072241546 0.406344543 2.738735045 5.703799619 3.234431615 4.411628677 6.219018543 5.671204463 6.932674446 1.944014648 2.824928022
-4.122154869 -31.786961866 -6.403607414 -0.464378354 0.258404703 -0.134968302 0.836279446 11.336934494 -3.719790518 5.632020095 2.622104044 -2.328445194 5.114225396 8.228635380 0.596338361 1.177298526 9.567585353 3.163476079 3.256259553 3.632065471 8.706886158 5.179717675 3.312525366 1.724721239 3.668419970 0.293349971 3.363786329
-3.030156055 -28.133003159 -0.588982249 -0.212129326 -0.006631878 0.971733303 0.103399973 1.435429086 2.072816227 1.058767151 5.918663362 0.547543636 4.947083315 3.615308564 5.184911116 3.787211889 0.844019845 3.463659842 3.655480892 2.404780671 10.795104410 3.411074612 1.387474641 -1.583877294 -0.324964488 10.508528410 1.694065923
4.411414085 -30.006480192 7.217110728 0.598602113 0.273060890 -0.591561497 -0.466013150 5.062174166 3.789804928 1.792515938 4.915071752 6.386308456 6.037902716 -0.766604153 3.549563905 1.078385529 3.546716876 5.238681973 5.002016462 0.706737480 3.977180672 2.972617156 3.403446523 -2.569375162 -4.107655001 0.236310937 6.475354866
-2.710865274 -30.344059776 9.672007814 0.247100583 0.180956600 -0.841316064 -0.445402392 7.010839207 0.969430895 -1.249177522 3.925412623 4.592811520 5.051949793 3.590966653 2.798046015 3.666352150 6.321363121 2.762623511 10.670935508 10.171725022 1.701093970 4.443341088 4.153269480 8.088732467 4.282446980 1.677043015 4.384792294
-3.810277466 -22.810326844 -0.923529878 0.631728223 0.357202085 0.661901031 0.187651670 4.679327596 -0.421568253 4.053764720 6.848826482 8.299382671 2.900306781 1.985203537 -2.265773703 4.359623332 1.251817571 5.575139919 0.608923128 -1.885201887 9.585347449 5.367776418 11.268129399 1.571146535 6.136545090 4.531229864 7.764839159
4.924624090 -37.093135511 6.002176664 0.192436681 -0.891270366 0.278754087 0.301498618 5.395333442 1.988382750 1.087163456 3.365909827 4.089914816 5.938327426 2.954836972 1.997889188 2.606861175 5.443494836 4.718522072 5.327695890 10.796082957 2.382923945 6.133999551 3.842707383 1.319785712 1.042410139 7.308154764 5.928559697
1.500081604 -32.586829431 9.778105679 -0.270591199 -0.128707965 0.793036823 0.530384069 3.911675338 7.002442045 -0.154531635 5.993262449 3.274755933 3.767390622 -1.759893303 5.892077539 -2.177888281 4.841457137 1.038891458 10.731650898 3.727086342 6.136748010 9.722286567 3.242719423 -0.726154994 6.518975588 -0.263600955 7.352926715
2.699192478 -30.610946280 8.587229609 -0.110313756 -0.929666085 -0.317631369 0.150539560 4.939216610 2.924527274 7.735573581 -0.278097167 0.931086580 1.034576564 2.523088981 2.652077618 1.745503479 7.988967920 8.654610921 8.247088225 1.167297277 2.430140066 5.622242339 5.617717235 8.602547901 -0.593347772 -3.100195466 4.248014604
5.877849141 -22.185826083 -0.208638713 -0.892229042 0.424309781 -0.154362636 -0.007792521 2.558579094 2.307405750 3.680883720 0.366484950 3.618579156 2.629727919 4.816285232 6.665548678 -4.134741726 -3.109917286 3.739205393 -1.577539688 2.743355505 7.828373373 0.298971597 6.696156030 9.089414580 4.183923072 6.652577307 2.554129738
2.583019820 -33.001066176 -2.112632731 0.394064799 -0.048742478 -0.609145950 0.686497135 6.424227129 8.581712800 4.828185939 9.419006129 -2.151832715 2.139604423 7.948617884 3.223929586 6.096134247 2.360638149 2.855506627 3.623846490 1.673515341 2.880922400 1.797154167 2.657190704 -0.418423135 7.361678176 8.027018987 3.515389211
-2.458046816 -26.768181260 -1.168221557 0.217213163 0.902888952 0.092316907 0.359287588 2.950801420 4.760553383 3.357209874 -1.755248864 1.544386193 6.153463460 6.877246674 -1.554144550 4.944876708 6.382209630 0.620090953 4.025744425 6.438352873 1.403361163 4.189621944 7.992413128 5.667007971 2.821493473 3.103830665 8.888633584
5.199158254 -25.456916642 -5.639660517 -0.061905024 0.566928832 0.132408086 -0.810695729 -0.712595557 7.733719057 6.260969056 0.562327461 1.554832592 4.013390688 3.780059302 1.865521698 8.201389124 2.894102482 10.212981792 1.903708475 2.006955677 7.262047368 9.020571417 3.286901446 8.021778671 5.488270414 6.925463344 2.835196907
3.073482020 -31.686549937 -3.507577370 0.704952957 -0.503941861 -0.202763793 0.456038127 8.526757308 2.615640120 3.381964192 8.062658819 4.844152053 4.179060536 6.129537039 0.867658663 4.210732401 2.890382450 2.542219020 2.953190323 6.622728217 4.116044054 3.293877411 4.399926048 7.275484080 -2.738324498 6.632194255 2.040047482
8.358149893 -34.095047887 0.731546784 0.276260342 -0.388408705 -0.614554914 -0.628602545 2.489914768 -2.048081615 3.402781151 4.354868878 4.210567183 0.457750348 2.596538815 7.153519468 5.438835599 2.202772883 -1.520473487 5.234373935 -0.935741941 4.464402856 5.375163345 2.808454942 -0.786809055 5.574420359 4.852417490 1.988109568
3.893521725 -34.066177337 -7.929414425 0.369245918 0.699022375 0.477941258 0.382880302 4.431349461 7.018424681 2.974622270 8.616837054 6.731184727 5.514120871 3.955366620 4.222339508 4.072803204 6.246374442 0.393770442 0.253715146 4.749743609 1.338565031 2.777809154 8.762361459 2.715411430 6.860931424 2.115800165 6.674807782
1.643327193 -33.737111656 -3.242589870 0.552568601 -0.284495594 -0.768986530 0.149632598 -0.191815409 8.538966428 7.607424523 2.414984366 -2.992372049 -0.218368181 6.165288641 5.162147489 -0.180955815 2.957294631 5.240184070 3.828166482 6.799166033 3.831844617 2.455732237 3.205495023 8.290362720 5.987466523 4.589322072 3.352595216
1.718620324 -25.862543634 9.403639757 -0.515048202 -0.585161518 0.492616729 -0.386833433 4.404291582 4.411966987 5.154020129 5.648811565 3.257163632 4.171040345 5.587423389 4.962356346 -0.425484695 3.873479277 4.173932567 3.762768630 11.605685429 3.105718230 4.790342021 4.369172746 3.976713703 3.574078168 5.534514899 11.708073353
-0.392809465 -33.889652263 7.399861542 -0.244119360 -0.380082022 -0.851387816 -0.266612419 6.310853447 3.815292745 1.982717500 7.805071277 2.384625384 1.941466102 -0.339784860 0.831044976 5.158047130 4.218068094 -1.800538632 5.843733791 4.592539714 5.410632933 5.625238082 4.510462139 -4.036727770 5.787450436 5.739195044 3.622947009
2.227982219 -26.145143301 -4.201528269 0.800858940 -0.058478888 0.510631009 0.307345326 3.202018859 6.531619801 6.894361454 6.448885378 2.007838803 4.183806281 4.337635040 6.282933085 2.813394658 1.474322764 0.677794058 3.769968450 3.123268769 7.660706385 3.265682227 3.493799702 4.108346460 -0.548629343 9.652852206 4.608391412
1.746075768 -36.158194123 -4.303358363 -0.923660228 0.004977869 0.296644909 -0.242546495 7.064031277 6.042959765 2.947999424 6.544681743 3.192554263 5.922649456 3.564484238 -0.388174320 9.769813152 3.473550025 2.438109567 6.640818858 -1.101741789 -3.627434343 1.002821403 2.073541847 -0.867742851 -1.786581497 2.778804724 7.138493063
-0.029565246 -28.394247247 10.177410441 0.233011288 -0.945760310 0.063180103 -0.217373985 2.561333957 5.369329035 6.127441573 6.529240591 4.741574010 4.683832711 3.508998198 3.819679631 2.814503409 5.569032535 5.638161969 0.678997944 6.019493765 2.908157552 8.890974442 7.877766509 3.575188558 3.423528408 2.589660183 0.351889475
7.350349741 -29.289363900 -4.525726898 0.824761560 0.371988178 -0.034916482 0.424469084 5.891765045 3.736425402 9.449140081 2.950166441 4.992868366 6.012720085 7.152016273 0.982879751 3.534903740 8.204409281 8.539699420 3.973765263 3.392239448 6.010772327 0.407190861 2.945730457 3.522336658 4.972023967 -0.077138975 8.456927995
-2.932575642 -35.424979546 6.041349735 0.704256261 -0.179161078 0.425795772 0.539094043 5.162556663 1.364047858 5.380730178 5.797645570 3.461081838 6.610348864 5.383092060 8.615413993 6.462330448 6.067169053 2.457605665 2.924209457 6.375363977 -2.008344086 4.619642733 6.257382577 6.152991750 3.025614281 0.726986073 8.338902063
1.692167116 -24.931008674 -3.603031081 0.692610630 -0.174325855 0.612558445 -0.338634262 -0.321542288 4.432430171 5.749474986 6.577444728 6.089082280 2.004560849 3.735401846 4.804905199 4.386086547 -1.833006780 3.556462784 1.259600262 4.790230679 0.752087761 8.613904696 6.933510030 8.053835996 -0.664278619 5.486756419 3.381972868
-2.651074392 -34.876399120 5.428460496 -0.348942072 -0.611916199 -0.398760011 -0.587186895 5.734437901 2.162186562 2.902169576 4.189253149 0.770903958 1.898654788 -0.689992562 0.681106966 4.201592233 3.817910551 2.159750508 2.306132507 3.551743568 5.608773497 2.818466240 6.683556367 4.265295708 3.648408236 3.036759416 4.929373276
-2.278507273 -31.060719686 -4.380722461 -0.589692475 -0.700821123 0.400528774 -0.026253370 3.280480269 0.696995677 10.928809900 4.045090511 5.904642278 6.999160580 5.978351284 2.031769204 1.366132113 3.431148023 8.663490351 8.781509997 -0.282493438 5.602073542 4.521136305 4.839107145 5.395918240 4.189604448 5.258248871 -1.908476540
5.741966544 -36.702142243 2.765503811 0.536955835 -0.265819876 0.129556135 0.790084446 -2.211502199 -0.367774928 0.339452813 9.103476576 7.034818711 3.103905430 2.567863013 -0.493228913 2.659006433 1.570586649 0.595188487 7.352394960 -1.404323069 4.178530968 5.111571071 -1.828573637 10.045266320 1.530390550 4.241297408 5.730989777
3.114259321 -24.226595456 -1.594883918 -0.093136689 -0.449063988 0.765032884 -0.452097089 2.753400613 5.641759690 8.630093176 4.665504771 8.368987967 1.021228887 1.523268938 5.615919670 5.081457829 11.402485267 1.360408815 1.935299660 4.880973709 7.799109898 3.796934828 8.095310655 5.592917752 0.705709278 0.687824801 3.761127407
5.982950613 -33.531116848 0.206918851 -0.707194793 -0.021934521 0.701461487 -0.085709876 3.617176838 0.075522501 3.417853276 6.650399078 1.204248654 5.312425712 3.038295787 3.905464786 5.047640050 5.030215703 8.656491260 3.112284367 4.030800526 3.346388655 5.992457529 2.837524148 5.963989545 2.552236906 5.452859280 1.858246227
0.328282582 -38.035305700 -4.167225314 0.475817072 0.203546218 0.834417461 0.189511349 4.420581509 6.387390674 -0.081830168 0.108813906 8.292827724 7.801395076 4.922206996 -1.927061467 0.244100236 2.970681654 0.610775327 8.458640933 5.879437895 5.543045187 3.088280278 7.461223616 10.331220108 4.864780954 0.656852707 10.577423781
-0.028210171 -27.486134788 8.921460560 0.283766838 0.752189524 0.405935795 -0.434630224 -0.644420118 2.327021701 8.611756529 10.557580371 5.879312919 5.183934883 4.971218315 8.566966126 7.439643388 -0.348011371 2.536356828 7.352721771 8.981176124 8.694357256 3.623065826 4.830035134 1.743591403 0.321586863 6.653194028 0.614993828
-4.870743382 -30.600609500 -1.870065814 -0.238833140 -0.466342782 0.697815153 -0.488402656 -0.260394004 5.725907208 9.767399655 0.113311018 1.383174818 8.241256195 2.068866241 2.067572345 5.459061932 -3.547801845 5.646542425 1.792260489 1.140226013 1.889784804 3.696789366 4.772365897 4.553744532 8.230366977 1.598311502 2.940071167
3.914185629 -26.562366848 1.188300598 -0.093420445 0.131465031 -0.446357304 0.880201525 1.973928468 2.380113096 6.164237355 6.177510175 5.676805709 -3.171177467 1.895347722 4.698767664 6.151651711 6.429751297 5.604333191 4.600990896 -2.866707171 2.793739183 -0.839431756 2.757678448 4.751992014 1.822202362 5.124127161 8.731108758
-6.439084594 -28.661706312 -0.478793675 0.068632639 -0.984036545 -0.095203350 0.133783264 6.100056805 1.032784943 2.425832422 5.114268387 6.694518449 4.135775598 3.799825549 1.949510994 6.287288935 5.777329824 -0.019561139 -0.078944876 -0.177845246 -1.547813107 7.185660596 6.746464585 3.710824910 3.325647198 2.829948341 -3.685423561
-5.012296659 -31.031075087 4.039029686 0.337290311 -0.758029932 -0.394798195 0.394664736 3.840087459 2.289309136 -0.270776338 4.976552502 2.207373268 4.354375579 -0.771495455 8.693994128 2.453780569 1.441268524 0.346689439 7.901591667 7.939698279 -2.955680732 4.078977853 1.673391009 2.854725794 0.950385460 2.501305273 4.074506770
1.728901113 -23.528751953 1.570984791 -0.165540279 0.207526369 -0.071573418 -0.961460591 3.149361464 6.695917881 -0.476381282 3.811835752 3.562552383 4.014465443 0.469450929 1.719959770 -0.728902437 4.205388102 7.593050777 5.403596693 3.272204932 4.046549311 3.688491217 7.983179571 0.441880495 3.432777450 0.136900834 -2.707863886
-0.733731925 -25.750336462 -0.698394494 -0.285134458 -0.660715337 -0.302750645 0.624896496 4.742580215 6.494176209 3.833100869 3.650802500 3.606276578 1.442800506 4.325950268 3.308816622 -0.441984712 3.763452816 0.292438151 5.308697369 4.668823550 8.831490880 3.862484315 6.317780307 3.561815979 2.461681105 3.246253864 8.918111576
-2.976416938 -23.479755165 0.403270478 0.192423327 0.642133897 0.008023484 -0.742006028 -3.845642911 5.702738441 2.587640919 3.251045286 6.821549351 6.575302394 2.257596491 6.023538101 2.808131026 3.145146576 -1.117639435 6.002848351 5.488766330 4.779459974 4.052554820 -3.996428562 3.657643900 5.899216894 8.928797115 1.996088813
-4.815667555 -38.145334409 1.384001474 -0.810938989 -0.035505091 0.188552618 0.552779571 8.301183959 2.342087374 2.856715067 2.509142848 -0.189212337 0.657289739 -3.738854363 5.821173160 1.556684034 4.980673030 -0.133980652 2.449554235 5.617859573 0.100103042 8.216058075 5.914718939 0.700044011 3.353675298 4.294535095 -0.039203931
-2.914427042 -35.804271421 -6.216869855 0.840519150 -0.428399485 0.309332710 -0.119644115 0.310278773 10.466214960 1.433285361 4.550354744 0.986813138 2.560137966 7.230359225 3.405829750 7.569632519 7.223072835 0.016669961 0.926530662 5.044928172 4.528160494 2.229985340 0.860750701 3.661177215 -2.476170766 3.194970744 5.413985724
-3.622453802 -22.459969072 -1.183244758 0.381516800 -0.715762051 -0.108114053 0.574839951 6.672243202 1.358703980 5.860867049 3.663603806 0.856622809 7.888030434 -0.772409667 2.660882090 3.301059427 7.040732379 5.644917914 3.880189427 2.931972546 6.201236721 4.466652988 11.166826269 9.049557905 4.776547758 6.693551890 6.251390824
-2.773358584 -30.033437156 0.009600296 0.554972183 0.806239563 0.204083625 0.018262440 -2.250984262 5.817703361 0.434211296 0.896287561 3.487157025 9.036649166 2.842648264 8.013466440 7.130363665 7.834291293 7.418724573 8.862690393 -0.255942432 4.284060589 3.022142348 8.335942803 4.132805280 3.381040412 -0.394504585 0.911008711
-0.547691164 -36.747302289 -5.664943918 -0.586710321 -0.479479500 -0.365916691 0.540347466 3.483215342 3.143323437 6.739602592 2.863203653 5.848235685 8.863599692 2.889322671 1.520686687 -2.355595242 0.820328921 9.758256342 3.899536997 4.892550237 0.901494682 -0.258939753 4.261889596 2.191912417 3.054640034 3.176796660 3.109144410
6.447728795 -27.028466933 0.746475788 -0.284788677 0.158455665 -0.429101710 -0.842412568 5.310601841 6.032686474 0.948984239 4.519730254 6.809753184 11.672542104 4.381925628 2.946292949 2.424216744 1.723772809 1.076314055 -0.961160642 6.396406531 9.352894196 4.232521653 2.067723658 8.639464010 2.166163613 4.995039199 4.951739610
-5.957475765 -26.531943065 -5.528940700 -0.202501197 0.145389384 -0.491274349 0.834568575 2.330060460 0.355101885 -1.617594215 3.488139335 3.963612993 0.026854143 6.783237334 -3.239124877 3.840095901 -1.912032989 6.705289953 4.164841903 1.538668805 1.459095582 7.440864691 3.954692425 6.682695923 6.358796040 7.253968363 8.600882356
4.882635826 -25.603753757 7.948999122 -0.732496542 -0.289618576 -0.594514855 -0.161622971 1.568859710 10.897124503 6.666825293 4.205213249 2.836534046 -0.763998751 -2.656299231 4.630660009 0.950873130 5.492400422 -0.364016446 3.660602960 3.687918454 4.721595926 2.402759892 2.815883052 11.520778108 3.900102523 6.696984839 4.366368258
5.062412313 -24.894111335 -0.210195767 -0.620462157 0.775672264 0.096800012 0.063158598 -0.340790720 4.948953726 6.969494599 5.531186394 -0.463584554 6.870120499 1.693885751 4.934622017 6.712312788 1.176290863 0.783822913 8.015500938 1.237791867 1.873498213 -1.919474529 9.781836759 4.641706385 12.038267712 3.019143509 4.847127803
-3.458007856 -34.760416042 -1.507094649 -0.625871168 -0.242885438 0.490707500 -0.555426048 3.737285699 12.445923215 2.274296980 1.189140482 2.277264943 2.436633006 5.546019439 -2.556284441 0.684212100 7.784311158 4.643844026 5.542789379 4.240464558 5.508246025 5.129850736 5.908368887 2.918234781 2.907891868 3.979641701 7.485318454
-2.876368262 -35.915127444 0.728127650 -0.332625435 -0.075038080 0.854087117 -0.392765584 3.127658141 2.629650099 6.106607255 1.874311040 2.369866035 1.987348494 3.484009715 7.051478386 7.456521820 4.270626835 7.812996510 5.459039998 1.941446253 -0.390677919 4.183605146 5.326261890 0.043847139 9.131376622 5.201578825 2.433036346
1.972966018 -31.530194151 6.850399721 -0.653457288 -0.705931857 0.226644288 -0.152598008 6.668303847 9.373536612 7.211989619 1.559462517 -1.980353143 4.305589540 4.324034447 5.737021748 0.807123858 9.724623073 2.987168752 -1.438658414 5.303560395 -0.743097395 -2.234571749 6.671147315 2.110349767 5.379802374 3.671521724 2.547389777
6.265622619 -31.667170889 -2.808816398 0.725985935 -0.497158028 -0.469201711 -0.075020477 7.231608937 10.237950887 4.150932589 6.339942815 1.720846946 7.834516961 -3.552825558 7.601435580 2.194376860 4.146109645 6.242057329 7.014236057 2.225650821 7.870280584 5.596720338 3.802833676 2.919431159 6.459616635 -0.325913609 9.027442692
-2.637386063 -30.980246522 0.652659165 0.457381965 -0.558868142 0.417438748 -0.551555101 9.541213750 5.691573845 6.323444409 -0.011105617 1.516018400 4.328461040 1.133398917 2.354425617 6.957541993 7.024650127 -0.235615983 5.741781321 8.897895442 0.079484655 4.159502280 5.342666532 5.484123800 1.365850001 1.132632064 1.989544068
1.752641350 -29.227156749 8.467261404 0.662819389 0.321649734 0.536235906 0.411901638 2.858271983 0.292802237 3.441886925 5.398520063 4.572717052 3.644810840 3.043309461 8.307910894 5.406048714 4.058138348 7.233764354 5.838104347 4.039471516 8.252938826 3.061368500 2.538138429 6.530050877 5.576997153 2.863277562 7.947324186
-4.407654710 -34.119887427 4.201918427 0.004760098 0.552029250 -0.197852194 0.809997258 6.812520493 -2.146724181 3.879104215 3.228600568 0.670514209 -0.540099754 -0.246625059 1.286540448 7.599746142 3.372005204 0.382453692 -4.634847990 2.678395675 4.726049247 8.435064943 -0.179939603 5.879709660 2.863729840 5.900991522 2.796862168
-3.348484188 -29.366963436 -6.732190355 -0.355567168 -0.408861775 -0.593333302 0.595281136 4.173689635 5.433839395 1.780409107 4.845564998 4.939387349 1.714100858 6.550831886 4.047439875 4.439923269 6.608554650 5.570267289 8.012622628 4.240532533 2.152496412 4.677615801 -0.181442491 3.113552483 3.363248788 9.029623667 1.836793824
0.350854975 -23.519870670 1.236917377 0.665790787 -0.668618555 0.301433594 -0.137148255 1.500514842 6.003189617 0.127352929 6.536017691 1.749475178 1.764631926 6.724613980 7.324543632 3.260094868 3.924529660 -0.199403959 1.133653687 6.044580312 5.546910129 1.760127660 -0.985010217 -1.424752755 1.368464333 2.799196916 -1.461912701
5.081521698 -23.508485876 -0.854604600 -0.059256832 0.293877875 -0.695512060 0.652983458 1.491072194 4.770401939 3.667001063 7.332527916 -1.007295172 8.316999986 11.675198675 5.496887584 5.252634162 6.293828018 8.733780239 5.515516069 -0.696086367 5.372975935 -4.244457404 7.047611132 1.646456906 2.159763600 6.381068126 6.163763741
4.020217497 -32.845008532 5.493979478 -0.094452419 0.767848883 0.611172047 0.167199172 4.708356535 2.729350494 3.642682889 0.545845972 5.006210687 4.753154003 5.423157886 7.061332469 8.390799966 2.416097943 3.261293337 3.103076104 1.175881374 1.684038882 0.091031367 5.912474140 9.667383735 1.266814114 4.955741037 -1.646241205
1.812303764 -27.053500691 9.434332212 0.542105821 -0.467247329 -0.696004600 -0.058127523 2.288789823 11.384685984 2.901419262 6.936890777 5.012455276 5.019676598 6.939445778 2.580455245 3.836753681 -0.057526288 -2.894228878 1.938535500 3.193419800 6.589123766 5.966392906 7.977411969 6.487306411 2.513183773 11.176396647 3.089566925
0.773484390 -22.520274804 6.886083348 0.010492476 -0.805871687 -0.489634212 -0.332744753 -4.120085355 3.055491259 3.422778392 4.980012101 2.619914745 1.998000845 3.796003843 0.204948715 -5.944632294 2.010464986 1.266272152 3.380866881 5.694774112 0.829966705 1.519397032 4.041990648 7.032110979 2.026379707 3.110158448 1.500867587
4.670841511 -38.723470278 0.066133497 -0.412268072 -0.117751205 -0.756729731 0.493487391 4.011970304 3.178069936 1.839336181 0.974874412 10.601269017 3.962519621 2.949036432 1.834152976 1.766443514 2.803840398 1.943225550 2.018128009 1.033950005 1.445014695 5.155669182 3.784715515 5.468794870 1.083973088 8.457595727 7.270300458
-3.716176079 -23.519001980 -2.784822517 0.155233382 -0.983397422 -0.027437477 -0.089884881 2.036399756 4.635932231 4.143823844 1.915893600 5.148168780 5.087260628 3.250914316 6.226797070 5.534156503 2.938634720 5.316150912 -1.290754651 8.810093055 4.409814248 4.321035794 1.887138692 3.865188280 1.946865425 0.403587142 4.870303053
8.668318628 -27.850244041 -0.010881246 0.814692237 0.438379096 -0.164373388 0.342172056 2.187398080 5.250687599 4.699450584 4.760337183 1.593508053 3.085403972 2.031602459 1.155867065 4.569871156 7.721199942 4.291977122 3.136572633 -0.264539292 6.438795554 3.833527043 2.661819507 1.498102017 0.089246760 5.748411270 4.055753957
0.419065693 -34.387866744 -7.063491122 0.556188809 -0.682291953 -0.054846086 0.471299912 1.289811543 6.999969397 -0.295270880 2.438552193 3.825375329 4.463845143 7.785876915 3.198711031 1.317892178 2.372184217 2.227692251 11.077563368 10.548002867 6.604308650 3.460449162 0.512146306 10.513286855 4.896581326 4.865624908 2.389032310
2.523701914 -25.933946012 7.130665968 -0.449861976 0.681002921 -0.527994847 0.234692706 -5.284602158 1.084536346 2.617841637 6.705102056 6.825186618 -2.532726708 7.665879689 5.940905849 11.452545902 9.212683059 3.566612781 2.194150818 6.301757561 1.967524207 1.811248018 4.074669987 4.681630751 1.330687744 -0.283278260 8.681711940
0.046502423 -38.614882106 -2.092877904 -0.738898565 -0.669062502 0.076543682 -0.022920355 -1.065779861 5.672993222 2.573209273 4.274938659 -2.578290196 0.906727014 6.703025588 2.985585604 3.376008636 4.989361975 2.780761113 7.689924798 3.640182002 6.701199671 5.256392706 3.279477423 6.852464504 6.119463383 -4.235547532 6.055501894
2.381960421 -22.558131268 -5.654173788 -0.565354236 -0.392681009 0.713172622 0.132518017 -1.664409560 4.785188708 6.249383990 2.645263699 2.382191454 3.826127193 5.051730833 3.400589422 6.824100879 2.456922307 4.712651646 2.104683278 3.216084431 6.249900940 8.197720778 1.621188418 2.686325231 2.133799564 1.833642588 6.768515033
1.872075013 -23.764005438 7.592331104 -0.197241275 -0.552372413 -0.803879017 0.098788279 -3.663109062 5.913347467 6.548373153 2.066925320 3.641865806 2.714385269 2.895734702 -0.394238652 2.070273876 1.932523179 0.090840911 8.190854930 2.875556906 2.049244984 5.952495803 6.127021584 1.157422991 5.750549474 1.715022458 8.824657514
-5.824209732 -26.022313299 -1.018308507 0.700267360 -0.027036472 0.385633810 0.600150996 3.759186334 6.238312452 2.860731163 9.741390577 5.813342921 5.964789354 2.280363187 2.957316520 4.040606551 4.211794521 2.264609140 0.787918007 0.930164572 2.276262135 3.088604123 3.889685577 7.645424329 4.308910959 2.934956034 4.206516902
-5.621428778 -29.561420168 3.040092266 -0.210649072 -0.912046794 0.137107053 0.324035908 2.728503793 3.179605400 5.439684084 2.826445377 6.891971377 4.566051070 -2.799011452 8.996544541 -0.212357489 4.834408681 5.820628451 5.189400349 4.667873685 5.143311075 3.504935434 3.321982162 5.100877584 1.882738277 6.108719606 7.369261987
6.196758430 -29.751327312 -2.890320181 -0.069820190 0.009630100 -0.993469584 -0.089725065 6.013043936 5.178274536 3.202788023 3.969228291 4.153611256 1.463505169 6.097417853 8.827117772 2.475941306 1.415319904 5.061670225 5.977249637 2.661750345 1.279065140 4.559208850 0.832768064 4.918156762 0.451603755 1.674565620 5.892033211
0.799439007 -31.694172197 1.630848887 -0.655848462 -0.526329837 0.504079001 -0.196835106 8.507562140 3.613337076 2.896050957 4.852630668 6.726703743 -0.581283255 3.370557159 7.981501273 2.328553936 8.348181990 8.761507718 1.453356524 3.446933393 2.211964614 4.867699817 1.888557814 4.837059136 4.435790815 3.423227029 3.276825628
9.045166058 -25.983068626 -1.577466312 -0.803333103 -0.199648808 -0.154787860 -0.539293054 2.050462208 4.977007064 5.385143069 -1.665280874 5.944437304 7.290136491 4.076430725 3.928082930 10.525771301 5.719996410 3.608482850 3.748674784 3.458704388 4.971233020 2.185851645 10.020805393 2.565954614 4.397905890 1.323486935 8.424421416
2.772314190 -24.167750259 -6.443188043 0.746323571 -0.481795824 0.146438915 0.435235058 3.626594389 6.387736076 2.982358688 3.318599535 7.132143602 1.378567996 -0.652171804 4.497875935 8.244309948 6.391647536 5.144062909 3.723147201 1.649702997 5.362118676 -0.315730231 5.734949861 5.303266427 3.310029085 2.222525412 9.252136864
4.705116271 -22.541658128 -3.117841204 0.036251649 -0.152812257 0.692286468 0.704324981 10.511332631 -0.569762421 6.026906353 3.160837015 8.651882432 2.240940514 6.066604327 8.702485822 6.383801062 0.687034302 1.594574235 1.404534655 4.419800043 2.887512662 1.827604039 5.162644426 -0.185043135 1.687251895 2.864361980 3.961776188
-7.897468324 -27.808821845 4.326889318 0.745657193 -0.287422812 0.032920229 0.600249729 6.927511582 5.557046292 10.031914608 4.149093181 1.151521816 0.288849380 6.108127102 6.719678667 0.484727599 4.764091699 3.377909892 6.044053567 6.149254115 4.781442764 3.910661335 7.024363004 6.409401906 2.223878642 4.311609770 2.104038448
-4.032884719 -36.391977461 -0.016020814 -0.190343429 0.535406186 0.795002612 -0.212321552 10.771072400 5.382783592 5.105543109 4.048741284 7.477805145 2.298972848 4.685374393 -0.077738006 3.781187747 8.765346403 7.321109098 11.082823715 5.388041247 5.491835721 4.927163589 2.242928253 -1.851380965 0.305566428 4.589932345 1.695169623
-3.138367981 -24.809244423 3.775255097 -0.650742694 -0.193251837 0.734273823 -0.005442925 0.282972751 3.152991386 9.256362430 7.108770037 1.849802766 7.748252214 3.724600629 2.007194688 5.461217739 2.931620647 4.877437422 4.093358457 8.692745796 4.145667300 2.321308735 4.984674232 6.339307564 8.203847341 4.300572951 0.515917284
5.309352792 -28.872851147 7.533675503 0.951821216 -0.153991998 0.251547653 0.083944125 5.950474784 1.938573192 6.262158393 5.016871197 0.908472576 -0.337882204 2.706541447 10.340370694 4.672250673 5.584486127 3.368918425 10.356662524 10.007294573 0.727209394 2.182075029 4.134185662 2.030264180 4.468482153 4.568081307 8.928445689
-2.697279024 -23.438699060 5.193624057 0.801920714 -0.408421125 0.427125677 0.087629953 3.369384278 4.771584687 -0.281845076 9.253300472 8.262785802 1.325234796 0.819645375 2.022070433 6.232960550 -1.652885586 5.509855458 7.044128790 8.875944072 -0.668743237 2.100202152 7.655335642 2.146940595 3.880492474 2.492455125 4.691159649
6.548618725 -28.214770116 7.036286181 0.589783275 0.745544846 0.266391391 0.159230014 7.489629985 5.015870295 -0.006748150 6.028103834 2.897688214 0.710192220 11.801793785 6.946972747 7.220983824 2.114459899 8.153663917 6.982046556 -0.109282981 5.564769139 8.446638976 2.660103063 5.457245151 0.144064727 5.144260613 2.615756732
-3.195625589 -24.929671356 -4.530871821 0.425096616 -0.279559771 -0.530682747 -0.677875374 3.755693638 5.218258017 1.509149423 4.486690774 4.565860453 4.044391770 1.855837966 5.680732317 4.284750254 1.217415347 3.511755056 2.010332529 3.479493726 3.417734565 6.377668074 7.574543661 3.583871135 6.530705761 -0.813638988 0.323040671
4.863351415 -28.345638525 -1.983475054 0.183297812 -0.678949328 -0.508032276 -0.497325777 3.473868245 2.369842009 0.170112744 7.168118735 7.402552297 6.346677892 6.698770726 0.801536117 2.764982916 4.349207232 2.744132046 5.696611155 3.647039046 10.876474552 -1.412369486 6.672064727 6.454174963 5.343801159 0.726191329 2.420320114
3.967315256 -26.157918610 6.902377142 -0.028741324 -0.046886120 0.394490374 -0.917252949 2.843788279 4.490219280 6.876034858 5.408083386 3.971305804 3.757591862 5.124523019 3.204405146 10.032838643 6.105031676 10.597075049 2.105478815 6.413744874 4.067794012 3.016635579 4.804786033 1.800002580 8.479495564 2.347003266 -3.260346899
-2.498870571 -35.591039464 -1.722333655 0.792961995 0.456224270 0.354762181 0.192910563 6.757377337 -2.891049790 0.062344573 1.918214333 4.939414166 -0.323541137 4.727686886 5.373302775 0.700979189 2.572820694 5.346435901 4.538927627 1.918859132 5.133138027 2.646756435 9.214687846 7.290225745 0.720930199 -0.770786922 3.968418351
4.462205725 -26.272868947 -6.074683146 0.819681568 -0.416528242 -0.279265930 -0.276833688 2.319069489 -1.434430729 1.088072643 2.201371908 8.395029862 2.023681710 5.965554708 2.857019183 10.256550368 1.395794761 4.860933907 3.864832897 4.122014088 3.391558155 4.839622132 1.613381911 8.119586073 6.066257101 4.580400029 1.686668126
6.448924951 -26.550985428 7.264317346 -0.603763041 0.723621374 0.148741583 0.299530030 4.271808426 -0.199155527 -1.766034172 4.370257452 0.937188099 3.348861879 10.302142214 1.420868405 -0.370359447 1.322196966 2.782512089 1.362509725 6.750875230 5.362756551 4.048448999 9.957872508 6.511643233 2.452495119 4.892020087 6.611300942
