-22.803590141 29.277363119 -0.452455365 -0.240771744 0.371184791 0.363426325 0.819861040 3.966730137 7.316324874 5.384427018 3.340331379 9.248697559 9.549646448 5.161208734 7.371942010 11.149792636 5.514070682 4.886847466 1.955380330 6.761855089 4.086813431 0.318905890 9.464794511 -1.949248596 5.466026414 1.844173168 2.774596075
-19.736440422 17.630884486 -2.945007739 0.165755831 0.524550421 0.768057505 0.327810203 7.591560940 1.122642311 5.226143420 0.644641263 -1.086156015 -0.638470995 7.167631148 -2.603478374 2.781935907 7.708867478 6.944163707 4.009089551 4.502404951 4.982909469 7.674563581 -1.475034625 0.224680508 8.364626510 5.779040948 9.309764196
-32.824308639 18.719846675 2.615399388 -0.285452354 0.593573303 -0.213514628 -0.721525600 8.279970603 6.250092291 4.875689427 1.023122676 1.856267130 7.054819356 3.895937492 8.710908523 2.496488753 -0.873408803 2.235737981 6.292828104 4.874337425 9.324131295 0.978238389 6.285152348 3.699540049 3.627169398 1.177389347 2.333242130
-30.768714441 28.448107880 -2.321562339 -0.734714239 -0.367567548 0.133864192 -0.554228711 6.532289543 2.133906446 3.498292483 4.335782148 -2.058391877 3.727587665 6.597017283 3.771610400 2.920954220 5.038956553 4.469426372 4.903083348 3.517466658 3.130683333 4.213935565 8.197728129 2.890575939 5.203715656 6.135844343 8.229918501
-27.255469711 20.324194632 -5.197173158 -0.462137978 -0.228706838 0.475557905 -0.712717581 1.680761062 4.505221210 2.670981650 -1.618122982 5.445282482 4.299163213 4.531168267 5.055180201 -0.335299463 4.423853312 5.786854316 4.684671727 4.898836102 5.927433912 5.915923995 0.231951749 4.567729349 5.966841381 2.720500663 4.551035374
-25.129139202 15.187751856 8.729308227 -0.333841784 0.392785717 -0.466325984 -0.718894374 1.567229367 -2.779984650 -0.320381674 5.559811255 7.046940485 3.125595755 3.939460719 3.149402161 6.208622149 8.207865701 6.488117559 3.923710841 5.528212158 3.411067316 8.667694811 3.993493370 0.627287667 6.276521056 4.005285855 0.904457186
-29.400914282 30.231044899 0.146084723 -0.789321959 -0.246277539 -0.562274923 0.012850259 3.589989826 7.963891440 2.409872735 4.746869754 0.034692456 1.775367815 6.700441958 4.073565667 4.305122363 6.260166048 3.075627674 3.966604121 -0.665898648 7.578566746 2.478284487 8.250119708 2.917387692 4.289605220 3.470853689 8.412739747
-22.842963283 13.300275673 4.564582495 0.731047748 -0.147694961 0.574102230 0.337878703 9.191551844 8.243428618 2.644821217 8.148720261 5.893222144 4.970499576 7.151427964 3.943247352 1.216195231 6.503500385 3.653765084 -2.755612398 7.479715627 2.148855892 5.224210710 2.516509425 1.982444286 8.097815062 1.772944222 5.013451565
-22.872359081 22.526734565 2.342506686 -0.495921262 -0.740653427 -0.395326845 -0.221836175 -0.158862616 0.698616180 4.873914232 3.911384383 5.430725650 3.652792175 -0.510349543 8.160745513 5.281473505 6.037846347 4.507565040 1.196147681 5.058962985 9.444634575 3.093275559 8.518325307 -2.792759901 4.089139092 4.672581377 2.486843198
-31.845621003 15.309053917 5.910981072 -0.175482120 0.185669960 0.299688004 0.919195187 -1.494244108 3.264118638 3.964287562 5.768689486 0.470008623 5.009551222 -1.164260376 -0.736238672 6.876833827 3.495105827 7.194800787 3.163519914 3.575862719 2.494127427 2.716067715 4.664834544 2.616797839 6.621519545 6.818244385 1.830455573
-34.718738808 16.749242433 -1.526972150 0.867414839 -0.452486107 0.054412551 -0.199717534 10.156385575 0.540886947 6.169472720 8.044313238 6.794317743 7.517390367 12.230161407 5.580363758 3.298378806 -0.484644646 9.091733898 6.361987826 -0.893369941 4.454097618 0.009436344 3.205148235 6.356659662 3.550235303 9.699627179 9.601535891
-36.215099136 16.719313927 3.999890982 0.080095761 -0.242731131 0.254456457 -0.932694043 5.355781299 3.910620464 8.324684418 0.840371578 6.861602210 3.172121530 7.404850585 8.209900138 6.946230893 1.758344028 5.659299857 0.125698543 -1.215353696 6.002240954 2.203675987 5.840802404 1.570913562 -1.198841868 2.495650674 4.301584581
-24.477790117 14.724925872 -1.214334971 -0.733924455 0.031445568 0.566322760 -0.373690517 0.027131791 4.661268937 5.632478521 3.753210165 3.714108527 0.711747692 1.209095302 3.930518999 9.569412019 -1.856456516 3.913691364 6.219092382 8.374986895 0.520070886 6.735720045 1.660927979 7.380370262 2.204214453 2.410842743 5.243303554
-29.019893610 11.866756333 -2.370833992 -0.281539722 -0.831549276 -0.007636561 -0.478751366 1.097459614 5.474873135 3.488279799 5.000935502 2.859629463 1.854152553 6.390096487 1.230026172 4.273006234 3.410841884 -1.291857698 3.846612351 10.716298540 5.296501661 3.680162294 1.494932636 6.615525266 0.692434371 8.470375207 6.508985001
-35.048925715 18.331873507 3.121028100 0.384136442 -0.410144232 -0.756960507 -0.333514159 5.999527955 4.654131700 3.251762941 6.699971242 5.491663930 10.655115129 2.963570458 5.640979310 3.778619652 4.030708192 0.697574547 5.413319079 5.549254742 1.955483093 4.268827278 4.392562033 6.596693777 0.562592871 4.127114451 5.376897830
-21.734345810 14.742920870 -2.745318330 -0.332667678 0.240732853 -0.412110530 0.813354056 2.053674602 6.070437993 4.011413808 1.975440469 1.619669192 2.969535721 8.001287873 2.282702510 8.370730390 6.889891953 3.656010591 6.451187731 5.272982723 3.619329146 3.873413041 9.106743491 6.837066401 1.447277910 2.378636600 8.211643794
-29.323477469 15.482591603 -1.466434222 0.054793486 -0.345041848 0.243353717 0.904833004 3.134995282 6.779715945 6.990555078 2.199951820 5.287174429 7.356689395 5.767773536 6.651414624 6.433197389 0.884248557 2.534417859 6.219912723 6.186878600 8.540413777 4.381540889 5.184342632 1.551784565 6.347755294 6.744703214 4.155841183
-28.330300163 29.038780563 -3.136521578 -0.530010067 -0.697202466 -0.142464544 0.461196167 1.458716499 3.568001909 9.313917887 4.170044881 2.616460353 7.515502637 -0.352752292 8.202097396 5.000448660 4.857191560 3.769435978 1.996056942 0.889470178 -1.696913248 -0.076171663 2.828853481 8.561138773 5.921299756 5.922858086 2.784544806
-24.481864235 21.499544059 5.978252285 0.740352667 0.284951203 0.374874428 -0.479739413 6.463962490 6.942088708 8.746815119 2.294909153 7.056087591 4.002317282 5.549021273 -0.273714123 6.110578140 7.190858256 0.333475343 4.893672514 4.365386284 1.654507016 7.633004606 7.393257060 5.961870313 -1.291884096 -3.301974764 7.980086354
-28.181669996 25.866545801 -5.710720890 -0.756475416 -0.602615157 -0.199283248 -0.157753305 -2.743851685 1.817733158 3.889577692 5.892829895 -0.553684855 8.553902126 8.105118278 6.956192272 1.255276119 5.002803773 3.342043883 4.726554736 1.202233226 0.291115222 9.029657296 4.917673252 6.195832069 1.900207940 5.272162113 5.571539343
-34.454806312 19.750476947 -4.155801348 -0.167510111 -0.820348471 0.370405965 -0.402204140 3.360488358 4.928646613 7.398671314 3.412095005 4.256300896 4.035377825 -0.195204215 1.644061077 3.358085217 5.584515864 2.291172828 5.383056654 -1.763266124 1.893057803 6.437859396 6.015293046 6.610838828 5.498463730 7.163285893 3.077347314
-30.829257947 22.303283718 -7.807635997 0.258551770 -0.936394822 0.019864126 -0.236476503 4.215402802 3.355927505 2.052081920 0.979807469 2.586344996 3.258194187 3.313001530 1.496441434 6.831663152 3.588481726 3.957589455 5.070467400 -1.774377269 1.708493980 5.521844159 3.864967320 1.155057495 2.375766991 4.087419865 4.306116802
-24.430628479 20.250904103 -1.033134905 -0.296081690 -0.026677326 0.885655359 -0.356705114 7.309575582 3.867342268 4.549651401 1.665132962 8.650208592 4.488077496 1.708895958 4.492070091 4.693006151 0.850340651 3.938207715 2.347979964 4.941293440 3.442808003 0.868928109 3.584241929 1.810441995 0.218650677 1.888174466 2.920225411
-27.931526932 14.462717545 -2.975502958 0.320790738 0.677367570 -0.032947797 0.661196582 7.001867353 1.220133017 3.741336684 3.910304744 1.501363436 1.988513945 4.681933672 4.585361109 0.520915197 -1.233036698 8.863588607 3.598109925 5.586563629 4.575657894 0.195802795 2.504568992 5.236831793 -3.571325633 1.534931537 3.525294406
-28.667465939 22.421693431 -0.804173392 0.434309772 0.253579982 -0.864039266 -0.022546864 -1.815496623 3.113450279 1.925493092 4.492751132 6.551111791 4.752778985 5.191445488 4.909066629 7.635970294 5.683129813 -1.745805903 2.882431440 -3.143408673 3.339035621 9.065438467 5.651866493 7.530642228 4.720630238 4.254746798 1.201991987
-20.656785050 16.719597583 5.332629522 -0.295021745 -0.697800493 0.358571733 -0.545401646 3.121314415 5.067613371 0.415569459 3.889132602 5.298619248 -1.497451829 4.991884140 5.562707802 1.383084085 6.800457450 3.525703957 4.909545535 1.172559901 3.070164431 1.265130109 10.069663403 2.215554366 3.120851496 6.941768697 5.550992462
-20.861035570 21.053620428 1.558649597 -0.634071883 -0.150578727 0.695978838 -0.301483583 5.572541086 7.211336718 7.962193022 5.672426418 0.057554456 3.940970719 0.831932684 2.162567235 5.123490585 2.918904639 4.366089914 7.530473874 1.211369303 9.482243268 5.575001546 7.117284330 -0.060301914 8.146616892 -2.436260015 0.348694549
-23.230863124 19.476190130 5.756916587 -0.524477574 -0.086941613 0.831011996 0.163656629 7.635040571 5.524970837 3.957229500 3.375751266 4.401836513 4.655805409 -1.146281498 1.827878634 4.698210464 3.567034702 1.256933282 2.035316912 1.817493848 6.261730138 -1.173437671 0.067497428 -0.973111976 0.387998370 4.772805104 7.875341129
-26.552112248 27.100426135 -5.597383588 -0.622662904 0.731600431 -0.197675609 0.194874500 3.004123966 8.760786465 5.984381742 8.787365058 2.122846516 4.966967957 1.821759602 9.994745602 2.987633594 4.663003031 5.653912608 2.732326819 6.978686086 2.775964137 3.220736722 10.014082264 6.367011085 3.151636565 2.909464894 3.134779175
-20.819427023 21.037126404 -0.552552463 0.226152884 0.653591070 0.088727802 -0.716799110 6.652423708 2.138382568 5.389359894 5.234385596 6.223828997 6.652586175 4.949633313 3.913801694 3.650195673 3.813692538 7.964076053 -0.052517207 3.755729928 2.241436380 -0.316941128 7.320743825 2.181462299 4.471687279 4.366735548 6.334771320
-30.745009000 24.942735156 -3.284171537 -0.700083630 0.060512328 -0.066926748 0.708337475 3.117126932 10.389101338 -0.478962659 0.481183074 11.483385550 0.753212784 4.753996832 6.850775043 2.115012172 3.028659681 -3.555820672 1.473751683 7.823887848 9.658526147 2.335953912 3.905106136 5.631521084 6.826430927 -3.529965822 2.836582797
-32.592596190 14.227068587 5.524890125 0.517465322 0.700346625 -0.482284709 0.095633181 6.665389306 1.390964222 9.637432210 0.675575553 3.323326909 1.074450220 4.839525503 5.561108016 4.320113328 1.248637770 0.383350212 1.717137709 -1.837047674 5.708596085 13.157743923 9.288537909 3.988558902 7.099251422 2.701674781 7.498037806
-24.811274838 12.935357245 -0.116354015 -0.519003026 0.104913017 0.537912916 -0.655956411 0.855751399 0.478245180 14.137351213 1.253568001 9.596499055 9.443981444 9.247887766 6.878585026 6.897624801 2.754690696 4.591917704 1.050825192 4.116204875 4.897993052 6.519330422 3.185705902 3.819093607 -2.178121114 -2.306776051 5.583459179
-20.530283798 14.838312769 -1.362899318 0.487620225 -0.349204330 0.780378041 -0.176898177 -2.910375078 5.336369880 6.161270489 0.423960443 2.499521520 2.016908838 2.772393403 5.659881260 9.876974546 3.379850154 11.588742581 7.945221847 4.732227698 2.767417158 2.296644072 5.941068282 3.959583125 4.952198337 3.682590825 4.058020803
-25.675754545 28.404294495 5.198107814 0.892346794 -0.344948012 0.197959219 -0.213401539 5.915807121 2.792331103 7.487531436 3.032353148 4.186198506 4.497266271 4.115850442 9.840444120 8.632156636 -3.135069436 3.489456557 8.160003203 4.879590044 1.746493535 0.821805037 11.272450353 -0.198077336 5.006875404 5.789442180 5.819290698
-34.301091739 21.719442597 1.504083334 0.310479642 0.062695023 0.758431561 0.569608017 3.304073982 2.640533290 4.347451033 3.214736181 3.534501504 4.881115415 0.723294372 5.372395073 -0.906488137 1.058254129 -3.244854734 0.350743091 7.807553320 4.622046885 5.009925636 1.966346108 2.254832095 0.955147202 8.422788165 7.363704659
-29.032827396 16.898028675 -1.166768268 -0.130356732 0.825847071 0.090847100 -0.541045785 0.593225358 7.661851974 7.064485980 6.141071311 6.882174464 4.640485217 3.804702358 6.944506465 -0.448580226 7.540042645 4.386277067 -3.549930788 2.261441477 8.857323914 -1.242989939 3.935511355 -0.447526883 2.791163519 -1.671508826 1.341380463
-23.690768765 24.203990213 6.858732263 -0.435634283 -0.262592635 -0.845584058 0.162035427 5.655395230 5.207139596 0.440956377 4.934907272 4.835562496 3.556196423 4.208364170 8.586448807 3.711740059 3.870284137 8.241101715 3.190001691 4.261341172 7.683133720 3.846577399 2.232905766 1.142299050 5.835217741 5.936167007 0.556173650
-25.005292042 23.833124468 -6.980598009 0.422470315 -0.822498181 0.303667278 -0.229786335 1.861784878 2.087472513 6.787028067 4.001881622 -0.720508774 3.986176906 0.500624267 -0.892168738 1.564108330 -1.624040080 0.139178502 8.799105833 7.141865400 5.239257905 2.166360387 3.259162077 5.119490395 2.873946078 6.959031600 6.170617450
-32.974313528 26.380236308 -2.336430832 0.198475931 -0.157706984 -0.900618660 0.353018189 5.593566070 4.039657234 5.807788200 1.598822318 4.401721104 7.325874505 6.837445545 4.248995399 7.333558406 3.511947851 9.107787331 3.503489083 11.567148300 5.850909705 8.619551473 10.427995433 9.001479300 0.888294654 5.493034937 4.423083572
-25.998639740 16.699686187 6.126422214 0.866361312 -0.374530897 0.034880876 -0.328523985 5.480802928 4.658449596 4.883552564 4.407594007 6.649481433 7.540030784 2.836664136 9.458302647 7.739572806 1.468735858 5.177125391 7.060795934 0.510984233 5.053378289 -0.020845822 1.204113446 3.987029756 7.227494446 2.983793522 3.338146835
-21.506079559 23.719068711 -0.283153455 0.663868959 0.589374037 -0.442248292 -0.127799446 -1.857443352 -4.808542687 4.559980807 2.606019082 -2.912854373 -1.570707471 1.433832759 7.424545996 -3.945739765 9.649376159 4.896724101 4.151359357 2.845588888 9.859043134 -0.497790502 -0.860557182 4.785532304 5.314832842 1.444514819 3.710459186
-27.458743333 18.536428254 8.221752370 0.540111500 0.493148777 -0.663121648 0.159227922 5.531175540 3.464772567 1.981194940 5.480499646 1.166984438 8.585640825 3.479812940 8.125255727 5.230534719 6.649220448 5.813856156 4.806274663 0.677343363 -1.961307856 3.145346678 4.599097704 0.370783552 1.300644116 6.554645665 2.916749389
-31.264492368 24.030147729 -1.427461612 -0.162450052 0.938889366 0.045332315 -0.300069525 5.193028422 1.066854410 2.248664528 -1.671962923 2.919079494 5.548211001 4.362444584 5.279347928 0.090106221 2.389839362 3.262980372 -3.050497390 8.315431324 2.812856183 3.026339284 5.129697353 4.374183000 7.503389457 4.135058679 8.735079813
-21.442224544 14.139996644 2.284983720 -0.954389369 -0.269165059 0.126285089 0.027261326 3.938903945 6.701269677 -1.164648832 4.407322664 5.949494886 8.722596804 5.177076190 4.316544709 3.913635904 4.457796133 5.038396292 3.701499352 4.056247047 3.680687997 6.060545664 0.872601576 -0.589648289 0.975353092 4.446603919 8.833440027
-21.684288367 23.938265525 5.225635698 0.195622012 0.519190451 -0.740817057 0.378633585 2.131312262 7.069969113 9.574018005 4.243912535 3.661469937 5.941796162 2.940252791 5.881871664 8.391338809 10.079260444 1.319912973 6.906992462 -1.816039756 0.347336834 9.685473536 -5.437540585 3.916097100 6.431857301 0.746075397 5.468382495
-28.663446622 21.226307673 0.273526100 -0.147260995 0.500717472 0.445318461 0.727521602 -2.254614403 7.934912636 12.152949600 2.903298272 5.962223757 7.097507292 4.007321644 7.174662803 4.440618304 8.767168225 5.561921729 5.190773297 4.337894039 3.670827343 10.185700838 1.299293588 2.174293246 1.003974786 2.708987828 3.517994126
-28.673174744 14.377836980 1.163448355 -0.506204573 -0.330303960 0.795814269 -0.036549598 3.944816505 5.512565785 3.242482668 3.510457581 4.408075142 0.595821358 1.258600569 6.080309859 6.813563983 6.108518278 10.551167299 9.156905133 -1.059913157 4.018941565 2.737297711 5.053592635 2.904143486 0.310090825 3.966992662 8.696246062
-26.737408071 16.648493572 -1.964693305 -0.292205716 0.384695205 0.614486335 -0.623724269 2.813905639 4.014097912 4.026133576 9.167961222 2.552175310 8.823247070 7.834729112 2.354317803 8.362373702 3.026593335 0.334375439 10.177234913 3.734714564 3.704182872 5.402838957 3.686401716 3.408312310 3.913603413 4.491251374 1.195637918
-24.558566191 17.594221946 -1.854132401 0.756224975 -0.164286124 -0.578459795 0.257911075 5.061610289 4.285121676 0.619218436 5.382612323 2.816919052 5.725531897 -1.604820194 8.368967428 0.229940388 4.454371225 4.257646219 4.407729177 1.266986942 -3.119723545 2.340370810 5.981955173 4.175173475 1.876314091 6.881401535 1.930054406
-19.397174002 20.101871075 5.561202631 -0.001131411 -0.912436456 -0.398375235 0.093571398 5.878752089 2.543113561 4.829679464 3.612711209 0.067774173 1.494051580 5.040314854 4.387222697 7.904742521 0.852205471 -2.499837769 -2.497399518 1.134184128 3.755327655 -0.698082055 3.709393928 3.421816875 3.857879538 6.655184318 9.489770900
-33.641525408 18.281276490 6.064618033 0.303518663 0.656883977 0.645304456 0.244871437 4.719655171 1.196855950 5.229501584 7.085818227 4.888885524 1.078365686 10.115207471 5.818482694 2.268346124 7.478614830 1.169310885 6.199301424 1.917010985 3.217080804 4.153476438 4.374252809 3.721947800 5.970520811 1.969873008 2.118010061
-18.576110343 19.431475069 0.127255796 -0.523244355 -0.038326791 0.001284178 0.851319419 7.076745660 5.014902271 7.837548234 -1.723055002 5.028818860 0.893002242 6.867055848 -1.979329030 -0.207390860 1.576872103 3.930160578 0.725676912 -1.397345400 1.131611462 6.211633455 3.571464871 6.812150116 8.366774507 -0.805295983 4.544285906
-24.440486173 19.894305439 8.284975791 0.785894726 -0.077615625 -0.497607334 0.358792747 1.293027383 5.450439905 2.539024692 3.111650692 1.128471778 4.868220270 3.236526867 9.141156567 3.625132082 -0.058736847 6.219358886 4.147737763 2.337795407 2.598025842 6.642606679 4.120857984 1.899552067 6.007266334 9.250766227 8.589362049
-26.975618294 15.375968928 -5.089674062 -0.375207245 -0.142429803 0.002750232 -0.915928879 7.988832302 3.170096602 6.234835882 7.195109470 5.480337947 5.103393374 6.629715490 6.067311541 0.695959402 6.381356445 2.483357222 -1.262749574 5.963009368 7.863370851 4.165854530 6.999103483 5.888118933 3.852574432 6.748361945 3.596715345
-27.996146176 27.887813017 -4.875882559 0.179000072 -0.056090448 0.182208255 0.965201009 4.635524259 0.715512396 3.159607213 4.216256184 0.327191424 1.162808086 1.001502829 -0.665965616 4.062548319 3.959550141 3.651780403 5.572899596 3.084881030 2.164868729 -1.279745210 6.329602866 9.543321015 4.268993374 1.084658067 6.772129237
-31.088152817 17.993395361 4.503616583 -0.769827095 0.401344674 -0.474716444 0.144682391 3.038885154 3.257160637 4.298218315 6.703385090 3.034152744 6.064366287 4.903896819 -0.817428342 1.411167488 -0.360278194 3.712699510 -0.350467389 3.934547772 0.036072753 4.846104003 1.105547570 4.693485891 4.070824847 4.569298877 1.541612174
-26.913167283 18.084078174 9.204901084 0.191429090 -0.194020181 0.728027931 0.629036092 2.065788968 2.852813780 0.738330151 8.308840389 7.764260422 9.056049859 5.060574190 3.617292676 0.981830339 1.676732980 -0.618345939 8.839729441 1.106099426 -1.415728658 3.081333676 7.592391955 4.102730288 3.224263548 5.552604540 3.683944602
-27.059964382 16.405861211 6.381254522 -0.165516110 0.942168284 -0.180116478 -0.229088186 5.111669143 3.607238852 1.702213386 2.415187474 0.794847383 8.276300822 3.601965477 1.442371925 7.610290911 10.512757586 2.884331363 4.429063042 3.212879761 6.073121067 -0.765544350 4.063779738 2.162513031 5.749659078 1.748593529 2.606269691
-31.943116764 17.221684503 6.159955317 -0.913222495 0.199454887 0.203080236 0.291549037 8.908421938 -2.320779758 -0.021513559 4.692548554 3.284440613 2.176359910 2.554696215 -0.016467596 4.208703988 3.921227507 3.286627365 6.265221036 3.523568292 5.148479654 1.111278715 3.669791780 2.024340661 12.531920332 0.821395435 2.533015595
-33.033734429 19.761065538 9.034556180 -0.955340501 0.195405921 -0.088441041 -0.203271333 0.206321137 0.363737595 5.132801827 4.913412632 1.316349298 4.997279833 2.611588211 7.999736244 1.904632510 1.152990236 4.218016807 2.558857608 4.464600165 7.901278616 2.968386345 5.386288372 6.197967296 0.866940777 7.176343327 -0.681522471
-23.078454043 18.548691994 -6.061188799 -0.726308237 0.176806418 -0.438539695 0.498897556 4.915389382 5.980901522 9.041427400 -1.648768769 5.496399306 0.260628235 2.734845774 7.812424122 5.192437600 0.751024659 8.215296040 4.547917479 2.977163461 -1.227480415 3.064012131 3.988920591 1.308304625 4.258247720 2.798111736 6.760387642
-31.786253934 20.898449695 8.235105266 -0.285857265 0.148186804 -0.742348983 -0.587574916 4.264707406 -0.600480352 7.963161380 7.083364558 8.665509418 3.315332445 5.744151713 9.104679770 1.858843599 2.372237725 4.105604976 0.903846849 1.745643961 4.200475075 4.651092619 4.249673641 1.840804772 4.421938911 3.714292772 1.639588814
-26.704485318 24.348324118 8.410142059 0.359603397 -0.918423553 -0.164761060 -0.006112849 2.758844568 2.956561964 -0.469510774 5.972422658 15.023507810 2.839932298 -2.382322250 4.620712539 4.580588158 14.243635132 1.154905084 6.244372246 7.734182876 7.358685329 5.552490175 -1.898286023 4.576429097 5.811191031 3.601374375 2.531043263
-27.313770938 29.236794137 5.380505531 0.037442785 0.700868824 -0.105514888 0.704448393 5.254282367 2.623484153 -0.680841389 0.275347636 1.039851750 1.651568371 4.184644076 7.292592919 7.395653206 7.819716962 4.330626633 4.019289978 14.123125594 3.623291233 4.819524629 3.123208545 4.827940157 3.860187365 8.671794883 3.262906298
-30.087219397 14.322896267 1.595815845 -0.339180001 0.177780564 0.841125882 0.381913929 3.543071868 0.175551875 0.937796581 5.591648005 -0.109431678 1.944836893 6.691952843 6.328509227 5.216116177 4.128957533 4.858362055 4.770475014 4.726237436 -0.667437955 9.504192321 3.881652003 1.786767955 1.126549305 4.092331747 0.950965287
-31.218841990 21.649164149 5.684463642 0.872564241 -0.139840970 -0.237069887 0.403576531 3.128405477 3.366657190 0.463391141 5.617137835 7.466477755 6.609334396 4.139369670 7.992132680 4.604152271 9.663620693 6.023389282 2.309806922 2.132799850 -0.475956402 5.087803176 7.779766482 2.038250984 8.153650665 4.256421383 3.881062270
-24.629714279 13.820509478 -0.186885288 0.401253443 -0.117205744 -0.899832913 -0.124736592 0.169891202 3.062011655 2.224310648 4.539293231 7.000586666 3.423119859 3.083145457 5.333706437 2.255982595 4.286632057 4.266315733 6.795657702 4.246050355 6.680508133 5.096970665 1.313362178 10.106309264 4.029842475 4.569237532 -1.238154252
-26.550014097 14.673886621 7.364666909 -0.138793197 -0.501248021 0.692947812 -0.499309723 7.282820711 4.564327792 4.809815623 7.836107982 9.117268966 7.755503206 6.963210587 3.349257623 4.660013532 4.468176562 5.338372302 3.735584350 -0.317665177 4.104610808 6.275885267 6.010842276 4.242858682 4.556197739 8.810062682 5.083001265
-25.507431105 20.131297323 0.933254869 0.323596987 -0.888845631 0.210319804 0.246989908 4.611342897 2.077421846 5.431765078 -2.342783337 5.668075044 12.514167437 -1.541533390 3.120480519 7.420975024 2.307750518 3.371531794 7.022738335 0.876482305 2.579380797 5.010044455 1.753079518 8.587250123 6.583546129 3.379376566 7.306236356
-33.391697438 26.494345487 1.487857421 0.255824778 -0.905253142 0.100021707 0.324138999 5.882176100 1.715938042 4.439989985 6.509560735 4.390398162 -0.502391077 -1.807047476 7.145232482 2.206879154 8.061082230 -1.625919725 1.785674222 5.815773371 -0.048926523 6.455859058 2.659455957 -0.315367125 2.744407668 5.639908194 4.216444721
-18.048934547 20.524463242 1.187902141 0.436885045 0.897296644 -0.003913424 0.063046611 8.017891935 4.927501592 7.598253493 4.534063081 2.571723286 7.221825400 8.715195116 9.771743421 2.379697736 1.794073050 0.272604536 -0.789304492 -1.627266395 1.489582062 6.140671096 3.176591489 0.576494252 8.892537636 10.720810724 3.731207335
-29.956732012 22.750637913 -6.263055138 0.294872875 0.269207614 -0.914965138 -0.058446939 0.986187010 1.482200264 0.826936766 4.081274707 4.095654837 5.676390886 7.120179518 7.636714010 8.045015116 3.580722426 2.923204633 3.125379594 1.497852855 4.155213271 8.924801513 4.817565724 8.585501862 -0.628776031 4.426428020 1.722216916
-31.473361868 21.324584473 9.094809117 0.049315956 0.665339518 -0.361805842 0.651143452 5.315956451 -3.174864741 5.989253848 3.512424364 3.698002267 0.892389385 5.593572293 3.773933280 3.156147206 1.664174137 5.306372221 4.570922975 1.606449048 1.963869758 0.854979191 3.004510704 4.625656726 8.452362014 3.625960705 3.498576918
-33.476943512 14.332699242 4.544429667 -0.194976218 -0.190617322 0.847276939 -0.455819152 6.270345663 2.313478789 6.253856942 6.212634177 2.782372041 2.993754429 6.220497901 5.622661453 -2.102187281 6.957198571 6.247429775 2.382571723 -0.437075283 3.418851521 6.719930986 4.132561957 1.931903487 4.464940925 -3.800174182 7.955308672
-28.355149485 12.822020468 1.177025146 0.074075361 -0.634067103 -0.521746381 0.565908530 5.943476313 3.453265572 4.465134111 5.881324974 -1.494554414 1.266644076 1.515066154 2.339866628 4.960888019 4.275903744 5.322341474 3.662848607 6.449038700 0.830791968 -1.373499688 1.506557988 1.296272572 3.678882100 7.374757516 3.279461398
-30.161233722 16.848764821 -2.539195565 -0.612257659 0.228481847 0.064510982 -0.754171690 3.893136891 7.048113950 0.961002247 1.753515818 3.193383831 6.014064156 5.357192059 3.896865003 14.955581013 8.154114709 6.772793717 2.400106367 4.128635917 2.869878896 7.882375223 0.740194765 6.490185987 6.344175263 0.109791383 4.462125509
-31.569323537 21.944181154 2.419453478 -0.213597149 -0.708327070 0.666713313 0.090235129 3.885075248 0.312388443 1.884364412 0.491981722 0.905640226 4.373347977 3.249728805 11.379636871 2.286442011 6.322591023 1.205594766 4.001847612 4.917370556 -0.000626060 4.380601062 3.721639251 7.947274326 3.917053807 8.403056007 5.364724259
-22.828076614 22.307153842 7.538658764 0.264300450 0.105384189 0.953958570 -0.094881464 0.673395743 2.056959433 7.883199343 2.446347574 4.167538588 6.720943028 0.107707355 8.438396451 2.883656617 7.989010317 -1.790821459 3.116941053 3.297731018 3.218723369 3.379679214 5.279502310 4.611717304 6.079286781 1.709957742 5.621487396
-27.155991536 20.933694431 2.683113262 -0.031623902 0.843696753 -0.064883489 0.531945346 2.670241452 7.317566923 6.161989914 4.106933132 1.908527328 3.274074283 2.443862314 5.859556332 1.851049689 0.276179732 -0.904239070 0.004319815 10.009394429 1.259709257 4.735553521 7.288867826 3.085041402 5.211156589 3.739140472 3.037166705
-25.292266143 20.039859729 -1.309765976 -0.741748082 -0.546104855 0.050729279 -0.386012708 1.196882405 2.558168677 2.171304027 2.397093338 6.845524531 3.753994941 -1.720537793 8.218221636 6.873027535 5.586568083 -1.168233668 7.545399795 5.986971277 6.077154045 10.350366320 7.884634989 -0.106738093 8.525898488 0.312978180 2.593107271
-24.177531963 29.243593389 2.979776942 -0.040037764 0.026525251 -0.957589953 -0.284103625 4.276487743 1.995616612 7.546931934 1.480988983 8.591534054 5.263524014 4.037762675 1.168175710 6.413098216 3.055471261 3.947996766 2.014034347 5.764019145 6.684627372 2.817838486 5.985779550 0.738957359 5.234371451 1.560147110 -0.122179482
-24.381617588 14.789484534 -1.773189954 -0.468880603 -0.653714217 -0.192510644 0.561914900 1.925707415 8.745952042 7.196256524 4.772661967 4.009286408 5.101172598 3.135206273 7.059498795 6.824056410 2.363048637 3.577367238 -1.282532171 8.352468735 2.098180492 6.343775520 -2.429217060 10.756054729 4.012143591 7.766866722 3.183145178
-31.493558213 18.562763975 -6.906434467 0.244422613 -0.224021386 0.253441311 0.908757122 2.582204461 1.968100279 4.381249141 6.905988050 0.203019039 2.272135453 1.002228663 9.420807285 3.433128546 6.369036086 3.163942047 9.919532899 -0.862842711 5.895810417 1.232289580 3.034210035 3.478981285 3.528882907 5.691552737 -0.099535618
-21.066888114 24.695128884 0.517299199 -0.311967702 0.450269035 -0.820928387 0.161277811 3.540620103 6.794099643 2.710181060 4.295697197 5.304487935 1.746724345 7.793938313 3.933763380 2.913855007 2.887401808 0.235578170 4.796428527 6.354479444 4.969652392 3.185193233 0.371116385 5.928904278 6.605750613 7.731626914 2.543613148
-19.463034704 22.516959051 7.042843579 -0.374138614 -0.479730041 0.767252132 0.202986580 5.099998403 3.552111881 2.000810448 1.812120695 4.418241311 3.198625704 0.613127683 -2.330324471 1.922203017 3.371141050 5.158477674 3.746726645 6.295158029 2.559111894 -1.184344628 3.327683329 14.457404630 5.153456277 5.409521669 4.603376054
-30.613279318 17.418048591 3.074855298 -0.735080548 -0.419663924 -0.416384840 -0.331907282 8.486485052 7.432716558 2.265282322 6.312616298 2.559814653 -0.091983514 0.452080173 1.989990596 2.318485422 5.094474832 6.174455111 2.345159193 1.431861855 3.995559886 -1.719017765 3.216999968 0.865700593 4.271149937 2.787509765 7.021435320
-19.301446102 17.712121023 -3.058057804 -0.494323431 -0.660655002 0.532409381 -0.188996206 5.871280483 5.786553827 -1.117488479 4.147955646 2.663116055 5.501981056 6.355666305 0.277662146 4.080517320 5.115486389 5.453856579 4.032375761 4.586307885 4.562429782 3.496293024 3.143143494 3.203613684 7.305433916 4.359881957 3.989638784
-33.670143809 23.227440648 -3.077395779 -0.201368750 0.657076112 -0.610031758 0.394414583 9.257973666 2.664849632 5.635928628 2.284403972 5.235094147 5.758828321 1.848518833 0.285339189 4.868284342 5.337519606 3.599695016 2.813266184 -1.685864820 9.232471992 3.231005503 5.667755510 0.754052261 5.725316471 2.602726332 9.403723559
-30.480813443 26.848462470 1.199816273 -0.570696599 0.392606888 -0.530268904 -0.488855923 4.732298020 4.967527275 7.913893282 3.291221377 5.796113118 -3.826147847 4.564065587 3.978266537 10.400889669 2.791830350 6.436563753 7.639889569 3.777727034 -0.659679046 -1.551607600 1.124068146 2.025667124 6.511930898 4.467223397 3.638473209
-25.276561366 17.014239543 -5.112564742 0.237768673 -0.953407201 -0.153927536 0.103860875 4.034948090 3.230822761 -0.394528676 0.540578902 4.352091512 2.550314066 4.090311846 7.773260128 1.713953580 2.624135043 1.625781402 6.337159971 0.651010893 1.976173723 4.148927424 2.685371982 0.817634495 -1.868216876 2.652145929 0.117783071
-35.918978995 23.788182405 4.118012424 0.872199074 0.295658866 -0.170123551 0.350588916 5.163091620 1.185047935 4.507378165 1.292137980 7.270260075 3.308529008 6.674429254 5.431054090 4.621571164 9.252292710 4.619701137 7.234476105 2.496237819 1.636375627 -0.554391119 -1.273715262 0.272848837 7.446847587 1.632014520 6.992647838
-33.545488459 20.259008161 3.010791665 0.429908468 -0.147508451 0.890623732 0.014468378 3.622789683 3.434120168 1.401327091 2.089708558 -0.279780732 -0.106706876 -1.854128003 1.341223208 3.042917532 -2.036342828 1.311694399 4.623102419 2.557595223 6.075392225 1.948724133 3.269884106 1.444557412 5.987294063 4.624217730 3.764843698
-27.487306950 15.946070893 9.818900575 0.196809932 -0.607253323 0.653805555 -0.406260443 4.019600381 -0.204884567 6.961583547 5.600260093 4.206918579 1.197263243 2.512598727 1.831762500 6.572454418 11.835268634 6.606958987 2.485633054 1.696608567 5.552292440 0.453177669 8.459251501 2.130025094 -1.243231052 1.363465667 6.903473178
-29.273272135 21.695178107 7.717892327 -0.023558637 -0.938718794 0.316811943 -0.133724376 4.118543748 4.104060444 6.323106869 -0.910255231 0.641863099 3.787182521 7.818145266 3.590812295 1.773708562 3.170988040 3.129421037 3.943471617 8.091120309 0.547261103 6.691798213 4.469520139 2.825606373 -0.110687115 3.322061820 3.024803021
-28.904001540 29.070606680 6.648990076 -0.716825658 0.046448587 0.461992878 0.520159673 8.833725116 9.697701518 -4.633840601 1.142263544 2.905013475 7.071383455 2.859174840 7.498277764 -0.470098875 3.627497645 0.430287530 3.082269624 4.782080422 8.225392717 5.963979192 5.517059863 9.710837613 -2.092566645 3.263361675 3.655924686
-22.109486119 22.657491131 1.990431569 0.385984104 -0.519058861 0.357827070 -0.673464148 6.463225069 2.702656573 0.750838233 -0.706189653 3.029566286 4.592891475 -2.879619539 1.082735343 -1.079872212 2.282649080 5.675250126 4.550427415 2.352076100 -1.448215496 12.224909287 3.504955263 3.849387298 6.209967265 1.665904770 3.020222064
-31.602350937 25.836313852 -4.579522882 0.021111269 -0.771875761 -0.490022965 -0.404523938 7.254835240 0.473060347 6.639457997 3.411118064 1.976393464 10.128100331 2.147746294 6.418720843 1.906381323 4.805115113 13.052256816 1.563795507 4.568156483 3.807066550 2.161748782 9.179428840 -1.998814525 -0.434830112 6.324990057 -1.701908812
-26.024575666 13.630660603 0.374681230 -0.761928703 -0.628932407 -0.142952523 0.058934333 1.745159362 0.795493098 6.547128256 6.289624319 0.291070332 8.048464746 2.564702021 7.192834624 0.109753421 9.216490506 -0.467011458 1.536542009 2.019045941 1.132490584 -2.964671443 1.922868526 4.665672128 5.180385055 4.475338237 10.642434373
-25.104501708 18.601909960 -2.637159493 -0.090410842 0.134751451 0.979260379 -0.121313792 3.135846139 3.087995733 2.457656039 -1.980109973 -2.744014634 0.867860333 6.497634396 1.592803925 5.264733062 0.740914437 7.700274317 3.125619003 0.056953458 1.793670593 4.147822527 2.449092176 3.748120034 8.496404838 -0.759390227 -0.536176721
-26.359241574 18.315368821 9.931644626 0.638053112 0.263845447 -0.474079572 0.546372003 -0.568613084 6.300612870 4.768754335 5.638205803 6.353490613 6.685995004 6.133955364 3.050227101 6.653189136 3.026079270 4.541585652 0.286018649 6.696248831 1.053899201 1.739757527 4.481625766 6.645634937 2.058991656 7.767956311 3.489031130
-27.773914341 24.461219902 8.197703820 -0.126856256 -0.163260294 0.342237084 -0.916584609 4.954068972 4.393354770 2.311227272 7.817448010 3.551952995 5.013413410 4.552711407 -2.434954641 4.743332461 1.634397913 2.613275333 2.354709298 2.950243101 1.130818974 9.626176372 1.718033488 5.568255485 3.896711710 5.299426519 2.142671752
-21.787002847 16.864629037 6.211034621 0.557060893 0.276932398 0.730043663 -0.282891956 8.714655860 10.224795063 0.090090329 4.697737719 2.828515460 7.601012347 -2.306080638 3.715890009 4.000903582 4.632075073 3.672645963 1.290964624 6.732717862 -0.117720420 0.613119627 1.053103868 4.938317865 5.037025392 2.418643696 6.176473472
-20.347601209 20.831265876 6.857877807 0.236156202 -0.099019354 -0.961780293 -0.096974658 1.111478495 1.524217643 3.352392005 5.103292727 7.585227724 3.301351176 2.821189509 7.570583635 2.721775398 5.460619966 2.058528697 5.503319131 4.631868991 4.840074292 3.659413116 2.420450162 0.070927639 3.076586143 8.611141661 -1.730537030
-29.766596797 14.522374694 -3.970060900 0.154379185 0.963099905 0.189783933 0.112194916 5.889123119 3.857553870 -2.098358894 6.622135042 5.594912026 4.000026274 6.697493353 7.685765080 5.441161500 4.257244290 2.423970499 1.325329834 2.997902829 7.937264942 3.437806647 3.025442334 4.269069884 4.002550607 2.075211133 4.144278993
-29.037630146 11.289999350 0.176298459 0.231595693 -0.832978506 -0.088926772 -0.494572819 3.748990252 4.268432472 4.700490838 4.702977114 8.030415269 7.292006463 4.309393075 4.080568864 9.364206063 4.732526874 2.095501854 4.317567426 8.167912237 2.004511001 2.815577616 -0.068052866 4.368555138 5.193932351 6.007180802 2.424280647
-27.879616651 27.345995855 0.699531607 0.055851080 0.019908893 -0.772838992 0.631826072 6.017785872 0.712774520 3.199102848 1.761295388 2.718075088 0.831133636 1.598652733 5.076202248 1.264542927 1.244926008 6.616814681 6.090923290 2.966964144 1.921134589 4.192255355 2.304361411 1.744848157 9.409585499 2.308072205 9.059327714
-29.875633772 25.951867520 -2.356579857 0.927506921 -0.321858430 -0.064934591 -0.178666061 2.402198445 3.611927234 4.679366571 2.554934248 4.512268037 4.444754998 4.411851134 4.443465837 3.756435546 -1.256328105 5.604998292 5.414889600 6.920567207 6.657560332 -1.160606501 1.712938012 3.039985181 10.220765749 0.639899338 2.757635840
-33.876097793 23.846985520 5.721083417 0.108025568 -0.088798789 0.477256011 -0.867566685 1.453196650 9.754675146 1.638790715 6.100013667 3.564343603 6.002118980 7.078973272 5.190297620 2.588728223 0.688812874 4.921104307 6.926802891 1.952310316 3.466629069 4.807157982 1.097706596 8.738191044 -1.114954961 6.770849280 2.185428269
-22.579065102 24.615783285 -4.702150385 -0.122781219 0.452996307 0.801644247 0.370250752 6.136218320 10.755931151 4.881574277 4.084166470 8.910112374 1.144359547 3.742059292 7.785264405 9.046374536 6.492975620 3.235961131 2.655936434 -0.182394132 2.549178131 2.830744196 -0.991195896 -0.668469356 -0.332062951 6.178352194 8.584776284
-31.521524974 16.298047597 7.247091873 -0.149201672 0.778963166 -0.485368478 0.367930275 3.726172779 4.279080044 0.261784153 1.108874042 7.349981768 2.615328271 7.124764411 4.795260856 -3.409881558 3.106230932 6.438186954 5.300388498 -0.659396928 -2.040143698 3.331884147 7.555023373 4.108316755 0.188462775 5.056667183 4.558654389
-24.481669352 13.873784459 7.441831242 -0.556832936 0.157991262 -0.031472047 0.814852964 -3.953488613 4.981957090 4.213815601 5.449044575 3.680247393 5.209460854 3.878724492 0.899369552 4.996952630 8.807915189 4.367971428 5.928558126 5.851047294 0.464975673 2.544124706 5.401214989 8.165979619 6.352040115 5.121493121 7.706114045
-26.613545656 24.194597427 -1.451642425 -0.244329560 -0.765019912 -0.498400997 0.326564001 5.845797104 4.560816696 1.548063572 6.894168387 6.626213071 4.676115392 5.915749344 6.709345605 1.857699770 6.538868700 5.113141960 2.944639021 6.158989623 6.106644938 3.652912084 5.576635003 7.193945349 4.614152576 6.949057064 4.057349227
-33.638125574 17.733793284 -1.616293961 0.722904018 -0.097252729 -0.622236565 -0.284206516 3.475060889 4.947072409 5.894328902 5.580417774 4.598426029 3.656274123 3.852011669 1.879884360 6.426909592 6.562422860 2.012991283 6.367557742 1.079711018 -0.284749513 9.140602298 3.106184199 9.510971444 10.132223557 4.722455506 4.555635813
-26.049235261 14.922361336 -4.460706768 -0.317311633 -0.546623412 0.269077011 -0.726714342 2.241107949 7.469205117 10.744252239 7.614156204 0.165565193 9.369416850 5.402388941 -0.539355627 3.130423026 5.969139504 4.693010776 2.263248641 0.657285951 5.125492388 4.535411440 2.344257636 1.868097547 3.097592423 -0.182785518 3.679300940
-26.084219526 13.632840951 -2.310584350 0.575212674 -0.171463034 -0.798414245 -0.047597271 -1.499399534 6.584326738 7.909532327 4.985563273 -2.863922553 1.838296129 4.178623499 4.514732325 0.726146191 -0.898672395 5.643171162 4.608385453 0.547514926 4.563523323 1.705979733 2.263862480 6.722480959 4.956410523 3.763239433 4.217842428
-24.069008373 27.171348787 3.349079765 -0.265222829 -0.483715306 0.365372580 0.749786124 6.746596588 1.272467990 4.692333191 10.642717347 6.752550589 1.439652079 -0.806859926 4.404542423 9.133625185 -0.474751180 1.412338871 1.656367349 7.354796767 2.581667521 6.353565055 5.702552647 -0.024041726 8.403115856 4.518251238 0.748155388
-23.127892740 21.466477139 -3.076507632 0.140973610 0.544259314 -0.044932589 0.825765889 -0.408552538 3.456156397 0.983200297 0.642092667 6.049842606 0.620336942 3.806342990 -2.499121296 6.416061821 5.770904531 1.973384641 3.670841305 2.395885289 3.211907966 1.431469519 1.329649653 9.331950250 6.772660297 5.716379491 3.696612890
-30.235703083 22.777742670 -6.405185269 -0.417437323 -0.122047633 0.742687207 -0.509181863 1.984377882 7.281351712 0.684342789 -2.318188314 5.722693622 5.532079612 2.334915417 2.395619422 4.556467678 5.446762182 2.997128943 5.468044872 8.510936290 -0.063466307 7.018164585 1.977324433 6.730848048 3.053392307 5.704041528 3.265339740
-28.214760335 17.115750881 -7.224582553 -0.730190308 -0.113993506 -0.439223406 -0.510793887 -1.182075155 2.566284707 -4.235232695 -0.996216516 5.549434718 0.248643224 6.426468417 5.508546209 3.416829963 1.889441700 8.191407643 4.150664692 2.775527519 6.242433763 5.762473302 6.559274450 3.304729854 0.970529511 9.447612694 0.721655345
-31.496070800 26.957482994 1.747613092 0.529599188 -0.387278551 -0.175569517 0.733972322 2.131353337 3.872488968 -1.390228918 1.886556855 4.488315049 3.526699195 5.827164524 10.673261025 5.215422399 5.187837063 -1.353399913 1.960416147 0.602767952 2.725182974 7.977380808 -0.506475793 0.041561720 10.417143253 5.081372335 3.020381371
-31.563197257 21.982207925 7.434853547 0.852001062 0.348285600 0.372362283 -0.118901900 5.851641587 2.053591911 4.085120759 1.405207700 3.801023009 7.951259114 4.919885174 0.174605631 6.987543879 2.961159750 4.423572020 2.559947868 3.711506882 1.063300933 3.506560910 2.982006717 3.890755951 -5.743725270 9.062587472 2.099615815
-27.557276960 20.821723620 4.510546430 -0.698126297 -0.195125814 -0.358942825 -0.587967379 4.850281054 4.573285896 9.328947282 3.889728886 2.349705900 6.905522418 1.024366903 7.470280022 3.142071588 5.032316095 6.908389709 2.964118938 3.957039792 12.434312415 3.390198120 7.553242936 3.642273782 6.829150645 7.471376453 7.118592434
-25.218277756 21.212330013 2.458433345 0.289401546 0.951767592 0.056450182 -0.084844404 1.047567726 2.880433735 2.177888467 7.992632948 5.991098098 5.900352522 -4.710848590 2.039488916 3.704020759 3.533416290 0.363197495 -1.069894693 4.848656136 0.732985062 3.395543273 5.828373325 5.493313578 2.916824638 0.314426193 8.929073109
-26.781524243 26.482866042 -3.896129177 0.428255513 0.545006045 -0.083205539 -0.715990548 5.241079862 7.752299288 2.795132232 10.992517525 3.293423840 4.341712911 8.703578732 1.838393150 -1.608863046 7.543307566 10.302019345 3.319882452 7.596135822 3.397487467 6.138645296 4.671597250 -1.152688705 4.738127623 7.544033084 -2.213808041
-22.617302487 18.631458087 5.357043854 -0.933011909 -0.276754827 -0.040928415 0.226319262 4.223193329 6.649440556 10.063552128 -0.356947809 4.982954451 -1.053802798 2.016552521 9.193686061 6.760847033 4.886757265 3.810922610 6.679295620 3.916100592 3.333477154 2.771203108 1.432633585 3.250076600 4.511146240 10.422343194 -1.916496531
-26.101536856 18.206058585 10.212000665 -0.013083340 -0.258841489 0.783288392 0.565056815 5.461530322 -1.948679376 2.674271580 1.629637283 0.551947990 1.253952784 3.170868851 7.350395040 3.309813106 -1.315821849 6.805562488 2.068037857 5.173668735 4.760868051 2.425048780 4.161576175 8.941808401 6.823762610 2.296134919 1.290276693
-23.951097021 25.098431848 -2.795030428 -0.381233152 -0.703458861 -0.000368058 -0.599838961 6.302596379 3.759183052 4.394938667 7.089699864 10.518635122 -0.202694203 9.421751276 3.806207839 4.203482983 6.518592958 4.291241940 6.021997020 2.288898761 3.445740623 1.183406719 8.226623348 -1.273852545 1.007272594 2.011760627 3.684464447
-23.922906459 18.905815398 1.128967094 -0.192401071 -0.477646891 0.847764588 0.127005821 4.206019902 0.801694526 5.424371056 3.100179360 4.973186349 5.989184259 5.002210359 -3.333668053 5.504830630 7.385016166 -1.534590724 2.828566113 0.698054885 8.673413463 7.022273594 7.228762512 5.694198716 6.326299578 4.182588961 1.994019805
-27.867231811 20.441249956 2.772390962 0.453597516 -0.633317620 0.209725876 -0.590908742 8.290279269 5.562952173 2.628108348 9.158595554 6.958587732 2.427361642 -2.816457912 4.188670013 6.915661148 9.387788957 6.304832439 0.789654741 4.250585702 1.240814205 4.219110645 3.769173109 8.369956567 5.094604337 8.591480031 1.465370806
-29.287847318 14.173678611 -2.461747054 -0.393877414 0.443854340 -0.644243376 -0.482498062 3.559028658 2.748089555 1.389541160 1.877784462 5.481929432 6.371578051 8.922209227 -0.636768547 -0.783534452 1.644203180 -1.302223625 7.519089942 3.188628081 3.264903332 6.827201533 5.280769242 5.930593221 5.485331969 -1.371032125 4.373960187
-27.481638892 26.584981775 -1.272870382 0.374855606 0.302534088 -0.693185715 0.536143605 6.535465030 4.191224430 1.546366528 3.799726392 4.987054475 -0.128077781 6.230530694 1.628405821 5.001849256 1.966076391 4.393200205 7.004861894 2.817771304 6.045865186 2.886121883 1.823345897 5.739779145 -0.314346363 -0.282962202 4.314162887
-24.252176533 23.520200281 10.162383161 -0.345429213 -0.065165319 -0.447986611 -0.822034146 4.236352139 7.013293358 7.844217296 5.162785717 3.160578729 4.812824804 3.648231709 -0.007655404 4.940746924 5.565315146 1.759004581 1.345608210 2.815076167 2.205598331 5.893537990 -1.160196313 5.840316808 3.919063126 7.745110228 -1.944776849
-30.951475996 14.104548348 -4.372772114 -0.427659992 0.732200412 0.186512289 0.496188124 7.945101015 3.080073127 7.777378712 5.161130122 7.136274830 6.265607319 3.926303857 6.887824100 9.361035354 4.144227568 4.678209199 9.644598460 4.597679688 0.009114874 1.580191816 2.751223593 1.073088492 4.030344852 0.740067258 1.369480343
-25.992223862 22.185018971 7.064346410 -0.469910161 -0.376297898 0.373779999 0.705601053 8.522608461 -2.117018770 -2.116977773 3.113855228 5.491271683 2.842025262 1.757835295 8.209988300 5.593545696 7.892864213 2.515607677 4.545477331 3.950945089 5.039513630 4.898409830 3.616491500 4.905623185 5.902325463 5.112908100 7.838216980
-24.984724500 22.186483086 -5.349724353 0.122337622 0.303721337 -0.941026521 0.085181818 4.964503890 -1.201742128 1.940282967 -0.060957072 3.891191801 3.757171516 6.638528522 5.966672570 5.068857207 1.250469746 7.573597410 5.089022016 5.539910065 10.372319038 5.025608037 2.781359503 7.815647721 3.720529669 -0.433247726 4.165420339
-24.212669366 14.651434394 7.689969402 -0.879129369 -0.351564684 0.029408899 -0.320419948 2.631044396 7.024662963 3.715134020 5.761211308 6.619693935 -2.226455441 6.988786529 8.124493877 8.587871626 5.855753720 7.171320975 6.502538298 1.247431675 5.408709674 4.895429245 5.653995543 0.571810214 9.490793619 3.265820940 0.717664151
-28.549754018 22.960733095 -4.898309129 -0.296174809 0.792640679 0.526065720 -0.085182716 0.598508929 1.015120019 0.241992401 -1.353501901 6.985079844 6.258103994 5.593175761 4.058420577 3.933150734 2.358990610 12.012112382 4.247043197 2.148317607 1.635820021 5.136343682 3.486988023 0.809400835 3.858184025 4.693665005 2.294548379
-30.651653911 23.033507199 1.695386520 0.010791938 -0.580017049 0.405865497 -0.706213109 1.177503416 6.419146254 -1.174468791 6.713610635 3.405378716 3.417974624 4.864168639 2.182113796 7.029988146 3.487021497 2.983234524 2.977960971 0.240430724 -1.967969734 10.810146502 6.054184371 -1.353289272 -4.216338575 7.724962330 1.857771079
-21.788506471 20.124403896 -5.663761471 -0.255006074 0.052565653 0.951295583 0.165062010 0.151291162 3.401992175 5.577958798 -3.441518986 2.436396723 0.609720850 0.311961888 3.658578785 6.047718871 4.709086252 0.379106447 3.122367990 0.878462651 2.133911884 2.566161894 1.081939481 3.198901232 4.859380044 -2.622517256 6.698447925
-30.492861112 15.347618607 7.270215910 -0.240969159 0.487059109 0.570826432 -0.615519677 3.029270694 2.779889356 1.824423228 5.630922757 -0.289519695 2.824692158 2.716350581 4.536473941 5.283551059 1.972450496 0.486107779 5.236200265 -3.007821187 -1.158697524 7.759798732 2.366599650 5.759091462 2.119607978 -1.628501660 8.047253945
-22.872365117 24.101042229 -1.485773334 0.420903668 -0.873759911 0.241017982 -0.035972933 6.363532309 3.936047596 3.945706984 8.030794044 3.169937064 5.726658152 10.726306087 8.850772759 3.370960086 2.869935960 3.113140862 4.457114806 1.371729716 4.024793307 7.867858517 2.719754050 7.470205040 5.973999744 -2.243448442 2.557118297
-32.872898492 17.302470812 -5.072981777 0.471712967 -0.609474209 -0.069136383 0.633441572 1.198679312 2.937639908 5.423380478 4.873892485 4.771614782 3.836241869 4.079389020 0.728146079 0.550524066 2.875477693 7.212367781 4.295986094 3.946981958 1.161297370 3.441778196 6.818001191 6.981442645 1.881096913 8.507044645 3.862531308
-34.644974242 23.623782669 -1.529735249 -0.382383035 -0.596300748 -0.162644745 -0.686844466 5.473312908 3.991540294 5.082920120 5.581510691 3.894541745 1.289321310 5.767256969 1.020044862 -2.891936428 7.075257461 5.513106033 0.740180403 5.588018856 8.481380376 3.179817946 5.357580350 2.490290675 6.751943275 0.915783790 5.783844394
-21.639364969 16.106976983 1.142008022 -0.328115987 0.230400509 -0.615733055 0.678327583 -1.069231156 5.758088027 1.169749313 2.496799289 5.490900422 4.750199853 1.938589921 10.645267635 -0.771601587 3.754119161 -2.323204103 4.022929032 2.889054246 2.803909395 6.966312222 6.230497992 1.881347811 5.327130502 5.865521135 -2.503673488
-30.175726189 19.943471837 0.242643750 -0.499283134 0.829771108 -0.237663321 0.075580463 2.920633617 6.559379369 5.470972633 2.137407237 1.798558180 -3.804091157 2.810388279 6.803968560 7.568185869 8.364685110 2.830737915 0.390640083 5.935234063 -0.371833420 4.135981968 3.211040757 3.407465921 2.470684771 7.499045810 4.059791310
-25.600011229 21.992431929 5.375524276 -0.592025611 -0.181358491 -0.035118357 -0.784462538 2.101793312 8.522551715 5.185395981 3.078049312 3.350086202 6.425525289 6.749537591 6.601404465 5.068649205 -0.170130016 5.112464273 9.698100439 9.116355438 1.011334668 3.442687087 7.743580225 6.425048668 5.944469275 -2.308376368 9.775979037
-32.900740235 15.756708268 7.823201067 -0.536470592 0.508430241 -0.339777038 0.581592261 0.807485129 2.934116483 9.704097841 -0.405629282 7.694796591 6.137775561 5.003181759 6.955405557 -1.896256965 6.301611532 2.135004564 -1.184434344 8.039452113 7.944083690 5.395253177 1.705267596 -1.015181772 3.772589770 4.532008867 4.569425499
-28.779466992 12.981296259 -0.110524606 -0.838873612 -0.202273966 0.204883971 0.461951149 3.806994266 -0.926642750 3.905727922 2.841111482 5.628316450 0.924498338 5.300261712 3.357521398 1.697814657 -0.796256368 6.862293017 9.917724286 -0.044639329 3.744026328 1.924681479 -1.511372744 -2.955920853 4.801827191 8.709134748 6.054334393
-21.807388037 22.314165237 9.277303074 0.631305172 -0.259895229 -0.669138601 -0.293533272 7.299174494 5.280511084 0.079168059 4.395612160 9.665204180 5.692252044 0.874984419 15.969469311 0.619725676 2.702173406 5.126058726 2.210381277 6.704138002 3.691846362 6.902057030 3.978173233 6.331818577 6.703872162 4.797670110 6.279474456
-31.757472418 16.724871478 4.873722837 -0.117304482 0.270584238 0.609795849 -0.735644514 1.775286819 7.350678528 0.360652014 5.466439659 4.499141436 1.365114691 0.888918643 0.448797771 1.970498851 -0.364238224 4.211821897 0.835557696 -1.366981575 6.869253444 1.846958661 -3.373839688 4.976853098 0.885965079 1.373136826 2.999127085
-36.152002563 17.936262082 5.371262063 0.131940027 -0.882879402 0.449341885 -0.034751409 -0.868973750 5.405954395 -2.943358624 4.857673166 5.152128857 -2.719762808 2.539869372 3.760473290 6.808237533 6.646945845 1.111932688 -0.196211898 6.632899845 3.794788791 2.643293510 3.434444286 6.935965073 4.990106868 6.474879017 3.853027954
-25.667872452 20.709248881 8.703466012 -0.378774289 0.181487565 0.613870291 -0.668397762 -1.037675450 7.591871398 3.200870115 -0.379825324 7.393003272 3.288520547 4.001944443 1.924550144 5.731740050 3.592621391 2.953906189 1.298063646 -0.520233135 6.732433275 2.778968057 0.589685831 -0.561275421 7.175118827 5.299053021 1.156054911
-20.011294286 23.768303868 -3.246160192 0.762343474 0.209741918 0.398329899 0.464945209 5.949178566 3.900434613 4.526896011 0.580979077 2.866484793 2.523372951 7.453298159 7.465439079 4.561650521 7.086337264 2.502674362 3.667967471 2.609912403 6.287530152 -2.012025090 0.418873450 -1.261277173 0.867816486 4.287981880 7.714071284
-20.839748654 16.707920583 3.081295793 0.522708468 -0.742298954 -0.393652755 0.144241563 5.089783459 8.519229192 3.672345262 3.516453328 1.110158162 -0.155576450 5.073641283 6.699956126 4.935443799 4.734158923 1.858256452 0.510510392 0.059386316 3.391593046 8.575104647 3.337911617 -3.104977790 5.969202498 3.033399967 5.253200347
-28.618860288 17.687984648 -0.076663202 -0.089500327 -0.113139622 -0.503771632 0.851706088 4.821047705 1.685520422 2.809845017 0.589113004 -1.990641884 1.669556382 4.518347405 0.729574100 9.284434077 1.055056992 9.563567993 9.403125650 2.171706261 7.187643606 -0.704241787 3.423207034 7.812217012 5.575449421 5.265865062 2.825175385
-27.696307377 16.103660979 -0.886879043 0.414030487 0.366230174 0.681300747 0.479878639 1.911704362 3.485252969 3.179927446 0.587659599 5.653375538 2.349235030 -0.047013336 4.438916901 6.204857101 3.597352861 4.593926428 4.192184405 3.157865866 8.788399403 4.050741270 5.333402304 5.767552441 4.309506192 6.985658834 2.284233487
-26.183677111 12.620896110 -1.548668303 0.868134610 -0.310375130 -0.037001637 -0.385539175 2.600389333 5.913583851 3.501987051 1.983936086 7.900009156 -0.764909771 5.883167721 3.135192186 3.033901427 1.588926034 5.614876946 1.713048004 3.318037795 3.066622248 6.507582612 10.092261213 4.023517195 5.845561262 7.062382925 3.164551778
-21.648627363 19.617936606 3.154720095 -0.377469856 0.292425901 -0.667613924 -0.571222591 4.984043020 9.428230368 2.744127402 1.943806886 6.979053623 5.416363035 8.161986983 -0.896001941 6.406765675 5.990979860 -0.984134950 6.602382348 1.306881493 5.692259915 1.382471558 2.164708284 1.265252752 3.266594171 8.204291125 5.935028320
-25.591497840 25.947921619 -4.237371012 0.253429093 -0.663672130 0.392890373 -0.583909371 1.796741905 3.253546147 5.659194416 1.444684831 4.951161923 5.057530667 4.612678409 3.485821613 0.574394479 3.243274210 3.852973090 3.265582450 2.961264750 6.538790047 1.147704189 7.432795974 4.023235820 6.190389951 5.282830093 5.252802634
-27.068223192 25.136751626 7.664505336 -0.078561092 0.610165708 -0.752527480 -0.235007137 3.019728964 2.143758189 -2.360258426 6.573002305 0.716775101 3.294069786 6.038192110 8.646234684 2.146295951 4.620418351 0.362120852 3.808536927 1.089129853 5.563643150 2.669526076 -0.215795458 2.882818241 5.219321888 7.312401147 2.020956403
-19.627467291 24.495128594 0.213230878 -0.606751215 -0.203121662 -0.149863466 0.753747633 3.625469125 1.792730152 6.884690461 5.982754206 5.697626980 -0.619102634 6.171692903 3.806270559 6.690761206 9.577179554 7.305263160 3.277557035 3.738320652 0.026298435 1.655164010 2.175950312 -1.735120424 3.394402324 0.849724613 1.543561332
-21.383682727 25.976895722 1.247727505 -0.485141572 0.152335888 -0.195337498 -0.838614747 8.668477038 5.853611068 3.685556049 5.836118230 4.538490625 1.026311062 3.245872055 3.201579681 7.378069077 -1.643940590 4.541903621 4.364193389 8.459396840 3.872493606 2.680105002 2.500556242 3.409006216 5.767255237 6.904314924 5.248027402
-24.176456700 18.762718913 -5.886634420 -0.119470893 -0.776047479 -0.162065823 -0.597671887 4.490535416 4.389387839 0.601663042 7.875534364 0.890368743 2.362773637 -0.019788875 6.641123021 6.496543424 8.451378490 7.411358905 4.030231712 6.848570580 1.244345148 6.730846992 4.901567487 3.566277077 10.422149227 3.677729573 3.428283125
-27.188935774 20.502924666 -7.651702478 0.777972407 0.469737765 -0.232359041 -0.346575592 2.486809106 6.065352345 0.166992634 5.645689986 4.598416387 13.235650457 3.189867707 1.678405553 3.015206753 4.542881340 2.148448789 8.151152572 1.502501095 -0.684127012 9.483114111 1.482064397 4.348836426 1.151083582 3.950748810 3.905178445
-18.144040382 21.563305629 4.369554439 -0.745882974 -0.302645902 -0.176042556 -0.566633096 -1.067981739 1.671213819 4.486772709 3.657858871 3.990780878 9.514862516 7.500766859 1.795866166 5.207246737 0.246384583 6.181040171 -0.026589971 6.655792893 7.001663939 -1.087588615 4.151008948 6.493000992 3.294035806 8.394518640 7.729590137
-28.385369590 15.189774666 6.650891063 0.277711465 0.587953922 -0.214286616 -0.728881180 6.070670438 2.091875606 7.837140593 0.694871900 6.381984006 4.452935267 -1.098124695 0.334480565 2.319210905 3.235792677 3.719432113 1.631166093 2.990226388 3.595043565 5.372723516 2.934945705 7.697460843 2.359871798 6.244138439 1.855090177
-27.978393510 18.135310688 -8.183717176 -0.558893141 0.294335537 0.719350799 0.289031964 4.467665822 4.549941847 4.324366542 1.071602673 -0.751807595 2.464273168 4.563116456 7.402872418 0.367167580 0.829178422 0.075028578 4.356637541 8.916523828 0.763532059 2.730950243 4.414686738 2.169293565 4.147914725 2.470204379 10.524482094
-31.103536563 19.446592044 8.530189620 -0.711893211 0.278947152 -0.625617473 -0.154917139 5.127829336 3.133925738 6.963105085 5.621522249 3.405912558 -1.938930930 7.679398679 8.324661991 0.469462265 5.983619349 8.787417224 3.604749178 0.922869382 -0.510301904 2.479761709 4.754673514 1.510057974 0.251335427 4.001561799 2.983957638
-22.434328050 19.082615780 4.325767569 -0.193992015 -0.907987207 0.145647831 0.341632901 6.710659552 6.832709908 2.270886195 -0.014447806 -0.290318842 5.663120502 6.226585531 -0.198867948 -0.034232374 -2.089775072 -0.881469997 3.719079032 3.011563949 7.167116699 4.873557859 0.364022870 2.005362252 4.714557510 3.837838872 1.773782161
-21.845824149 18.313290523 -3.643024020 -0.663264386 -0.314690733 0.058568849 -0.676476007 6.915190344 5.494062484 3.786528116 4.034718099 4.834862558 5.827333989 4.899909414 5.248768342 4.255807138 6.656881570 6.624842219 5.190769771 5.402372381 3.672473254 4.608217251 1.776488552 -0.609143974 8.481756476 0.423082244 1.853328705
-24.235656895 20.788519286 0.085813435 -0.475541545 -0.647785831 -0.293312932 0.517881530 5.163344308 1.165648648 4.076811882 5.122621327 5.174449485 2.504761744 6.140438428 6.337039214 5.107692293 1.298925365 3.494874303 -0.403849491 0.923325235 -1.492914218 1.690962336 7.641695805 3.017289240 7.023755354 2.657630221 9.475416785
-19.171782400 19.190867004 -3.357440312 -0.817665005 0.305401734 0.005689750 0.487976790 5.912834239 11.311449049 6.372296188 4.893761155 6.608572649 -0.211311998 2.507504613 3.561535253 3.152598032 4.322412314 5.703737284 6.645782584 4.359354647 0.302408545 0.669917662 4.694321384 2.680960702 4.733786961 5.598312562 11.036411656
-34.276720067 24.612693118 -3.468422295 0.267685645 -0.796718317 -0.511512755 0.178714915 3.858736199 -0.319871985 1.580554588 2.605853259 1.085864947 2.500904192 7.797756644 4.630830236 7.929438338 7.791921305 7.282943646 5.440061396 5.519571949 8.809367566 -1.501493201 4.449219508 7.264629688 8.986538251 2.653698150 1.491332483
-28.033060960 29.577486133 1.293243774 -0.420817736 -0.383086722 -0.151578478 0.808196116 8.880132411 11.219786780 4.401483309 4.568715324 2.218049249 -0.363355243 1.347941542 1.038393048 5.600383884 5.889295050 -0.012249990 1.588273257 1.824699793 5.214117380 0.951807121 5.004206695 4.562973439 4.655639493 3.434284904 2.134283100
-36.719351994 24.293139521 0.318691203 0.314653225 0.862488994 -0.221146561 -0.328938113 8.864626482 0.314319186 1.929705937 7.140931086 5.454595126 7.028630914 6.445610199 3.129042037 7.212905528 1.915859385 0.071458415 7.988509876 9.082444206 4.553869878 5.002616254 10.614086842 -0.099473482 3.500392159 3.867177724 3.887550678
-26.356789851 28.882441947 -1.392073700 0.282866045 -0.651158442 0.681826086 -0.176331145 1.765623463 10.940733271 -1.222460913 1.732893998 0.507958517 -0.995446040 2.305687639 9.090417359 3.024209827 1.837142222 1.254189494 1.665774213 2.781599725 7.640894923 2.937698217 3.040423043 0.801292657 5.953452083 -0.399587851 3.209179141
-21.639079074 14.875641858 0.252871283 -0.072749025 -0.329196009 0.907175049 -0.251735967 3.172992693 -0.138380968 6.830084550 2.600894361 4.438159696 7.290351594 4.307293109 0.936817186 6.495946918 3.880409594 4.489826421 6.240715874 3.997741910 3.380872865 0.067133418 7.239648112 7.943765049 4.338712642 7.002620380 2.744525138
-29.593063288 22.732332876 -8.081836153 0.241546078 0.522693670 -0.802686290 0.155375480 4.547715855 -1.420886411 6.088306978 5.546059640 8.148227216 -2.177477062 9.509940746 -6.006359536 1.521468031 3.940233700 5.077033332 7.150511558 4.252767064 3.917211614 2.325025968 3.662048118 1.863714564 1.976690927 5.235506557 4.051982572
-34.300756043 26.338105459 -1.105070592 0.258414520 -0.904857862 -0.010728612 -0.338140626 4.548725029 5.061951719 -2.264885528 5.488837079 7.761879047 5.527383320 6.203920365 3.321646320 5.873463730 3.244664569 10.226625686 1.848899355 6.240026324 2.475923487 0.449423494 2.823062147 9.135296187 3.958777453 -0.518634199 8.635269735
-29.800600125 22.536652096 6.919157474 -0.105231426 -0.173160680 0.971687601 0.121511032 12.796866966 0.610083574 7.328515681 7.292566895 3.149864494 4.339305288 5.480206398 3.487796773 10.142094373 1.841987665 8.561588292 -2.473636292 2.078665602 6.581427938 5.204395817 2.573080386 4.566259654 10.624723265 -1.437178789 1.824599586
-28.513042686 28.504096379 6.539626621 -0.681822083 0.171498907 0.597478096 0.385651004 9.568276508 6.559239525 2.423475844 6.395779130 3.395225858 6.692143059 8.958883944 1.510611698 7.598015399 6.469676247 1.986451466 1.680948975 7.427880350 4.643678017 2.067697637 -2.734506196 3.297580342 0.888876466 3.879992609 2.750685266
-33.520022270 26.488015969 -3.990909897 0.801170262 -0.462715280 -0.267733608 -0.268960026 3.438606968 3.990876836 0.607267849 4.821231072 3.826968825 2.820870871 4.533223102 3.139788172 4.523720034 3.260578417 5.770244432 0.656882332 3.041601143 2.150501073 3.870745572 3.146265666 7.783512155 7.179327073 6.117534021 5.332527908
-24.871009893 15.012106676 0.832569578 0.973288871 -0.176517112 -0.111415873 0.095587578 7.713004924 3.778556515 1.526072982 1.085784906 6.705066943 4.520750853 0.614661861 6.012549836 2.642749454 10.022911265 4.229321426 1.117896804 6.145731173 4.415022974 3.304977659 5.961738493 6.074230812 7.249810443 6.692848744 5.272841548
-29.631629105 30.104397528 -1.567000435 -0.179476215 -0.594604041 -0.422126115 -0.660336176 7.620579391 0.819957075 0.492189299 5.285495044 6.089234182 3.590284218 -0.850571718 4.325257588 3.780358020 3.662547942 4.970187116 5.679376895 2.185798326 6.472286577 4.640449949 2.068650491 5.675784052 -0.570612377 5.887605435 5.168951927
-20.663300170 23.871532968 1.177427284 0.236804847 0.186706168 0.683797920 -0.664443133 8.639202451 6.251402621 4.081992820 -1.628603947 4.801631039 4.620719412 4.068538913 6.750461995 4.937235562 3.231571098 -2.129012636 1.708210186 2.991213496 -0.686478591 2.841841960 -0.794797710 2.716872782 6.448314696 8.353283820 7.309660541
-28.346149035 15.333766238 7.561264952 0.726891712 -0.409402777 -0.386825887 -0.392916708 7.063174007 0.734451995 2.774636178 3.050971020 5.993482071 5.040898181 3.727216029 8.763826442 1.351228841 8.900781253 0.801161941 5.546309022 9.552528055 3.573655893 4.590262601 0.787492048 5.743696395 6.155183372 7.780611126 1.243115620
-23.705595322 29.166670829 -1.477421026 -0.632565710 0.045244479 0.023699905 0.772820726 4.283991461 6.832714200 6.953192790 5.734618429 1.716355014 -1.696225896 2.986967707 3.633450812 1.010408374 6.297105984 -3.329982268 4.432533078 3.559115569 -3.019387978 2.894034386 4.069032110 6.373695707 5.555141388 1.164421935 2.923457864
-34.118262267 19.744649498 -4.620536579 0.407062015 -0.500022799 0.302353106 -0.702040110 0.232474122 3.084643106 1.392411062 4.000370022 2.358597220 7.061149119 5.805982455 3.939946986 2.237171555 4.546695754 4.848168304 5.296033514 7.349799772 2.421426537 -0.051972961 4.800961148 2.440202945 6.671834014 4.533396403 3.889182648
-27.506869323 22.231939823 -7.809548866 0.222598223 -0.409091971 0.007984854 -0.884889842 3.346598539 7.027175566 4.880333909 3.581167413 0.837654542 3.703743131 2.185050758 6.873923049 4.581398184 5.473218543 -1.476950737 4.846121303 7.523409547 4.344960627 0.612005690 0.213367620 -0.095198060 2.098712240 4.906064723 5.495781093
-24.355206397 21.814066807 -4.604840062 0.048656511 0.106860635 -0.970005017 -0.212846461 2.884993150 3.920683285 1.836662323 3.026291958 4.224708673 4.884272309 0.771894762 5.802692389 6.252356601 -0.024152050 5.239921248 5.769405885 5.934068590 8.056877479 1.585398659 4.263801849 7.185416703 2.427836136 7.939450294 3.078062598
-36.074734524 20.491559151 6.417310943 0.444041388 -0.678067638 0.399668574 0.428154827 5.013499309 9.633845895 5.500833845 1.700852173 4.979450571 4.024078037 3.931339559 2.307279945 -5.257251056 4.244540725 1.655094293 1.174214758 5.936174066 5.210741949 7.010592753 6.687504410 4.906073131 4.819057737 5.896984927 -0.319206090
-21.521912250 27.009516491 3.186877440 -0.172997592 0.838718163 0.441459855 0.267837400 5.935568046 0.660497003 6.676350078 4.323766715 5.626827238 2.376226754 2.084652994 5.094830094 7.074928020 5.260160386 8.769368477 5.179373213 1.491916641 1.801739767 -0.979615876 2.987844335 1.881504981 9.855316392 0.037169737 8.154491888
-32.195948758 17.130146397 7.219004592 0.082905266 0.159702013 -0.264906393 0.947336575 6.072417599 1.567424666 3.313082636 4.327546222 1.175763196 4.783434985 3.393125491 5.415960947 -0.087257392 5.420920075 0.700804565 4.994602045 3.740773011 3.600462415 -2.752470690 0.771376450 3.357524781 -0.043882237 5.376724091 4.324870476
-26.851186668 22.233075036 7.343442768 -0.646825226 0.589420243 -0.405573128 0.264029056 1.407805464 -2.332799755 5.660322470 4.644450589 4.632161609 6.218397088 3.179627931 3.257493284 2.785745134 -1.065357217 6.120777735 3.664402711 4.973651207 3.356787136 -0.988017671 4.799765063 7.223459795 6.045254698 1.261471429 4.415611589
-32.639343517 22.205360999 9.078392295 -0.437654961 0.680035760 0.233915342 -0.539715770 6.692003009 7.631416320 6.746407941 4.808336753 7.187852573 2.858237075 3.892571809 4.232918712 1.581772011 6.786399530 1.678682614 4.042060682 4.876999114 10.663322288 6.120902588 4.509290282 3.993283805 4.824893163 0.973513038 -0.058085602
-20.285719951 26.616462708 4.044041874 0.468307405 0.052710570 0.739711353 0.480350794 3.169422388 -3.029706789 6.347378894 1.795174706 1.724056976 6.845067516 7.551695325 4.044960949 3.223380009 3.201442962 6.433255473 -5.775367532 4.199800432 8.699566242 -0.151357641 8.612795352 4.179876935 -0.377206575 8.324901631 -2.074242993
-35.652393736 17.635992333 1.447478203 -0.140445319 -0.583055476 -0.466946636 -0.649832489 8.375985921 6.888622170 -0.132064075 8.090807359 10.418773934 4.311238852 1.948263907 -0.229635066 2.953276970 6.445740319 4.707896638 7.178768803 3.807539055 1.610752096 3.809216144 10.099670288 5.361639108 0.659172244 4.493269020 9.058050174
-33.247532736 15.505139182 -0.902959492 0.485510462 -0.577656421 -0.649464263 0.093748713 4.817322326 12.554702230 5.787979372 0.606261800 4.265813415 7.510224887 13.194425617 2.473979444 2.737021036 5.369292306 2.555505785 1.906638802 3.179403061 4.358085471 8.751528965 8.119763564 6.145424303 0.213050358 5.367411135 6.903580075
-22.641502590 16.522755754 -3.231384302 -0.141102891 -0.885328827 0.269248529 0.351835289 -3.801889725 0.620475526 4.301428306 5.218593687 4.656502669 5.147272181 2.561944795 8.343581960 1.154630559 1.273880986 9.997602327 0.679079860 6.976974374 4.372385854 1.471320093 3.935067833 -2.484801381 8.168090871 5.472799484 6.357533296
