-7.762100298 14.522190073 -13.877016631 0.173223240 -0.568195199 -0.804440228 -0.004883095 5.404550916 0.819156719 0.437991248 5.274829711 3.007854726 0.982392423 3.904285911 3.468564204 8.973630472 0.222775582 5.215313173 3.411575915 0.662452944 4.088807711 5.626191550 8.053900661 3.240005641 5.160875067 8.742143256 2.856278027
4.479310509 21.254512162 -21.465024406 -0.348823342 0.909721047 0.203360969 0.096820499 5.666852946 3.816747370 6.758643405 5.353606360 5.815059674 2.758819128 5.202026160 11.259424749 6.578918887 11.019617646 7.283248138 5.651080665 3.214699047 7.844486746 4.252782322 6.111756765 1.008804729 5.799759227 6.048422932 11.940201808
-3.664897040 21.324445215 -15.508866275 -0.037629484 -0.823211653 0.566276878 0.015397814 8.801011305 4.829219056 3.254216365 10.141120882 4.411327989 6.527281977 7.307464092 6.578239908 8.391982439 4.571524962 2.619489088 3.155619405 0.111525095 1.084603514 5.501970977 -1.192483395 3.741055408 3.399552874 2.458061158 5.646381636
-3.555153044 20.898548650 -27.094863007 0.410194003 -0.433415258 -0.023693490 -0.802078994 1.744075745 6.095495995 8.930081780 3.914595548 3.427496274 6.993597644 3.824256311 3.750423177 -1.756307947 7.268270558 7.431722421 2.529529994 2.821823336 7.728985324 0.315858836 6.078450104 4.829920972 3.249620045 5.858988710 4.948023011
-8.775042286 19.924132543 -19.012293190 -0.520395676 -0.323378112 -0.358515252 0.704330711 1.742517099 5.585187750 2.958580254 1.479424167 5.524943606 1.443496303 6.264792781 2.913516335 4.887089570 5.071856539 2.441994815 8.388107147 5.504428313 0.277912236 3.350409044 6.689916902 5.307527346 3.439427791 4.261948779 3.195135223
2.287001867 16.957305142 -15.764073195 -0.454948284 0.716183060 0.333778092 -0.410726269 1.987949992 7.939424425 2.018832467 0.667114189 0.604696194 2.423052053 4.826360717 3.228517237 -2.235407999 2.895074116 4.021640870 5.268554379 1.247313641 7.227539416 -1.594291987 7.050699349 3.740117332 4.726952490 1.360292317 5.610449071
-6.769668971 30.862221050 -14.558237937 -0.679066873 -0.446798270 0.581325907 -0.036051033 1.605811284 1.293535651 8.424008596 6.024053970 8.541518702 5.529283846 2.076203591 4.310914610 9.239689534 6.105123513 -0.116257032 7.814444548 -2.335899816 3.541621832 4.783004783 2.586889397 4.768492807 1.910847616 7.217840103 7.628896234
-0.500338079 13.170635442 -18.854942891 0.198168845 -0.728694793 -0.500134886 -0.423790164 1.811244146 4.101246163 3.879634365 2.515633262 3.188750804 9.415242152 7.265720014 6.611739704 4.169870934 2.435240446 1.691852147 6.637670929 6.901484032 3.123636073 9.310604224 4.646086143 3.226944698 6.083012144 5.569943378 3.253539284
-4.835983308 23.284891436 -20.714558562 -0.635787204 -0.035397057 -0.625864702 -0.450349925 0.216223703 5.643617089 -1.852094277 6.977238143 6.801632102 8.090784757 1.256838927 7.497884177 3.021474769 6.564775010 7.077789517 7.140481468 0.313886145 -2.783162254 5.054087312 5.745664103 6.357885031 8.532494081 5.037589415 4.293223559
0.928252912 24.150160579 -16.567059707 -0.310165366 0.068218263 0.910698374 0.264144251 4.625203402 3.710301237 2.771056113 -0.825929271 4.706433405 1.977692605 6.922895290 5.197872646 0.705950066 7.790807904 4.716273565 3.689795887 4.708846634 1.696242835 3.809001754 -1.432441908 4.958405864 9.782373738 7.032835554 5.522258555
-6.153289445 26.076247360 -24.814047649 0.283983853 -0.584702821 0.389057425 -0.652771094 11.072079295 3.855431044 7.685338895 8.030590621 2.359308421 -3.172542451 5.564774316 -0.062567730 1.655105347 5.495511149 3.575527965 3.061797656 1.895450268 4.461127281 -0.984530352 0.050663758 5.165240405 4.388735700 6.039066753 9.700567324
-4.297398583 18.044324632 -12.043518345 -0.073345415 -0.763027539 0.309022020 -0.562951877 4.006167747 6.602957420 5.963358455 4.068312511 3.355241409 0.497729875 0.359739754 0.276573980 4.070190423 6.415545416 6.455051925 2.047733132 0.558389685 8.360753089 1.844836636 6.193628848 1.209690088 7.017164735 2.189944375 2.455116206
1.686364937 27.540856424 -15.186922583 0.025207790 0.942776449 -0.195891637 -0.268632837 0.208819166 5.533196507 5.189079857 9.153324159 1.933502572 10.692991288 2.852274571 6.718111375 5.437560714 5.353835927 6.474820725 3.992738956 5.250937176 2.882685321 4.233860460 4.290784019 -1.814530537 3.091879582 0.080077905 7.277994384
-3.222649031 16.889579635 -12.553956948 -0.952583380 -0.079362202 0.271520636 0.112085190 5.184442593 0.608481540 6.404400309 2.647077213 2.317001729 0.526152747 0.866705108 3.245028146 3.342915452 1.583991294 1.287328067 6.634280238 1.050969570 2.800767066 3.269721586 7.770741571 5.583630105 3.757260213 2.313069673 -1.598035634
0.109315425 23.738503153 -15.575026410 0.691002015 -0.322139632 0.388853260 0.517238257 8.302349546 7.899798812 3.065171393 1.173050898 0.591722155 3.176738230 4.394644221 -1.905235007 4.417106643 3.918489080 3.297761787 3.443006985 2.463189101 5.398251320 -0.822747012 3.433436162 3.929378224 7.425040467 5.879795849 2.424023270
-4.433169703 17.276299585 -19.375397065 0.814801125 0.326238168 -0.274793925 0.392627157 3.002710141 2.307709268 -0.120816482 9.222714753 2.444219331 7.856008612 -0.050286644 5.942659194 3.729801839 3.269040814 1.195852435 4.289508514 4.733189859 5.577272629 5.600824079 1.684795360 2.865410103 4.482345776 3.740285349 1.412436204
-9.656154327 25.405375193 -20.466591591 -0.265641972 0.875185716 0.139228018 -0.379604879 6.419840893 4.206466156 2.036830850 5.283864582 7.809464476 3.911420715 0.097601142 4.366080051 10.731281947 6.755837698 3.603847035 0.049313621 1.837467898 1.189235338 11.001367630 -1.983733814 0.524487300 1.989392197 8.845985026 -2.534521576
-4.662174673 24.577451364 -9.715791190 -0.241854516 -0.661095062 0.241617902 -0.667892582 3.263358562 -2.001410865 5.648870323 0.002238140 3.342734309 -2.883407626 8.131758796 6.143696419 4.552868057 7.547933965 3.831318471 7.835383869 1.582075005 2.506857326 5.112573034 1.529861974 9.984345912 7.242415909 5.813463003 3.493011333
-5.413311592 30.264871676 -23.057561261 0.564416809 -0.387261804 -0.698005948 -0.210356027 2.175225900 2.435605971 6.781153422 5.732238884 0.428659159 4.524225323 5.972689718 6.665913730 5.024616363 7.884316005 4.389187789 4.615391031 3.960331151 2.419939901 6.642214914 6.430921233 7.147621533 6.854739472 2.979800196 6.995261551
-5.969846451 23.146677300 -13.386485070 0.362500206 0.530322391 -0.734393503 -0.219129972 11.460551406 4.468896616 0.750616274 2.056538747 0.838332145 6.261947949 4.888778578 8.991606160 2.050165608 6.324398119 5.502659099 -1.557853263 6.794751227 3.899968107 2.465102812 7.568268671 3.647230423 7.640360733 6.049230484 2.148714416
-5.966911315 18.173139539 -19.690318096 0.771662877 0.375145696 0.350943133 -0.375021371 -1.304082542 6.167403566 2.399199899 4.871885048 5.564320727 0.693873551 3.365760058 -2.999643321 8.220488888 2.085547658 1.924666220 2.403283481 5.839586468 6.551912187 5.046972236 -0.118160217 6.225418043 4.067037200 6.041774612 10.408274690
-12.505712504 22.013886951 -16.011078612 0.679394219 -0.523246099 -0.454271314 0.241401303 2.632206001 3.483124511 2.179475774 5.527252004 5.191647506 3.413550728 2.281598356 1.782546505 1.796781704 -0.039405777 1.037818080 6.309113061 5.733175511 0.786097730 1.135459026 6.487553950 1.191654140 2.835199100 3.655034538 5.955694293
-4.609244057 29.496778121 -21.741362974 -0.615050465 0.521156544 -0.323142852 0.495668720 5.316029909 4.072714565 6.131255933 1.245502873 5.618754440 5.237023715 0.844134876 4.674064987 9.114218434 6.178368263 0.452010051 5.963609512 1.467142661 4.126344039 6.048647776 -0.270901168 2.471729702 2.318520896 3.281561946 8.376222280
-8.265981814 20.986853230 -12.306318225 -0.105376220 -0.545051688 0.508032174 0.658572562 5.848864258 2.263143249 4.730345778 10.213349693 0.715973782 3.299303969 7.954984122 -0.635012705 -3.044619944 5.484551035 -3.100528205 9.310232956 1.885341775 6.205737783 4.501440973 1.659616818 1.525916596 3.667945960 0.407171108 2.752536248
-5.840048627 20.391392957 -21.867953517 0.920353555 0.125087179 0.346098106 0.132357968 -1.822891854 6.165619977 5.362196124 7.449282940 9.449129552 6.577334563 2.881448601 1.808546174 5.503144610 2.486950442 4.177794718 2.711969944 1.996920127 0.578455091 1.654354549 2.657242302 -5.619855753 5.520328876 1.893287051 7.173447647
-5.727628596 23.634882792 -21.076030565 0.008540437 0.756290672 -0.645674767 0.105145492 0.799139755 4.199341592 1.699691140 2.993452809 4.904182424 0.191712794 4.993005870 4.978345899 3.700644646 3.638807596 2.387868806 2.277581266 5.339781312 8.853442758 4.213280438 1.959929374 -1.258045012 7.415230284 6.297546531 4.311481183
2.176538347 20.830875292 -11.243502341 -0.045431311 0.076697965 0.008772349 -0.995980152 -0.757391783 1.891981606 4.530551795 3.185015140 10.828487329 -0.465287403 4.050447812 1.279121625 5.096417661 -3.050543913 6.079486018 4.782140326 3.195075066 -0.084366506 1.775359036 2.869354392 3.717957767 0.674015065 8.095395548 6.099566441
1.834933114 20.079333258 -22.205767399 -0.292185025 -0.272914116 0.915678165 -0.040979200 4.279892592 0.355329076 8.522673090 3.407271915 1.134810609 3.804978327 4.886146007 0.976563828 5.215789989 7.872155878 0.667947638 2.570458839 -0.918148005 0.542318892 3.575374211 0.125525261 7.481827158 2.745700880 0.618999155 7.753549275
0.171403258 15.948268472 -20.345547254 -0.255567138 0.143562206 -0.268214176 -0.917679948 6.202287685 3.941004047 2.320211115 0.768837708 1.863447155 8.696920177 -4.098321890 -1.461683754 0.633921903 2.478376934 5.416571738 -3.208477090 2.245141574 1.771696055 -0.165528219 3.122140850 -1.531975687 0.923460843 -0.604285148 7.182043438
1.333353394 22.329745119 -18.330230983 0.546361519 -0.115696112 -0.005244429 -0.829503464 7.491642322 11.664551293 -4.584992797 7.563860059 3.876664594 3.907131723 12.919127608 7.794613252 1.468731378 -1.730621804 4.764517888 -0.567672097 4.935081125 10.869935390 4.900568889 4.819575268 5.787164467 8.057779282 1.405338818 -0.448895759
-2.647224394 23.858443039 -12.240268426 -0.549690208 0.584447262 0.445810470 -0.396881717 3.177635373 5.863763382 5.996511427 4.485020695 5.831517786 6.303509244 3.521119780 1.932132397 7.715950560 2.817337510 4.752280100 5.640293524 5.607138045 7.185664052 -3.493031186 2.669147828 3.070717241 1.084321361 1.546050717 3.368443256
-4.521546666 18.426926127 -23.739614203 0.215288619 0.844712247 -0.185519002 -0.453535809 -0.879139355 1.660137562 -1.653886709 10.010273120 3.884125165 3.087403828 -1.585636906 9.275157097 4.588350849 2.316913864 0.985198944 5.281943179 -4.283427527 2.215000588 3.165390002 4.342966279 5.717691558 1.969402565 3.950219512 1.862717887
-0.327702895 26.767198699 -15.732152462 -0.278116338 -0.452530194 0.013541065 -0.847162538 1.114628345 8.746016671 5.982474788 2.661579085 2.771297579 4.105467223 6.522691193 4.650286945 3.809353833 6.734756289 5.323733137 4.152273664 4.226706692 3.886904848 2.754424476 2.503607454 3.134431673 4.370936527 8.168873065 5.597365122
-0.598442383 29.733763130 -18.397541639 -0.147719921 0.894561736 0.081079676 0.413961608 1.189019526 6.542865776 3.684318563 6.524141306 4.148615480 3.022706546 1.210031629 6.403310366 0.623616076 0.956013575 4.955624518 7.058176695 5.620067444 5.642573827 1.940549777 0.721815135 0.942985473 4.957877660 3.136345240 4.247407972
-6.806832030 23.769978237 -25.068182393 0.184757261 0.448440760 -0.094326731 -0.869406756 1.391510263 1.752944198 4.417978048 1.439163169 4.164745972 1.892922720 0.716188673 9.940024681 3.987987225 3.073167625 3.075251073 10.612059439 8.662177967 0.312519153 4.219104100 7.210371907 11.153019669 -1.037670189 2.482293655 7.807225769
-5.822143066 30.657261898 -14.549198441 0.494055394 -0.247229217 0.825354541 -0.116519800 5.700961977 5.291022575 6.546533508 7.983661419 1.435186518 5.871120267 0.708993783 4.961827733 5.286650041 3.240790610 3.624407616 1.650769844 2.197121159 3.024397549 -0.134725185 3.619027895 7.655210854 5.769789290 -0.539934731 3.713262342
-5.620686435 18.586280103 -9.817314816 0.237722784 0.200479814 0.938870649 -0.147707912 4.062625614 1.843277842 4.932928514 1.722690536 3.097301980 -0.431806443 3.909440799 1.199494795 6.478298170 3.544340383 1.304503029 3.902487686 1.193693235 0.210717905 1.429281584 -0.182152731 -0.032205240 6.404219395 3.454390482 1.104646341
-4.710883116 16.856503601 -15.392380545 0.479756666 0.396899647 -0.755708976 0.202997920 3.973489945 -0.451604243 2.425404597 6.574775467 5.957037377 4.705440985 1.620203502 5.928855725 1.399836903 5.768848549 1.650947766 8.018313619 5.427010184 7.240335303 6.089759864 2.671498157 0.226464481 1.208018986 2.865427845 1.989979764
2.725779238 26.254274738 -22.782748958 0.189572099 0.378337559 -0.767393308 -0.481695570 1.823876221 6.642424636 5.724191439 3.149003435 3.059220777 8.501223551 5.376875140 3.791690274 6.127533446 1.380608282 3.026788046 8.777519738 4.756000594 -0.258865247 1.612683797 0.963786200 7.361089989 5.190796539 5.245298133 6.651096661
-5.400236246 27.918823776 -24.747003133 -0.784299135 -0.082530265 0.449686376 -0.419339702 8.844406965 4.718962813 6.690274643 1.089218897 4.352947826 5.625821649 1.549880476 4.935039081 2.171610277 3.845453382 -2.492595619 0.553272363 2.136354936 6.833881359 6.024971531 3.258576176 0.606202236 8.249201054 4.167465643 3.337628845
-3.296079445 26.510127343 -11.338621893 -0.313905914 -0.044278158 -0.426905396 -0.846908676 2.939027213 3.332911553 4.292482180 -0.441951521 2.175274460 -1.240639485 2.139241704 1.840332561 1.779867388 4.182378166 0.658622181 0.281390429 2.856118266 3.596320416 0.005769493 8.016305572 2.597743199 0.979352707 7.502336343 1.126986378
-7.276265831 21.166845598 -24.413778593 -0.973763761 0.017295800 0.182037578 -0.135452250 1.895683699 -1.735372571 -2.492863748 6.025884112 -2.073872630 4.229895596 3.946113944 1.414934270 8.018038701 10.284884522 6.444258094 3.353115622 5.001081313 5.750902604 1.928025790 6.875825603 7.788744290 2.754404946 11.006752961 5.804353666
-0.996972194 15.184701929 -17.572782982 -0.338669108 -0.512550653 -0.624931935 -0.481721018 1.638187565 6.444371221 -0.422327515 8.399983608 6.350161781 7.247555643 6.632486117 2.658621535 1.771566053 1.603556206 4.168063783 -2.199107726 5.712445450 -2.867483202 4.852971728 6.863565945 2.146336003 -1.091018862 6.672801342 6.051855320
-0.007915580 22.474308721 -26.896524140 0.395866156 -0.004682716 0.808644137 0.435158267 -1.193814177 2.708357232 4.158765017 4.609408045 1.674824243 8.399745845 7.381066980 6.526737543 4.027511157 2.334730253 5.800297183 1.793090872 4.256823548 1.687516033 2.178942027 2.205754616 1.109195132 -0.173380143 8.254972216 8.113617709
-3.393619350 29.931741589 -23.345127421 0.942044870 0.299474190 -0.149614076 0.021961321 4.848402592 -3.282599473 7.822950284 8.492578902 4.082683824 9.199968603 6.902564273 3.444782900 6.723402455 3.936727315 0.865080939 0.219846333 6.990119113 3.204251939 4.602274953 -2.894796216 4.472068453 7.549399855 2.680005062 10.370610375
-5.044561225 16.148767665 -25.397347706 -0.645288195 -0.338754529 -0.408962414 -0.549179624 5.735055931 7.162302313 3.752905171 0.990606385 7.106423586 3.081295118 1.430325832 2.778008044 4.563436458 0.549540654 5.924859645 0.838880435 4.406540960 3.303989600 -1.049897048 5.881505476 6.556757216 7.399315107 -1.138729477 -0.812961649
3.623118031 23.125258479 -21.583699147 0.239259767 0.701088496 0.241999756 -0.626630516 3.300917253 9.793295832 4.217269287 5.807851811 7.985751987 1.887084264 1.203641791 7.399046009 5.424331624 2.700978024 8.059205266 0.024377327 -1.581917649 -1.049846625 5.460565515 5.144409232 3.880123025 6.483004240 4.385049108 6.015170792
-5.364485974 25.881167199 -24.457212765 -0.115334314 0.780066900 0.233153238 0.569063436 -4.221942356 4.394869738 4.688386183 7.736142214 8.892047506 3.229597767 5.476772650 2.897717396 3.669738634 -1.706652746 -1.133358820 -0.947606987 1.947651093 0.738098851 1.057549606 7.251609021 8.149572921 5.783495512 0.249385536 0.900169279
-0.141719759 23.463516484 -10.089402896 0.083240559 0.753253338 -0.583210594 -0.292482173 1.761048430 3.392824258 5.010375609 2.976391992 3.886560140 2.402026962 1.765377969 -0.828095566 6.980357661 0.929385576 6.650178750 0.080881908 -0.003156243 3.690696700 4.456703092 4.705725027 5.241464666 6.334867629 5.410000861 6.584729071
-6.568081824 17.452848596 -21.566581010 0.223973409 0.479821007 -0.583069760 -0.616147197 3.128063447 4.678618641 8.546207299 1.709371717 7.366041835 6.385166937 5.871461930 2.271258869 1.636530278 -0.484787901 6.447058914 2.385339657 0.219075421 6.534445634 6.141332814 4.719171393 -1.288165699 6.946790925 2.838238609 6.521064939
-2.062425428 25.323041274 -12.931122028 0.296717023 -0.267334907 0.696596810 -0.596023440 1.282159707 7.144835959 0.435953848 5.624813256 3.123423798 -2.012951272 -2.262864780 5.888841018 3.735471270 -1.089442067 4.392292128 0.524599505 -1.080018445 3.773228026 11.745853956 6.363240729 -2.019625519 4.420464747 0.108477959 1.936144654
-0.902663894 18.980879068 -11.802214416 0.876197836 -0.264027810 -0.286396138 0.283802607 5.562352212 2.400023880 -3.268160969 6.876569380 3.001855162 1.096000357 4.710069211 4.617590628 5.404762396 5.204713972 6.955297299 -0.202045665 2.288787696 0.909403090 -0.645899127 5.728281536 6.054268264 4.002712574 0.571560029 3.822031800
-11.391797275 19.291928525 -22.586602224 -0.853445958 0.338386602 0.293075316 -0.266892043 1.049282258 5.561955580 7.185580261 0.610103371 9.836241568 0.744640117 0.380021387 -2.487235455 2.336549360 -0.359340394 10.404238510 2.536137962 5.294203229 -1.098829054 2.222685426 4.578041274 7.159809239 3.243937939 0.811171360 5.104353396
-2.219432947 28.354025181 -15.531615649 0.488595685 0.184829986 -0.777446311 0.350270419 2.541908945 1.485047921 1.311537945 2.943680331 5.524726997 5.467306787 2.656265673 10.288769885 4.277274948 0.535742713 6.794093374 0.864470354 8.039041970 5.846905858 1.095027002 4.875088591 1.948844358 4.346793532 4.012104742 6.266892390
-8.595138858 23.566037678 -23.357632918 -0.731372661 0.092804498 -0.662243485 0.133846641 8.358147696 8.956217492 8.618839275 6.353283127 1.346087062 3.516058444 1.532567323 7.307157462 6.961891866 5.553586065 4.101051864 2.587399916 3.618651903 2.918520603 2.872418138 8.766695547 3.996448803 2.512060451 0.661629472 7.496496582
-8.994222610 18.241300167 -15.214196561 0.076884530 0.154774669 0.360079262 0.916775052 4.417822032 6.344897411 5.450401700 2.191575603 2.759353804 1.324810747 6.989168428 1.174252939 4.852956554 3.800413613 0.228716033 1.207333506 7.839399404 2.277524416 3.934928737 2.315615863 -1.363374153 1.815976886 4.915031053 6.222658553
-4.732078976 28.014192283 -24.031421799 0.252538567 -0.255717173 -0.926700442 0.109814803 2.981842398 6.445042174 6.696228896 1.965333579 2.429396178 3.156326694 7.944930665 7.351643271 -0.408205502 3.340775558 2.146829941 -0.646241886 3.356820825 4.310784341 6.349128865 4.111773638 5.364120337 4.155026358 9.030871809 3.782671615
-3.135930289 19.373035506 -15.439568843 0.029648162 -0.553307519 0.552463468 -0.622700483 4.348381787 1.512873725 12.792473938 -0.197986798 3.510067005 7.685591639 2.515415934 5.166633463 5.803627811 2.336749639 4.273261603 8.225586353 0.705059664 8.170557727 4.153854403 6.196846719 1.774266291 -3.694466186 -2.129883524 8.835114914
-5.270621111 19.029313204 -17.371578703 0.319129238 0.340642419 0.855761350 -0.223140728 3.284239392 0.249987028 4.706853404 1.175168354 5.077191961 3.723052114 0.041860491 6.899113625 2.340936790 6.321113698 2.030752879 4.891306724 6.993547027 5.623736670 0.049880213 2.565472919 5.888805687 1.607501537 4.301562533 2.059055989
-7.435645580 17.156874510 -19.762912660 0.015584848 0.042915161 0.955817940 -0.290391918 5.653272852 0.249315612 10.539152383 5.410218613 4.979569614 6.934944458 5.350376757 7.128839230 9.997120130 6.041287049 7.481232886 2.792736787 3.662870907 5.801823733 2.103436149 1.959601903 1.128377391 3.356752154 3.749190467 2.123108251
-8.888832181 19.213897079 -24.979069248 -0.301477496 0.737730824 0.325126886 0.509074708 2.055788322 4.818066403 5.063860938 4.236261949 5.164138086 4.853969956 0.840882517 9.763402943 6.769205613 2.869337617 4.249684238 7.938924587 6.849349424 8.102589209 0.685071682 5.797266711 2.186346287 5.039171163 6.856864209 5.026659447
-4.018086517 21.697445549 -24.055493118 0.072773671 -0.437424671 -0.587051402 0.677299270 4.430670004 5.744114451 5.317317771 5.185623325 9.547905094 6.074006966 7.173052922 1.761718945 4.375234994 4.891551810 4.835045972 4.247938345 -0.102189592 2.263750538 6.063695311 4.061249849 5.781917517 6.521544747 7.094829327 5.616525095
-5.155947159 20.307202804 -14.291005304 -0.172434987 -0.159467756 -0.966110241 0.107085070 1.010341231 3.169856392 7.762243601 3.005820163 1.986610645 4.735541726 6.454290454 -0.678223409 1.645841990 3.209939398 8.061167945 3.029934315 9.324002569 3.363144573 5.876693229 3.759054751 2.003601123 2.884476209 3.849011524 3.436102842
3.775066791 24.622909821 -18.529290874 -0.216448852 -0.608202800 0.400411329 0.650315320 6.656373146 2.865524164 1.765350848 6.323404357 7.176192254 6.591146188 7.322443819 6.587081158 4.324637161 3.025379691 -2.766736215 1.959846359 2.786945129 -0.850727670 8.119386757 -2.855210473 8.154695615 9.481116114 5.118101392 1.139719512
-4.500217509 20.080022498 -16.361685352 0.399899429 -0.035964817 -0.848414298 -0.344935006 5.256410540 2.917433725 -0.665680590 -1.143835478 6.129851826 7.566960163 7.422576307 -0.520778813 3.910176042 1.728727752 4.655633862 1.290253862 3.270443429 3.401195015 7.034809607 3.425744597 0.212391496 5.393192542 5.162530058 4.960761240
-9.990719261 19.815704167 -11.679184217 0.139454237 0.250236834 0.079715181 -0.954766742 1.233259852 -2.687477364 3.959888415 5.087743206 3.021210139 7.976986679 2.744824076 5.766279319 3.814709717 1.953116043 4.319771701 5.978991699 3.781031026 1.721669314 5.139849147 5.435108529 0.485520287 -4.439988335 10.011165673 5.554318037
2.619319240 23.568350604 -18.035209675 -0.687383825 -0.368569435 0.170809220 -0.602066657 3.318313898 -1.143021276 -3.070370885 5.602559245 -0.082631395 5.564293062 4.937545699 2.635127279 2.126482270 3.801362641 0.872823935 3.812236059 -0.236084659 6.547877471 4.030947794 5.324586822 5.453380103 6.703355372 6.122150618 1.411390933
-3.544244815 20.492611075 -13.213417894 0.403276978 -0.185371511 0.823735048 -0.352796899 1.774823469 10.025206439 7.286488707 -1.768657438 3.577812868 5.098800675 3.864535504 -0.635900717 6.392222780 10.528704282 8.154111625 5.743890536 -4.719411907 -2.758999876 2.354812756 11.325222270 2.660258332 3.825063482 1.384667412 3.523433986
-4.907807559 16.354008558 -10.602116311 0.852019605 0.523034592 0.014628363 0.016835042 2.265700268 7.087479475 1.558279401 1.821681472 -2.332386675 2.124411865 0.889512262 4.550144099 3.476791127 2.989799501 10.300435523 -4.840764038 1.546538788 3.494089155 8.611236536 3.228739096 7.794617426 4.432240397 -0.233232399 5.376190957
-0.427027306 26.864149746 -15.960256686 0.347324101 0.857923971 0.143764174 0.350234623 5.636224101 1.332918772 3.842893960 6.639864103 2.681841980 7.832676480 3.585138910 4.539527253 5.183873026 5.220810257 6.525135226 6.461990152 6.346026519 2.577947386 -3.581645072 1.144073922 5.934841755 2.767567098 2.450592766 4.866172298
-8.278659441 24.216726639 -20.939330172 0.806322371 0.531225605 -0.258366730 0.029836607 2.966972016 9.057537787 10.988942873 0.605716748 2.084523147 1.024109205 1.713331086 1.996116358 3.595243826 4.821018328 4.584327952 -0.649172873 3.810407190 7.377351162 4.964663964 5.099452535 3.916322802 3.332256426 4.081594445 5.075136867
-4.832095508 16.745926954 -10.295136980 0.245707130 0.021422983 -0.835607026 -0.490846168 5.393907067 3.777239467 4.776748553 3.933198420 0.346843935 -3.027244737 7.478932759 6.340145554 6.068739700 -0.033336144 4.198443986 5.757995593 5.440771553 6.044319875 5.809569864 6.513859197 1.368112766 6.987982886 3.474427779 4.995156471
2.757888860 24.657347478 -14.197473463 -0.157523691 0.761345960 0.508493395 0.370098748 2.847336422 3.700798126 5.502620134 8.021570968 -0.241938225 0.025893758 5.218502157 3.538175761 5.678930671 5.576042880 -0.596697309 3.553623358 1.631320491 4.525556242 3.254328961 5.516684106 5.819542337 6.901940302 9.335391792 3.476555566
0.124166487 15.002331840 -20.295454322 0.509455688 -0.128974188 0.709741641 0.469134697 7.854701664 1.735375620 8.566412701 3.939337513 4.996114178 1.588037801 4.395107678 -3.347564648 5.840121946 4.306546197 1.019266268 6.438554350 3.860484984 -0.271882050 2.296049002 6.621489630 3.868945729 6.013366583 3.665404846 8.174816657
-9.905994836 20.671749144 -24.462760998 -0.468734677 -0.719970745 -0.472469702 0.196729026 0.271330613 0.090595508 3.134453228 5.793169241 3.693642014 2.784581892 2.789027190 4.375646266 -0.672521919 6.784255006 6.331366352 6.313173179 2.555822029 0.191615323 5.815556418 5.242563246 4.700211765 4.705533115 -0.939256984 3.961124329
-1.312997348 24.588978283 -10.974495232 -0.156013555 0.326753919 -0.866080235 0.344668932 2.433184854 4.120612950 6.667584853 -1.100085421 4.632925482 -3.740212518 3.558086310 2.228149600 7.994952351 0.848649533 2.286534777 1.884623728 5.521266907 3.516517385 4.768823794 6.284627831 -0.133859800 6.068388002 3.824191989 1.921835226
1.441095079 20.214442556 -25.417704118 -0.170941779 0.066075102 0.945684263 -0.268503751 8.353055064 5.168274619 11.388872794 4.353497842 0.967820463 2.300956317 4.784447502 -0.199510824 5.643720455 1.614070318 3.578382995 0.512293020 6.059690114 6.105063211 6.604378332 6.909647028 3.289674069 2.181326327 1.213189367 7.077035832
-0.238285195 26.471172154 -11.676660566 -0.516038106 0.251235156 -0.357559891 0.736706518 2.018065469 6.208427734 4.794549504 4.703558410 4.785915723 4.605441507 5.556757581 6.574372186 3.814482660 5.345134490 3.978697958 8.750397021 4.443509660 5.642232594 8.264686210 1.686167104 -0.804441229 1.334376172 6.058386505 6.408987944
-4.092774057 19.796397003 -22.661093611 -0.692583423 0.070275037 -0.559440852 0.449906162 1.340756103 3.019646260 2.158967944 4.659615430 5.473301259 3.464945586 3.071933504 -1.776861628 9.971362698 1.270713499 2.780292480 6.853344016 4.539040155 5.678048397 1.323152673 6.393526943 -1.786422196 5.977616645 4.200860151 1.446944925
-0.033998394 23.636001230 -23.345180751 -0.093208214 0.942371814 0.116267005 0.299548956 3.058264440 5.978251423 4.402893194 0.852998414 6.668950690 5.429258924 3.482608163 4.898410311 4.684388026 3.214128460 5.326467083 5.491784984 3.972531754 4.195148357 0.874947999 -1.373969945 4.435813864 -0.533593471 2.174216709 2.598807454
-4.405919217 23.085355312 -12.139433282 0.247294823 0.220830898 -0.733723070 0.593067823 6.837987112 2.686403627 4.450823798 2.667647495 6.849723053 0.302576579 0.761085353 5.917850667 4.925786227 6.124514431 4.035410853 3.815928427 3.215201399 5.184741367 9.089747041 -0.149481953 8.216288260 3.918730919 5.662710762 6.652652288
-1.085396301 26.368994751 -26.512810518 0.210267510 -0.115208389 0.280871938 0.929314562 6.258460247 7.473886052 4.046037070 4.723204815 3.802288149 2.113319079 10.016540799 0.539313544 -1.273800493 4.442188557 5.677696506 8.127140036 5.719247772 5.162215878 3.969449113 3.324650685 5.182938329 0.331323469 0.758683326 1.865528259
2.987339342 27.611472313 -17.041334008 0.137104627 -0.515791736 -0.357776036 -0.766262040 9.087839555 6.120187429 5.351497504 11.537248826 5.752900818 7.904334678 -1.613816636 4.421321848 10.809655848 -1.165616147 3.469383901 9.094039080 1.418663091 2.114236896 11.534726823 5.397114050 3.822886761 1.431374257 2.661582452 4.447364771
-8.388714251 15.426611314 -14.429904106 -0.481695923 0.633590544 -0.015868545 0.605210913 5.458579784 5.731110281 7.860158262 -0.898391057 4.250438418 4.722649339 2.749604282 2.271124254 -4.318000242 6.399257717 -1.256348252 9.489205818 3.411950410 6.033350598 -0.432145220 4.304859363 3.507442363 4.268732731 2.376337301 1.834260784
-11.278200233 16.396015523 -18.668544257 0.081333124 0.504335899 -0.086976593 -0.855257445 5.583119818 3.220602310 5.495323026 2.619799696 1.492158649 -2.049161331 2.192004949 4.203795798 2.535355007 4.940341701 6.245137571 3.640426449 -3.369076068 4.612101598 0.953192823 6.908690388 6.099399170 -0.473353517 6.842955462 3.447758397
-2.848049446 17.283445826 -15.116881464 -0.283266988 0.337696827 0.314640990 -0.840667422 0.692070249 3.525959370 7.532197417 3.716931449 3.533532474 2.308210644 5.657327802 2.162427667 5.061647764 0.890813323 2.962863544 7.105404471 5.391225004 2.424518421 5.181003711 0.933952280 5.255098839 5.879923952 3.097360763 4.229082930
-10.366168176 22.973731568 -11.086687515 -0.504752181 0.841470268 0.186175284 0.049917810 4.130753977 0.589028968 5.606933173 -0.003593142 8.838403658 0.976125037 6.881423105 4.217402669 2.806079595 4.421153505 3.354262909 8.687174348 0.208105861 1.260574237 1.042622821 3.029145915 -0.381855898 3.786946091 8.822824381 1.572398463
2.720028028 20.653014541 -21.575124435 -0.056058372 -0.670128676 -0.656994619 -0.340797721 9.088186366 2.345569160 3.421019346 4.855567572 3.535889470 -0.627339528 3.192643778 4.930566653 -0.276154291 7.282695218 2.947335938 4.730573802 6.876596895 1.931205870 5.920204234 6.708431739 5.601632994 9.050528191 -0.516255919 2.939055591
-3.598329101 20.381898035 -20.202557853 -0.655589147 0.743827901 0.083455024 0.099790700 10.113238870 4.959782318 4.240349332 5.173584121 3.589750262 9.665554747 -2.197378416 3.504278427 1.678593429 -0.324892506 4.151558696 4.226275226 3.586744836 2.648975290 1.563336073 3.029956118 -0.914912880 0.810001233 9.826677656 2.764467797
-8.961898515 19.646581636 -14.664347541 0.083035521 0.250939807 0.863488555 -0.429560045 -2.443712246 3.930075332 8.765206177 4.452843102 3.484664121 4.081585563 6.397316685 3.367339767 3.105044231 4.693132951 3.194413421 2.036816077 -0.905127067 5.380891627 0.818923435 5.159806194 7.960220238 5.626341709 0.052710639 3.144235332
-11.270006680 20.793192888 -24.682218425 -0.511181307 -0.261763682 -0.603935075 -0.552662529 3.296114173 3.410134977 7.533992122 2.496905648 0.242121654 2.869849586 5.901841287 5.865857363 -1.917233950 0.757347434 1.358715966 5.795135145 6.665373259 7.756477031 -0.706333576 1.608766595 0.511756252 5.754304773 8.086891891 8.392363793
-0.223887171 24.651171484 -25.022611686 0.021671697 0.290653468 0.017751050 -0.956418213 7.247738134 10.131671578 9.965372407 2.729906324 3.084655835 9.988374577 -0.118656787 1.333110538 3.527877468 3.851201024 4.361105944 -0.291973602 -0.964724515 5.969636994 8.293397064 4.362522927 6.287361294 7.367326118 3.360780072 5.303471357
-4.762599871 20.480907988 -26.547332818 -0.577577431 -0.285045833 -0.730133949 -0.228161348 3.463247277 -0.201294394 2.956769154 0.974570436 2.313400418 5.514340247 4.759924425 1.658593773 6.403459849 3.880620782 5.180535004 2.441119587 5.008802644 12.011050421 3.729595851 7.141939048 4.957648459 8.880599617 9.161806400 7.776538368
3.748007115 18.418744083 -20.989248268 -0.702170431 -0.562392796 0.276001963 -0.338369538 4.545904150 1.217397574 2.217613858 5.819500516 4.162351812 6.255144111 3.571099844 0.505190585 6.900942550 2.876840860 6.522069404 1.344443686 4.019127780 6.075674848 2.995028898 2.531639192 7.216564543 6.745036762 5.125903130 2.979152300
-6.898890157 20.501489238 -16.840489111 -0.416905319 -0.586421380 -0.690849086 -0.070904587 1.262366220 7.838116433 7.270824201 2.313126000 2.516239229 5.020468168 3.114101057 0.887381165 -1.044438089 4.194705584 3.458653878 6.947899399 5.301407617 4.160136333 3.357516776 6.145913375 9.316582438 -2.028827094 6.972795403 3.446931285
-3.950671738 12.317703568 -16.251227709 0.242093111 -0.062887635 -0.966710617 -0.053913401 5.431097227 2.711080281 1.258988883 7.999291649 6.777063709 1.113818917 8.868121125 1.038606286 7.963411961 10.091075572 7.875135352 5.924825319 2.050157844 7.261162809 5.004469971 6.272345060 8.831800011 7.940860138 1.291545527 7.742270384
-3.430541181 22.740143858 -9.745219643 -0.670119875 -0.391853592 -0.324089453 -0.540699679 7.262398420 1.980615400 5.362714789 -3.127450439 5.201273083 7.693645685 8.418975324 5.992586883 4.325603882 1.676698791 4.849046189 1.650206537 6.702560753 -0.991460201 4.551261118 3.516496924 -1.808143604 1.481930805 6.967040125 0.777014540
4.248058780 19.983377265 -21.804276521 -0.090639588 0.601211562 -0.331236904 -0.721533946 4.150545273 6.399775821 0.628600756 8.988725129 9.737877865 0.288654264 2.655391269 4.501318196 4.955093307 1.937270484 3.424109605 8.672913468 1.610363128 3.979704771 5.321272993 11.151991918 3.459484297 -0.974334576 4.161828820 2.650152247
4.726769385 21.951713542 -18.100668919 -0.557049928 -0.588959567 -0.289665948 0.508837542 7.681918664 5.853661347 5.509919295 2.296419766 3.722196972 4.336261703 3.885562975 1.046354321 2.002251123 7.978995963 1.303515974 4.092211827 4.882861356 5.841273813 3.623328282 11.870647999 0.749412555 1.405962536 1.048753036 0.703127696
-1.301436865 30.402205733 -15.679341466 -0.227851853 0.412365390 0.586629900 -0.658713654 2.154862511 -4.038311508 3.101798362 3.906031603 0.672219841 5.757514520 7.192755406 2.187577340 1.375789328 10.184895895 9.290649051 2.142528575 -1.588911842 -0.852140541 4.447521828 2.530811723 3.905204784 -0.825617325 6.012946826 1.603718578
-1.325545477 18.517027063 -24.104609528 0.291225990 0.222409581 -0.689094994 0.625195562 -1.551659444 3.060211984 1.790488019 -2.340163323 -0.247190631 0.650417143 3.336032086 3.842041912 5.762959905 3.617585467 4.627613270 3.627982856 -0.185190100 2.623267529 6.523331365 3.452510393 -0.122359032 1.977020405 5.809551102 -2.530471083
-0.604055892 22.580996028 -18.388082481 -0.281017432 -0.122501892 -0.950112946 -0.057514155 4.784373490 4.965518601 2.989516899 8.123353691 6.903239622 6.065490957 5.753411255 2.161394985 3.836571500 10.568184215 5.491367158 5.580830488 10.195484280 1.029148411 7.809032048 2.480944575 7.173145935 2.665748321 6.210912107 6.324236094
-0.483095704 24.093968330 -25.415416639 -0.873448918 -0.060589659 0.178630365 0.448895394 5.053247880 2.516171962 8.027130976 6.694916621 0.212119119 6.297085376 -1.084066686 1.197664822 5.673936079 1.217153599 1.307671013 4.921713417 4.611665618 3.744684231 3.299596342 4.506533718 5.650860916 0.783948381 -0.567912607 8.028577247
1.947407937 16.085106253 -22.768470584 0.269247200 -0.950822503 -0.054759805 -0.142982088 6.412285113 3.652681633 7.958668593 5.467887974 3.722962796 6.386389604 9.226356234 5.740506003 2.919763519 10.139439253 5.638461587 7.818546633 5.158481516 1.753823955 6.823294943 1.255010409 3.194234739 8.760773501 3.513572506 4.994146013
-7.101789550 29.710442062 -12.912106174 -0.157029777 -0.948003967 -0.158948569 -0.226639538 4.964557474 -0.748645615 0.714009081 6.188231775 6.079109068 1.607706993 7.677715578 3.632944096 6.625804455 1.867718618 5.146805871 4.604980933 6.980694603 8.071043079 6.948627953 2.640188523 2.560149610 7.608950051 7.901440228 8.749751210
-6.513837099 14.695397415 -14.969004565 0.125913266 -0.915213506 0.338741249 -0.178281949 8.047801887 1.480336372 9.143374748 -0.581936873 4.635845712 8.737017621 3.573158013 10.925992969 3.567114166 7.977722185 5.859555338 6.691114896 5.823714547 2.766527266 5.985551219 4.152644496 3.387094725 5.609264785 7.011789924 2.566840465
-4.885796507 28.409746889 -18.400477370 -0.013170813 -0.080399747 -0.022015462 -0.996432501 -0.750815789 9.364301951 8.103288811 2.708855861 5.703045498 5.973122008 3.831059797 3.390070371 2.944157780 3.015040485 0.113582300 1.583651207 5.295603279 7.666257832 6.440648870 9.749547520 5.293138279 2.318996599 7.971094236 2.949151924
-6.869623903 20.307927606 -12.538530431 0.251482531 -0.480859524 0.251770939 -0.801337663 1.965928953 0.844280850 -0.609157112 4.677452412 6.897549181 0.979126374 4.041953523 -0.035154189 6.658348458 4.129483866 -0.584428498 6.049839145 5.194284409 8.327490420 0.138224979 7.099599238 7.667936623 1.880094477 6.506850567 2.521775625
-6.201050297 18.088083436 -25.452346352 0.253565634 0.362589786 0.891995546 -0.092612428 0.257541946 -1.483555297 7.081180154 2.263421510 1.498644870 10.730563290 6.900896537 5.181983475 -1.263435034 6.387115740 7.595360810 8.132075841 6.721235276 2.517696286 4.390995362 7.342954201 3.775628783 -2.484428569 6.083249139 7.758872183
-2.290480098 24.597518256 -22.494824420 -0.218240956 -0.396730337 0.226368848 -0.862399600 4.572795463 8.130327687 4.165049185 -1.217406070 -2.970680952 1.656947961 2.460478436 5.551785097 2.468775158 5.389877059 5.289330243 6.846688305 3.157957474 7.440991260 6.219053952 2.420501739 3.569118031 3.694093128 3.038177284 3.398446452
-6.053614441 18.696505691 -18.398464543 -0.755470645 0.590968323 -0.194626013 0.205283366 3.801826676 1.498610650 5.011093961 7.060031524 7.031791308 4.739845655 0.474322412 -2.009772179 5.808711007 2.299048605 7.076194364 5.234119445 1.947486975 2.881765700 4.813474347 3.355626901 2.703111437 -0.102807172 5.421438789 2.069667006
-6.085400112 24.923675456 -25.358427734 -0.689671994 -0.245802145 -0.681068832 0.008893389 5.523880256 3.127141755 7.085945635 0.606530036 3.612648652 4.283769680 -0.650504249 6.588337678 1.508016693 4.473016138 6.427809995 1.839296393 3.160890210 1.147350577 7.403432182 6.702598219 8.297577563 0.189266832 6.049915927 5.913431107
-1.898052198 15.789669006 -17.987373834 -0.530845564 -0.536201006 -0.559801686 -0.342510643 3.403383068 2.958722275 0.446118653 3.817823411 6.304389623 0.831691978 6.871716182 3.246755366 8.412649666 1.256942113 2.404524071 4.934562520 3.578600343 5.316030181 6.937585051 -1.453990534 -1.551031755 -0.436572250 3.106687019 7.245979710
-8.011597585 25.816191631 -16.664331523 0.394794475 -0.156952655 0.904318805 -0.041360433 4.254073629 5.407444144 5.629991737 4.854828171 4.119893774 4.860659174 5.201038715 0.781015101 -0.439725602 7.721537373 7.466364871 5.168771044 3.762660097 0.718357235 11.669480315 0.527144260 4.696443528 0.415762004 3.906264874 6.680508160
-2.941636752 26.396458526 -25.509465794 0.985948769 0.122719933 -0.034965882 0.107806443 4.117235177 6.162505191 5.794040228 4.473223010 5.482491035 4.158948648 0.688515161 8.825606991 11.059303562 3.098182732 -0.168011300 3.017788174 3.559751522 3.601151909 -0.571070826 4.372311200 -2.169969449 2.612938403 2.870289442 10.967178062
-6.362804464 27.497062129 -20.916934329 0.597457421 0.713965517 0.358497209 0.069120339 3.307440519 6.406163254 6.396641351 0.417823623 4.708319263 3.086084718 -0.093453087 4.084676455 2.360124630 5.220596474 6.807564761 6.540061592 6.798966420 8.176983918 4.093377866 -0.469369876 -0.958027206 5.141696783 3.413953607 7.828939967
-1.612070283 26.375657116 -14.886079968 -0.947616779 0.153029903 0.264927150 0.091749078 3.970140201 3.498138518 3.628182293 3.042080150 1.661525288 4.896692811 5.575446644 3.952967013 1.829804276 1.107952825 3.150819963 3.883647302 5.954257844 2.179576964 5.291829352 -0.946233457 -1.869455654 6.701191981 -0.507113203 4.846021092
2.304215816 28.019739847 -18.467945538 -0.709067471 0.692213517 0.067028931 0.116494163 4.092908227 4.628120439 3.588859148 3.070504123 2.681835541 5.450683643 5.344531024 9.050032789 -0.066565149 8.198586872 3.203234122 4.805564375 2.835011212 8.891341268 9.270876276 3.950143323 3.630422431 5.092267510 7.892833824 10.259505724
-10.133459233 29.486073343 -15.302759384 0.015729813 0.218363373 0.754658576 0.618514708 0.706592664 3.036298993 -0.289049616 5.697183698 -1.721775125 5.380879235 7.690763633 0.380812155 6.074404400 3.147638913 -1.916859354 2.166933131 5.328859894 7.900780771 1.195739563 6.884596729 7.599897237 3.574833241 6.004150434 4.366703960
-0.870240706 24.003831895 -11.437838337 -0.843683956 0.057439245 0.502806119 0.179120415 4.579302078 1.802911757 2.896503937 -1.293653629 6.252096933 6.789138945 5.577607495 7.459335600 4.312010619 9.559905789 4.906143867 4.085302330 3.427599258 7.037790262 5.733093063 -0.228486867 0.422251972 0.378960840 0.629486512 2.819519407
-5.809732286 19.926784418 -23.789351454 0.657345261 -0.602098900 -0.419500321 -0.171445627 5.294337830 5.871841657 7.823950505 -0.041808131 2.896862104 4.116895715 8.398532041 3.938466755 -1.022157936 7.880260642 -4.523362254 4.328401778 10.604366612 7.211971668 2.863236801 -1.366718023 2.558679521 2.221515653 1.363018214 5.674213145
-10.578771764 22.828478565 -19.686189034 -0.197955592 0.972621797 -0.098212403 0.071935713 1.362837570 1.905135047 4.190885763 5.546990376 5.370963967 2.426912517 0.455425617 -0.455382333 3.971774072 4.941789233 3.608636358 3.561033242 3.830162295 5.713953542 5.483402062 -0.513959829 3.132986663 -3.531661456 5.899927917 6.821732685
-8.536984903 15.177200254 -15.126009528 -0.304922132 -0.899657201 -0.225873316 -0.215918176 6.249692849 2.476935638 2.850196708 3.365854147 2.952893855 5.960616230 6.524271458 4.217408977 3.130421108 2.048245960 3.074971627 6.505005958 8.060063389 -0.367859166 5.670635342 7.129395181 7.346364219 1.092585537 3.636451205 1.386394777
0.554573036 22.159829040 -13.518805033 -0.414641489 -0.088864452 -0.826250718 0.370790096 1.789909842 5.111485036 -0.998537460 11.775223590 1.910643971 6.309900334 1.626222883 -1.527375005 2.263381226 8.886786730 4.257532908 -0.455205867 -0.644874546 2.718422412 8.649622331 3.256975643 -0.054286837 -0.271452439 4.637508160 0.630872785
-4.521049311 19.135086409 -9.721439208 -0.756800439 0.237532010 0.079947645 0.603688673 9.331990848 3.684260508 -0.853898166 -4.894911249 4.141486132 -3.358025819 3.731023471 3.208140160 1.535774881 3.466701599 0.219122819 3.723285492 4.795520987 4.457491165 0.609874248 4.549273086 0.335832259 -0.587969173 2.338416143 0.845500968
-11.381077558 22.592264701 -18.909510043 0.315673773 -0.449309655 0.621283491 0.558997072 -0.743231897 0.194746988 4.095855519 0.686691576 7.785936376 -1.267347841 0.245064178 5.258234857 1.232859894 3.049256386 4.086172926 3.194955758 3.899173364 7.091654046 2.400617774 7.792425840 2.033556878 1.990564858 1.284486490 1.966771217
-11.811205736 22.935831523 -12.514400375 -0.094397876 0.601842655 0.221808224 -0.761364283 -0.825685637 6.028510209 2.710637411 -3.564523781 4.432688251 0.907206443 8.895361913 4.231678235 -0.465868048 -0.045697714 4.311204317 2.992183261 1.938570306 6.781244747 3.763591205 6.006277649 4.283767596 5.168163141 5.109918692 3.709382773
-5.753915969 28.882809442 -22.728346116 -0.850893658 0.516533986 0.092772810 -0.023787158 1.335900393 4.407610885 1.791562468 9.262736382 4.301694178 -2.852969825 1.245619364 4.731455520 1.432295714 3.868969173 2.161440304 7.752910077 1.858307228 3.703515193 4.088372474 9.010140913 2.737247510 2.264865678 2.256554280 4.388826323
-6.658302210 13.708434590 -15.993624769 -0.784519268 0.274522654 0.514631303 -0.210526607 5.645474046 1.876461783 3.132636128 5.055243336 7.851977529 4.724321797 5.271431366 2.709195679 5.944046269 6.020254201 6.948486057 1.209570648 1.523640164 8.371683106 6.625519284 -1.222831566 2.982786681 1.230173641 5.788181850 5.625090548
-9.323661533 22.898042723 -23.429595934 -0.600295786 -0.422590076 -0.463308882 0.496394477 2.957389065 2.349918666 1.129693976 3.808512314 7.893519797 -4.312242474 -1.514669497 2.515537621 -2.951993974 4.750587631 6.840855774 1.396826263 0.410634970 7.536671379 10.209676198 0.338808791 5.665074940 1.613417735 3.763917417 6.327123992
-3.703964429 26.022912619 -16.548263272 0.413174039 0.184192371 -0.520540632 -0.724153184 -4.109706572 3.231331964 2.897908387 4.207840229 10.128947953 0.950841479 -0.249578748 4.194406605 4.357025241 1.805115655 1.439899487 1.789598927 -1.810608545 0.459761689 0.341372521 8.074042543 2.174448061 8.155872163 7.136194690 7.109873880
0.699197497 29.528781442 -16.469262258 0.674341915 -0.379280720 0.459467825 0.436232087 2.574651694 3.762305879 6.528566201 5.762885200 -0.740584965 -0.102766448 3.375201311 2.350548519 5.677246630 1.142077651 5.822150469 3.381722278 9.121803895 4.760582498 2.463624709 3.643909342 0.828602629 -0.566483514 4.039917362 2.842397245
-2.549851563 17.880331669 -23.582692843 -0.017246285 -0.550011165 0.239449600 0.799908853 -1.309827510 3.027082101 10.137555495 5.761403624 -0.403899924 3.427910014 6.733274058 3.759438202 3.676551296 8.916800874 -1.606285761 1.251642287 6.915343234 2.666894862 8.697365227 -0.753284850 2.145417401 2.654398575 2.035538746 5.544551892
-3.837207888 17.235046272 -24.821602917 -0.883560122 0.313541955 0.088097568 -0.336529006 6.627689479 3.361540962 1.279113412 5.951176569 3.711205835 7.612189199 4.670199165 6.678358009 3.009337128 3.042332097 3.480238031 2.565390015 4.267227286 -0.443637093 0.714921305 -1.088744862 0.468643210 3.460597727 2.953794696 4.282283003
-1.856838649 23.303147991 -12.700981055 -0.611137401 0.426940123 -0.407227233 0.527635471 3.619722725 2.896970463 1.362947143 3.723034078 -0.248228611 8.349770355 10.922127773 4.828458190 3.990461147 3.123044168 0.505765443 4.905354718 9.532193028 2.796868908 2.562952382 4.458630384 4.046508160 3.117110445 2.967723974 5.614771674
-3.591854503 23.469324403 -19.688178142 -0.239515120 0.779702765 0.390536466 -0.426822415 8.874474683 7.970969714 5.652821084 1.234197831 6.167020740 7.540554262 7.567221880 11.068604687 2.009940421 10.749984694 4.390797437 1.250817601 1.682445031 -0.410498723 0.107065210 1.271736595 0.579460527 4.648671761 5.155106807 1.433435971
-8.367861746 25.158442477 -22.764344100 -0.063750803 -0.052867243 -0.784943490 -0.614007009 0.360942587 6.511416729 0.672724842 1.006243114 2.222681881 7.624979259 1.830232797 5.662846367 0.316411320 4.659973614 8.398753600 4.754772861 -0.924509605 5.798228944 3.011470002 3.770493689 4.891420043 1.846474178 5.007945715 4.675871468
-2.581859156 23.059987715 -16.127901933 0.709303218 0.219167618 -0.491166064 0.455642840 3.289748754 -2.578553691 0.314722824 7.669313601 9.377998084 4.341297152 9.928108965 4.098058847 5.622187855 3.518897920 3.286350332 4.349322463 -1.855946483 8.398592335 4.461185357 1.879639088 3.068679727 4.549213890 2.743164913 6.649327772
-2.222343590 14.279088093 -18.461072921 0.619268749 0.147011705 0.576724005 -0.512135916 11.485229405 3.510322895 6.289305062 2.996511819 1.400806242 4.421538695 4.176879318 4.451602679 3.058109001 0.994420106 1.543579329 3.772690377 3.060281025 3.950420410 5.479041645 1.844691042 3.888618403 4.987321371 2.106364503 5.775878193
-3.717815870 30.435633055 -14.523348537 -0.033286067 0.717094926 0.578598697 -0.387156885 8.596059401 2.934547033 1.405494440 1.173320403 3.603056391 2.921957266 0.560145014 3.970642490 4.489225802 9.455643507 3.437933886 1.954427922 7.692397330 6.319961538 9.433876110 2.152682308 2.351212837 2.934212770 9.071808140 5.559934091
-3.631720257 15.507539946 -17.814281231 0.639543898 -0.375953216 -0.660084901 -0.118028410 1.356362211 4.831611767 5.265755874 6.576683929 6.669495804 5.690386357 3.265768683 2.337734236 -0.501756678 2.841011685 1.162995422 2.989410282 1.391397733 1.711305440 -2.049147526 3.205967365 9.755416785 3.010627173 0.098569955 6.459440625
-4.789777440 15.705692697 -20.781404783 -0.131093772 0.365780574 0.239101930 -0.889859124 -0.549743662 7.001904727 6.971210205 4.214171266 2.651477589 -0.883794893 6.668931402 2.205999168 0.643470159 6.376044955 4.058765621 4.377383987 1.409329871 5.321338047 5.950010420 5.633293026 2.232120416 4.214282411 -1.981367014 1.640449653
-7.814932440 22.545974361 -18.197851823 0.322762850 0.430156440 -0.715899149 -0.445284166 -1.998975358 -0.790661955 3.251783943 6.239521100 9.345008245 1.921606077 0.369914689 1.697874658 -0.353685163 -1.626672317 11.249677033 3.628433502 -0.019395494 11.274936574 5.983800299 5.876331123 2.697298808 0.604521429 1.738077964 5.466842298
-3.622666380 22.797191043 -19.064951980 -0.715833144 -0.040924609 0.590696895 -0.370115205 4.783006479 1.015081287 0.750858645 5.820990522 4.148115759 -2.511708740 9.939713156 5.454237512 1.604527461 5.054804301 6.594143164 2.844946452 10.666459313 5.284662630 4.840755323 0.059799160 2.516677972 3.118362306 4.736425813 6.363936191
-13.155318123 21.692545792 -19.982778754 -0.571251241 -0.681841936 -0.290758270 0.352453150 5.908901526 4.885096370 7.119829929 9.292825122 -0.490434308 3.692450932 5.777531097 7.503964603 3.603544769 0.374901751 5.131428846 9.655027387 5.789485157 7.743226186 0.939773871 -1.711355141 1.173278089 3.071725555 7.599179863 -0.901739199
-4.599757668 14.749868224 -20.256556701 -0.090850981 -0.011655140 -0.919906510 -0.381290271 6.984911660 4.228111136 4.482640000 1.851919866 9.527382574 2.125512095 7.168189966 5.167664772 -0.322846521 6.300519834 2.955618725 7.941633427 9.585977118 5.400465057 3.650309706 4.178575024 -0.152908115 3.404799632 5.717994179 2.684139672
-5.014529448 31.086693759 -19.147536216 0.819929680 0.376634354 0.423227751 0.082098436 7.358564721 3.744029087 5.015818985 0.094438090 4.385022727 3.224085963 1.926082851 5.452350916 4.944308094 2.905970152 6.341525651 6.108447519 1.103185142 5.587775272 6.490177333 5.272104006 12.542045303 3.078535583 3.014688637 3.820821961
-0.965807216 30.218301832 -18.959123319 0.276009101 -0.392007474 -0.274527965 -0.833536749 1.466731164 1.649904961 7.883149078 3.321902137 3.692533060 0.009871548 4.498847912 5.535119339 0.948414507 5.726946663 6.613923799 1.298063027 8.987721062 8.138938050 6.316860473 6.115335076 6.011293523 4.484880111 1.815398871 1.561862622
0.400093952 16.142066489 -23.772555281 0.776946428 0.502893970 -0.327879775 0.189596298 -0.295707533 5.591176555 5.923844427 0.453809602 6.255788642 10.329240321 6.405208949 1.923262163 3.124730500 4.280852898 2.321795422 5.345585441 1.675686392 3.118106021 2.430951838 9.163715930 -0.842221591 4.695778543 5.513823943 11.068484420
-6.742135981 20.842497142 -24.896985225 0.598665233 -0.788951010 -0.127792700 0.053153254 2.089070406 5.560237967 4.990456341 7.318399494 4.816512837 6.997307995 1.965410222 3.812379400 4.875385315 3.032477954 4.964266809 -0.750247080 6.513389728 5.681213693 2.696840994 1.920259744 6.356531483 1.977543390 -0.124582018 6.421261867
-13.000079874 19.234210381 -15.787200667 0.511936855 0.720027757 0.209175582 -0.419197164 4.308431383 10.385906532 3.446756411 5.590024588 3.493935439 1.919290508 11.149884925 3.569186684 6.014424473 2.201574444 7.835742348 4.784563290 8.203832801 3.840546887 1.837568790 7.724871580 6.994053822 0.820175024 7.185216788 3.441549715
-4.159384114 22.391402475 -11.364343882 0.453430304 -0.404181189 -0.755266241 0.246193890 1.315180124 1.180539276 4.762303245 4.558487752 -0.905921041 4.183176693 1.356601813 5.424879779 4.556159994 -2.161460473 3.161921376 -0.562166972 9.803555637 1.828314880 5.270451703 2.778061633 0.391238801 6.398034937 4.082521499 6.856858047
-12.486675403 25.449574025 -18.575425367 0.797998952 0.050015044 -0.183954948 -0.571713866 10.412721383 1.787198689 4.402683615 1.598997707 3.711815423 6.027428218 3.037747319 5.238073333 2.549635205 5.957209863 2.765320643 4.037385611 4.813990994 1.393909788 4.915270663 5.084458609 3.834254050 5.477651142 4.240011756 4.303620798
-2.533438917 15.499439668 -15.566226320 0.185060931 -0.607902236 0.747041936 -0.195283561 3.144561747 4.324003009 0.886670076 3.283215065 -0.714354978 2.506971892 1.467498196 8.242985232 5.336832549 6.281687401 4.240749466 -0.211688923 6.276572941 3.293934491 4.216066139 7.889392248 6.330730462 5.877155067 3.747197371 2.889413048
-2.481695117 30.872325481 -15.426663491 -0.108128605 0.734502832 -0.297454610 0.600278727 3.674302925 7.474247860 4.572754011 7.315275736 4.463638702 5.750806950 7.582715670 7.091594958 5.641101407 5.090266716 1.476101069 5.189161432 1.031273356 9.107363617 5.596647577 1.955795937 6.067912864 8.514199226 6.226199336 6.775800970
-6.685865917 22.107924341 -22.583064723 0.113183185 0.324930556 0.215208765 -0.913944685 7.358493994 4.353099983 10.199853688 3.317257076 -0.005652819 5.539348993 0.986986726 -0.445776145 3.870727130 1.585477604 0.933264940 8.000370747 0.136498075 2.889147108 3.727769552 2.347518350 7.597217650 7.595941943 5.455109071 7.109023799
-7.837454812 28.773776825 -19.029534634 0.666953989 0.597463290 0.394416560 -0.206508041 6.554766207 3.268245551 6.378770121 2.506792022 3.735666126 6.333928080 1.092140791 8.696888434 1.216964783 0.997250999 1.649949668 4.888240150 -0.395771313 1.840152962 4.505915577 -0.333067964 4.712705363 2.712080807 4.422160806 2.125500496
2.983069697 21.242412927 -19.552118555 -0.232264817 0.397738484 0.697738002 -0.548651833 5.684034356 6.965954414 4.024200644 7.777639781 3.470323110 4.852083167 3.656497874 4.700073489 6.970014713 1.578083189 2.556559377 0.045877393 1.542290148 2.862781159 -1.154409349 3.010622433 10.484283917 0.173020882 3.773409625 1.152584186
-6.151229607 18.142597976 -25.828307276 0.112500080 -0.626123942 0.627743545 -0.448609612 1.466232679 1.699370964 -0.728057386 6.688165437 1.907428903 -0.125420888 5.314610801 0.902299287 5.115435316 1.935188145 2.631701012 6.992689440 5.330017168 2.331114253 -1.952350875 2.197910599 4.786049862 1.486343733 4.783013941 3.349336783
-11.208750821 18.902259820 -20.315125600 0.030547326 0.023170208 0.497298892 -0.866731685 4.411347268 3.476110802 2.805573683 10.928984319 -1.426811261 4.408963249 8.831261343 -0.195833737 7.628654785 2.736218279 1.245365564 2.874721164 1.640975317 7.532695076 0.677329950 7.601054101 7.008207462 -0.390871077 7.408067766 6.318984928
-6.918355882 19.944712244 -16.831820189 -0.289872877 -0.535156626 0.392234707 0.689734032 1.783965419 2.553299489 1.270669066 2.466455856 6.712718278 4.688065008 0.633563744 4.715796995 5.709045097 0.567871783 1.951538458 6.620145677 8.734673888 9.987158080 3.098147606 1.807108292 6.448156302 1.924890243 0.369360641 11.179273389
-6.363363621 14.071969532 -22.120310143 -0.878845203 0.449537315 0.120698092 -0.104782068 3.741821411 0.061910947 5.225174761 1.925581621 4.622413829 3.679365005 0.788710827 4.696680508 11.385640595 2.291407400 8.608052235 2.205914701 4.433923164 5.948539922 2.262868727 -3.226867178 3.955898461 7.938344026 4.792495658 4.812560122
0.957078131 17.604209325 -20.936094490 0.872642507 0.106660268 0.155983849 -0.450319532 3.110844470 5.544629018 3.922555272 4.167870073 2.573446104 4.771579080 -2.021843700 3.787099546 4.194976358 5.497821474 0.396906116 2.322991437 1.473102654 4.460155865 3.339638655 6.193113160 10.019361848 2.667810812 6.964020091 3.498902531
1.218069824 21.419140076 -14.238979192 0.054312535 0.176930146 -0.879336264 0.438763725 2.705828313 5.469701615 -0.948918262 5.276608241 3.644540437 7.869609233 0.063799935 4.020839784 3.140705566 1.727570343 4.562939891 6.953947565 4.559148501 0.059634810 3.677851821 5.959264076 -0.407452654 5.392533031 -2.394901203 2.858877476
-8.476606265 22.225491139 -12.815910137 0.114075224 -0.225649835 0.744310040 -0.618119373 1.523162043 0.478531719 7.325221497 5.659248540 2.323111915 3.824576127 3.471114231 7.798165368 6.630938751 9.350920644 6.638361849 5.110718255 7.173226659 1.819044555 6.721744334 4.013577902 -0.858500862 12.599648755 7.419524315 4.631289080
-8.265812789 17.299834005 -14.363711036 -0.600896380 0.085712570 -0.325889388 -0.724826188 2.076618213 0.199708351 0.041863005 6.372955615 5.106761262 0.274745996 2.668533414 7.336416713 -0.108079591 -1.084681823 5.045888405 -3.243751746 12.338881579 6.518805231 1.680726278 4.512083887 3.360777971 3.061093472 -0.596939170 9.307374517
-2.110270503 18.457391340 -16.143577543 -0.056178454 0.817900972 0.425335597 0.383368767 5.620461444 2.792825930 7.987092664 6.174209393 5.417945843 7.062037282 0.590223053 6.203225301 4.527734270 1.264114129 1.507959636 1.982717823 2.743390125 -1.387279838 5.018032035 1.841352896 7.347449990 2.154812280 2.350487090 3.334535677
-0.608242423 22.310554617 -15.029667418 -0.215067759 -0.258176880 -0.833743960 0.438134188 3.887901815 4.696369562 1.556133825 5.851170587 2.650084907 1.926542091 6.161796698 4.163691266 0.657574911 7.158174501 3.357163528 8.309511849 3.301805995 7.082240681 5.093583721 1.797669652 2.329439726 0.054055205 0.804299014 9.280442309
-8.584395064 22.675828354 -17.953653303 0.957745748 -0.275857299 0.063350428 0.051113175 4.083838759 1.061078866 6.144877248 4.172208054 2.503717432 5.720705000 7.559590334 1.969192853 6.956081295 4.390760380 1.212998573 9.161134241 8.128228953 3.981948316 -3.558184472 5.306571658 2.969770724 1.880422097 7.232301553 7.743834616
-9.290206209 23.781418834 -10.947710010 -0.955836717 0.255617272 0.082175392 -0.119512279 2.777744516 6.342342394 3.372920399 6.091184661 1.619219242 8.326823358 0.953327979 1.395711941 3.003726185 4.261273691 1.020895213 9.984379501 4.221700313 3.897393233 4.306228942 7.143596811 3.286353609 4.148512389 4.314145102 4.559082377
-7.836166719 13.290269358 -19.177425619 -0.096825948 -0.814625297 0.481577400 -0.308372451 6.786851222 3.717830869 6.911562177 2.033028852 6.195350487 2.607019596 2.150163743 4.501866202 3.610107641 2.791451198 10.752825135 6.479127716 7.555120633 4.682726444 1.085743687 7.306649922 4.834871763 5.003819490 4.842388663 7.020100203
-1.266703314 17.415956466 -13.353736444 0.761143289 -0.401704408 0.264649777 0.435034433 0.463725951 3.271819422 3.439691601 0.487564750 4.394605038 9.251209970 2.848626406 4.937334900 -0.018429545 6.172205699 5.615676215 -1.289100643 4.168929861 0.010852986 1.642999462 0.867013991 7.532344010 5.392563734 8.824206283 2.079074351
-0.577837954 29.232480366 -16.261251579 -0.211086650 0.451720841 0.772979954 0.392291598 5.371331459 2.825868692 1.892741771 4.604479801 4.269384197 2.412615233 2.621914974 3.524298652 0.987661524 2.098184774 3.706180651 3.276528800 7.184000792 6.094600156 1.100844090 2.305520410 2.132305953 6.143950924 1.138778892 3.381784587
0.652032981 28.291816742 -13.228681744 0.377080236 -0.919642862 0.036622140 -0.103567950 0.784903652 5.497175669 5.905670468 -3.073617130 4.991353148 7.334548418 1.345410825 3.723469550 2.185084229 5.530626666 5.433439859 4.776908257 4.040374916 3.544892306 -2.052401889 3.459188422 8.823355030 4.482821823 2.367454308 1.083552839
-1.764888632 21.453491985 -9.278156786 -0.611262344 -0.062128045 -0.504021370 -0.607009812 7.151840180 1.104901388 2.968735406 2.776502517 5.021281502 5.189032543 -1.353891425 -2.258499171 6.273612331 11.986970775 7.014564157 5.401768550 1.748730977 1.891913486 3.411675925 7.971902886 2.551179208 3.854833151 3.240683376 4.152729078
-5.868245801 23.291202989 -13.297302561 0.607615753 -0.541425853 -0.203647626 -0.544232291 9.996759309 3.482953379 9.148173736 -0.656464860 -3.441754930 1.988003971 7.213472636 3.806488302 7.422052243 7.339076237 -0.668034489 3.314602363 8.246975029 3.213752545 5.821817072 -3.325276778 6.110583590 4.058286711 -0.635680940 -0.495202373
-7.932811662 24.593620364 -17.264497948 -0.183539104 0.940950403 -0.181436759 -0.219103718 5.785755672 6.055610963 2.445002518 7.410536205 4.937372837 -0.901620640 1.555945036 -1.823818713 -0.668927952 6.756205760 0.010893440 -0.343032517 3.421249793 -1.195968059 3.094664809 11.245954882 2.520313371 3.761472393 7.639546943 3.139521241
-1.744660962 19.029277155 -18.258740065 -0.598429512 0.051305701 0.473472595 -0.644262017 7.134600700 11.043627885 1.769169665 6.090060902 7.883589311 2.532562290 0.905484459 7.493481028 1.295328313 4.283434477 4.615754308 4.735859493 4.786223931 11.746061771 -3.009288635 3.879108994 11.065052901 2.037657145 4.974027045 2.782370864
-5.222989413 24.586949379 -17.635264095 0.247652556 -0.320937960 0.900723311 0.156091493 6.928788780 4.186542813 2.117192024 0.780280886 1.035749662 -1.138255321 5.149357989 2.623355806 7.265359478 2.937885421 0.062168995 5.417152970 -1.959344770 5.007350893 1.402353957 3.228518574 12.154382306 -0.663116794 1.684014703 4.386506453
1.491253919 22.772416392 -11.953080534 0.227686254 0.514629095 -0.315117215 -0.764210053 5.140229715 2.547036405 5.021360899 0.750541848 1.331977475 6.285508619 4.616933123 1.492415433 3.845897793 5.637765421 8.834167187 3.660633360 -0.124236736 7.791892440 4.076725377 6.921700785 10.188703824 -3.063154131 3.100201982 0.591244368
-11.177566102 20.322862415 -18.838389459 0.777725826 0.043452118 -0.264073703 0.568787775 3.983756878 9.661176134 8.336437144 0.488912522 2.456149235 9.131759105 5.924162525 0.816295742 7.335836556 -1.753109259 5.746205077 7.704542390 -0.220824310 2.228243505 4.730393194 -2.840951103 10.432385859 4.458307797 5.120331785 1.764789588
4.760797595 21.748275621 -19.973737990 -0.802845567 -0.164213111 -0.296522139 -0.490456593 3.464781366 5.150703219 6.876935003 9.222371517 -0.920061263 4.654138090 8.868328241 4.969903434 4.311122201 -0.606879803 8.276406160 13.722452931 0.131571128 6.752429203 0.946163137 7.280151597 1.385327889 3.960633877 7.094374454 5.190736913
-7.365102046 22.896313967 -17.738766221 -0.100275737 -0.157177915 0.093027770 0.978051999 2.263263460 8.265400611 6.726799516 0.592830926 6.972149002 7.782659449 8.080934749 8.092554192 5.219602152 2.030565655 6.854796625 4.763980462 1.036822251 3.669271389 2.551806757 6.598128986 5.688023768 4.718313963 7.147639117 3.103735023
-1.828771523 18.289637167 -10.171264431 -0.146891731 0.953239857 -0.097399003 0.245499548 8.533415257 -1.157503851 3.868660568 4.540538249 8.210366279 4.832789224 -3.218924030 8.118078719 6.495229936 3.243905452 2.188438111 5.127227417 4.677287241 -1.812577604 3.054629678 3.837469471 4.619313459 -2.231159905 -0.380887652 5.941830521
-7.447230554 20.810702405 -22.371764039 -0.396107830 0.405242448 0.576492731 -0.588670771 2.093648696 3.435406588 8.388326696 1.855825292 0.772049586 1.595821636 3.707387725 -1.940506393 -0.009626910 -1.628660443 6.599984200 1.451142799 8.711656131 2.149895960 2.602419023 -1.029669539 4.851248404 5.385810750 4.129863440 9.415977875
-9.488441517 15.791552410 -20.576442212 0.146189633 -0.207072139 0.727206642 -0.637902986 0.575529287 -5.030856836 6.626576980 9.578489710 6.942614785 9.549684105 7.772703297 5.248569126 9.453830844 7.039834810 2.917376797 4.658978681 5.920086910 6.866401208 -0.241855715 6.344470560 -1.782111686 7.562464872 0.859426593 4.229502166
0.450302851 18.056132889 -10.914197280 -0.059581994 -0.400261738 -0.224446395 0.886489900 4.092257022 5.873907349 6.248954114 6.709085260 3.596732823 0.651099972 0.720539936 10.383867216 3.745435110 2.225035107 1.373410716 10.184172100 -2.839603135 4.610273436 -0.034378284 8.227554644 6.034302711 5.360502288 6.192530843 3.127515269
-8.932374659 17.503121773 -23.807710279 -0.542836018 0.500553138 -0.632123357 -0.234937598 2.980439353 9.450842542 0.296342213 5.518605573 3.240510871 5.041681842 -2.498849442 0.976032703 6.563890347 3.893055168 4.968644682 3.892482138 5.961774336 3.041966069 7.141233523 4.846615330 3.567511374 4.214926380 1.395566426 5.589043350
1.435148528 29.741933012 -20.248593991 -0.427060165 -0.614230978 0.264677266 -0.608511188 -0.820963827 3.576760606 -0.670070425 -0.625139369 3.451843749 2.093779437 -0.146074586 0.942039346 8.836501710 1.811775095 3.096555562 3.985466420 0.434797617 2.568304967 2.088899806 1.995451918 3.726422566 10.637286804 4.188655509 1.707106188
-2.694058512 22.977835539 -16.401645158 -0.546610014 0.805770610 -0.202795718 0.104043810 -4.365972048 1.802765401 2.939146491 2.865026511 3.524299770 0.574526095 6.681586249 4.815099187 4.375530733 3.055705072 0.572923303 3.793911453 0.854781484 -1.031989175 5.424799038 5.365187113 2.310861624 4.819382073 2.998156146 -0.496904825
-6.192338349 13.506290203 -17.676348292 0.031746169 -0.628900640 -0.119449536 0.767598837 2.243188105 1.290215059 5.219731153 6.852269411 10.760482625 2.363857175 4.045270402 4.179861496 -3.628633856 0.252645994 5.701748740 9.270226510 3.421874448 0.242351791 4.066114691 3.999630234 11.400197714 1.156624016 -0.960773719 6.736940096
4.149937055 24.000003396 -17.985478726 -0.477954404 -0.337019158 0.101192780 0.804821531 5.629337449 3.092943022 6.676324265 5.706075901 4.713835706 4.816944856 -0.100220429 10.769666727 4.540058606 2.475487243 3.655252873 7.162009415 6.685694277 4.932427195 2.685472066 7.337553321 -0.503677595 -2.016366836 0.728243707 1.061234100
-3.172464753 21.881560910 -11.703613398 -0.246669853 0.043685330 -0.836191315 0.487882835 5.000039097 4.103892491 2.268939085 3.571175443 4.053677428 5.146242680 5.750896460 5.887455634 7.273273396 -3.129850185 0.545316004 2.704991055 6.565383723 6.434971341 8.638354830 1.705249953 6.791624658 -2.370597145 4.557128278 5.274068136
-2.611772173 28.925073068 -19.368552267 -0.450584360 0.358561691 0.709795993 0.405705430 8.176873546 1.009089605 3.032009977 8.425919585 4.259434142 1.661400240 0.588530532 5.373937572 9.845683940 4.848056649 8.230618526 4.050213252 5.485516365 2.643119022 2.490268757 3.711740046 8.079804939 3.044889686 1.030141176 1.806454088
-9.205811296 26.576570768 -16.038393328 -0.148408559 0.768431404 -0.299324262 0.545795807 1.038255715 7.160801987 1.066014271 3.872250062 2.954039602 8.287640118 1.603412129 6.008180409 8.019429055 5.187348174 1.270237152 7.913604000 7.541013230 9.275595450 8.252929296 5.140136586 2.187797223 0.986741890 4.695991657 4.533834053
-10.984112099 16.214905005 -19.482757132 -0.038608636 -0.057042433 -0.562872613 0.823668596 4.172761246 2.751729626 4.111271930 2.024965165 -0.246767524 10.178070137 1.559616223 2.869007794 5.239126418 -2.511856184 3.996113796 4.336167862 0.796687312 2.890816392 5.120969216 4.429440843 2.437579276 2.210649031 1.909051137 4.026804779
-2.201384058 18.329474369 -20.404146365 0.557651626 -0.515626206 -0.034935869 0.649564288 1.029210562 3.516105626 8.127517429 3.229877914 0.609800848 0.886159789 2.750350660 4.998714139 12.930019398 6.131274505 0.819651048 1.066422940 4.303468779 7.041142578 -3.473060351 4.812144008 6.321738709 4.804102836 1.395049281 3.193739419
-9.179204884 23.783907382 -23.055393016 0.451327388 0.151090428 -0.239205890 -0.846318978 2.530122297 2.363426016 7.326817891 -2.230825766 4.122845231 3.917010130 -1.910265180 1.648973180 4.981953075 6.331610959 4.913797551 2.755096153 5.576088419 0.919229152 3.275647865 6.732910956 4.587654623 2.403561055 6.615566226 4.045867429
-3.088456520 17.559714514 -12.503258822 0.833566227 -0.250484139 -0.487612435 -0.068258005 3.190755841 6.520887173 8.536126747 5.593960304 2.301136634 5.518504031 2.658072117 1.227320614 3.492124558 3.273511457 8.120254411 -0.554581942 -1.773898208 2.214258205 5.868103285 1.041802395 6.095330104 2.541386057 5.915013471 3.818851521
-7.173052066 19.445872554 -11.081120496 -0.336744499 0.737539149 0.246821592 -0.530771371 10.376761088 -0.471435495 4.855580701 4.074787255 3.387864275 1.347027796 8.236768883 6.185974034 6.281114490 3.729509336 1.091828447 3.910810818 -0.558430541 2.427839474 6.978908315 1.554420512 6.248588311 3.604733991 4.559053245 3.101523419
