5.576112286 3.939896071 -23.075835402 -0.480653695 0.090653473 -0.758685260 -0.430291354 5.044849274 0.286631277 3.362136483 10.620682144 0.897776108 9.396029058 6.217529981 6.850882817 2.776285512 4.701260894 7.155665527 3.438530064 10.398084355 3.093817640 0.569452170 4.218333220 4.084118916 6.350934827 2.699542810 -0.218701750
15.735471317 3.631023619 -22.202535958 0.089508886 0.157199166 0.386990385 -0.904165374 4.598136914 4.854493397 4.965273245 3.767230771 5.845717636 3.260139473 -0.344365135 3.162893034 2.870918981 3.186553725 10.752274877 5.045631073 2.888351201 1.351321590 2.490960293 6.341356175 7.474341188 2.682878236 3.985974663 3.678768492
2.537828851 -1.881512080 -23.579027193 -0.851507676 -0.096267416 -0.189543346 0.479312615 1.177063845 4.847277274 -0.215582558 1.766912769 2.185390311 3.790006224 4.201721645 5.074240168 -0.238566600 3.705580185 1.774669430 3.877435647 6.033264510 1.689020694 3.037444158 -3.410078866 6.659183415 3.670330561 1.695955150 1.315955161
6.126670144 1.615363362 -16.775397593 -0.228901476 0.045553584 -0.385923918 0.892519868 10.026404611 5.610357834 2.481249877 5.621639593 4.568622382 1.641081287 8.028222880 -0.792015234 -0.026528515 3.212552831 3.815041031 2.177297575 4.395309182 1.448311203 6.319840539 2.511378315 1.389514849 5.665370760 4.336252827 4.271275877
6.012636310 0.725232090 -31.537987069 -0.884960514 0.168260365 0.281789211 -0.330345544 7.316258126 5.563578016 2.330956857 5.567998048 5.801150373 8.819283677 4.408814858 6.749851041 8.474757625 5.204330645 2.389304258 -0.488999833 7.573773914 3.349693099 2.862717296 5.262422530 3.713446053 6.318437555 7.108285259 3.554910650
3.174399356 2.335044702 -20.330335365 0.356193248 0.609028019 -0.065780406 0.705609085 2.812192289 11.022191853 -2.371401176 2.384556596 0.418945680 -0.579424710 3.440563518 7.368447075 5.329712843 3.761932333 6.165444519 2.070864334 9.646144345 4.724522731 -1.105131904 7.360057672 -4.850889750 5.353001110 1.831777086 0.710855196
14.006976762 -4.026916339 -30.525482617 -0.068069576 -0.079980047 0.963835517 -0.244930237 8.034339140 2.642414651 5.652509960 4.994014629 5.820695159 7.082986254 3.410648350 -0.249183497 5.344646686 0.981050251 2.055270890 4.357317079 -0.361427441 3.667242726 1.310205210 0.306076673 7.140339484 7.868849760 1.834614246 2.597935104
7.105045375 -8.569998439 -20.927669743 -0.025322030 0.346515582 -0.521173271 -0.779528170 -0.141848850 7.820712887 7.879818963 7.402386916 1.777777907 6.154908249 4.414957548 -0.831823549 -1.003956492 0.313737725 11.683387892 -1.989200211 5.886402477 5.038043438 -0.348025424 8.933239888 5.987047366 4.377766747 3.890129118 4.673229940
11.867922887 -1.892401767 -26.184986464 -0.289886929 0.716004848 0.620647915 -0.134531751 6.598481768 6.588808569 5.464797671 6.117781621 6.964253318 1.407946363 6.711689918 8.208851823 10.087797536 2.733121822 3.634418323 2.960814491 4.411913379 -0.465532657 5.291128946 3.504864896 6.260435931 1.396247465 1.595697825 5.268307034
6.224411337 -7.624716786 -22.128720304 -0.370961558 -0.196508023 -0.777093631 -0.468932413 2.714260610 3.981730532 8.371472230 -0.812534397 3.757032685 2.274294214 7.004022220 3.764397243 9.249021606 2.239286155 12.273693364 1.962406132 2.825517289 9.077657498 3.253572442 5.717525648 -0.586598233 2.840403833 3.833666738 -2.556950904
14.449943047 -4.190013256 -21.870779994 -0.581812335 -0.124199001 -0.072608960 0.800497941 5.835638558 6.937520657 -0.037689334 6.157994912 4.285583726 2.671795595 3.891816062 4.372750865 4.220677734 4.212705055 6.239792855 3.499625367 7.303413884 4.137964301 3.281622115 3.266025038 9.213029691 1.367256672 2.746813303 2.005287911
9.545982194 -2.630905306 -17.094187591 0.607232426 0.616810594 0.075941028 0.495021648 4.017882256 10.331141905 4.600857016 1.999769811 3.409608178 3.338664099 2.704156980 0.571186404 4.382989348 3.010252638 8.107832990 7.971366104 8.359902099 3.959555008 0.728514172 -0.634310827 3.296720808 1.054395745 6.416981763 3.797413878
10.415374694 -7.339215271 -16.983923653 -0.344216591 0.596730623 -0.668358382 -0.280578999 4.824375254 -0.200362333 2.907975298 2.495551306 2.146953723 8.763400909 5.076137947 -0.193070189 2.373597406 0.519873137 5.356798046 4.374244875 -1.295998639 4.332984097 0.753280606 3.822577629 6.930802456 4.528040862 6.967449929 -2.191460800
6.291606860 -2.902843531 -21.404624291 0.195044253 0.646321798 0.563623757 -0.475977030 3.335832596 5.563391000 0.467683871 6.820881313 3.160491903 3.603181324 2.803272371 -0.215781188 3.702799625 -0.453040492 1.594996227 2.531898216 3.513923755 1.955869738 -0.126330912 -2.320408169 4.842035999 1.240995311 7.963164813 11.694631921
5.987857232 -6.075075201 -22.595282231 -0.115210412 -0.184557357 0.571544745 -0.791202722 0.371420203 6.177379969 3.494667593 2.939750601 4.511992630 0.708425156 -0.558772816 1.294776771 4.375353734 4.785297115 0.322729960 2.697873201 0.830798455 5.300328242 -1.243198510 3.280642547 7.494168823 5.100055924 2.411178109 3.491971299
9.240852490 -8.973045380 -25.942931073 0.960281437 0.017296912 -0.185611454 0.207626507 4.709975387 1.735219496 0.399933880 -0.871494154 6.165929048 8.560159752 5.851823836 6.580478858 -0.305519956 -0.057275449 13.065010998 2.704473114 6.100691528 1.443647127 4.813746018 1.144890085 3.476182890 2.344872717 6.314860493 -0.166334877
13.551700193 6.450043637 -29.285577702 -0.889581177 0.019570133 -0.349434795 0.293526255 5.047852251 2.733216503 4.728567996 5.872626948 5.539068598 8.055978698 4.741539758 3.614798691 3.005965978 10.754895791 8.280840439 9.924296244 4.646251836 1.372315594 7.305195168 1.003475821 6.089295871 4.661060586 2.170176234 0.647954024
6.857155408 -0.471968882 -16.752129332 0.075452958 -0.739597854 -0.170949478 0.646589624 3.674066899 10.834128413 -3.449219966 4.627926042 1.131220272 5.389065287 6.366394292 2.926051042 6.383697735 5.626059771 3.114875778 4.441374301 5.781407678 0.434059958 7.294435406 0.475512040 5.675012267 10.535126319 3.161294615 3.185934177
17.879332765 -6.599464958 -27.561843983 -0.695009871 -0.046464822 -0.423000250 -0.579545588 3.122797072 3.479264340 2.889109054 8.140098057 -1.187966207 -1.407864033 9.094822819 4.200995710 2.946029774 2.162973655 -0.734622512 11.239880026 1.586801298 1.188522017 9.846961160 6.271798256 1.210586730 4.672113792 7.264945570 4.222775819
10.579752948 0.461460731 -14.099596946 0.101669734 0.780778562 0.572765616 0.228008005 5.834661635 4.082163926 3.176322838 3.938353468 11.320716121 6.619101718 3.521426201 2.665117640 3.953314729 1.843289999 -2.321834397 4.860523882 5.584756349 1.304475298 3.378491881 4.802586454 5.948975964 7.724747973 4.461676659 7.121809101
8.686899285 -1.833892548 -14.033591469 0.662325702 0.059223519 0.187471636 -0.722960321 6.918754223 1.402782948 1.730283161 4.699360514 4.031001334 2.520271729 6.934947621 6.610916499 3.667244323 3.833979136 4.713301307 4.318301524 -3.033976875 6.066284199 2.879182612 9.785541353 4.470728622 5.825311768 3.363086172 2.381758886
19.065593689 -1.350939117 -22.678792721 -0.785792666 0.532671424 -0.172839322 -0.262521635 3.545894218 10.383602132 7.298751054 3.742980786 9.093585244 3.817809148 0.162517655 2.684636773 4.830288371 3.972412107 3.500696629 -0.566913484 5.342969881 4.128348157 2.002047275 5.426881004 7.839322418 4.433885125 4.595565263 4.813473477
12.198086900 -4.241172254 -17.257515206 0.589034683 0.116020023 -0.799301636 -0.026351321 10.548293943 5.421143484 0.668946770 3.623324982 4.278592499 5.383937248 5.316835940 2.047691027 6.319069310 8.754591023 2.714355357 3.027696075 4.574670659 4.989796234 6.592375812 1.523197149 4.088879261 -0.099704884 9.218842560 4.144262986
10.215180561 -2.699265909 -30.488905947 0.713520564 0.023103947 0.159674306 -0.681805491 4.646060039 3.747993747 2.932336011 6.403522183 7.399703799 3.549797831 0.705927875 -0.120953608 6.787637396 2.928665508 5.211287451 -2.104620025 5.917108468 6.008408158 6.342271702 4.698553562 3.847835007 4.882955439 0.887551622 5.994494686
18.416767221 5.134365286 -22.665819701 0.121167241 0.863675722 0.159764692 0.462447825 1.370873943 1.867957440 1.706875855 5.508853246 6.078361492 5.513021348 -0.479258777 3.312062407 4.416544381 7.628767184 5.035940816 6.250394909 4.765803117 5.038946572 4.023482843 5.312245088 0.066853194 4.296334759 2.385625830 5.774068475
7.575515732 -2.780534835 -23.874485089 -0.797411086 -0.235105434 -0.519850907 -0.196509614 2.365196102 2.600809187 1.985607169 7.019430733 1.139950321 -0.580986436 -0.168455341 9.069233011 3.555585238 1.261074426 6.653393095 3.119162446 4.859831073 3.560546977 2.172434971 7.411090333 7.746443290 2.682757916 2.770114992 4.690445124
13.685856360 -0.444523421 -26.684662215 -0.060495414 -0.341452653 0.411855015 -0.842689645 4.316154714 4.489181786 1.230382556 5.172561855 2.016845302 4.597345323 6.340249670 3.260913619 0.948831426 3.843986051 0.763443082 1.570069513 4.643108706 9.963438272 4.646030489 4.805197851 3.854505820 1.402874867 7.385983003 0.601488635
19.422899222 -1.431027406 -25.599963695 -0.714812562 0.426610049 -0.071982862 -0.549422729 0.916737097 4.309293618 2.635842723 9.349276899 0.728758292 6.214132472 4.196158307 8.585231402 -1.714439525 2.717145347 2.857657502 3.933191512 8.946697428 2.629773577 -0.223581605 11.012742314 3.672136505 5.236572841 5.627824564 1.322794604
5.958294004 -1.007267459 -24.092911882 0.103297886 -0.269137239 0.940132050 0.181786750 3.564517921 11.347588892 9.626266888 6.536674258 0.849535267 6.234071097 5.947054146 3.196974077 -0.603595138 6.646093418 -2.714786714 6.824840635 7.305367351 3.718454371 -3.465313601 2.921204985 3.540966261 -3.844024391 3.558598669 6.053064323
12.872077212 -0.761997128 -21.568448856 -0.023217042 -0.739906671 -0.641568144 -0.200971153 2.853513956 10.272070523 3.566526522 1.542064501 9.894224155 6.986946662 1.472877960 9.625757211 7.925681016 5.625360141 5.030216113 4.219324718 5.796310504 5.067240351 8.554650996 3.623818805 6.329796826 4.668137010 2.980285976 3.646057122
14.222427363 5.880512160 -28.200258038 -0.394421216 0.852415505 -0.269898103 -0.212072451 9.335752891 2.138023493 11.738641145 0.267109881 2.646597507 8.770556722 4.670845132 9.416042428 2.316610112 6.025188604 5.487269520 0.156489614 1.083729674 3.596326170 0.333855090 3.808106861 5.694945494 1.471452285 3.221758677 2.748283292
14.975019557 -2.366099000 -24.852110064 -0.301244336 0.441261711 0.835178950 -0.130445676 -1.675413339 2.455885817 8.296889287 4.063042648 2.102974508 1.654893113 8.639087815 2.692051519 3.631504122 7.819660420 2.612919187 6.337066487 3.394471732 3.495331357 3.245063823 4.711829957 6.610771314 2.994403485 10.201426750 8.711193804
9.387511536 0.420792450 -31.753634181 -0.381362043 0.002697853 -0.895324272 -0.230109023 0.546631162 4.187571815 2.734629444 0.343488327 8.193479094 3.031204141 1.064560163 5.551227363 7.045471220 9.108828185 2.556252213 3.927675673 7.088131678 2.607638416 5.315936360 3.590157665 1.668234924 8.124614749 4.887708114 9.284326152
9.779150505 -9.274595179 -21.277801004 0.938424522 -0.121743536 0.320295874 -0.044141596 5.045227207 6.678378157 4.068554266 1.128794503 6.710831918 5.634803029 5.111823909 3.278062534 2.821169165 6.988166412 1.592728986 5.395889140 3.877602461 6.859009394 -0.011607664 6.162475916 -4.144523732 3.530607791 1.882819917 2.470369213
19.589260818 -3.021680692 -20.046686184 -0.433421952 -0.861085709 0.261171628 0.049660788 7.318141280 3.324641989 3.178126433 1.313561359 3.099627320 0.179157842 5.669316474 6.831819043 -0.435023248 4.325795380 6.624893309 6.200229288 5.986927447 4.192135692 3.771196086 8.431098160 8.646183411 -1.423476144 4.955512450 5.581170898
9.501047401 1.051667437 -20.289297091 0.354976580 -0.275879247 -0.862025866 -0.234080488 1.285896523 -3.465547326 7.299630972 1.534951271 4.382286523 8.268224319 4.829490167 7.921625789 0.231538005 8.332641762 6.419221521 4.074740260 1.442224623 1.957454991 8.622999638 1.542354554 3.503142553 -2.368127911 0.681654888 5.337397122
13.296136136 -4.864751556 -21.551583170 0.397392047 -0.189724828 -0.858713229 -0.262098534 8.394597591 6.469979677 2.266186793 6.385711580 4.351712644 4.026165876 4.823474066 7.197483295 1.854698090 -1.472634522 9.036144386 2.065386606 2.672315783 4.541917020 0.060705304 5.588152230 5.666755290 1.169117452 6.592564996 2.381885411
8.665140426 -3.847186145 -30.522816482 -0.569344443 0.581204063 0.432317861 0.388780157 2.750862614 2.178592245 1.490191962 9.254276735 9.787971727 6.005625288 5.790992530 5.016297650 0.867311135 1.717660932 2.798741889 6.601774375 1.483231488 6.574303742 0.816516349 3.776324582 7.793162369 2.376483832 4.878221265 6.366233339
13.435836533 -0.601813257 -18.798822420 0.049206771 -0.140506663 0.905424400 0.397546510 5.385287182 2.937654073 0.636661942 3.953933735 4.577826357 4.489089917 0.120917721 1.799188562 2.966475006 -1.278795230 4.169915802 2.832255687 1.854241233 4.977406089 0.167059475 1.005846638 3.891074531 2.365678269 1.407209239 3.501648312
3.007622575 0.635376191 -23.562701020 -0.261497138 0.019749989 -0.115055556 0.958118679 7.774441465 7.604221203 6.384856451 3.246025928 -0.929413070 8.294619558 0.053712957 7.132281895 2.766477617 5.361905418 4.760674591 0.785613109 -0.567404240 2.926668147 10.713060094 2.853034292 7.008379776 3.463570992 5.110308011 0.538106083
13.285615188 1.736035521 -32.517865889 0.317024564 0.315151447 -0.727277727 -0.520809081 5.492786846 -0.184342526 4.426727601 0.648840446 1.603169089 4.907658911 2.286031577 5.116211910 10.794972142 7.284689668 7.218790925 3.622698847 7.160076670 4.485194492 2.206686462 1.175696947 4.141615491 3.518862611 5.266253541 8.562205928
20.588884909 -1.079745182 -23.450670115 -0.291449818 -0.705285845 -0.490368669 0.420912638 2.463128668 0.436638145 1.570954384 2.805499403 5.619499868 6.778540885 6.554469619 4.802845247 4.979014006 -0.718417431 -0.656764679 6.219816335 4.476570182 3.414941915 -1.460542874 -1.759499765 2.664082382 1.766506893 3.594997101 6.751484909
8.978771207 6.589955095 -20.810880332 0.129849941 -0.106913619 -0.264603443 -0.949575426 1.862564514 10.021546419 9.661867560 5.389255820 -0.003575493 6.277672690 4.545417774 4.059507345 4.679570011 3.312793067 0.946185785 8.457689302 -1.361109749 1.235667088 9.123177025 -2.870954961 0.075858559 1.064243693 0.183993979 0.092938076
14.282101760 7.458789892 -22.037211495 0.467725945 -0.480074899 0.720001258 0.179885297 6.375933255 5.496205417 4.150278558 6.827435631 6.003463060 -2.296830980 2.834185326 -0.483437558 1.282623100 3.140710063 9.525476719 2.737261352 3.551542629 1.099373565 4.442747171 5.997562859 9.302030576 0.512104757 6.674328039 3.715142724
18.712847273 -7.570409618 -23.852416920 -0.063821579 -0.767365861 0.288873213 0.568883739 0.250566224 7.133644359 2.117490626 7.570452044 7.051366256 2.892697887 4.014283449 3.295434297 6.283307362 2.943922717 4.644692290 7.226527737 5.773079459 -0.119996033 -3.647545405 7.218025544 1.733935839 2.012108799 2.649459904 3.782655798
16.506483132 0.858653799 -27.559030372 0.573999227 0.794950593 -0.129238928 -0.147904499 1.155478916 4.830682567 5.218391575 7.250094060 1.442173470 2.281899104 -0.527586403 1.908363346 -1.686652435 3.207550138 4.260364516 0.177415893 4.491828151 6.747222286 4.628619677 2.066369770 1.282507268 2.322538199 6.155281801 4.571631851
12.536074605 -3.657328783 -19.629946537 0.647639400 -0.665076961 -0.028053680 -0.370740928 -1.601488700 4.744781887 1.461607180 4.804743412 3.357116122 6.815757595 3.733895870 6.938256689 7.260784359 6.273899906 3.407494901 0.453897907 9.186895451 0.419503966 1.719359559 2.751304179 1.703425359 5.648065009 4.582651346 10.717573762
10.362048043 3.876834341 -27.440361991 0.604151782 0.451647017 0.500375500 0.425017594 6.115734702 3.266147816 6.808345592 4.209659398 2.567539480 7.072564344 1.908783140 4.741465498 6.780698384 3.489692724 5.546982497 1.456826892 5.019002507 5.215074069 8.560648893 4.051224436 4.062552598 4.612414281 5.062584183 3.884148118
20.790738067 -0.961903929 -27.062504538 0.069025105 0.338177237 0.116885587 -0.931240813 -2.147944023 3.119069183 3.659130196 2.252793255 2.591315379 0.470059283 9.339221099 3.809770480 4.375444766 4.253787101 2.377161831 4.171518700 -1.777826343 9.791454198 1.390072726 4.994567756 4.313532294 4.787095515 3.095721825 0.902312524
7.558660496 -0.424274039 -15.119118655 -0.452926972 0.231238861 -0.545582521 -0.666127210 7.395898076 7.111821425 -2.537256035 2.797447618 8.513925346 0.651564314 -0.164628041 2.872924872 6.970648050 -0.934973737 2.266938692 1.793700593 2.898136761 2.639064606 5.466799450 0.767348893 -0.927149808 4.800749941 3.706141010 2.943804559
16.230504589 2.787342353 -22.470326384 0.878990104 0.076371961 -0.344523707 -0.320697888 3.884457208 6.056877189 1.967302169 -0.267153900 0.109977024 -1.426909451 9.968071867 2.433621911 7.544345892 1.505248051 3.206217413 0.882959718 3.797882324 5.550534936 -1.528816521 2.558837113 9.720541235 7.315331715 4.593911089 3.211714824
16.520061670 3.184950083 -24.194349139 -0.587663246 0.674165382 0.217159797 0.391145201 9.806979375 4.492669032 4.802753873 0.880299737 7.200379455 4.984348035 2.970765539 6.491018861 4.718531764 1.634000194 3.301905641 7.715209855 9.006246763 1.479713473 4.776964403 6.931450113 3.516983257 9.690306224 3.294236550 5.626123929
10.190376875 -7.050513658 -21.535755754 -0.928536710 0.020393293 0.207880927 0.306902609 3.071808473 -2.239446732 0.199934165 2.238365554 2.588781678 0.723972234 2.713248461 1.313118373 0.768288298 4.649720055 1.113664820 3.681092088 10.125024503 2.121570415 -0.197326535 7.101710906 3.595849934 4.899600455 7.558680330 1.640503918
16.981441923 -1.957277999 -16.807828322 -0.180630342 -0.577551662 0.795053757 0.041185940 2.240146492 1.397317700 6.516584423 3.313027578 5.330340446 3.582069015 11.148438478 6.887248024 6.854795698 6.939946506 1.967331064 -1.147957125 -3.811637710 1.655905719 1.034185411 4.229749098 6.672606381 4.315529934 0.427159260 8.137385555
13.539553447 1.294380227 -32.677314421 0.351460420 -0.857788010 -0.355003292 -0.121028778 8.734627675 5.511501191 3.071186870 2.539204109 10.607170458 4.204444515 5.063143785 0.657132109 5.444709836 1.853062112 2.917266973 5.939252910 0.460731197 1.614615746 6.515679342 3.122149499 4.316041957 7.989204673 5.546910834 3.297868350
8.425546904 4.234989646 -16.459675678 0.120604023 -0.242628521 0.158626327 0.949433388 5.884895727 6.034951183 2.274429662 7.086168809 5.683204281 6.827297427 4.828923073 1.241767278 6.550586920 7.614412006 4.651853884 3.085141371 4.996752455 3.551854943 4.042620941 6.665668610 4.577539748 1.550920988 8.932940205 8.087077951
8.756403553 -7.299024598 -21.823790026 -0.751782203 -0.238011553 0.395777869 -0.470673877 2.709089306 -2.721746565 3.652272908 1.805847285 3.482049750 1.509237822 3.771287722 5.603310731 3.829020885 5.817212777 2.664955395 4.958128378 9.163417429 7.366616901 2.034791204 3.962858845 4.400559907 3.880006743 3.559326351 2.549659533
5.902607638 -2.041170231 -23.019628841 0.131757136 -0.146077852 -0.892755572 -0.405325558 7.222307214 0.917712285 5.105762925 3.462741286 0.881780332 -0.292671338 3.870964634 6.589143516 5.699396630 5.994665011 0.893849060 -0.847630367 6.614773089 4.668457943 9.475436971 -3.761414257 3.577187972 9.143845669 1.134197435 4.073047467
9.636827507 -0.385830914 -22.153968507 -0.867332523 -0.478080218 -0.058675964 -0.125422212 1.741445463 4.248432588 1.707197961 4.820036229 5.744305036 4.516507653 5.899066529 5.877304413 3.150001094 2.781442390 1.790608627 3.251838973 4.147272647 6.907156921 -0.354604386 4.887254928 4.890967111 4.783536230 1.628254068 0.882447774
16.687444885 2.684457306 -28.681308388 0.566621076 0.782471130 -0.159695795 0.202920528 2.565223411 0.337209856 6.612098274 7.619819735 3.745664668 4.446937894 -1.108914548 3.507274896 1.647002418 -0.853282600 3.791093719 3.789942560 0.362547758 4.451795181 3.805430427 5.808904919 4.100293301 -0.528527401 5.126100748 2.099545189
13.346646768 -9.274109801 -25.299923578 -0.522440829 0.411648539 -0.149092680 0.731691487 2.375961579 6.230054785 3.405531992 2.261770637 1.297644246 4.780125523 4.911432956 8.663484945 3.672363151 -1.552878968 0.109142082 0.401697494 2.823015939 5.597658635 6.481609892 1.682116163 6.158866231 5.485849268 4.935227456 7.464335659
9.290676746 -7.336144058 -30.971464812 -0.361729351 -0.421264253 -0.578769634 -0.597255403 5.598209985 6.905002460 3.946067242 -1.942477937 9.331687014 2.825859432 8.170142215 8.839832134 1.670193608 10.163787879 4.192324122 1.798657773 4.550906062 4.763252902 1.130249947 5.367982660 1.773190619 4.544257576 0.465305551 4.167694612
15.232626032 2.846118089 -24.275362484 0.885530291 -0.361343070 -0.248628110 -0.153138343 -1.818604021 0.503303921 4.715170532 1.710981241 6.316594283 2.218283180 5.847739425 5.239456384 6.600357132 7.133011767 7.656412328 1.327315659 5.985731700 7.201914563 2.953838743 3.742264480 7.719874585 4.061310362 5.255930303 0.619679152
9.416655730 -0.702991922 -33.200688554 0.642710018 0.010822668 -0.686508165 0.339872391 -0.489026186 2.413134396 5.245849238 -0.328861436 4.766460665 5.131407524 7.781929488 3.737966723 -1.220733004 4.574259072 6.824378406 -4.235563599 5.672742712 7.572608212 3.849022169 6.937576583 5.365459253 3.855084823 8.218977804 2.578846271
12.407550037 -7.102308690 -27.099733869 0.417249870 0.893386562 -0.113832242 -0.121676688 3.629014948 -0.277338783 4.242187659 8.315666425 1.650673004 6.516048217 14.175371252 1.572324621 7.439415075 4.208194433 3.931106905 5.456250251 4.497578277 4.986038023 3.179581636 1.363225966 -2.109368644 6.006666665 5.724543123 -0.818863312
4.118018174 -1.138340274 -16.983806863 -0.157662480 0.802841310 -0.541302610 0.193855250 4.016528551 2.773540951 6.602759764 4.289604127 6.392823359 4.001025622 9.608967761 5.891130669 5.660833674 7.422805671 8.758693659 3.145352539 3.258031940 5.052571434 1.334967133 1.138734872 1.845850679 -0.359286949 3.110194773 4.074271613
20.761387352 1.809467837 -22.911791625 -0.877636206 -0.084917098 0.100183971 0.460984758 6.012157709 5.209416470 4.037930979 1.729024153 6.839377316 3.770257748 8.694063780 0.880601088 4.531564772 5.304813283 11.246775118 8.846970620 1.905673103 2.281328496 3.631246367 7.590060850 5.152620513 3.370652159 2.999120116 7.015959352
10.198585924 -2.766091526 -13.834037330 0.738371492 0.036300415 -0.301475231 0.602164848 4.002313724 0.537229695 3.222372210 10.980657076 1.691101523 3.092342299 4.458137819 3.677409062 0.625745949 4.404012667 3.619497937 11.588872146 5.643842734 9.383050961 8.315364481 2.296453452 6.923785686 8.445617010 4.707944198 -0.792502346
7.312515454 -4.181710460 -30.758938297 0.340572905 0.744661255 -0.461675717 0.341094187 5.898822595 4.342883069 1.645719084 4.869482345 2.145494716 7.713052046 0.735277079 7.885729378 4.889842914 3.712976675 2.485472137 4.131128528 5.666941983 6.862727323 3.668094330 6.181261956 1.814283278 7.120347320 4.149738461 1.715044193
7.476724181 -2.210179128 -31.395391668 -0.985446321 -0.043904699 0.048834936 -0.156789905 -0.183213880 8.500572912 6.429355499 6.592240903 8.441468765 3.245863278 0.950436756 5.690976786 1.302426793 2.716686898 5.179291673 0.027454684 -4.943788501 5.643556383 3.800873346 6.137106691 4.828075399 5.660793150 6.065467323 3.977254035
10.662936645 -5.552992238 -26.438362499 -0.555124457 0.090054974 0.448532929 -0.694654699 6.345424400 2.787672147 6.402136853 7.838380022 4.016441468 2.698783856 1.172846457 4.714497539 6.348333896 3.536980408 -0.562261477 3.946195144 3.652903814 2.555516311 2.852315976 6.367877577 3.437403639 5.739726527 5.760086937 4.648407145
17.795235946 -0.267795028 -30.134925808 -0.802615026 0.341583267 0.483161956 0.075395727 1.486083421 1.276230251 3.585862049 2.396013706 5.173225121 3.223185362 6.518856075 3.261741311 3.314932596 3.740021059 5.250492155 1.192424427 8.793605985 9.288488755 7.464995265 7.831763128 2.241826984 1.499690978 5.651709545 7.871934716
15.171502575 -9.748359610 -27.195627436 0.389944170 0.112085397 -0.097043655 -0.908825031 0.299606557 3.329581183 0.781507462 4.446621021 3.745892011 3.622897768 5.775692722 7.191326342 4.982564270 5.937539973 -0.754210641 0.602976088 0.342275467 1.863038178 3.651401534 5.041763862 0.716816093 5.220405270 4.686219104 4.643729648
21.179216490 -0.681795364 -24.945080385 0.601460162 -0.444888276 -0.305639508 0.588986066 2.418035666 6.919240771 -0.389532291 1.338832987 2.158547943 1.718480610 9.575475158 -2.631134987 8.627429221 3.717760078 3.707178252 9.195963979 6.152807859 2.532863533 2.842077179 4.797291226 6.607814392 1.491868376 0.874191135 4.993829897
13.814090817 -3.283814838 -19.990791712 0.624998909 0.551378621 -0.171932272 -0.525164045 8.880958593 4.396146349 -2.144503358 5.704304726 -0.207533995 7.152507310 1.953937001 -3.487189171 6.040520765 4.566215036 2.506022780 0.633401208 3.335931963 6.164897925 3.217535473 11.604533419 6.541820001 1.459718262 8.271188887 4.630681654
20.149762323 -0.502762411 -23.149439238 -0.281384065 -0.680013952 0.555865882 0.386545151 5.749673104 5.488998652 -0.815580711 3.340824629 -3.573844186 4.185991824 3.629309848 2.740262056 8.103226769 1.901260142 4.435628916 0.040074689 6.871523843 5.680449278 4.147581727 5.346414856 9.957338767 2.441565168 1.724031857 4.348569497
12.305250908 1.182116896 -15.061519862 0.597099860 0.420493499 0.682947382 0.015487001 6.077269258 7.106448208 4.618026111 1.190741994 -0.027679737 3.497216203 1.605679109 8.338627320 5.212827906 0.272511662 4.044726154 7.076946806 4.641498559 3.481331832 -1.042445158 -0.847828419 4.682810546 9.003887341 5.637581587 3.645404355
10.631986323 4.480121872 -27.914631742 -0.180258110 0.916740890 -0.292463964 -0.203857758 3.628028185 3.246603372 3.615640609 -4.483387255 8.820938482 4.034846354 1.596820870 6.797095850 -0.034505708 0.276207202 -0.676392707 -0.914200735 6.677205834 4.363736652 5.224623492 4.346267242 0.360950895 8.758746036 6.215640391 1.903017166
13.454026167 -6.323103854 -30.194559479 0.542887316 0.138888888 -0.307783579 -0.768929455 6.581150318 -3.069812101 2.309446117 2.491799923 7.960163883 6.242467641 4.388095755 3.153797055 6.538241348 4.211957926 7.523075549 5.708689057 -2.689057560 7.627890589 0.878388790 7.314858601 7.311973713 5.950467856 3.884768483 4.328474078
15.887150918 -3.516374784 -28.426162210 -0.444568371 -0.505485789 -0.690928307 0.263554842 5.876609303 3.647715269 6.103719511 6.651014274 10.223913829 5.566969353 3.732488318 2.459541461 2.007285248 4.961037853 -0.915902997 -1.242842485 1.835439866 3.261246241 1.532650616 0.082983961 5.448167530 5.745409774 6.330738741 2.821347480
6.832988677 0.880751774 -31.389930295 0.342420327 0.867089001 0.133209058 0.336393118 -0.055687757 9.121935290 5.874687676 2.753025344 5.223553272 0.780685801 5.371013029 7.279027271 4.661784805 1.987797987 3.897712718 1.933708331 6.166044711 9.023061022 -1.118029565 0.676380944 1.575464111 6.421906371 0.184334475 6.618185290
8.984483091 4.956374617 -22.321029938 0.666813791 0.509162811 0.169553518 -0.517072726 3.781757856 5.781414054 3.624415906 8.883571887 6.285754484 9.311547465 2.944020672 2.593804127 6.251076455 4.813920161 5.142003879 3.799355915 1.132673737 7.383426437 2.919593887 5.309802527 3.483097529 4.561716813 3.080662729 5.534156202
5.360360399 -7.086584208 -19.892991600 0.143148805 -0.640983835 -0.615301002 -0.435950478 6.560163716 4.578202440 2.550310501 0.561809634 9.363145185 6.281347114 5.274633608 0.939250433 6.258487829 6.786042057 4.937939890 4.287983727 2.844119545 5.952553439 2.400307262 4.605524980 4.372909120 5.444129260 6.908102595 -1.427717854
5.389581813 -1.977515177 -21.242562460 -0.942459355 0.177003681 -0.261055467 0.110860743 -2.255716540 0.102562360 -1.149383777 -1.519260400 3.840784716 4.844676311 3.946411706 5.115877914 8.873179781 5.115344239 4.503857379 -2.903769174 3.062870572 2.183175445 8.080226204 6.887517198 6.515002507 5.609893031 7.593581694 5.203684365
16.395151365 -0.087321261 -19.422391890 0.235051023 0.332221320 -0.569978138 0.713796143 5.247675607 1.102508857 6.066588083 0.622683015 4.516168248 7.369919920 4.258738314 1.496489411 3.012892440 7.118522728 5.059114841 6.666508470 10.095730658 5.065454609 4.760764580 1.375989629 4.833323464 5.371311144 4.990462772 1.290312021
12.053776551 5.675540810 -16.565585325 -0.657321358 0.609116138 -0.224351667 -0.382847869 1.164472983 3.694380935 3.567653330 5.510445137 6.458388984 8.217642386 0.700942947 4.538502498 1.588620586 6.675178887 2.867874801 4.359080331 1.287293800 9.427362748 7.402856909 0.419352557 3.280034890 7.144031710 0.326446803 4.888643350
4.372473955 0.122728152 -18.113709351 0.547050302 -0.814765623 0.191676028 0.012379320 4.416031245 2.459157381 4.282571497 6.119218654 5.550874102 1.367924216 -0.853445829 2.932046123 2.829334193 3.857592684 9.190672969 6.059758985 6.198375396 2.267809571 3.650696507 8.120486086 -2.109096641 6.492956652 5.844270089 3.104065789
12.446107406 -1.767539150 -22.570111476 0.033455685 0.955854370 0.285998023 -0.058551434 3.453236392 11.129913856 0.907415290 3.573239633 0.531343980 3.965854004 1.743172529 6.109499275 2.202682531 4.483692721 1.632756718 2.648114666 6.505185620 5.527535434 6.075821210 1.052323862 5.219116107 1.072053536 6.045588487 5.063272527
4.858934544 -7.244280331 -27.004660616 0.450494738 0.699077692 0.076471770 0.549997218 4.943456159 7.823705911 7.406325418 3.485977664 7.012257909 6.646172151 2.072944254 -1.814127186 4.454843898 2.601816878 -0.129036499 6.181650125 0.145169813 6.237840386 7.739357405 1.065193586 4.586323412 6.472087424 6.090679988 6.330290764
15.255432129 -7.525264134 -25.439353563 -0.756539206 0.094970989 0.356361662 0.540032690 -0.734310171 7.588636726 4.961503147 2.112017925 -0.294968521 -2.859526424 6.624404851 -0.153099621 2.879869349 5.133904849 1.923782734 4.401400764 1.791802209 5.836933293 4.771739166 1.980290419 2.363138259 6.729168106 -0.900811265 7.335758525
15.517158617 -7.493238530 -19.758086624 0.662416599 0.084614157 0.716866435 0.200367683 0.285649646 2.944195239 3.769866268 7.417866037 3.273017922 5.581304292 4.059360778 1.299999669 8.149976223 -1.576132370 4.918255475 5.954450055 8.968726973 3.353891938 2.241890647 3.008191022 3.727364971 3.182583977 6.141117263 6.623773371
7.835308615 -8.165492117 -27.515309182 -0.422650003 0.588431985 0.495364962 -0.479299831 3.138116557 4.880646165 -0.103829432 4.153885270 9.859345534 -1.452326660 8.605912995 4.647610924 1.651225240 3.961283465 7.644469463 5.080988725 7.264456462 0.757963615 8.520236860 3.302765148 4.191544489 5.492772327 1.949440915 -0.989104508
9.039425057 -4.811256123 -18.131912823 -0.775708523 -0.260184504 0.020634395 0.574590752 7.206887505 2.046411065 3.021604285 8.379359424 5.651663474 2.165909343 5.688555638 0.399605966 4.871778227 1.493807616 7.345562005 4.535206239 3.143897998 4.362949688 2.568439716 -0.352441966 5.985851175 1.089712711 2.613755318 3.150394882
8.498812359 0.406866680 -14.658860802 -0.441033337 -0.295954697 -0.715262118 -0.454203166 5.838325558 3.536765139 2.716404939 1.580694206 4.111328674 7.992387766 1.435404838 1.600518514 0.856155841 1.211841706 0.501241484 9.654096093 1.593153580 6.584312323 0.586413199 1.693949117 2.781831562 5.970876481 8.935313230 4.765299456
6.189656289 -2.667136933 -21.028899295 0.860069023 0.359652795 -0.032208790 -0.360407737 3.875247482 3.751713346 7.034693100 6.498649437 3.661054262 2.651700815 8.372268179 8.015823018 6.217809020 3.351494328 2.102216391 5.124109264 4.172805400 4.444509803 -1.344616416 6.198849926 9.462603845 -0.099198679 4.923216567 7.772677912
14.008426449 4.444403829 -29.968853393 -0.114565213 0.257715271 0.627441468 -0.725792571 2.220020777 2.664365643 8.003097137 9.265312874 4.036819978 3.117417099 7.211363728 0.111452663 -1.046196692 5.403865781 7.394449860 5.827509413 7.201989587 9.161897178 4.891851009 7.344034780 0.963967194 10.696558086 3.125620645 1.192140480
5.601339496 2.385154436 -26.244711453 0.359851330 0.062574232 -0.908815477 0.201608321 -0.906401123 5.347336812 4.077198510 4.026543184 1.312613248 3.187648544 5.007938705 -2.324535116 7.025474978 10.165449297 0.035376316 3.828068998 -1.174053944 0.334476391 5.387221048 0.834178082 2.394290347 5.707060737 4.329201102 6.308305921
6.267173033 -9.611317865 -22.220861439 0.568511081 0.072929752 0.241357613 0.783085503 5.069579101 0.780989849 3.318191516 6.967678498 6.606780541 0.362033202 4.539782059 -3.107223498 3.669779313 6.235884651 -1.371407457 1.951068222 0.835806499 4.344686184 4.211015858 0.297451124 2.998860992 0.423673482 5.320781203 9.781443663
10.626972824 -1.608715121 -23.246105468 -0.763382978 0.272735089 -0.289039750 -0.509232779 4.413887845 1.527010864 10.172756808 3.453429792 3.865751610 1.431412036 2.928722979 3.462054497 2.417795910 6.900905110 4.906714518 0.462238414 8.014844544 5.758732128 3.038115482 1.429557976 5.709493527 6.382398109 4.037858399 5.022711643
13.952987589 -0.572042023 -14.544892969 -0.411194683 0.855506880 -0.079852748 0.304385363 7.157010759 6.983706386 4.822965960 -0.744954653 4.867417019 -0.967124502 3.929749313 8.092433491 1.841668896 6.689536384 4.553946939 1.624255453 -1.959976640 2.014760114 -1.346025607 3.892522671 -1.779399925 6.402506563 3.992384282 7.124780090
8.521187401 3.804588607 -30.766641470 0.183016451 -0.640998548 0.443731355 0.598939334 6.282496100 4.857896080 6.145156286 2.926954194 3.591105471 10.574015502 0.861685806 0.760094091 1.770697059 6.573359369 5.228747705 1.067558637 4.818290404 7.359925924 5.037676434 2.980498610 1.098949932 6.370764777 2.842064138 4.800201732
13.126684174 -5.384087203 -26.734383296 -0.161812388 -0.553367293 -0.333196059 -0.746044085 10.748172055 2.611351326 3.798836378 4.442274134 5.234242694 5.704223100 1.639898354 1.132025316 0.079205092 3.138534305 6.614533913 6.507148266 6.189570881 5.005790352 2.797098149 4.300583734 4.062890480 6.124572664 -0.183335225 8.229288043
20.576115597 -0.403630022 -23.107487591 -0.012905651 0.665924883 0.321670490 -0.672982608 7.498683395 6.564245216 6.403650711 7.471838975 5.882463649 5.099819539 2.530245482 2.025968011 6.308093913 2.363005971 4.778606722 6.336258382 6.351776831 -0.285755088 1.598525754 3.357343411 7.412473318 5.329654347 7.260166583 3.799945518
9.711191873 -2.028702302 -30.313086634 0.282618486 -0.854810569 -0.253795448 0.353572556 5.481993975 7.843503252 0.297342073 4.573997939 2.477938217 8.387304825 7.201858688 2.009038284 2.838911007 3.614049478 6.415164474 2.241225606 5.343542969 0.154550379 8.788543394 7.475529010 3.304470944 3.308507967 -1.194516332 5.418565636
14.061260981 -0.204671719 -31.254710701 -0.206723803 -0.908887799 -0.163998999 0.322943597 10.450508254 4.057884610 5.394046410 4.160002051 -0.648329996 2.566186723 2.832166960 3.285561907 4.497539857 7.563606042 4.012484874 8.284615487 3.632446778 3.506537315 6.707010523 0.724425636 2.976567863 8.545042438 1.746229951 1.945073662
15.322433809 -1.322820782 -20.860328693 -0.033846977 0.683644444 0.695385949 -0.218913312 7.719597597 4.427588548 5.184850115 3.169324556 -3.157778105 8.913946583 5.838697885 3.948303593 7.071570570 12.518434100 1.862327607 9.437510969 0.453194844 2.615949577 9.695686459 2.382382722 6.210992837 1.467522915 4.326004148 4.770122373
20.643452440 -0.142072680 -26.069202957 0.084566383 -0.834134037 0.069951362 0.540532831 0.044402146 3.786119226 6.452499911 3.066823339 8.707083784 5.160181480 1.613595269 2.595399574 3.252573150 7.280097171 0.781932984 8.489002514 3.572283302 2.401800975 2.834956542 3.018529956 4.130379727 10.184413383 10.598923001 5.055979976
17.633400915 -6.145009637 -27.146217899 0.243840138 -0.492774463 0.359706035 0.753874581 6.096427716 4.994581622 6.718623118 3.612280450 1.672345037 -3.503097900 3.872617663 -0.648044739 7.940722237 2.110848795 3.497324355 7.605998552 3.888551023 2.997576962 2.413048492 9.983888917 3.192538587 2.978365280 9.530234147 2.849453743
11.969161801 -1.059797033 -28.478647419 0.044260800 0.973862229 -0.044978452 -0.218197798 14.198212005 4.340530314 8.949254405 5.401079025 6.233520383 2.696004270 3.689856357 -0.639722672 0.450304003 3.680675039 -1.147473734 4.067629253 0.902685540 2.059396907 2.693290856 4.386594249 6.636836008 6.076592299 5.168768814 5.995610283
12.868315114 -7.022076072 -31.184712357 0.216409967 0.729031979 -0.624452264 -0.178152938 7.663456156 5.450764075 0.016817041 -1.628211284 4.310625060 7.667271812 7.925828887 6.669939773 6.561563579 -1.275679847 3.905315224 4.139441645 12.214036534 5.304764719 2.281931238 5.698120252 6.370768821 9.748343338 5.454850642 2.493988150
4.795423382 -1.481923008 -24.614050251 -0.100190714 0.814303735 0.450963394 -0.351430313 4.647846936 8.309222458 3.730169804 7.366473367 4.394279764 -1.371175129 8.560539681 2.272454393 2.991337447 3.894047785 2.298500965 4.329636637 5.651408810 0.201356249 6.757688909 4.941211525 8.201213481 4.019453581 5.181644632 3.569562679
10.920373300 5.057203654 -25.336801599 -0.092041477 -0.971060969 -0.152193108 -0.159393284 2.075842925 2.218745820 0.641414614 2.563080805 2.106644230 3.172998134 1.569058662 -0.427502886 -3.567542370 5.951233789 4.672461518 5.266139712 2.145559774 4.088114856 -0.218592612 5.119899547 11.607252276 6.491617575 2.742477826 5.144628147
11.957086968 1.661109844 -30.652909680 -0.175411189 -0.682714124 0.050926959 -0.707487657 3.989949885 8.352294743 6.279322791 0.740171245 6.168098430 8.204269735 2.324472920 5.797467586 4.004962569 3.910321966 6.830368779 9.719265718 2.716691095 7.516324711 0.352640211 3.831691344 -0.335231339 1.796510272 6.307977445 -1.487544469
4.172866981 -0.667621044 -23.687791321 0.704945829 -0.451015269 0.258013004 0.482768987 1.202886885 6.503566872 -0.241674291 4.376421312 5.700870871 4.276504945 -0.756027612 8.815878744 -1.677247694 0.989692354 7.468958585 4.035196948 6.166661690 3.736419832 8.644951837 0.304657502 0.677827301 4.849060539 2.903431108 -0.625537710
11.747218673 -2.599620421 -16.446248725 -0.250934426 -0.159320665 0.872723660 -0.387301244 5.224692808 3.657734171 4.274723839 5.717899798 6.369024268 -1.808707423 5.606040497 5.790906417 3.490482527 8.464627110 5.496509010 5.422506382 4.432599659 1.359828329 6.689024753 9.270521063 2.984293280 3.546246887 4.246280095 10.750628618
14.969699410 1.331133021 -16.213652070 -0.023098251 0.210100230 0.763390366 0.610376534 1.123109701 4.569663237 6.841981834 1.574651607 4.768017811 5.599150643 3.517295363 4.721079428 5.892125177 -2.200752559 2.347349605 2.816108711 2.136950632 5.135025030 3.050904516 0.443427506 0.614111936 5.270377894 0.310425904 4.358708863
12.485409901 -1.981743611 -21.998872605 -0.278632332 0.255167912 0.923180272 -0.070650866 -0.294332570 3.573148696 0.958519568 5.074638986 5.217890882 5.016080464 9.286452883 4.153643495 4.163863847 6.011286725 2.915232625 4.506541320 5.804643651 4.183554322 1.368100869 0.964886301 4.815313389 -0.243991004 -0.582117771 7.390907508
19.269502382 1.217623682 -24.980712645 -0.840030796 0.064948136 -0.249158501 -0.477545854 1.786196208 6.588666249 2.331987286 6.660648539 1.361852408 2.417231397 -1.750872368 3.303315837 0.967870085 2.656556513 2.488725031 6.246133427 0.028461077 3.273715804 5.410935331 5.742592714 7.097212012 3.722233861 3.597247434 2.023182024
5.828610451 2.252297232 -20.398263209 0.146989174 0.299205954 0.898305404 0.286212127 1.173268857 5.535026578 4.754092910 8.254663115 3.161506831 7.659775281 0.537138365 -1.744511911 5.503660902 6.547103678 4.721566382 8.264383039 6.552736808 2.774865760 -1.658401255 3.554406812 1.311838002 6.085471459 7.424523679 4.401965372
7.405257386 1.183768438 -15.526993006 0.884744562 0.171074085 0.303813353 -0.309286541 1.653055342 6.398748396 0.900166306 0.482836829 5.422467726 2.493567001 -2.191070169 2.321423616 1.903678858 1.664433289 1.334343075 2.459134758 2.440874660 5.238124692 1.975171816 2.953720966 2.504948876 1.556105404 0.588159736 3.557369370
12.625305001 -6.007026516 -16.472298033 -0.762037140 -0.264732854 -0.587850396 -0.060397236 4.826061052 0.459992128 -0.516168862 7.257400198 2.424743084 6.166710094 -1.846493132 6.517035258 6.438388420 2.470674062 7.566144115 6.849079082 4.304809010 -0.743212603 0.985799453 5.538501504 3.675783348 9.122352614 5.330475130 5.555885692
4.806020432 5.461972641 -22.700794356 -0.799935192 0.408175036 0.398567631 -0.186120047 4.132359365 4.622201411 -0.701402718 8.429273248 5.510537150 5.781928516 1.667992759 -4.030342326 5.450967519 3.804210331 8.257058743 5.409910386 0.588965812 3.049206076 3.782002463 6.441829310 -1.005603374 12.861177262 8.667510372 -0.542090781
12.300652993 -2.551686268 -22.160238925 -0.818935037 0.563459672 -0.052523533 -0.095393300 0.189364363 -0.611486731 3.646966254 9.170769842 6.400134491 3.152194624 2.498533180 9.049013564 0.385633211 4.715125582 6.579923243 3.505167620 7.206112737 2.843919294 3.747073480 6.355308334 1.428827937 4.920685170 4.680595876 -2.925252644
10.797002036 7.033233329 -26.044865490 -0.305886948 0.743907226 0.123178234 0.581259269 1.656767447 2.005849754 -1.331245437 4.659764869 2.488631206 4.784138827 7.728125868 -2.709218095 4.108935729 6.028127314 2.697069146 9.195362693 6.644444610 4.666088810 1.534468228 1.813010732 4.272352107 0.189307650 2.230387347 -0.077537762
8.714168124 6.912991394 -22.661774706 0.034843760 -0.822753344 -0.166470959 0.542356218 -0.745295874 2.568097755 3.857924795 5.551185976 0.015012698 1.660369608 -2.839181562 1.165791413 2.467845874 4.268764856 12.366167099 6.844098813 5.086040596 8.675216178 1.605314561 0.093613658 -1.986588018 7.294164529 10.459253872 -1.083157776
2.146485695 -4.078356787 -23.258788613 0.372313047 -0.459416890 -0.741680244 0.316590480 -0.897878227 5.563854145 -0.966523182 2.238422619 5.384782882 5.646973897 1.473033675 1.378911351 -0.635021311 8.259171669 -0.810462160 0.665206497 6.592086534 3.081672034 1.650634707 2.175238217 4.731127980 6.283697878 5.905153636 7.617283372
11.586961784 0.776232610 -14.981475839 -0.502496536 -0.267877906 0.809459402 -0.143227565 3.064371726 3.543812507 4.112482618 3.697092961 1.471212988 -0.639759453 4.207484801 3.616970916 2.834546753 1.581642318 2.396139051 0.739614333 7.199462595 7.222193574 6.692047238 4.643810718 4.885066524 6.799208363 5.382806630 6.404221528
4.090772264 -7.497585100 -22.317258607 0.373076511 -0.455010585 0.679207034 0.438699316 -1.131759615 -0.911619347 0.738342680 -1.695661875 4.042997271 -1.065688241 5.332176089 4.683413514 5.606095328 1.179995070 4.374983957 6.955761663 4.464523439 2.513087355 4.976303145 1.108743727 1.194288818 3.227116939 6.466338130 6.752352313
13.490624918 -1.265447979 -18.136718822 -0.278887282 -0.371904551 0.306949369 0.830476354 0.229041262 12.526032355 4.913016260 6.948431828 5.070818469 -1.599364075 10.408906749 0.698011314 5.784887783 4.193264843 2.236126326 5.518531194 4.180464073 1.029335796 4.322331464 5.845981161 7.849376224 8.637798797 3.451746979 4.789915612
14.596887239 -6.743382665 -22.187433735 0.053450774 -0.241372663 0.304094016 0.920004936 3.390633099 5.354628069 6.793835927 4.182584651 7.524037820 6.911934033 5.824079637 0.222248884 1.626403978 -1.344312412 8.405216749 0.094128079 -2.854946419 8.933299921 2.832804381 7.085961752 6.940786458 4.645279175 0.902226343 4.719064872
15.270747829 -8.519882860 -23.174637369 0.423947698 0.029267258 0.642807511 0.637346281 6.044485676 3.483676559 10.138010419 5.920435979 2.922003316 3.714125696 8.285471184 9.458191791 6.588088408 1.124377452 3.044964235 0.536406823 1.751130490 3.784952916 10.055531303 9.038336319 5.193483343 8.750177004 -0.604060658 1.988173358
4.957435856 -0.039027435 -20.686166843 -0.914119017 -0.219529297 -0.259897007 0.220560322 4.943944725 3.025282333 7.072078144 7.769435767 4.460647150 4.969109771 2.337625521 4.471247132 0.687101284 9.525482724 0.353074173 9.223058195 3.310808558 3.175787397 1.244531825 7.862599629 -0.940101034 2.183220074 7.796255730 2.914566704
16.376796817 -8.079882252 -21.045565090 0.458681509 -0.324161689 -0.808467038 -0.175816724 8.518047336 5.208423487 4.887825074 7.196792836 4.755991524 3.274664575 9.828038509 3.271161059 3.533112183 5.001540825 3.960569912 6.853124921 4.200521563 6.360801702 2.528179582 -2.397018237 3.873278361 1.591846083 4.046754192 0.676114801
10.653610148 0.532880066 -30.809382753 -0.172033834 0.510940474 -0.839701874 -0.065153322 9.200420845 3.839384032 3.561771964 3.918465361 0.948940023 4.491820801 8.794822999 0.009671730 6.621936062 11.502147136 3.818925254 9.190690708 7.575100208 10.749919259 5.487748788 -1.637793408 2.626809814 4.576219091 6.216918166 4.576431862
16.563757052 -5.500097740 -25.361041992 0.183182818 -0.105531449 -0.518107915 -0.828777025 1.139915638 0.590501867 9.296169092 6.754260499 -3.845493316 6.769288177 3.330846379 2.632746040 0.528451317 7.981724025 5.582539323 3.473019686 2.913130718 2.019687715 3.135983807 6.529162094 5.831718136 2.578369346 5.311680968 5.134139734
14.500190909 2.634705236 -30.771490960 0.772182431 -0.567846858 -0.278343165 -0.061719707 1.002401125 1.343700444 3.630306351 2.150142262 6.634856044 5.125899215 9.938108180 1.454812334 1.806787807 -0.914242155 4.295422764 7.689155480 4.305489606 1.826424823 5.004517572 2.832449036 6.598191494 6.447732783 3.014916655 8.535346659
7.729109545 2.707801086 -20.154941204 0.337504180 -0.773335042 -0.398754917 0.359219093 4.192472506 7.782269220 6.757134547 0.758354461 4.248714698 -0.652687109 8.387789779 4.617842187 0.919883832 -1.887922083 3.582661135 3.123071216 0.714983546 6.907397980 0.175445480 0.178448412 7.290948504 3.788706105 3.132502866 12.703301930
4.845744795 0.505222206 -16.814033853 -0.854326553 -0.474183531 -0.143451317 -0.157155466 8.873371089 6.564421278 1.855995867 3.301884649 6.111903389 3.205547537 4.359107492 5.475829951 4.667678194 5.127566413 4.829207898 1.008345718 3.088493145 4.487257396 3.073028038 2.897453420 5.377046783 3.852622416 0.200627314 0.460780244
15.824652010 -6.447766742 -24.227619877 -0.476592912 0.627192355 0.581675107 -0.202837415 0.441778683 0.424963494 5.607191336 4.929204629 4.564770251 4.992315940 -0.063421861 6.146314728 1.184738834 -1.399507831 13.302103184 1.428492655 4.818241302 1.518706796 5.514719977 7.035554231 2.992591062 8.664341305 2.782410848 0.934230077
14.350567267 -3.812667369 -14.762401978 0.532040649 0.099414576 0.403777266 0.737572647 8.584227574 0.643848033 2.270250300 10.231797760 6.520021976 5.362683571 -0.621059958 9.103515451 5.227619887 -0.645499515 4.222555138 3.868837651 0.214901013 4.223143937 1.198007411 6.249578358 3.859031452 4.860909399 4.872156445 -0.493149199
8.901952992 -2.548161633 -27.542784503 -0.145542695 0.891542224 0.282059625 -0.323128698 3.484298522 5.968043574 3.122450304 5.065022233 3.666062590 5.441579140 -3.676730860 0.356088548 3.193640660 1.112058713 4.789757345 -2.125991242 2.964179908 -0.903565331 1.630540363 4.668061063 3.708261178 0.684174944 10.037078497 2.254214422
5.412360724 -1.464378796 -26.479214896 -0.659468384 -0.617143679 0.216086682 -0.370866116 -1.571551208 2.772313390 5.188637413 7.435002334 4.912852708 5.659212769 9.453777451 2.237984593 -0.849513355 4.877227469 5.356471600 -0.706794061 4.349016952 1.758675374 4.078735601 5.217741119 5.575830459 3.818020483 -0.108301119 7.947225153
8.864213281 4.474992055 -30.280412629 -0.237257887 -0.407218977 -0.403767274 0.784125875 2.599653508 -0.013511405 9.768897732 5.271127681 -1.290235937 7.882711849 3.368179871 6.968858248 9.497784406 4.221150349 -3.218140265 4.481230284 10.151849220 3.673982690 6.976427687 3.421874014 2.730041889 0.963002439 4.389310287 1.045735332
18.234329850 5.035296400 -19.901811763 0.162503177 0.201674406 -0.947618056 -0.186922901 8.019432218 4.232385320 -1.037176472 10.704198188 7.394051257 1.764153193 0.257893404 3.884233604 2.871334468 2.769728092 4.937361260 12.152823761 7.081722312 2.652344128 1.316798818 6.900486248 2.796213731 -0.212918177 1.229728245 -1.922073651
12.151928941 -2.321750662 -29.308501501 -0.014503430 -0.057679414 -0.988691257 -0.137667477 6.877508209 3.468260259 7.333012743 7.184174955 2.604440418 5.574010492 3.223971411 3.308631312 6.094262902 4.202236869 -0.535015972 1.285557849 -0.649640102 6.790893454 4.504434653 6.177025334 8.903164688 7.060458927 7.710867337 6.403605192
13.268506576 -5.292127721 -31.880283491 -0.342078161 -0.412822856 0.333783245 0.775337712 3.337535607 0.704306992 4.471879423 5.426988088 3.581159512 5.372646549 -0.867055464 4.968268743 1.403984043 8.229957690 4.189046955 4.883069839 -4.520008428 4.010147609 -0.718292577 5.170604332 2.077129974 -1.171694285 1.245593364 5.950431249
7.088566557 6.946569297 -23.322404705 0.189570254 0.647856557 -0.736010165 -0.051322866 3.856724387 9.018620553 2.900297785 2.088050185 -0.067883264 9.105847449 2.031069480 2.270567812 0.651163960 6.097218525 7.422334171 -0.266132234 8.674040471 0.230177702 3.870763238 10.338705527 -0.589767468 1.050734385 10.648441884 4.260008327
12.345798584 5.721585202 -28.968248753 -0.618186100 0.412339922 -0.006741003 0.669160887 1.577224952 4.248243317 4.755564476 2.707140990 5.143944975 3.249668494 4.737256959 2.816942388 6.606429223 7.587956346 5.141609583 4.914478658 4.450814496 6.685535881 4.682663670 4.295474842 7.621284626 5.392656853 3.563898264 4.213809187
6.920522497 -8.623004469 -23.799681496 -0.553827921 -0.045411072 0.547294486 -0.625844401 4.750590947 13.460152872 2.671790394 8.913499335 -1.455038995 4.033575604 1.477731190 6.068038767 7.794428603 5.388892544 4.493740493 4.008037185 7.865981348 4.613581013 1.688659306 3.919711176 6.736195520 6.437065691 5.578288364 5.160772989
12.383524797 0.314929266 -25.494990816 0.455525022 -0.143206765 -0.495951461 0.725273000 2.233818441 -2.712453159 2.192040272 3.946778234 5.749682643 3.021365960 -1.938648467 5.234312136 4.689740738 4.474185038 2.121343136 7.470600135 1.790979518 6.361674420 13.703366448 3.089402169 7.570917120 -0.321936827 1.445696566 5.268938212
15.712957160 -1.854069570 -18.007508165 -0.157732950 0.705968692 -0.643884021 -0.249282751 2.897859585 5.575500132 5.083832621 6.367991604 8.667690140 7.430434721 2.585560694 -1.751595697 6.133859555 8.731765329 7.326628242 7.261009939 1.791619925 1.657826128 3.643214942 0.430541360 -2.175572565 3.365414783 2.202026193 5.487589918
16.660962963 -4.265706314 -17.453927943 -0.295259528 0.094102623 -0.081824928 0.947243996 2.077525129 6.484287230 0.268697168 2.370690460 1.050655913 9.841622902 8.932866664 3.361574748 1.757185222 5.068643607 -4.288596542 6.540310572 7.013343675 2.522013986 7.146132678 -1.348875024 4.299833277 8.602604373 5.908062217 6.605570565
9.474998120 -7.183490008 -20.576817333 0.176957917 0.914788963 -0.039551589 0.360946978 4.474905710 5.716784983 0.103207351 1.465705741 5.900150439 9.159298387 3.544459536 6.739813987 7.259517933 6.289801658 1.562083073 1.348186739 4.958369587 6.457463266 7.754369288 5.427427001 7.767753621 7.847374549 6.708534850 5.760412634
8.249701737 4.774972496 -23.481587515 0.197948569 0.007699156 0.737634420 -0.645486288 2.151480235 5.121421522 5.154173243 6.079929042 8.431131400 1.410866774 9.244048450 5.275821714 3.312722413 6.855829831 5.482591287 2.685583364 0.875111392 3.501927820 4.644410174 7.328081971 6.810754580 5.955332995 1.934062464 2.355901754
14.022940525 -3.700221474 -22.760549396 0.462258801 0.015207843 -0.568463653 -0.680392973 7.263186664 3.038621530 0.302460323 1.649341252 0.102265315 4.747647138 2.352225648 8.181566909 5.590778312 0.759781728 0.261545572 2.947977213 5.650429135 -1.062676709 3.046364233 10.114033489 5.149354763 4.254702268 0.879549024 5.551842652
8.894008368 2.024394304 -16.773457732 0.065579954 0.831618319 -0.023789337 -0.550948554 7.743352825 4.971502905 -0.184968251 1.588071217 1.641666112 3.378640609 3.451771137 4.481623201 8.274193691 7.203581639 6.632571255 2.761964096 0.604613953 6.027645082 -0.495223508 6.740171785 5.173181334 6.291902092 5.276090717 7.297360965
6.045613812 2.880702210 -23.122594508 -0.434480218 0.408611401 0.776549916 -0.203061296 4.068587044 3.352136855 1.879793197 8.313873803 6.500545822 5.928996715 5.915118133 0.010560743 7.617083787 3.375886417 2.544121473 0.830408157 4.032497806 3.234541023 4.450463143 6.282482227 3.457763526 4.363616601 1.469324502 5.792169601
16.875092301 -3.816275582 -16.503620996 -0.550803293 -0.782160852 0.106658173 0.271042742 2.187086921 4.936718164 4.357878310 6.784588525 1.977462387 4.545026501 3.772646516 3.718795789 2.312692893 5.874000585 -0.075853430 5.456123039 3.084582875 5.294411681 0.464546674 3.568502827 5.978516910 4.304350270 4.455574398 4.818617292
6.143055426 4.217252162 -21.519471962 0.328816703 0.235686924 0.341340972 -0.848420645 4.811816641 -0.002086221 1.020420973 4.833675479 2.704623444 4.222337048 2.921738429 -1.225439057 9.263755036 -0.896391258 0.443671641 1.833081007 5.298605876 7.704306292 0.393085764 -0.248395649 0.392602920 7.335763564 3.218673052 8.490331230
9.282787397 -2.828656530 -26.672132782 0.400602463 0.502767108 -0.765800918 0.017083793 2.010555919 2.015750437 7.092692401 7.672610394 2.607264411 5.446427214 1.777021748 4.692742976 0.854427832 1.802547944 5.087944852 -4.471763149 3.519383593 2.257871849 0.749044162 9.500761028 7.453390429 3.529598989 1.440657308 5.577085156
16.980517510 -6.264917063 -29.860927998 -0.530327336 0.519660702 0.595942142 -0.305873560 6.671954078 2.950720094 4.258524376 5.517402660 7.902320164 7.490233272 3.426104716 3.340576692 5.511344308 2.915315678 0.900560983 10.255343667 2.509291202 0.993414050 6.922835572 3.930121374 3.729233518 6.117203180 7.394476212 3.833211020
10.009243774 -5.143074149 -16.363378320 0.508766367 0.509320934 0.692962835 -0.039388821 3.583697633 5.430090066 2.278743721 3.763635286 5.079815523 4.404706698 1.220528100 6.520821401 0.417860449 6.294186747 -0.090601574 5.271089242 3.357201468 5.580656835 10.726403366 2.763703790 6.055184862 4.012233819 3.645696323 3.378919584
10.403784884 -1.218992162 -23.998214698 0.839451779 -0.184535677 0.474146978 0.190923906 7.084951929 6.562356816 4.995428121 -3.164939547 3.934887400 -0.985428388 1.670947503 1.515175395 -2.800120571 -1.133784695 6.358409272 -0.926604570 2.468722628 5.215242762 3.242691436 4.567112818 5.078841753 1.236217025 7.026239372 -0.168972888
8.555724318 3.791584238 -16.613198604 -0.250165049 0.687146743 0.108836616 0.673350870 12.116921840 3.003068295 9.158254412 10.559335842 7.233144650 7.391130741 1.920258581 6.168186810 4.098828419 7.242295126 2.631566602 3.498775561 3.176929069 6.859139266 2.244867740 5.903165085 -2.827061490 4.581712645 2.904452880 1.531730612
16.156136743 4.805944487 -24.609684648 0.651344709 0.572907121 0.452398356 -0.207034364 7.285194581 3.410151164 0.416195514 5.109455414 8.179356088 -3.125595909 1.709413218 3.498048140 6.821395454 3.983565313 7.286484400 5.992791014 3.612339012 8.375612844 3.305097925 3.982116466 2.422697962 3.960655369 11.877334635 1.366173610
8.554655549 1.238879459 -21.806815916 -0.613662143 0.061016382 -0.785273191 0.055152428 9.974897139 4.615296026 0.677611044 -0.650301773 9.531220758 3.428197613 -1.641444593 8.689250800 0.470907008 3.967736258 7.198295398 7.208198974 5.071439173 0.404289134 0.728428558 5.245185658 -2.000449595 3.148115181 3.722650379 1.299217830
16.882230708 0.172789401 -18.052267471 0.172285444 -0.865229159 -0.404031113 -0.241774870 6.938462128 7.769540110 8.856784854 3.215011125 3.904682018 0.565212932 3.096484609 4.238459007 3.450346722 6.037388796 1.111928594 3.757035160 3.950405319 -0.178276059 5.102959700 5.739086690 2.097336726 5.676954725 -0.041323395 4.800452147
10.755441238 2.684609584 -20.603843939 0.344083184 0.070570773 0.675423342 -0.648405612 9.651501611 7.480810433 6.681817739 2.146591026 5.140507058 7.257313486 4.932976735 2.841010216 7.903659227 4.031125129 2.027466418 -1.000513336 6.666065641 8.207135094 5.534394872 7.066402395 8.690130996 3.267336072 5.884271095 4.344013917
5.630810732 -1.432186337 -29.147285822 0.239352628 -0.930620047 0.270468655 0.059189144 4.917897608 1.357701999 4.701196434 -0.314713804 -1.022199637 2.517591958 -0.030436610 4.758680824 8.452706436 3.176087870 1.831518111 -0.337574673 0.819716923 6.935879925 4.403640455 4.541887573 7.645771261 4.585589582 6.907228332 8.326386571
6.607406099 -3.128833513 -30.146027477 -0.511154338 0.225693500 0.657604561 0.505311714 6.706715502 7.412128448 0.452941302 3.919132862 5.002883198 6.616763334 8.437446165 2.974655484 0.265270174 3.166888869 1.172595398 3.927542754 12.898645410 -1.246836152 4.180050181 1.985532826 2.844370387 7.442448573 5.073794128 3.234692393
13.643791606 0.571116119 -29.930222902 0.575032353 -0.117646123 0.191203905 -0.786726286 2.129186718 -0.656064350 -0.687123634 9.621969208 4.222169667 -0.272407428 -0.508886279 4.873893866 2.071976986 3.048145606 3.601735422 3.596873898 8.301781809 8.250200026 0.814700355 7.236757237 2.583801857 10.665326883 7.441614017 0.373468418
19.355708326 3.678845847 -26.726190630 0.065444795 0.391733338 0.760253164 0.514078883 3.770979153 6.188804540 2.930604262 1.659621328 5.126892715 2.430063688 4.345168729 5.740504579 2.317656802 0.286052021 2.629816174 5.430934817 1.264114883 2.409492957 1.247455490 5.095962340 4.533709439 4.226960324 1.312251930 5.153474418
16.957822998 -9.463033858 -21.668061491 -0.056244360 0.076319815 0.410298666 0.907009847 0.110275132 5.129531966 9.541480950 6.648494440 0.395744002 6.563601303 7.847129253 4.291454887 8.269242256 4.519521467 7.269950445 0.489851988 4.248881864 -4.276207748 0.428067814 9.454810303 2.154179176 2.109702552 2.263455745 6.171366437
10.907818521 -8.575935249 -17.256387673 -0.406526895 -0.525587863 -0.687205608 -0.293669430 9.872386405 11.917077443 6.167293277 3.822698812 4.492997781 0.075434156 5.780163895 3.610754359 12.516783749 4.679305459 3.698770158 5.724868866 3.299786982 5.395802923 5.250253909 8.719866197 6.780657407 4.468039319 6.901703792 4.548488889
17.386669831 -4.671372664 -27.382589481 0.180510047 0.822565999 -0.534667342 0.070229143 -1.520933740 1.258303034 2.259000264 6.689342668 3.063562887 1.330848865 0.054801668 2.261602343 1.383371171 0.194695699 2.567186809 5.109189613 4.100673166 9.983241290 5.242450651 5.959525900 8.665599147 5.815469722 3.066469868 3.876224143
4.258994651 -6.854607911 -26.292741065 -0.842500765 -0.009795259 -0.062213025 0.535000985 7.321787159 7.318516423 6.255371181 10.077918746 1.449368962 6.704539309 4.732424132 3.472645113 4.329408610 9.428029547 5.047172850 6.276248096 5.781822496 3.654379286 3.295570243 1.418993423 1.333093065 2.327844723 4.825317886 2.961745042
11.863842312 1.080173056 -27.759812363 0.497783024 0.748580973 0.334456185 -0.282803197 0.139681924 9.396668076 6.785926460 5.283986171 -0.502780068 4.636729775 7.619635291 -3.517513004 10.875851672 4.729227729 1.925140124 6.541043040 1.832842185 1.183978672 4.200093162 -1.471616112 5.801731894 5.550560078 5.631452687 4.699122548
12.462794367 -4.738120919 -25.555893613 0.400721380 -0.539176763 -0.728653944 -0.133320008 0.368627825 10.454467767 6.230338280 7.069930463 0.281010062 3.142191210 3.972358188 5.319340458 0.224453135 5.482841856 8.330224673 1.844851679 3.997243486 0.828544317 4.288774443 12.320683414 2.175453989 10.743383785 4.915972303 3.016220673
8.901124326 -0.645881055 -21.613407885 0.298904544 -0.673361934 0.411333882 -0.536697509 8.229812959 4.118166379 -1.666042590 6.960498033 -2.710680807 1.824654883 -0.441589435 7.156253498 4.938105579 7.120117809 5.490772057 8.088325213 1.929394164 3.464296644 11.077638843 1.746778833 3.870102538 -0.488672935 6.124091418 3.386084603
8.675942160 -6.608955800 -24.867166332 0.276679936 0.287679740 0.004578815 0.916879280 6.365692365 6.487688142 5.594462967 3.980013501 -0.063729200 4.573852194 3.798905628 2.495557496 2.587811415 1.881289952 3.030885292 6.108554813 2.170879461 3.270309953 2.482636554 9.060806327 8.852323712 4.253638288 6.590897193 7.859203941
11.042707307 1.079613000 -23.946745451 0.324687601 0.838161655 0.317889864 0.301677041 3.820122012 7.175141521 5.660171351 6.126375110 -1.078825299 2.436086862 0.407985021 2.058098561 1.236582117 0.534612479 10.268588272 7.211305034 8.480178375 7.143233199 0.534124855 -1.754830824 7.580524608 5.123891855 4.150252670 -0.557645935
7.334907187 -5.752038350 -25.757428073 0.167347032 -0.890572636 0.393092352 0.156056895 9.379235009 6.640673061 8.961502658 -1.849761363 1.756604355 1.829323743 3.610744239 10.008114066 10.406475948 3.934096370 1.467650337 1.421906387 4.394757013 6.041215912 5.336848336 7.140480767 0.440836261 8.047812449 7.160954437 7.752805879
10.630501044 -2.890878786 -24.968253799 0.031654041 0.026929090 0.964798493 0.259685798 4.426558949 0.525581761 0.065073073 7.352224503 1.116412383 1.870156531 2.065300838 5.940175506 2.531859855 1.102258678 -3.690336383 5.932541562 6.162167078 -2.808480532 4.073426455 6.649149523 2.336852294 2.089892507 5.081724807 6.131056008
7.759404583 6.239237428 -21.024174887 -0.165636841 -0.106707256 0.438919122 -0.876657289 2.400851761 4.250505310 5.926544337 4.404492024 -2.720419646 2.739143608 3.932570853 1.228197380 -0.431338721 3.503379057 6.296914644 -4.111912121 8.373052131 10.486226534 1.842473827 5.231583306 5.728518746 4.929579965 6.135313634 4.798303064
5.975137976 -6.864895396 -21.551971736 -0.005326348 0.885169451 0.081769006 0.457996181 9.807539106 6.858788885 3.429053270 4.803245332 1.476040368 2.438740041 6.878057914 3.895511609 0.559477204 7.502961687 4.404482308 2.971029400 4.408072043 2.684954294 5.759022142 6.512670095 5.873236720 2.051569604 2.619458419 0.140231495
18.224122374 -3.726632175 -28.338805055 -0.263510478 -0.105627280 -0.796803136 -0.533394665 5.085866573 2.844334362 4.169937860 5.031906342 2.960684576 4.740864610 5.541626366 4.264958511 8.655606903 7.180511705 2.536579346 8.090636244 9.022392435 5.074965087 7.994800332 3.493324365 1.916684684 4.083742204 3.621286825 1.116057078
7.712142511 -7.167843469 -29.654418427 0.672272947 -0.152274012 0.449578030 -0.568103252 2.561404595 -1.998332348 3.607091488 7.131969247 6.643570199 2.314519916 5.227926818 4.159311291 5.738550225 5.410978730 3.721562689 -1.790668374 3.648562189 1.987410325 3.794463555 3.900735686 6.516541739 6.072803343 2.497616248 7.606983694
15.597570627 -3.120102351 -25.720951873 -0.649342841 -0.685519475 0.214713804 -0.249629540 5.529290491 -0.955900662 4.585924689 4.984001099 4.092758868 9.754731643 0.518601347 8.684652341 4.430379391 6.301805477 13.835738861 -0.368055220 6.025216268 9.047394568 1.592862274 5.568301269 -0.924591950 0.660523494 2.679871209 9.316585739
13.637456860 5.492284407 -25.922573819 0.694585273 0.712459577 0.046684854 0.088165609 0.332225972 2.570658330 4.313439531 -1.082552152 6.973045175 0.327284006 3.959554974 8.504199832 -0.563855009 4.431701694 1.385071195 4.175227748 7.888912964 4.936303885 10.718785929 8.047812270 1.938161877 1.921133517 3.775972523 5.389151760
14.654184009 -2.817284428 -24.129705487 0.222146454 -0.714299282 -0.632490234 -0.200956691 10.846309628 8.273161594 7.872539879 -1.007816215 6.095670229 3.394638770 11.009606772 4.868487105 13.807982333 5.486915016 3.628538929 4.506459412 4.891281215 6.497778806 4.313558734 8.791213767 2.891231304 1.750636759 4.385625971 3.560966224
11.624845032 0.333041389 -28.039120372 0.165212693 -0.002703865 0.982545788 0.085447229 2.630809850 6.471322036 -1.851771268 6.570834518 5.896295932 4.040105302 9.127575965 2.801673585 4.494365277 2.743388525 7.954153662 3.946890923 4.457058860 3.885279538 2.230462265 -2.053972341 6.965575001 5.281768542 11.321333388 4.074339374
19.192443999 4.251230308 -23.886309681 0.599657456 0.599057230 0.464382740 -0.256690557 7.903119527 3.441141887 1.412105906 2.775919489 4.071955286 4.457006866 2.871968190 0.623023939 0.159204195 3.545106807 6.455753688 2.404509713 8.558652642 2.245572990 5.515233032 1.609836381 10.920651151 -0.003721975 2.637843730 5.499346890
6.060813021 0.154278044 -24.867136871 0.638983965 0.104585654 -0.291990210 0.703919776 2.818293647 1.892102584 10.613600540 1.882216663 3.350003693 0.101384556 4.562107964 1.842866286 6.677703704 5.080952378 4.693762983 -0.267635869 2.181205750 6.757161120 7.556575464 0.415180040 6.473049655 2.890961775 -1.254788098 3.466919044
3.154722605 1.370837993 -23.203771835 -0.161616052 0.090206190 0.697341186 -0.692429321 6.516551498 5.590698611 6.304968626 10.531281980 4.439856210 1.965595371 2.552007746 4.550863994 1.462652161 3.045954022 1.691693642 5.631636614 6.026222976 3.238145019 5.234970025 5.652255201 3.488743338 4.705283016 10.662553356 2.467266540
17.257787255 1.115498915 -17.376602444 -0.855950097 0.192719249 -0.456158592 -0.148755038 5.437162951 1.481272871 -3.339673371 1.688157886 3.495348731 4.298818937 5.232346442 4.670922206 2.579587560 5.981736258 -0.490808779 8.832328034 3.607709569 13.372556429 7.084526561 5.392649707 3.048426592 5.395559555 2.357516305 1.920160679
11.130624983 4.029510380 -19.757873491 -0.852149402 0.033555762 -0.066401191 -0.517982904 1.194541635 7.708635593 3.040854786 1.005585928 4.197048474 1.854231553 4.381903942 5.297649888 1.306446314 4.750911435 1.586799688 7.800352424 1.395857292 8.320348910 -0.511556676 0.755347587 -0.234615192 4.509892503 3.701058051 4.084937800
20.175503778 -0.981320683 -19.463815079 -0.922325648 -0.188858995 -0.287588303 -0.175899534 9.319962545 3.907642913 1.340787488 3.835626991 4.136702324 0.307760174 0.073899990 5.049131040 -0.840147295 11.166577428 5.554038752 4.363463795 3.665387848 3.033579106 2.658379584 4.664693616 2.687580313 2.160560880 2.678369117 -0.328359725
11.968134047 -9.112899944 -21.847936723 -0.327036940 -0.321582097 -0.871353595 -0.174283412 5.598328328 0.406032662 0.579167628 4.760654219 6.529276799 3.694634105 9.751696999 1.055649336 4.107398477 2.678349958 3.239941968 2.763724772 -2.625881549 4.957706281 -0.042353055 7.560175111 7.392010196 6.348703388 2.688617631 4.787482340
9.254031104 -7.676870150 -29.939263840 -0.776644791 -0.039844875 0.551609776 0.301598922 4.925019505 6.051409285 8.082821859 2.296567416 4.510464245 3.462253881 4.217300380 -1.195953876 4.069583970 0.364470853 0.306932821 -0.109297083 7.447956825 2.532186733 6.311279634 7.024585037 3.315815247 7.416624988 8.076215672 -1.613606583
15.238115714 1.875747257 -19.659247347 -0.866076101 0.084239473 -0.220761234 0.440545544 6.142394830 4.388211748 5.802439667 4.507690945 -0.467303374 8.333421430 3.420381645 3.976880416 7.975105000 6.654026959 3.408966807 7.093158844 6.403016909 4.778892144 8.312103626 5.592860614 5.357007262 3.074684674 3.701321858 8.594101234
