-7.648122401 2.035691450 27.464015889 0.362726726 -0.216586902 0.310555908 0.851513044 4.124479258 7.693419214 3.766482102 -1.747622405 1.414172731 -1.659616500 3.619915146 2.686229820 3.659276137 4.876033893 2.920932708 5.156393887 1.508616875 1.369958960 5.465492537 4.582925958 1.581440947 2.912595645 1.595823660 8.826599398
-6.428637128 9.013336278 25.769550771 0.317709990 -0.086121632 0.626761886 -0.706266922 2.393514548 7.471625463 4.113801484 7.826053607 8.336924258 7.269385800 6.613153470 5.546646284 10.438669323 1.634178498 2.422986366 3.528225044 7.532197718 2.375755055 2.613091492 4.906118564 7.001195772 4.905464021 0.348456496 4.451562001
-3.992466703 -0.854786016 24.558468273 0.242165521 -0.422045931 -0.731524460 0.477603451 6.446708152 2.547644367 -0.641289517 5.968536632 -0.422507058 -3.153287778 5.990861641 4.286859869 -3.059503917 4.066693939 4.684631158 7.301502546 1.082178662 2.434686739 6.395143943 5.390010342 2.076453793 5.210714226 6.483287898 9.654024153
-2.073749662 0.759496759 21.412235039 0.539951899 -0.239790705 0.648239429 -0.480351961 -0.329292304 -0.466649948 5.875977886 5.266673028 -0.348206172 6.263936949 4.206618170 5.815033534 4.588368792 -2.813234996 1.128627831 6.801012903 4.991317497 11.338703697 4.936257370 2.157672051 0.840361707 2.407948558 6.470478171 6.204291939
-5.472025435 10.882830335 24.566659736 -0.266055190 0.111839860 -0.921573751 0.259631089 3.033160751 2.667552447 0.445344461 4.560497114 3.474303730 7.689868380 4.662646059 8.231687050 2.142237415 -1.522385183 7.601571384 0.227579377 1.536628197 7.272759206 4.490569546 2.410984452 3.259073439 6.772318350 5.453969482 6.066248721
-16.254348224 6.811318826 27.068531578 0.181588350 -0.111498522 0.728316760 0.651266802 8.291278970 4.098114068 1.581176432 0.622634893 5.239680756 6.852665539 6.543239910 5.877048438 9.254261853 5.933517912 5.743645890 6.335629579 1.636481112 5.498923643 9.005625533 7.694065840 3.873879916 1.905492958 4.735616720 5.756724200
-2.596439696 0.458232520 19.969378862 -0.541914614 0.256269295 -0.737779525 -0.310380367 5.051038677 5.087908807 6.805535094 6.143990966 3.285868609 2.584445783 5.302055491 4.145379989 3.138586002 3.824505704 8.307406210 2.549350579 3.128324859 1.031698314 1.768087990 7.721676494 6.154628350 0.519227876 3.701810045 2.163216268
-11.718803822 4.508512985 20.201665354 0.116778536 -0.121265593 -0.772803827 -0.611908224 2.575489156 1.513221974 2.363610955 1.449544205 4.199566289 2.627187158 2.242295525 -1.791131671 6.472536439 2.264779259 7.731893414 1.260809388 4.822880842 11.399070021 1.160786946 5.830444663 3.859266905 8.405310350 9.844807785 0.179641941
-10.539895604 10.060248435 24.347032545 -0.038393083 0.257869665 -0.563306908 -0.784037330 6.372342813 0.015527094 7.728524066 8.412694273 4.034747176 8.380660347 -2.482433816 6.229854127 7.452769229 5.377500892 6.274048065 2.375952719 -1.405885986 10.868560348 3.495911503 2.301201833 1.542328022 2.786354097 -0.930388077 5.178013480
-14.431317468 2.317425281 23.001068743 0.555419694 0.764841283 0.325115646 0.028750511 3.072583020 6.995546798 2.817393248 5.414457064 6.709392578 4.741287556 -4.086851692 0.984163555 2.630895722 7.169623010 6.003926527 4.498717905 2.537672014 10.341323696 -0.261401950 5.227082385 -0.661683582 7.362245112 5.559388629 -1.526107146
-10.560946624 1.751660686 33.849804111 0.250535329 0.320907806 -0.265709446 -0.873869967 3.764102447 2.642700475 2.376461866 2.034205823 5.630120527 4.797569971 1.399464028 7.365590513 3.356412799 5.625820388 4.159580827 6.746593833 5.810955143 -3.435701459 6.864141882 3.979025801 -0.898500744 1.090372621 7.380962790 7.284774419
-7.383340510 -4.208385291 19.048310531 0.635239731 -0.316282162 -0.688633072 0.149065660 6.663061910 0.400957876 5.038408915 5.138772292 10.762792458 3.402181589 4.254999707 3.215684973 5.037035496 7.440121538 1.461420277 3.194137160 6.645408020 5.230562846 7.299052521 0.647312436 3.662863654 6.020692603 2.058791103 2.125748365
-10.449501074 6.448439682 21.145781066 -0.514405728 -0.356032184 0.710586277 0.322017040 2.783624470 5.316135784 0.396345841 4.644498442 8.176209485 3.899203259 3.994722267 0.407726082 -1.773157070 6.433710947 -0.373935609 7.510299817 12.813616089 3.944280887 4.181123533 2.737535333 5.640856717 9.478925229 6.613449321 4.634208999
-11.156007040 -3.032279151 31.904944916 0.042658319 0.787419340 0.468864419 -0.397890950 5.493685578 3.604003817 5.728888644 3.938951025 -2.213974344 9.114182449 3.925980082 4.508086991 1.145717613 7.340339081 -0.022786992 1.338523486 4.667850034 4.258220222 5.439694032 2.693953754 1.730266324 2.786814290 11.413777858 6.288253546
-7.403146478 -0.536477250 31.520600714 -0.874407378 -0.366163028 0.275696910 -0.159146434 -1.009829412 5.978690690 4.668957762 -0.168182727 -3.023715045 8.281333595 2.898058658 0.397562579 3.454111778 1.174304742 2.389203811 9.707472901 6.344991943 5.221688088 3.779192191 -1.418528446 2.805675473 2.330499660 7.962524665 1.806703891
-10.556692600 7.470141402 19.957070283 -0.220197225 0.139335979 -0.517004451 0.815355790 3.592033510 1.903212029 2.830457934 0.915152844 1.769194208 5.070248576 3.086165850 2.725176757 1.692670945 5.094377661 1.498032613 -1.051161196 0.684949837 4.709626179 5.655722488 0.573488588 2.054425724 4.043795269 -2.776867897 3.151276959
-6.497490869 -3.905340252 27.953026754 0.163307480 0.162777422 0.924355447 -0.303975632 2.524883803 2.751027444 2.128692080 6.793898717 -1.264595641 3.019318623 4.244596114 5.150961043 0.571019242 0.992241773 5.584431415 6.150307230 1.734054583 2.562815183 6.286993783 4.168721350 5.482226323 3.529478190 5.317593922 0.867676153
-8.861247342 12.198921409 26.257960498 0.586989204 0.769497459 0.166176275 0.188951792 6.210723466 2.902685642 2.866443815 5.044598364 4.508400843 5.105754981 4.664388147 2.589344911 7.190581405 -0.722697331 3.225339335 1.793743632 3.111200696 10.040184699 1.131037543 4.386445097 1.703183665 7.114734632 3.721137683 5.171691250
-16.010159514 -2.668010517 20.016135735 0.328526780 0.664814393 -0.670641153 -0.018232435 5.622645106 4.131211289 8.785521886 2.169086766 3.003623730 2.036152407 9.099387470 9.412578206 4.055707683 6.794818192 5.712797794 6.127691587 -0.655828498 4.927458628 1.037888440 5.196725653 1.944452300 2.911446792 8.493746349 -0.704263801
-11.165414870 0.126947029 17.794293900 0.701394491 0.489606005 0.517424266 -0.024573487 1.046525893 3.998325095 2.812396697 -0.228482859 5.300391269 2.934135959 -0.035427009 7.397288487 2.672044751 1.331848654 -1.081384027 4.726613450 -1.483514182 -2.371812068 0.264797930 6.788580358 5.388167320 5.246030461 0.196723181 8.746531151
-15.115474607 -0.032850403 23.166215788 -0.489311657 -0.682916348 0.066595351 -0.538297709 6.363437718 3.713184317 2.985660230 5.208319918 5.515228823 6.152738418 4.482671306 2.336216128 2.134669568 1.955494267 5.564033825 -0.874859700 6.736105307 7.971498262 6.972361225 4.119303047 3.789747860 2.982669847 -0.025114514 3.899512109
-17.548172650 8.114178240 24.891541752 -0.171042337 -0.136950961 -0.951541145 0.215773962 3.916111467 9.357673038 3.657871202 7.500411445 4.129428714 7.361900645 7.643302212 5.004397675 3.483742206 0.974471018 5.899157206 7.044937347 10.157047546 -1.681325184 0.715659832 9.060943369 7.202954611 2.461619361 4.224668956 5.319023103
-12.443207522 4.603048520 27.447362575 0.924485088 0.059827147 0.289508072 -0.240692983 7.443790750 1.152068382 4.502412306 3.943018522 -0.628450913 0.916153680 4.832753869 5.957870006 4.610548231 4.591487499 1.318000023 2.744974479 7.154722500 6.681375524 1.925821206 9.574609649 2.925746446 5.801607141 4.656474389 5.293143241
-15.679365823 -2.664681977 27.855205515 -0.611758919 0.364372005 -0.693334470 -0.110776262 3.226597231 5.558784117 3.970631537 6.500946449 5.033831561 4.505567831 1.909513861 5.539205633 8.024340400 7.212683746 6.552893005 8.298816302 2.091814358 5.062294474 -3.509335839 5.250073699 5.833485192 3.668352385 4.394983276 6.881284910
-8.504934620 8.499536627 22.775130026 0.259385969 -0.172128205 0.676422433 0.667490444 3.267133927 3.339901664 3.997463988 3.849112639 7.478081536 2.365663832 6.839373177 1.980468600 2.812398004 2.062922275 9.903767655 3.431363668 1.969896737 4.630331883 3.858533216 2.008421285 6.902278907 2.950562301 1.620187037 7.954900702
-9.652905636 5.416915235 16.325361060 -0.864791623 -0.444665054 -0.223028978 -0.068311882 4.813672360 4.411663154 0.911883176 3.586635788 6.446064272 1.662216768 4.318771343 -0.558877854 1.319581082 0.310495885 7.065479146 4.998767450 3.355707204 4.376188368 4.582233684 1.513752751 4.227984214 4.662265723 6.181628826 3.232149280
-12.507989963 -5.806768436 22.184585725 0.181858135 -0.683962436 0.520729538 0.477455498 6.574918879 -0.103768434 11.044974706 3.001725937 2.563693325 3.691854786 7.054408207 4.371001319 10.183424387 4.704599875 1.046405394 5.739802272 0.077170164 1.373148664 -4.197638076 6.477523718 2.509798707 4.408629671 6.231567146 3.198273232
-4.369385847 6.647747893 28.411431436 -0.398247365 0.237883907 0.227069698 0.856299968 8.099713499 6.305993738 -0.779950130 3.463504424 -0.485737836 2.003897042 7.958090422 3.556232397 2.357418432 3.776819673 6.551347495 1.799321123 10.678780075 -1.169694943 3.370165864 4.604609690 5.174561737 3.642535865 2.482268529 1.183848544
-11.026464957 -4.447115761 20.042311184 0.409410571 0.345744912 -0.677874266 0.503318903 -0.586274348 2.850775239 6.149939681 8.217095656 1.909602745 13.771860988 6.067383883 6.981978109 -3.489044021 0.336744477 3.866116733 -3.001414474 -3.567034878 3.928426973 -1.352122305 5.733456699 1.175683582 4.332734196 1.873561909 2.478205030
-14.696334436 -2.344413796 28.826141933 -0.545150054 0.010368280 -0.177520228 -0.819262159 8.604531528 4.563965794 2.256373622 8.263247939 4.554411726 2.054380553 3.809111369 3.790778090 5.622933493 0.269476490 3.568044699 4.704134866 -3.163099400 8.533807427 -1.098847069 4.508677090 5.126643808 3.067456228 8.005941921 0.608433715
-10.927485399 7.478618046 17.953398082 0.282196024 -0.449870866 0.339888931 0.776181115 4.313150640 5.976303261 8.499990360 4.314088981 3.424270934 4.350623930 1.723638441 5.131863139 6.235879490 3.378497687 8.642026908 6.954562029 1.840313813 3.582394126 7.052253750 7.493848951 2.310226289 4.801203339 5.418114638 6.878274578
-10.569384239 11.383954109 25.586861399 -0.562931551 0.116250010 0.021522062 -0.818004159 3.890887100 8.159496808 0.626512010 3.715649884 1.521765815 5.493766940 2.469022753 6.878693958 8.172211413 3.161372113 1.730212801 3.646948790 5.479767052 5.004608614 4.430017007 2.034806012 1.307182808 9.254207585 2.195182647 1.307469712
-6.799694355 8.260675196 23.115663027 -0.375487841 0.179952015 0.907867065 0.049025974 8.004504612 1.042404161 0.325240534 4.171094761 3.875392491 1.460638934 1.166547558 0.400721975 -1.304253625 0.201917616 6.723921341 4.648836844 2.489101012 -0.045553141 12.847713910 0.573642599 7.724633005 4.439194867 3.290416977 5.695327435
-16.896873300 1.173956661 17.829972011 -0.580017005 0.116268887 0.033001530 0.805588430 -1.195530241 6.403630800 1.866961458 4.018122505 3.926065741 3.599992747 5.259643814 -0.616398426 6.755152305 3.467624108 -0.303526006 0.716466914 -1.586760772 7.626209788 2.947921442 8.330828239 4.625731894 0.282024058 4.222892756 -6.848708166
-9.745027837 1.513238630 19.741391175 -0.773246536 0.267923002 0.025215615 0.574170038 8.012351762 3.849051425 0.343030747 2.232127245 3.209497580 1.577584661 4.346378790 1.017454585 3.622949080 1.878258478 1.566562623 3.328762893 5.547416692 0.465267427 5.123884047 0.358990227 1.507816199 3.219747429 -2.201040783 2.261821968
-19.233490164 -0.211549382 21.972086029 -0.107763707 -0.105548685 0.109859909 0.982434353 3.577181089 1.379609356 5.328267898 2.039814988 3.859717316 3.822560264 2.595244592 3.838674522 6.941250177 2.869534943 4.993023168 4.169166623 4.247483260 5.713472796 2.234361157 3.687687479 -2.430730137 5.556751138 6.064653590 0.617274273
-10.801672980 -5.956018651 23.937559673 0.478702196 -0.829802622 0.214167860 -0.190798177 6.106602176 2.460044956 6.974374131 9.608655073 0.472703829 6.030122175 -0.334763428 -0.359529254 -1.388361484 5.874520529 6.293674176 1.406447727 5.444657670 7.442190573 6.145516401 1.369643589 5.815352309 0.824071684 9.148821772 3.115370645
-5.295001442 -5.523837919 27.600303665 -0.282788133 0.805794160 0.087304225 0.512937243 5.656741800 5.486119987 0.208295767 1.531519200 1.726202890 7.526524474 0.413253044 5.395065460 2.259950084 3.464523630 4.809695253 4.605353335 9.363890733 5.600713561 6.137845335 -0.189381118 5.430882993 2.826598270 0.775182637 8.198714692
-10.200906786 11.013837118 23.789774290 -0.874145398 -0.428549304 -0.209474782 0.091299683 2.581335931 7.828900713 7.239246411 7.180362615 4.959495228 7.835448432 1.773017158 3.694456290 2.287242256 3.713391629 4.650438024 1.796123862 3.974308621 0.839231341 1.393423080 6.064581522 7.139363402 1.059501801 4.343895435 4.516259985
-16.378499888 4.448566117 25.899428281 -0.140687185 0.330844397 -0.827001027 -0.432224945 4.834520095 4.658908034 2.600456893 0.793655038 2.935385001 -2.740760301 7.991884896 2.208897930 -1.041220035 1.537105543 3.563354340 8.467155853 3.175133713 3.730211641 2.913270818 7.244016639 2.565381674 -1.229272630 -2.047212510 2.029016292
-12.863876033 6.121933636 31.534888710 -0.270356200 -0.849540090 -0.160749118 0.423496023 2.665392297 1.845010676 2.322839571 3.093161700 1.006840350 -0.279751718 6.848311584 5.103111934 3.627612674 3.946871544 0.327291766 8.386951921 1.917291684 9.360089363 7.639312121 0.637015808 3.981128588 4.478827324 1.662260589 2.543645640
-8.624046874 -0.468979193 26.577210526 0.529012447 -0.129189687 -0.487884803 0.682220108 3.087786649 7.850157465 8.358453261 3.442942061 1.200784999 7.496569450 1.795493763 4.216648804 7.140187185 0.855526962 3.720361374 0.863797792 1.135243293 6.437389213 2.845238792 5.195808787 7.226765742 5.035349848 1.132165839 6.854537796
-8.722369359 7.830328889 28.095197605 0.738801558 0.559772206 0.363049131 0.094987706 5.154321969 0.049392522 8.678155250 3.068387515 0.739770269 0.627771251 6.118480122 2.001151483 6.721761376 1.772253912 5.392181467 2.848187683 2.575624827 6.226150181 -0.340149790 -0.504380513 5.722108717 7.721576706 7.051521440 2.050923831
-12.928990297 4.060723196 24.699718033 0.241528728 -0.131584428 -0.672513831 -0.687076821 3.698511112 3.839725913 3.462625673 5.703626287 3.425479667 0.750877284 0.131694050 5.127786565 -0.819380366 1.531656447 0.570156348 3.789129116 0.524775359 5.008597327 4.808193607 0.951002591 2.676202498 3.505043749 7.867326029 4.877749041
-4.604869587 6.656907712 25.393777072 -0.026460090 -0.233347994 -0.906355904 0.351237175 1.349063297 2.309363026 4.071412853 5.903205807 1.488149684 -5.063852244 2.858351688 5.505555675 0.122465095 7.402024123 -0.212714496 2.139260863 4.591866576 3.600633809 5.151451351 3.421704470 1.761365775 3.423464217 2.777855779 3.710418518
-13.566649187 1.186723802 28.879017695 -0.598279314 0.061405693 -0.726915374 0.331489431 5.665809832 4.075578447 2.452493161 -1.429574382 6.859016353 4.842348164 5.071902180 6.436303156 4.785102725 6.977773224 2.172564756 3.546789134 -1.672434535 6.516298404 4.041831296 9.180058279 7.985429306 2.372775601 7.171177071 1.426564379
-15.026529066 -3.491311578 23.830635847 -0.006068076 -0.758898882 -0.637946913 0.130611645 6.091796575 4.184113905 -0.471875451 3.684326436 1.540389492 4.704260308 7.018337971 7.023070498 3.613448050 2.222251159 0.616972352 7.661308417 7.761595500 4.901716850 6.177993316 -0.523544504 1.226372108 2.666844600 1.799963173 9.431064472
-5.596917531 3.055383846 19.476145424 -0.254730094 -0.030639388 -0.576795029 0.775552256 4.649569656 -2.028108247 2.107374849 7.993394603 4.572364662 -2.405609505 7.179287998 9.087166705 3.130677570 5.046720251 6.264110029 5.186724349 1.599308320 6.074581485 7.383663750 4.557655041 3.154048459 7.705089110 5.173957244 4.196025298
-13.473481579 5.579212661 22.229835843 0.076391489 0.370626806 0.877168490 0.295593556 3.094638466 7.280677108 5.362471183 3.395345373 7.385356553 3.098358713 4.944249273 5.215540716 4.282186803 4.046379366 7.292843570 2.734890105 0.921570806 9.892776342 3.713698404 6.552578187 7.280093659 4.295445643 3.005012038 6.297100319
-9.194716375 -0.405428677 18.919698895 -0.195501824 0.126164237 0.582851805 -0.778553399 0.544207504 1.831452012 -1.222600213 1.712717346 6.081829906 6.037504585 6.048695428 7.536031867 4.495245271 6.638144130 -0.418219178 10.891187418 5.123496303 4.386445987 2.097352808 -1.255899852 4.810403148 -1.753945364 3.043333917 3.140515341
-6.255727576 -0.808594811 20.064697206 -0.231370670 0.647638121 -0.508790814 0.517845909 1.520531141 1.134944765 6.591553447 7.499379298 3.707716170 6.609140367 2.395082972 3.160585133 0.523114891 4.925392187 7.401085155 3.491672659 3.351459146 7.237474835 6.517241777 1.807811563 3.803146915 1.346889143 5.565006038 1.050066351
-7.672011256 2.965091626 18.037260286 -0.424735860 -0.112851191 -0.849144513 0.292946505 5.092928023 4.853528872 8.548324587 5.218434380 3.479020116 8.377676271 8.519725324 2.161143596 6.016514650 2.845342805 -0.353961073 9.837692448 1.530515355 14.984943882 0.545491021 3.935268011 1.178764109 7.968321978 10.281889622 9.590906915
-10.646686699 -1.434460380 31.759571175 0.880664134 0.022432743 0.255336270 -0.398410398 6.452256259 7.158536679 10.455881472 4.871708350 1.090861964 0.813160960 2.539408349 4.237994250 -0.348088914 4.013345312 10.022661438 4.062307834 12.231745892 3.419656272 1.390740789 2.397363166 1.053452198 5.074475279 8.925190123 11.039081257
-3.422891383 5.851646762 23.079416325 0.913202073 -0.328967974 -0.107380737 -0.215200891 1.558726453 6.012939491 6.179723935 5.362144327 6.862998694 2.644131690 2.611049795 0.695131822 7.093977525 2.957691988 0.020180032 7.749106793 4.414681128 1.433248101 6.994799186 8.524530053 9.144357510 4.189709421 -1.918253508 -0.533194259
-10.773473885 -0.563628857 25.646415381 -0.892696300 0.382297534 0.123902623 0.203936388 8.524269490 2.578723458 4.618507480 0.578338966 4.448794371 11.135858316 8.219123426 -0.065211037 3.211881776 8.487180728 8.022625169 7.012455348 0.153280619 3.234421227 9.267982749 -0.133586403 -2.011500860 5.641896134 0.840115906 2.350556595
-14.125879412 -3.310663913 21.181084784 0.040789978 -0.494214194 -0.352841024 0.793468160 1.069142206 4.157026652 3.183980856 3.731784333 3.645985037 1.981125162 2.671986224 3.518876159 0.784281969 10.701603246 7.840125786 3.454970464 0.635943314 -3.967615245 2.758488864 6.912263726 10.159890748 -1.536574933 0.166251283 -1.715612028
-2.580892346 -0.686204907 26.826162624 0.223034703 -0.434509515 0.871408046 -0.045880495 8.320535027 9.745488540 4.578300692 2.229790638 3.094467805 2.793495921 5.921254523 5.351951230 12.588189985 3.499967597 6.443894752 5.043489192 6.199833807 5.396495252 11.031246563 3.244288293 2.856789487 0.246841775 2.299423812 7.651158248
-9.167139356 3.583334150 18.772942672 0.099325418 0.072178561 -0.573807161 0.809734560 5.289522212 10.305988149 5.565162278 3.357640923 1.647497805 7.510420404 10.539475233 7.355564620 5.576384603 4.626253623 2.474071357 4.890850160 9.110227938 3.766560562 1.998737177 -1.201645004 2.297541335 5.107363941 4.951266823 3.280882293
-13.204763214 -1.571528747 33.904261480 -0.246698420 -0.216183759 0.819168502 -0.470497010 7.767421519 3.006964346 5.744177116 1.698166817 6.736714361 5.775947936 3.896214867 5.994389946 1.219124514 2.227989932 5.724850396 2.604980811 -2.532165604 2.555251823 0.793843999 4.264589496 5.573585282 4.527158377 3.875413786 1.971931047
-6.651036765 5.933395165 33.627487959 0.185577963 0.822879797 0.282227892 -0.456921303 1.157497423 6.744862314 6.438296375 3.219311355 3.795492983 4.939654806 5.640403816 4.264984004 1.253126874 0.567555365 5.511936017 2.778944652 1.785470419 8.313043093 4.770160859 4.568495158 6.485659750 2.808381829 3.793594079 2.101378551
-11.902370039 4.422173485 32.586255279 -0.720573673 -0.191666889 -0.247027192 0.618882017 2.401286032 2.666506336 4.317985484 3.097869075 3.415830124 1.870543675 1.993405623 7.022919751 6.371679116 3.437186290 0.845351889 -1.564712462 4.800036857 -4.617253753 4.826525183 3.869200598 0.017499654 0.633237684 1.389615749 7.490425480
-11.707731652 2.028067968 26.699428738 -0.762382535 0.557503361 0.328497552 -0.007227081 0.805515814 2.298633899 2.577767407 4.328859032 0.968373870 -1.447928906 8.755007765 3.558575767 3.417704096 1.472788352 3.528606644 4.352122981 4.452411011 2.937199050 -0.875487276 0.572025101 1.613202428 3.966079150 -0.917101998 -2.046064024
-9.935293922 2.477005953 26.156154544 0.240233533 0.095038245 -0.966044028 -0.003810209 3.867701827 -0.345753187 2.501774299 4.321309568 4.808562899 2.462803053 2.103327328 4.697569886 5.010981444 2.712335317 8.142384795 6.926374035 6.732732622 4.390865952 5.122686292 4.862521728 2.611452954 9.522581738 2.522792624 5.311673457
-18.716351004 0.547446133 26.250124295 -0.366514287 -0.589583966 -0.716938745 0.063693488 1.371450964 1.392200688 0.117628432 5.316628135 -0.038092462 2.678221669 5.715202706 6.370548126 5.951422095 -0.280171481 3.773319097 7.070829360 0.534106777 5.413171423 8.363545650 6.018008820 3.349040594 2.712470878 3.849299244 3.957388778
-10.427586873 9.585913986 26.509817486 0.052246291 0.051080793 -0.883247166 0.463179794 -0.834819075 5.465323463 3.060831778 3.149585041 0.841420897 0.895192320 9.543368219 6.523051715 -0.428755894 1.473942838 2.580911888 1.928781526 2.799983903 5.777349367 2.855411936 0.132508311 2.066003758 5.110691863 2.719831386 6.453506360
-11.294357922 7.873922582 19.852166828 -0.327562088 -0.832637469 0.048832412 -0.443884353 4.634941788 0.831547705 -1.063870848 2.088086973 4.253592824 4.437429511 4.909246804 8.844640963 3.801276782 0.452525534 2.695319210 5.121599498 -0.795959290 5.148863203 7.094545405 0.940628105 3.736552124 2.580680193 1.451506725 7.578630394
-3.949609935 -1.485076370 20.654609722 0.312672622 0.821183950 0.429779263 0.207804082 3.172730605 1.343450876 1.745277587 1.992243040 4.212687789 4.290082855 3.304751775 3.283794087 7.458975217 6.809192992 3.270477610 3.702795355 -0.242546864 2.821468920 -0.162050901 -1.132496021 8.263308360 6.081914622 5.643568239 5.001359951
-2.080616706 4.684221458 29.021386804 -0.105860348 -0.447848458 0.860467726 -0.218679302 0.489550738 3.067989277 7.334784462 6.071719335 -0.144046723 0.729884482 6.339220903 6.228637197 8.257531337 5.517240997 1.981679286 4.896392019 4.260568802 -0.812098935 -0.734798672 10.766175370 3.311145629 4.608192528 1.192295053 7.713948996
-2.001912954 -1.407828163 24.820743868 -0.137586519 0.394101275 0.841182015 -0.343754205 2.437779615 -2.313655449 4.405851400 1.166555443 2.131683588 7.439268186 2.319677745 5.857322362 4.792915916 5.162215573 5.208578296 5.462199317 3.384042318 2.742407773 3.581872363 4.242553699 0.727164744 4.312547863 2.168469116 5.126856871
-10.254773240 1.179936466 34.276145790 0.589192403 -0.165168077 0.185690237 0.768824397 0.712257654 7.788496653 0.471306860 1.392825906 0.522049401 -0.404455376 7.425142876 4.957990834 3.032680058 6.734865748 9.309876752 3.129791209 3.013115399 6.815401627 5.036813887 0.338005883 5.619785139 2.271033476 6.084431423 4.755412741
-11.699045324 10.296599802 31.046998866 -0.537672536 -0.768560481 -0.317297917 -0.139803658 2.948449884 1.536859772 -0.609254564 5.466563232 3.912795667 -0.351624788 3.665958341 2.530117292 2.799315173 3.214033866 6.577891904 3.604478789 4.391805068 3.442393698 6.499655822 4.162369573 -0.062542671 4.063051550 2.421889209 2.851840338
-10.673163706 6.279229471 21.260043429 0.207770219 -0.174656918 0.469409533 0.840226867 7.550621158 -0.513634760 3.087315134 3.994627995 3.911061683 2.365992179 -0.717503119 5.158643707 4.427212486 2.346490789 1.231519871 -4.822855758 2.144065716 0.617221315 9.420745187 1.617758785 2.412701237 9.680080140 -2.246348640 3.861629699
-12.697562228 11.062166540 24.915151056 0.695903649 -0.156216024 0.376864889 -0.591005517 6.684986116 2.710555179 -1.849014428 2.512558636 3.422812427 5.650533895 3.373643393 1.955825309 5.985066349 3.980170898 10.554166253 3.824726250 2.656931716 4.912602928 4.620125364 0.865252672 2.100237464 4.477756190 3.871160281 6.737712435
-12.312642283 -2.449490629 32.412043551 -0.456470681 0.496937305 -0.500875026 0.542044316 5.082392009 1.080813648 2.061671524 1.033949176 2.146498032 5.165225681 7.602420382 10.414013040 4.846484002 5.833878438 5.320245267 2.200164563 3.498262291 2.216906673 5.222048534 3.259399917 4.274622254 7.825539284 8.091284995 10.346340121
-11.688058251 -6.927690959 25.835724475 -0.389304402 0.479761111 -0.781919922 0.082901115 -2.728834333 5.610930698 2.882644922 0.875985552 3.564642562 1.472891245 0.439164261 3.763177239 6.004333509 3.730394735 5.373827392 5.329017359 4.253471865 1.782257463 8.075668765 5.804186773 4.704117773 5.464517592 5.669843145 1.867148767
-6.492284853 7.122391127 28.934949127 -0.049082155 0.871845188 -0.486682762 -0.024835433 1.512199043 5.197318504 0.054320316 2.906353941 9.923574112 5.946738251 -2.894921419 4.754007136 7.597278744 5.941916480 1.674910800 1.977430786 5.271422161 1.869718713 0.713145054 7.038054040 7.810245930 3.489708635 4.022604759 6.707569417
-10.918973440 5.928637632 32.623484344 0.271033319 0.764220506 0.263688783 0.522471227 4.038204388 4.979232823 1.097043740 2.240872956 3.645984164 1.277702193 3.041336224 0.709872071 2.684057096 3.345546336 3.914146748 2.725665785 0.558347060 8.017214531 6.507538657 -0.627058874 10.467636394 4.026607162 3.295508177 2.475410342
-12.446695257 -2.457214513 23.098270137 0.241215377 -0.934584707 0.210921528 0.154527269 4.037438052 3.177540617 1.989598375 1.392753838 3.706153613 6.693272110 4.023062776 1.353777016 5.643044944 3.338606381 11.683677115 6.500508599 1.977133652 7.530855683 2.680659822 7.573766114 6.418087782 -1.176126090 -2.910562752 4.731055810
-19.556127803 -1.691016566 25.471108105 0.178554033 -0.979501563 -0.085784367 0.036553899 4.143658839 3.583848929 4.632039373 4.391979122 0.919436879 1.377503781 5.169059559 9.370119702 6.575907312 4.663141425 0.622984987 9.860973800 0.116970702 0.385351287 5.365745987 6.798228130 9.311199233 6.279802835 1.362717141 6.383046964
-6.337873830 2.328295541 24.771555123 -0.112326079 -0.848637193 0.067992382 -0.512420534 4.260271429 4.402869273 7.507776239 4.609211687 4.432411445 7.830482615 3.177547871 9.317285173 -2.179978709 5.036547766 5.157445995 7.857710156 4.297825614 4.175382194 -0.442228629 2.036268212 3.226223891 5.815632263 -0.207197228 0.864509416
-18.131796573 0.615246100 25.376214671 -0.851507044 0.211521600 -0.358154408 0.319248785 6.521773816 7.061761149 1.271381504 11.278793404 1.086226956 3.341769519 4.866838593 1.405312072 -1.096439398 6.513933109 4.251758252 4.151592961 2.976273553 6.552862368 3.754949731 8.083567445 2.974351959 4.876128394 5.776186095 3.702081140
-8.806596906 1.538947358 23.772228273 0.197952354 -0.747363865 -0.631815518 0.055419035 0.624493330 -0.355030524 9.411367144 3.933376887 1.209891788 7.493700913 6.788195911 5.256019140 6.325146172 -0.622948214 7.388674918 2.730024475 6.208500947 6.697936516 7.145485440 5.035777401 2.672284312 2.779050910 0.355731474 5.507786172
-4.577570217 0.099117068 26.466741794 -0.782437731 -0.119524514 -0.497762452 -0.354595021 2.515591412 0.592159611 2.904540671 1.449419637 8.017151009 1.578461130 4.347367596 5.481503239 7.557771440 -2.237160482 3.558437962 4.289280682 12.718750678 6.442283969 5.768871751 5.036778392 3.610546679 4.000105799 7.081117226 -0.600798057
-3.671283934 1.089607840 29.767890913 -0.620746740 -0.560432296 0.440567074 0.326327717 5.070851226 10.432175108 -0.197406106 -0.826725165 3.096608628 4.839701884 7.158273825 6.778001638 3.144252415 6.106326806 3.863667205 3.645014573 2.101756719 1.874537677 -0.802826444 -0.158614702 2.931124694 2.544388406 5.140686348 2.520256201
-3.683696908 6.241539327 29.688872465 -0.373411371 -0.841603303 0.199058382 0.335624178 5.789955017 5.790342455 1.255900401 4.107012512 2.841219441 1.243689406 2.734488078 4.714313497 5.414160282 5.164852922 1.128420880 3.335753195 2.635165667 11.155022956 6.654128419 0.518191378 -0.911837032 4.815161852 4.000639256 10.585091786
-11.981324016 -5.770418823 28.321992897 0.083381154 0.715925482 -0.498843368 0.481304043 9.456436274 2.247366972 4.985255559 6.904051583 1.113081651 4.785540540 5.296146514 2.803175232 3.913953287 1.828300521 -2.971756059 3.812903958 6.245031313 5.311307322 1.081053291 -4.875158341 -2.373014560 4.191599838 4.218335319 2.303350382
-14.380324317 7.610770359 17.666496334 0.592049874 -0.540260474 -0.597988188 0.002386192 10.378923811 4.923965773 4.574962740 3.056483193 4.914231622 3.806333385 1.344822041 0.534428750 5.230189495 0.988375863 7.700432879 1.409654825 6.758283182 -2.411479060 1.333996354 4.504561695 2.028005088 6.919987446 4.702000897 2.331018912
-8.161634007 7.238772225 27.415176729 -0.514620989 -0.248610628 0.703262320 -0.422823962 4.186307687 -0.720758034 3.106958828 3.695118912 4.494399496 1.715278794 1.787121087 3.071456947 5.414505469 4.904702801 1.704084340 6.907695301 -2.725655386 4.174257391 8.805546881 3.830969565 5.093009488 -2.013201291 0.852836859 6.316384141
-6.331769135 3.742855242 32.476569482 -0.720732945 0.175753921 -0.273573611 0.612218965 6.536685447 4.940112423 9.205599398 3.184636736 0.117976818 5.794184057 9.578554444 4.676441559 5.449599652 0.962762789 2.544054157 4.616776730 4.727236675 5.440100655 5.000171029 7.914883695 5.366430214 5.000958000 6.309546985 -1.289086471
-13.710966396 3.863694943 23.133363647 0.695977955 -0.379458340 -0.434271213 -0.427825393 7.022759279 2.279086468 0.346579598 3.631334897 9.903553817 2.525161157 2.107247228 2.211370109 1.235229177 1.036672309 7.640261337 10.178794214 5.945118583 5.283780572 7.215474982 5.323759255 7.824366050 0.583209981 0.764344106 5.428223793
-15.566849839 7.955863373 24.242519499 0.152561962 -0.777359082 -0.609490879 0.030960838 7.793046014 10.658302286 8.293767880 7.300675828 1.045842694 7.145784020 4.827620305 0.712590416 1.874174254 5.028663033 2.125324268 1.512569576 4.026268961 3.340299119 1.258694125 7.636231523 6.110179199 -0.078851457 -1.932786907 0.530677329
-4.641944455 4.513543987 31.805771756 -0.844831013 -0.267218827 0.397281081 -0.238793638 -1.779056792 3.817737467 6.032087159 9.636934397 3.254896125 6.896469138 5.578430739 3.117027498 0.036334264 4.906002490 5.817570107 -1.355923153 3.523918290 2.306439790 2.682064671 7.895433654 1.535321194 3.630264217 8.279259081 -0.150883061
-4.751678195 -2.736112762 31.340833625 -0.352168719 -0.730140749 -0.313105617 0.494809612 -2.923650791 0.785078655 0.886929741 -1.730204401 5.119990052 5.546018981 4.135197006 7.276846573 7.742182357 6.888846794 4.553862509 1.397293741 6.558605529 7.605170571 5.549784602 8.583396436 3.795966277 -0.066890724 1.633704646 -0.089215418
-10.323429804 5.654695282 31.257461256 -0.129212158 -0.454055754 -0.585453801 -0.659076200 10.291116318 3.057859148 6.427731082 5.223401692 7.593689842 4.188569162 5.953188229 4.759456324 1.005685240 0.152112280 1.422755776 5.696006099 2.803960891 4.478274347 5.896656555 5.302060762 7.811284124 2.872552084 -0.139261142 1.535870169
-14.681876883 6.985360025 19.950465257 0.822151553 0.231455572 -0.359341316 0.375990639 4.467785588 2.953220318 3.723026077 7.151747074 3.393595785 4.338767284 1.259523177 -0.839634335 4.834965286 6.189311340 4.867762032 -0.023833473 3.099486970 5.358263312 7.081833421 1.921388159 4.833753099 -1.477948405 6.490103912 4.929590967
-2.614065920 4.198440776 28.365376025 0.596718638 0.427359004 -0.160269732 -0.660003608 2.194909798 7.789961365 1.265890678 7.065203471 1.545980003 6.710227012 3.135020003 8.493966222 2.842140126 3.202189089 8.443009645 4.215410279 4.631916146 5.788708831 1.621895714 5.261548842 3.481267896 5.971732692 -0.371009011 -0.598275702
-6.371591094 0.768572188 29.455464744 -0.500884416 -0.227748304 0.611991585 -0.568077293 3.296843529 -0.106101831 1.077847251 -0.585989663 10.072467647 0.433158662 6.674006234 3.890685708 1.962535721 5.543208566 0.438155016 4.305020132 6.109648665 8.485806337 -2.979254525 7.471160896 1.354469596 4.356327816 2.397450312 6.885455958
-8.784970468 3.709773606 27.597275443 -0.798076374 -0.125909303 -0.495869063 -0.318331307 3.478939678 8.197118851 9.111055156 4.466292626 6.391525358 5.765681164 6.504635648 6.428869582 4.931909005 2.087690821 2.090041895 3.332571637 2.433755179 3.397366494 2.996689431 8.473506843 8.552982328 7.087831022 6.885959853 5.475127476
-8.302508651 0.296734308 21.956799568 0.592563954 -0.228631691 0.333128637 0.696864995 3.371938196 6.654175719 1.456877546 -0.356310958 6.723089469 8.725862424 5.787580960 5.230978405 1.761673525 11.321126748 4.721595290 6.400759475 4.321111552 5.293091317 8.067662580 1.086230453 3.909939119 4.271278853 0.618512107 -0.570186938
-6.781251796 -2.804616457 21.752691990 -0.438860400 -0.238973112 0.818061763 0.284725048 7.197688962 4.375054046 7.661138536 -1.007891652 9.777409807 4.981125963 3.806770761 4.232644828 5.203733419 8.566206158 6.070893356 -3.204891290 5.306074054 1.801374253 2.869488920 0.934387654 2.452777480 4.110615002 4.284198764 0.380812339
-18.471139748 3.739154390 30.541151559 -0.369164488 -0.734689682 0.052924401 0.566698914 4.660728944 8.569007778 3.454083216 6.544942546 -0.679790522 2.138581463 -1.617746817 9.273720335 7.606442899 5.220465858 8.303243487 3.854067914 5.263231982 -3.623732465 5.564437704 7.316820322 2.491127453 1.050271205 4.737314656 -1.187639645
-18.359077509 -0.230620405 20.887734597 -0.616280422 0.638227365 -0.422754333 -0.184778368 -1.984537513 3.937923477 -0.687239059 2.646834916 7.450243274 4.828452846 4.318089774 6.008052159 4.932839689 2.440584370 6.719392700 9.134220950 7.776906142 -0.169412970 4.642518255 8.084177816 4.261711462 8.097326391 -3.008365092 9.653629684
-12.702119885 -3.472236617 21.062112982 0.197212276 -0.512961687 -0.294056671 -0.781989961 8.529753817 4.459532284 0.764545671 5.628438798 5.439856084 -1.339404413 4.478835165 3.610546757 -2.321562945 10.001418075 7.744920263 9.639627886 1.349336133 8.042542594 4.948471628 7.225368891 -0.412958799 1.502647803 5.602950009 6.844986666
-2.318368421 -0.310434565 26.388308413 -0.572824262 0.207724742 -0.790413919 -0.062997098 5.502508502 1.916266681 4.881623452 4.399044736 8.656579739 5.920068370 8.871740680 1.485767406 3.219683085 4.720123568 11.227123540 3.431775945 4.229792073 3.497357500 2.501898244 6.383608795 0.300270555 2.650184397 2.044750264 3.690077616
-6.812302727 -1.489741718 24.776540373 0.297075688 -0.061858446 0.022829508 0.952574607 2.792707541 8.002617321 5.364575388 5.157954484 2.553162439 5.067179079 0.561874223 3.868537074 10.562575127 3.491358236 5.893290127 8.532482407 4.668474948 1.751120883 3.138346050 8.902295216 0.997870275 5.575561755 7.142636018 2.560403175
-12.848664664 -0.276151688 20.970698539 0.716387062 -0.031901718 0.549854606 -0.428289354 2.654192226 9.963328491 11.763547203 2.235966851 8.609150188 6.768499115 1.850609052 2.777915810 1.964994325 7.283884140 3.738111141 2.449823068 6.140169504 7.378461131 5.141847094 2.751580885 1.719598443 3.978315036 4.626231238 0.208357199
-19.153434486 1.679859958 24.089724046 0.510022794 0.197431913 -0.168739605 0.820014838 5.738993824 1.539556010 2.112595724 8.974605940 4.432209891 3.688862857 7.721618541 0.189753722 8.470150502 7.057889449 2.727255142 0.750689074 2.547467412 8.231804786 2.319864551 0.750702494 6.598439216 4.277778196 12.030482757 1.362617612
-16.495734683 -0.355076909 23.351537759 0.535329084 -0.065680729 0.122070356 0.833191240 7.273315790 4.113177124 7.321364963 3.718442642 5.400244675 7.857001164 3.458713332 -3.720789235 1.781908881 -1.128223985 6.282220355 8.307644275 3.318560802 9.994010294 1.249711992 2.917590321 -0.846028564 3.206155203 3.561884456 3.602368427
-12.847093365 -0.642420215 24.860952267 0.756395264 0.050552618 -0.210747652 -0.617167777 4.530152527 3.013254987 11.263048701 1.915098739 4.166014651 1.864123071 4.783612436 4.580019867 4.178596428 5.102118723 5.568815871 -3.441042992 1.398002854 6.577082032 5.380235244 -2.833896172 5.341260096 5.743455828 -0.909234735 7.139445117
-12.914735786 4.875870110 25.663757664 -0.824125981 0.327668516 0.180222349 -0.425405238 3.474349584 -0.467190474 1.291324019 7.562044357 7.886423024 2.244324002 -0.259283148 -0.436259424 9.834549034 3.078069314 8.972958686 0.499859417 4.550024256 5.516998648 5.237749494 -4.049532202 2.238233883 2.427605380 5.157568878 1.253463001
-17.256633718 -0.304919833 28.931535417 0.546486330 -0.171397893 -0.489776003 0.657339274 3.944249430 4.793568647 3.970057003 8.176618246 0.981212533 7.762766061 2.507313262 1.133217903 0.971280783 -3.505794223 2.023380871 2.207218473 4.728388449 1.514948350 3.483898535 5.863166394 9.345369589 7.909757019 5.690610085 6.128302415
-12.179649140 -3.793435830 22.776421422 0.583366684 0.013344281 0.712057869 0.390485382 5.104619692 6.373759006 2.912560455 11.704505800 4.527304327 1.557819112 8.269305225 -0.347982962 3.935320501 2.083660696 3.886917893 4.529116380 6.298481017 3.879218947 -2.830212791 1.018142348 3.285350158 10.394499999 8.308141748 2.170130274
-9.265098671 -0.462348698 28.652297978 -0.086180550 -0.450462269 -0.642136426 0.614261726 2.897052329 4.436535208 5.896299972 -0.404559977 2.903317262 6.141087149 5.135302554 8.478821113 8.088823344 8.572203901 -1.782252187 5.992699182 9.883105538 4.088436043 1.348746449 -4.168373661 9.515776832 4.365542527 1.227365354 6.306980447
-11.188425907 6.394828285 32.414111161 0.517566862 -0.592495800 0.083724737 -0.611607259 9.244132033 0.137836109 -5.767330660 1.698649280 9.242428597 3.019665851 -1.119669221 4.722767290 0.358104706 1.969977954 3.317873764 8.430728108 4.201916590 6.934938679 2.173482571 0.185406509 4.116944860 8.834624241 2.499120775 2.493675318
-4.788992433 7.052917138 21.848239834 -0.894434635 0.346999038 -0.073502619 0.272352192 7.302032215 7.635634391 -0.260559935 5.295890599 7.163903082 4.034918527 -0.798893169 6.980375476 -0.409402431 3.522906845 2.832472597 3.728285752 7.619933497 1.186266712 4.056784172 0.255853323 -2.746576422 1.445268086 6.382314971 4.779379740
-13.607328521 -2.531872268 32.474234636 -0.529638800 0.766116167 0.156637282 0.328654105 2.177382078 9.625156182 7.669265957 4.683824727 0.878704744 8.183958930 8.909156263 -1.330621450 6.176499175 4.583783363 -0.008199480 3.351366115 8.657489319 5.479980639 5.690262258 9.510450566 2.007455017 3.563081423 2.219007273 0.774493062
-15.608114750 -5.558244367 23.978724544 -0.964724047 -0.134881371 -0.214853940 0.070372673 0.079054346 1.838607555 0.462978944 -0.699996836 4.209062484 2.357803274 3.165122637 0.108294998 1.119591229 2.625589777 7.624904374 0.959650162 4.438654064 4.767430780 5.707016433 5.718513770 5.683095815 5.175873338 4.105194474 5.482566427
-10.891264699 1.822370457 34.107897804 0.296530481 -0.219852012 0.149242421 0.917312088 6.066218516 9.104433592 5.187256579 3.893730410 5.026197451 6.432624604 3.235688444 0.937981652 -1.898681581 10.616576992 4.151999771 5.062510288 6.647142772 5.399032385 4.750971287 7.446912532 8.109141742 4.714181793 3.549936173 7.166361327
-16.666110343 -0.176820854 28.458250412 0.464547573 -0.219595626 0.397553021 0.760213726 7.689326869 1.298709428 6.592462581 1.805569026 7.463324895 6.744238004 6.638125689 1.256880253 6.607176552 -1.024663013 3.323846189 6.528301605 6.333925756 6.163949017 3.676008404 -2.008048259 5.811310696 1.805403142 -1.552924350 6.488736572
-14.827695459 -4.285358412 27.859191592 0.143354826 -0.087876504 -0.948937481 -0.266917162 -1.952577094 1.915973901 6.576325072 3.594496215 0.044264112 2.548576381 3.901050889 6.326759862 5.498866709 0.087306796 3.918450237 2.558958622 5.793728102 2.979146787 4.905432450 7.942743108 1.741283298 6.959863585 6.315720060 6.861564903
-12.048230571 4.452040514 24.918010072 0.449552765 0.251908171 -0.358260714 0.778520292 7.201056558 0.435459583 1.874835929 8.565101473 5.849530212 5.633135312 3.415405076 5.994198362 11.368425315 1.467727322 4.040675964 3.865267097 4.185808391 11.335882942 4.689993521 7.346021963 3.496438276 4.390935095 0.919316440 0.623532006
-14.916829496 7.606519346 28.654571318 -0.508265943 -0.576309247 -0.233725521 -0.595739678 6.899173171 4.416046831 2.162523507 1.111697799 8.541693418 4.479950316 2.932295266 4.847197430 4.315487005 6.358016911 3.287404775 1.886442245 2.431000818 7.114541936 6.433142342 6.160762302 5.068562889 2.103883668 6.180810240 5.802651628
-14.127223537 7.872306662 26.521216473 -0.418744776 -0.633021497 0.255959393 0.598683043 8.193078012 0.647861710 5.852210152 4.016949063 4.569090329 0.473740922 1.370973011 1.419069711 6.315650666 7.790435286 2.518845921 2.327756739 4.377683449 1.945065405 7.251838756 6.403920206 6.850986767 6.180956987 2.111882996 4.499754664
-9.907982432 5.240913519 31.376341022 0.315770601 0.465931433 0.207724084 -0.800029707 -0.974404273 7.971662911 -0.567700440 3.064431268 2.985313153 3.989281929 6.454132317 5.928998657 2.613920810 3.966118272 -2.534133665 -1.120770727 3.380412352 6.180319990 0.549684382 5.115407813 5.040176828 7.904974758 4.737219579 3.169228325
-2.963601161 6.882833631 25.790845238 0.250244302 0.057581913 -0.636363895 0.727394739 3.386830149 2.299342265 4.290127277 7.458544455 4.710159461 -0.876561422 1.651516018 -0.642548284 3.781523275 5.132200360 5.006330655 3.439339838 6.194042152 9.183204664 13.070668560 5.365107195 1.973919363 4.175840382 -0.249991802 3.171420450
-17.235349902 0.155459441 29.672693504 -0.611712263 0.579196173 0.429349244 -0.325575070 7.651689067 2.778492983 1.268042154 5.063268611 1.273130282 5.583957663 5.025883815 -0.626188009 3.833535400 4.838962590 5.944631274 2.420754070 12.344894931 3.036036043 3.466197231 12.959531837 9.335064362 1.273467257 0.630472636 3.233383381
-16.531404643 3.056033030 19.293321042 -0.960279290 0.276657984 0.032500562 -0.016363339 1.263811948 4.804885406 -0.810269211 1.805736895 5.526618231 6.073720563 5.752524402 3.411976665 0.939233324 2.387093655 3.095009397 3.092774257 9.694020440 0.447694097 2.676348327 -2.733379031 6.836728819 6.808373739 3.709975401 2.792366347
-9.934948989 10.305921496 19.009006454 0.749007172 0.613457399 -0.203280832 0.146065666 3.783024178 0.288728219 5.457292479 6.317948983 5.270644534 5.470588261 -1.971256741 7.462178609 3.622255122 2.935330851 2.235708171 8.469624408 2.223589057 0.550124176 3.587278246 3.630520511 5.244563195 1.962551534 5.189582254 8.523096064
-13.378205344 9.429396982 21.231077209 -0.910315098 0.055846796 -0.085881468 -0.401038567 2.898407443 7.407014667 -1.568007536 5.268904416 6.647859041 0.339602182 -0.706309044 7.388068723 11.572667104 6.183811844 0.372044794 8.182519689 6.324374279 4.724070507 6.251107706 1.554188357 8.801428894 2.218148637 3.741032422 3.382207495
-7.956976005 -2.864729670 26.188904119 0.603869957 -0.723781872 -0.054210444 0.329457288 3.784954726 8.503676629 -0.762422311 5.251351043 4.770624311 5.396944748 3.559882902 5.767860942 2.631005004 4.272558113 4.158822834 3.012542248 6.167282710 5.804981135 6.638946961 4.885474059 1.782607494 5.234683239 5.391225459 5.623259015
-2.449254054 0.661294217 24.429638027 -0.146873509 -0.364025178 0.366129454 -0.843719779 7.165014519 7.223873479 3.631805529 2.706665425 4.881932614 6.976167171 6.916609901 -0.570835210 0.989629980 6.414410524 6.037025732 0.050970527 0.741866709 3.670399748 7.373053789 2.644495452 4.311691156 9.071154376 2.056481880 5.428429608
-13.869562103 -2.308730137 20.379870077 0.000452209 0.780102925 0.613303340 -0.123686034 5.346429707 4.215570944 3.209600253 2.852493524 8.209796455 9.075405988 1.115541857 8.874231523 3.153932728 6.171593175 4.864294566 3.969703696 5.427848407 -0.547930094 10.567694383 2.577530151 3.669968943 6.513729240 2.818196066 10.620681416
-10.113936653 5.878761524 23.660064741 0.904077809 -0.201324097 0.197353697 0.321190663 8.214306612 7.233229715 3.160299416 0.497431928 4.766813365 4.467558191 6.618233316 4.876941788 0.190488462 3.042476480 7.626339963 3.400390523 -1.234143994 1.336151050 5.262863743 3.375084498 -1.769606932 4.600257878 3.061079038 4.315847187
-5.618329500 7.273385045 25.114469330 -0.187524351 0.651276008 0.703842101 0.212792097 1.902371587 -2.124054252 9.700898278 8.214237418 3.659430104 -0.548816660 1.340288503 4.118375795 0.615997375 5.167244161 -0.997000088 7.936215102 6.467300326 4.277607624 3.837414785 3.093799384 5.132264300 7.256839256 7.238679631 3.276884466
-12.476883359 1.226920789 31.252452824 0.611224278 -0.031965836 -0.713893416 -0.340204731 6.900284991 1.246706836 3.685539004 0.646294070 3.297574785 3.946579396 7.164688127 6.304932188 -3.985992014 2.242793107 5.908540269 5.451035564 -0.760383220 11.477402665 5.268854153 7.394434937 4.959713360 7.775034423 0.345590089 4.297028022
-17.496030613 -1.840668071 28.149468837 0.454656633 -0.252026527 0.425934523 0.740506420 -0.427200815 2.324178385 8.871548040 4.491103710 3.803984704 0.819882624 4.440165697 5.226521666 1.523707122 10.213206529 9.524927829 0.056863099 5.528396835 7.269549395 3.608443035 -0.911128830 4.689876081 5.424310541 2.953729178 3.919603754
-14.911865005 1.504631789 25.328848981 0.214290019 -0.843105834 0.398368968 0.290782574 5.548700884 6.661312192 8.929318331 6.854937180 2.912822764 0.916772660 3.751384978 3.785265995 0.436901528 2.718303394 4.122324408 4.547091900 4.550081966 5.347723523 4.124423954 5.792938505 4.632533005 2.582543391 3.753296943 0.423463002
-12.790798047 10.244068391 23.263783812 0.030432681 -0.434449532 0.526453209 -0.730187973 1.327706054 -0.466543505 5.202678251 1.698495388 5.467873519 5.888790488 6.637708316 4.662947120 1.268942384 -1.175452129 10.624749410 7.584488673 6.180507609 0.353201461 11.714779287 6.208582183 0.350760063 8.536682946 2.149636410 2.797385827
-13.381836711 4.719058199 30.429526244 -0.147207595 0.345790905 -0.898413051 -0.227183984 1.789592623 -2.070219409 5.042038614 2.414938599 8.163091763 5.254500756 -2.000310862 2.443699392 -0.203259454 2.185486315 0.747422656 4.295752731 3.989284551 1.698535054 5.389897602 2.868887749 4.125899414 6.386995553 8.505276816 4.501717574
-7.998024421 5.424951793 20.346818939 0.305262914 -0.877974867 0.366751330 -0.038316425 5.516146867 3.612439301 10.447848156 5.064412382 5.120060811 4.456912404 10.027213995 3.102807900 6.012323048 2.904872710 3.364570653 4.570299070 6.235686613 3.222944973 2.825771235 -2.520223948 3.325054224 6.213602384 3.158105962 0.742174904
-5.068523632 2.321761520 19.619121810 -0.514324416 0.231120985 -0.742531120 0.361525962 4.134646263 2.030908621 9.995559519 0.081785087 1.623365357 7.228025591 10.590708166 11.171730831 3.684029268 5.336671296 5.231762216 3.478520902 11.398442181 -0.588934846 3.183051021 1.256294066 4.272978229 4.785124126 1.269273619 5.897808337
-5.535036115 -3.790690277 27.499661185 -0.703549861 0.439773652 0.469661203 0.301720206 -0.279452892 4.592874836 3.447375146 4.585073871 2.952425378 4.953120719 4.274879101 11.496147414 6.532812288 3.776637439 5.738918785 7.031657239 7.834858021 2.926155836 3.035103307 5.576935310 1.310900692 7.443100820 4.612650534 4.258496413
-13.853837238 1.330401032 18.636031150 -0.545725026 -0.725094776 0.358633043 -0.218641493 4.024765123 3.581371857 4.213979120 4.186772972 7.581855509 0.882793937 3.150928577 5.282383995 4.674827510 8.442410373 5.823492839 3.913416666 2.965904085 7.282726983 1.947326647 -2.894325371 2.244645080 3.412355655 5.042564896 1.080117146
-13.629102402 2.985177610 31.802878639 0.576006558 -0.740588135 -0.072101792 -0.338447916 3.229995466 8.639091956 6.001345161 4.002828486 -2.209446416 -1.258339678 2.867948181 4.690975635 2.120933527 1.994514381 5.041945562 2.130978619 2.099291432 7.504325165 3.867146335 2.203634937 5.450678585 0.951494414 9.983116301 7.091379468
-1.534119865 1.879025308 24.743769898 -0.844227158 0.274445806 -0.414799514 -0.199753270 -1.829161080 3.216027139 4.493786975 6.413057286 2.576990721 3.809870644 5.251459773 -0.015476439 5.344304655 7.966810981 2.606559671 4.170606634 -0.748636735 3.977379593 7.487899440 7.806398748 6.166944428 6.521866586 6.935772265 3.491023840
-7.930964453 5.878305843 21.135928533 -0.263723626 -0.230020178 -0.331415071 -0.876187547 1.435653331 8.502852669 7.450961734 4.989409763 6.192336487 4.960075944 1.617819998 9.440481339 3.372986407 8.637595632 3.550808651 1.893099450 4.674691601 4.398218343 7.316734371 1.049010576 6.793966170 4.150642366 3.605765982 4.340402395
-11.554745598 -4.618070815 26.542638493 -0.576672527 0.263071536 0.286326982 -0.718511672 2.602381774 3.363824789 3.299743522 5.219965725 4.065089341 1.615046324 1.721342173 7.667083898 3.787738478 3.919991747 3.318870832 6.659130631 4.060371441 2.331862524 3.635231552 5.009056128 5.329094350 6.092535604 6.207678324 1.413094402
-9.978528327 2.414290227 34.017979417 -0.523263203 -0.583223774 0.597349989 0.170934605 2.541754876 1.160341286 0.538382992 5.310843296 6.219031028 -1.684081042 10.585410427 7.533077861 5.797825490 2.891126706 8.109228322 2.967420840 0.608738254 5.314033908 4.724429475 4.074234224 5.149931766 6.126448501 3.570657310 0.582106662
-13.012284780 0.980734774 19.757168138 -0.631642118 -0.483655448 -0.600970510 -0.077071969 6.822218574 -3.130438904 0.720071631 4.361809445 5.283520863 5.672344642 5.302515334 8.376018698 4.209235740 2.784438533 6.542117036 8.485159643 6.602593381 2.396733430 6.038149047 3.431151655 4.373099776 0.289465486 12.392677886 7.587139596
-13.571860912 -2.655107174 21.755272179 -0.293421442 0.646246218 0.302396254 0.636259529 0.504516875 4.966850001 4.968506807 9.678665519 3.149308500 5.181703813 7.358164044 5.725956562 8.017929874 7.635980603 3.903912911 5.557273758 5.650426657 0.703347789 5.900436127 1.282252927 -4.715541585 0.320198911 2.542584886 0.910637112
-15.565300869 3.696412702 19.140324370 -0.086027666 0.248757895 0.060695916 -0.962826441 1.887548440 5.139351869 5.113060186 1.513604209 1.949133653 4.834307580 4.543672243 2.362830798 -0.032169013 6.515822519 2.327512843 5.292813039 3.900301271 2.287246058 1.970374471 2.878294571 4.811155294 3.113377448 7.328669862 8.911077748
-8.895771349 6.392286737 28.536931135 0.280199357 -0.792856004 0.045206868 0.539281018 2.078680641 3.513019849 5.191550831 0.308412639 1.786694915 1.923301474 6.563628959 1.905206168 1.392719681 3.535582225 3.923419583 2.448249736 8.050229510 4.145094199 8.014680741 3.114030674 3.661592365 2.259938498 2.631557684 11.530250187
-3.801122574 5.280203895 30.144635433 0.268872762 0.764327020 -0.458003923 0.365710337 1.663506997 6.074246593 9.433888211 5.855064934 7.174566240 4.432488188 -0.698360740 2.885391245 -0.680403009 1.567975514 3.120913700 3.236978402 6.795012214 3.072591760 7.246703529 0.170466037 1.457871617 0.503595174 12.864833256 3.121875348
-3.469575074 6.868891566 20.016513783 -0.123219970 0.017451362 -0.769846835 0.625977747 2.113333892 5.437722284 0.599515669 1.291291195 1.399695639 9.211184232 6.169935817 3.669570206 7.284036332 4.803116430 0.615921115 -1.034262341 3.488097654 4.819269071 2.670833381 4.610716478 -1.951755397 4.708664768 4.428919918 0.340213667
-12.398096744 -5.241995433 28.508515755 0.230370758 -0.923827019 -0.288454833 -0.101325027 7.034884059 5.024576611 0.479095714 3.459309882 1.104733220 2.138086520 2.656297418 7.515431940 6.400018220 1.753109726 2.194893782 8.108727329 5.856553834 6.323113956 3.672153942 8.660888911 6.070983736 6.091707593 1.859938881 5.732577511
-16.198836279 -4.257565745 27.197996746 -0.479055630 -0.397185080 0.094384124 -0.777072296 9.028345292 5.844737228 7.722900834 5.578191787 3.590960782 0.217643723 4.695144536 4.292818493 4.355332974 4.972573866 1.224773057 2.535634456 3.709801662 5.759100637 -1.398507491 5.875399661 -0.677691584 2.345876798 -3.187596043 0.332034459
-18.735128389 3.919239858 26.995124313 -0.837974765 -0.144241909 0.257829980 0.458820517 4.103342238 4.635598743 0.888836051 3.119164003 2.000087563 4.821693776 -2.515983155 1.399428294 -1.378401289 8.971024894 1.694808107 4.495829433 5.751659120 4.510372357 5.897976079 2.208689000 3.182680047 3.542213298 3.101453296 3.488784661
-5.473550242 -1.801414230 23.474941936 0.914355413 -0.277009722 -0.288846380 -0.061543160 0.933193856 5.908827732 3.373092801 7.933327946 0.308517490 1.903936109 9.143153536 -0.894356428 5.795894967 6.686082111 7.679680682 3.898702407 0.718956833 10.820005810 5.658223606 5.307300113 2.731417070 -2.166528487 6.710468638 1.852052182
-17.124216992 -4.601566793 25.574537449 0.637176955 -0.756526921 0.140279738 -0.044655806 3.770300056 11.519329071 6.986453100 1.997095295 3.981468326 6.033688958 3.890395896 -0.071536417 -0.015177509 8.385080068 -1.447093944 7.184561702 7.169366344 1.230128401 7.990845126 7.636685890 -0.749303061 4.123608707 4.153675365 5.544519351
-13.139100828 -0.554617036 30.158828960 -0.425642457 -0.016355442 -0.862899158 -0.271966984 7.857137140 -0.979350517 1.808143327 4.988809608 0.805666413 4.208234174 3.321465287 -1.372499635 11.366990983 9.297604136 1.217086698 6.340079735 7.525498182 7.190375161 2.432244761 1.920720847 -1.209463832 0.863230022 2.118853363 -0.048178836
-2.827404685 5.089200141 25.508699276 0.953826648 0.193735047 0.201626104 -0.109673935 4.959193509 3.879981204 0.838015428 2.905766702 2.115768882 3.228558317 3.324620477 4.426878246 2.177196015 -1.616307720 -0.664952700 4.083350672 3.647838880 1.085937735 2.289243755 8.723898683 6.100808103 1.573534730 4.504866937 6.022276243
-10.885751252 6.224796228 27.375395993 0.580021916 -0.091278043 0.694660944 -0.415558742 3.260656509 2.179457705 2.839548653 4.954526409 0.444655876 0.891457414 0.925959785 5.321847032 1.480463296 5.827110119 2.782084320 3.360851258 4.931800459 2.010271008 4.388913428 1.608174007 4.597846682 4.950748161 3.473641477 -2.559657709
-18.102983310 3.698803944 28.282399561 -0.405736249 0.059879228 0.622048134 -0.666969785 10.311070545 5.567549173 6.555500308 5.800884513 4.660988395 2.116909858 5.930411779 7.714191217 4.348559544 2.344268057 9.762403404 6.217481794 -2.001686336 4.469921040 3.312712401 1.666671573 1.931217637 3.446474453 1.009966860 2.773981534
-11.668406396 -1.699848590 32.401777195 -0.423622373 0.603345491 0.545562527 -0.398597330 0.787880730 6.341598990 2.454721775 4.125795971 7.319509219 3.060486810 5.642419929 0.563476815 3.658469752 5.978646139 8.855009614 1.726663787 -2.324394193 0.961709466 8.749133640 -0.377929969 5.179678322 3.113329539 1.866301059 -1.570802598
-6.988646016 2.471419799 18.416020375 0.419942902 0.894189195 -0.131849114 -0.081789080 3.234395213 4.399653252 -0.654250892 4.215557026 5.399895213 0.626433338 4.697926979 3.328190053 4.350755250 6.307705793 3.722502212 0.622955421 6.298723377 1.977458215 5.165775940 5.053479434 7.736543105 2.117817723 2.130167375 11.583438140
-9.252784705 4.455007730 29.814495708 -0.861128056 0.260652514 -0.296821651 -0.320024446 8.346737493 -0.015964497 5.773722024 0.211264767 4.712656739 3.394900383 5.164350052 3.620613082 -1.699237787 6.645485861 6.548490723 6.829338388 5.472852117 -0.062193808 2.577470506 3.439125239 3.582637271 12.207998217 4.136511686 5.716183633
-12.242674408 9.969408055 18.818548612 -0.650957290 0.740767419 -0.040313322 -0.160913250 3.343905059 8.457289706 3.660270222 -3.623778585 9.438999357 0.618958875 -0.738861493 3.559475527 8.698894458 5.958963641 8.117166580 1.682262896 4.882052906 4.511306343 6.317022491 7.943860398 7.753826532 5.856677678 -1.948336476 0.488634506
-13.369470182 -0.831893721 20.033966216 0.233133675 0.529927732 -0.046654543 -0.814032335 6.847786251 5.786855045 5.202751955 4.080473866 3.454453287 3.574444881 2.193811673 3.947615101 4.064905413 6.332515203 3.216785752 4.430671517 2.029897080 4.198104483 -0.715722450 4.648959983 4.002009688 7.458622310 8.041122770 1.843963489
-13.795411032 5.872856139 24.354991741 0.706925072 -0.230309539 0.220076856 0.631490805 4.223441227 0.689396361 3.707004749 5.383852792 3.006854547 2.771452284 -0.088439420 2.501732731 2.640638692 4.067510107 6.769436016 4.203808334 -0.923805808 2.349823592 -0.402715308 3.085338395 1.369684774 1.653633560 8.501199542 5.954631838
-8.859442553 2.566311944 16.851803704 0.327587781 -0.722498003 -0.167410003 -0.585368920 5.935367559 1.616696805 2.944729480 2.037125623 4.953937733 -0.849061689 2.266920058 6.534729078 2.761028538 -6.545064955 2.332752086 2.908174302 9.315702602 -0.919417706 5.940726923 2.798441722 3.963013984 4.931100960 5.303704699 5.386350265
-16.275503166 -3.251914627 24.573609946 0.602113512 0.521721777 0.030474502 0.603603355 8.254251708 1.958618131 0.170112736 1.142293281 5.882192172 1.081190191 1.289390756 3.576264471 5.091063918 3.674657316 6.802581262 0.298156013 2.923768668 4.316972604 10.171530614 5.282367594 1.481826735 -0.149892670 4.450007172 3.121064242
-15.053821534 10.575817769 29.241347405 0.567564110 -0.143722673 0.719137360 -0.374240874 2.130264301 6.326191482 2.666654802 3.993749226 3.007088186 5.683271061 5.725084147 3.091070538 3.387914158 3.077081769 4.693052480 3.096377169 0.629034528 6.026263695 2.441304365 3.147342822 8.121554374 3.674725273 5.402904883 3.590932364
-11.364411386 -6.668397555 26.575882130 -0.604066017 0.227158446 0.585502767 -0.490601465 6.259820142 5.610881629 3.574651158 3.844120918 2.121508611 5.619419411 4.619973807 5.792334937 3.777442285 5.522940090 3.535219591 4.349094837 1.021178643 5.306275662 2.186384622 2.816121751 6.014456493 7.011853519 2.798978545 5.798554295
-14.216648370 -0.016185897 16.488361390 0.323465002 -0.784892372 0.097336459 0.519461230 3.020081950 4.615751090 -0.431120676 4.530086439 2.228170067 9.074336483 1.298018068 3.824874587 8.185489183 2.711205570 5.732781045 0.831169516 1.499765453 -0.161604189 6.578966015 5.698774543 0.080182554 6.297002082 4.417315970 0.562015403
-3.122672619 -3.625632539 23.175455589 0.427362808 -0.788123949 -0.040843046 0.441082212 -1.756302647 4.503889364 2.793016047 1.921490763 0.846964414 2.918490271 7.177743182 1.244806248 1.678695079 6.149862980 4.957030711 3.506843212 5.850059258 3.653381434 -2.332345858 4.988727809 1.030601962 7.057814973 3.769133008 9.009842786
-12.656546108 -2.490676159 23.628731919 0.604796948 0.560644845 -0.538242513 -0.173761351 4.151048769 3.941670348 4.250057679 1.482113620 10.249523144 5.697538898 3.327630390 -0.646045326 6.799109046 1.050197025 4.038066945 2.945954358 2.718886682 6.929893976 2.312748426 2.072407192 11.659131307 9.028229430 7.370240956 -2.133703978
-7.654041517 -6.077856344 23.700666291 -0.573009620 -0.774551308 0.206381227 -0.170695742 1.317905832 4.678715504 3.262277740 6.330431765 0.271598743 4.282208268 1.348665372 8.574251051 7.610178830 3.326204502 3.604865565 6.271939639 5.316620711 5.568964045 1.087930841 -0.170540312 3.664453594 6.968921025 6.772489576 0.597311383
-7.489445806 11.589586687 26.191529240 0.355898671 -0.122744048 0.178644815 0.909041289 4.520842577 5.333978890 0.733408293 3.984106379 6.686324983 6.940693500 11.647965051 -2.839752435 0.620452355 4.680431089 8.457998448 5.491500526 4.597966687 4.195171043 2.335463258 9.025783490 2.559710855 5.029929944 5.791338214 -0.194950583
-6.013419340 0.275223682 26.824232214 0.893373536 0.252146544 -0.300310646 0.219361257 10.588304710 -1.019698065 5.293478819 2.796399115 9.711803729 3.090821659 3.739465849 2.508150514 1.093597614 3.058431579 1.894168362 2.347773904 6.544815478 4.736151556 1.006276564 -1.926545276 3.575689417 4.808874356 7.673322372 -0.807580475
-9.541434106 -1.697887607 25.461636387 0.457176970 -0.857385198 0.143549419 -0.187812153 2.765776266 1.007645972 6.601176943 4.369035731 7.281285211 2.541762467 3.004144455 4.669046460 -1.706403176 2.568460438 0.161673084 4.754617353 2.617274796 5.708034931 5.627509328 2.216140943 -3.369059472 11.153285569 2.699210433 2.734711843
-11.936903387 0.113342536 22.994087639 -0.653611210 -0.480963415 -0.366075520 -0.455472605 1.470385422 7.850617757 -0.183081353 4.696943445 10.132167169 4.411327053 3.309499692 4.111096313 4.432588763 9.769360657 1.493436769 5.297776657 2.326259603 2.137289919 -2.154211170 7.553213886 2.136651222 5.089860896 6.335787252 7.876264744
-10.897816821 4.889921746 33.735900665 -0.068215011 -0.127117243 -0.939850972 0.309625693 2.627264040 2.863463489 10.192866939 1.923863065 4.370990133 8.710822449 4.438667620 2.327523700 6.693440531 6.633651787 3.715038397 -1.078834834 5.789111886 6.154000692 1.943367092 4.186871361 -0.619098437 4.414542659 12.282291568 3.412602002
-1.877610631 -1.160390988 25.887224153 0.089548788 -0.611612785 0.781647187 0.083297603 6.710963680 6.519250959 6.841209170 5.882305413 8.214130343 9.454985693 3.620213929 5.355131014 7.587963930 -0.148311856 7.514058242 1.573237117 4.688130806 3.092711290 -0.258580003 6.614250028 3.377031010 0.870436923 5.821810337 6.405508073
-11.407715955 10.462904824 24.458878781 0.841564631 -0.523577751 -0.068182408 -0.113958198 3.940703698 6.138038410 4.965184354 4.850750505 -1.296006896 1.580952273 7.468448398 4.066406305 2.710939602 3.235257331 0.663491890 4.550044254 6.239826658 -1.161827429 8.471685846 3.173814817 1.338809643 3.399893245 7.708350441 -0.373311561
-10.798572720 8.246468363 28.911257919 0.207371794 -0.680931412 -0.587076165 -0.385578692 4.653355172 5.140914464 5.155545014 -1.672336408 -3.376851525 0.762690834 1.735895474 2.988452894 3.286502456 4.712915993 2.032568196 1.131680226 6.511270384 7.036877652 7.501277140 4.819846363 3.314408035 15.472917848 3.478504755 -3.652844662
-3.986610813 -2.006403639 25.755657697 0.253977609 0.675537872 0.237022926 -0.650356895 7.382075064 1.915046724 5.827546973 8.741719254 5.981747808 1.255080066 6.839098579 0.488607468 3.951685478 7.484390596 4.801958063 1.207387000 6.068151254 -1.815651057 6.235558790 1.780082760 8.407758015 6.027297690 8.337023814 0.184943440
-4.782097593 4.078819930 19.870591353 -0.193094629 -0.123424812 0.928452570 0.292329619 -0.986782924 5.284015125 4.817452361 2.110049899 5.470773373 5.490503985 1.720052997 4.737737936 5.321005615 1.500339738 1.767972897 7.651435611 -1.256273978 5.205038043 3.311773150 2.019659488 -0.219802158 3.295171140 2.233350691 4.929452854
-7.172828174 -2.768944544 26.381330758 -0.386148125 -0.454253799 -0.430011775 -0.677962377 -0.314243981 6.291229919 7.161974982 2.389053423 3.866102763 9.819169007 6.282383352 2.119471720 6.118986603 4.072827272 4.477801025 3.191075721 2.973506016 2.610013053 -0.287667685 3.904850232 7.602555038 5.228834077 5.727523773 -0.021854276
-15.788345912 -5.413329751 23.392238126 -0.383980218 -0.146235610 0.889918563 0.198038604 -0.515728189 0.850392619 10.677292564 7.907667059 1.633924836 1.202908154 0.604292250 8.664491947 6.194881059 8.770443772 5.452240118 1.956931792 -0.205517941 6.239434345 0.100145388 6.265558167 4.950650984 5.122233682 0.754974124 2.747419994
-4.394747495 -0.972475516 26.462422945 -0.776603244 0.040843344 -0.590212176 0.216492055 2.972459317 5.436834213 2.739061842 5.831983626 0.477343932 6.098152236 4.799849497 7.030892253 -0.190081812 5.258802096 1.674101072 2.773718856 1.659653323 5.267224613 5.344273395 -0.269025811 2.675293453 2.343952703 7.352763588 8.170443577
-12.290747789 -0.409675833 25.128423145 -0.231910760 0.359620014 -0.443581662 0.787480891 1.765699396 5.783249625 3.168375806 5.924551293 -0.340576304 4.082184292 0.244406817 1.588709887 3.963576304 8.366770213 5.537473718 3.716090106 4.213641013 -3.516059564 5.852056879 8.185729833 4.370573060 5.897930492 5.357134790 3.461780000
-11.543701889 -3.534946598 27.859502438 0.348862481 -0.869108417 -0.246573598 0.249292978 2.156058304 1.186101092 7.724826585 4.110472977 4.096372402 2.141914914 3.245993812 3.079201297 3.374708937 4.921714624 5.405034588 4.747669650 4.552004619 1.955622095 3.456919172 8.601643867 1.949025402 4.280238985 8.677172267 9.139162865
-5.394705453 9.570134743 24.788750491 -0.666601362 -0.514745480 -0.504736170 0.189528660 5.891428436 7.411045705 7.294804075 -1.961509716 4.938561037 5.102359386 4.507099512 4.830761865 5.862219873 7.081714924 2.775947867 2.706212035 5.810709059 6.752934943 1.456317790 1.505164782 4.967586026 1.498301335 0.406063265 5.970093299
-12.954726048 3.486197765 26.469859868 -0.241364550 0.788805176 0.496337841 0.270514873 8.237651371 4.456196617 7.884338239 5.538648323 1.338930518 4.442950716 5.884544854 6.342749618 5.859872404 -0.067133498 4.886670738 3.873857466 6.649477112 3.670825982 2.725359634 2.807840240 4.861743242 5.078522829 2.428623869 2.107042730
-18.682341284 6.206081023 25.479934774 -0.735594379 0.151474249 -0.638181653 -0.169353592 -1.503260132 0.818418733 3.027655927 7.089724109 5.052624189 3.406121577 1.863702816 -1.187893369 5.230370307 2.932970170 1.872425774 8.583291332 6.476353641 1.636192117 4.687888197 5.184318947 10.422955065 7.394697798 3.667191305 3.758663622
-9.123197962 1.369888943 34.590318944 -0.284985895 0.711188021 -0.642646257 0.000653129 0.729965710 5.226977617 2.578316261 6.320648026 1.452598129 4.457130204 5.239928384 6.687863646 2.754968343 2.844427910 3.814760909 7.108313963 6.854082450 5.787353653 5.765779224 -2.667950696 2.522621205 7.369984905 6.923004932 3.901447658
-17.656267468 -2.337291245 25.250673146 0.226104880 0.887716014 0.235995113 -0.324257872 6.195035498 -2.720093470 9.711334645 7.541415134 2.861337770 3.439302793 3.553069977 4.456796422 1.678813917 6.389806683 7.080187299 -2.241981099 8.350462635 9.048417821 4.267284048 1.101275128 7.886163963 2.419825815 6.449642606 6.694374409
-9.306812239 2.341582085 23.574477259 -0.498709101 0.111574792 0.292358447 -0.808311102 1.698511536 -0.399778279 3.038003399 0.649884983 5.084924476 2.842076125 8.275488815 5.407389933 4.472767748 0.914483414 0.399518998 3.254359274 4.239688972 10.766959259 7.548573859 13.118359658 7.685234705 1.563450282 6.890360700 4.926948664
-6.875797846 4.034485198 33.660941161 0.005386934 0.957553452 0.237285520 0.163578575 7.234363049 1.366066369 6.340368722 3.054768516 6.915545222 6.556840069 1.181397044 4.389273466 1.888723928 1.395633637 -1.424014907 5.467876094 3.292613951 3.387017915 3.340814163 7.309673585 3.952129984 -3.828556530 4.853801541 1.393737248
-7.054768986 0.740344937 31.926011668 0.881043173 -0.377623965 0.099339844 0.267010608 3.075194938 3.633115700 7.701497678 -1.392067503 1.161985433 7.637559726 1.587675838 1.038074967 7.922560822 5.849439516 2.555066143 0.991500023 5.595253453 -1.062398555 1.587887986 7.655384256 -0.682027945 6.011653718 2.928695146 4.583690581
