6.976120843 -30.059263985 18.744804559 0.084128412 -0.613723413 -0.137431293 0.772902725 6.784189458 -2.033940901 7.158528585 4.279639474 5.983700789 4.015586707 6.116766609 5.851536717 6.327350173 4.721703790 6.268245253 5.876534518 -1.029103444 5.645021992 1.919048858 -0.441086655 1.525631644 3.917177699 4.499242107 6.926082020
8.404542547 -19.846825817 12.428687141 -0.441278587 -0.246319542 -0.785728318 0.356694411 2.077631533 -2.156081807 6.355276949 4.545040520 2.221937092 5.627707486 4.181719307 6.197368068 -1.336531705 6.553378686 0.880994827 3.450818006 2.982123589 5.618998416 2.995080420 4.008941965 6.515976495 2.997808204 2.474203058 6.211944278
5.861773199 -34.595116544 11.673832314 0.198422950 0.521000338 -0.235876193 0.795958166 9.135730778 9.005739364 0.245204480 2.994742000 8.936199532 2.593369474 5.885844320 6.107619688 3.476917712 3.876035434 2.985661063 6.347865102 1.204037862 2.985513377 3.159885763 2.885975647 7.326410425 4.179252475 0.640324607 4.299848088
5.364628562 -27.003837280 4.676898338 -0.063595392 -0.857271060 -0.117244450 -0.497288342 4.193205042 0.584850863 4.104854586 8.870653440 5.892268011 4.149619151 6.530253325 1.849303052 8.255968839 7.882316893 5.467980207 4.491059838 1.775801083 0.002995441 1.129704143 7.579302987 7.242102489 7.600991569 2.202646211 8.764510851
11.872577195 -30.309891611 5.144212738 0.803233523 -0.294832301 -0.496829391 0.145087487 3.615440784 -1.487537731 3.496866265 3.149094214 4.335067721 7.528731584 4.294952844 6.228904373 1.982061928 5.061452284 3.797357242 6.767873262 6.591962642 6.569914716 1.836699506 0.030942705 4.086689617 5.486994477 -1.847157660 2.081401792
11.039518255 -29.415870199 12.657269976 -0.672297667 0.356319107 0.478648976 -0.438118362 2.235864266 6.973363697 4.917687253 2.216774557 2.582665947 6.350048602 8.926148006 2.459044425 6.912559190 6.225076001 5.633507154 -1.771815142 3.988604111 2.150643261 -2.351563470 5.331478883 6.040154483 3.689511278 2.856666847 6.322251252
14.062097510 -34.351808279 6.809135791 -0.407519949 0.122016970 0.904923399 0.012369002 2.142517855 4.626371382 3.421437307 7.900898218 5.970946780 6.082358308 1.495018490 6.902316433 3.786247327 6.340617544 4.406844738 2.358080033 -2.475906271 5.523166631 5.876852583 3.796391995 3.587251634 5.519821715 4.180130080 3.462287762
1.053088268 -28.883620499 11.134423352 0.781012028 -0.584757658 -0.181240876 -0.123411661 9.085474600 4.075434141 0.481296020 2.838976836 2.256483692 4.220717185 7.877310597 5.811545947 -0.485268290 8.556545931 3.356631562 10.220591727 2.403572500 7.096572807 6.187427554 7.414312798 -0.145496736 6.558839479 6.575594318 5.734283191
3.349372172 -30.966345001 9.442291407 0.276731855 -0.798476837 0.231193544 0.482082738 -0.601784297 0.891454518 1.171063703 11.382279485 4.949424966 5.549670631 1.779788583 5.032146684 3.883036569 7.429518468 3.274370078 2.597815588 2.809150535 9.357549557 7.992110852 3.717780366 7.489590720 1.485898388 1.677961507 0.528292007
6.542006666 -23.110632202 9.083599437 0.202274676 0.951781258 -0.148768157 0.176253875 -1.131479375 5.597590438 -2.582163232 10.029341912 5.157919424 0.762797914 7.277571581 6.520186269 8.280956257 9.442553372 7.510654937 3.410377134 2.531485819 6.491489205 10.472515233 1.541692831 2.963141824 1.134139793 2.722425875 8.275631128
3.681066288 -24.022304103 13.050340279 -0.607977269 0.543655888 0.493012484 0.302887118 8.614749938 3.504534621 0.254104366 11.373412471 4.186596081 6.869890499 2.687753705 4.508417722 -2.634587923 4.230596384 9.737458538 1.749660466 5.676466383 4.432465926 3.320349532 5.806214689 2.727949417 3.009332903 4.799950134 9.010749278
14.116187270 -33.178040108 13.945351367 0.195946528 0.250798215 0.946103601 -0.059943217 12.641390597 3.047851518 8.720820745 3.289704644 2.343057709 -0.107602278 -2.692044769 2.232603588 4.472718333 4.375144215 1.513313863 9.141861307 4.843642055 2.772831782 4.503264403 1.790080879 0.956001831 4.555582232 7.013831289 3.897762015
6.931507191 -34.376636006 12.959815084 0.281101407 -0.809512595 0.492413820 0.152315423 5.560456320 2.784115195 8.922299679 4.274513335 8.074063378 1.506617251 5.602090328 4.060464381 3.319593485 2.093628347 0.245906372 4.959757204 11.356313029 5.387674219 0.896629155 3.808386145 0.507513728 0.653997943 4.354885586 -1.815027422
15.267141738 -32.249984524 14.893675661 0.316097386 0.096408496 0.829533233 0.450180475 2.563808752 7.726092091 11.616662079 -0.700109710 4.894480860 -1.659068986 7.094104545 6.888277430 5.332466429 2.965461871 4.690970561 3.721727833 3.332703081 8.867594568 3.458682462 10.212802524 -3.217769693 0.505414314 3.344824889 3.549755227
10.001790099 -25.409587531 7.621155325 0.631931548 -0.292423989 -0.358704229 -0.621676769 -2.992955471 7.173995094 6.415663292 3.726474249 5.376871949 4.492217518 0.425239701 3.816952032 5.103714531 5.633028304 6.041080572 3.685333354 6.778162272 9.615735444 6.057203729 4.541671969 2.643713407 0.383739824 5.756879423 0.068966867
4.276272193 -28.699301914 3.239869471 0.397908133 -0.730282479 -0.315735102 0.456801888 5.846605592 3.751161591 7.672568766 1.963864402 8.227696553 5.472622038 2.957967885 2.949538374 -0.304717397 2.382057831 -1.080992807 5.038306556 1.589756962 5.695974786 4.796083351 3.258817082 3.454723856 1.481644633 -0.139592153 0.304804227
7.845864275 -34.268300941 6.122169416 0.880295285 -0.168141756 -0.401812735 -0.188029483 1.991516880 6.774655881 1.257012534 7.317643838 4.433427078 7.647499433 9.374156651 2.613123228 2.762827658 3.511925074 -0.637377801 6.632549837 -1.341612939 6.166252109 8.758152866 6.866570817 4.504108521 9.915774202 3.423252052 3.780957236
13.647651957 -28.244162435 2.150333962 -0.495641904 0.009149162 0.748944234 0.439702093 7.255722683 2.741351045 5.934190219 3.889154618 -0.136302855 0.136803555 1.769808036 0.746758245 9.320187254 5.209361875 2.525407635 8.866032628 6.779976988 0.904978252 8.706617499 7.699050531 3.422481903 3.336456493 3.983218108 2.443162811
15.436059301 -30.023856532 12.852138254 -0.100433533 -0.186660171 -0.970090112 -0.118305796 4.881584879 -1.325268509 3.491155352 5.500013710 0.966337390 0.221906159 10.038126186 6.281667777 8.562778303 4.313865561 3.966068622 6.969632345 7.582610597 -1.657363182 5.936327755 4.837507353 7.547782995 3.508341131 1.580414328 3.468257676
14.482003815 -24.961943496 3.926102215 -0.922158608 -0.114448688 0.331118335 0.163968435 3.135792444 1.829363803 3.015457842 4.351429218 -3.025053682 6.559236590 3.395501143 0.058096217 2.279988182 0.915687153 7.694954019 2.500310647 1.441374057 7.247763096 1.435246627 5.441992475 1.450285432 3.036013992 3.626967817 5.498341267
13.359749794 -20.512521435 7.700615716 0.366992203 0.102407082 -0.436479936 0.815055077 6.799873481 9.930236386 3.750672628 0.857920255 5.762874694 4.848704694 5.116457805 1.127598926 8.436810447 4.327277858 1.185639728 4.116143607 1.141069979 -2.221103197 2.752507373 3.538894162 7.419790016 9.209316122 1.311945331 3.448138410
8.291830511 -19.893220227 14.532293440 -0.006750878 -0.193121756 -0.233044772 -0.953073212 3.011969972 1.665094503 10.911739087 6.608288476 4.515329162 0.582024717 10.828311174 4.001765968 2.582344937 1.522128282 4.261275321 3.632638206 5.105058975 4.459671525 6.373417787 7.235656751 3.921906081 4.085250732 4.759647204 3.141711884
5.382895508 -32.631161942 9.247873105 0.323832576 -0.199609518 0.816469073 -0.434357866 4.100643978 0.837467732 1.740683639 5.313764541 7.157944891 2.762694713 4.628864844 8.578267799 3.785428311 4.439850638 8.423144683 4.029340940 7.047620063 10.793537325 6.383094751 4.687765673 1.239576941 6.062924845 2.378414931 6.515393642
15.773329817 -25.130067937 11.712366631 0.071015413 -0.114582056 0.618807981 -0.773889170 7.803971175 5.900157653 -2.221489944 0.001560271 11.899635003 3.832245813 3.359882539 -1.082777042 8.253277241 8.844362027 6.105518649 3.470508177 5.943782000 7.054482632 0.319741988 4.768183506 4.797466374 6.289174249 6.064638585 5.163977223
12.231699755 -25.906603774 0.525210607 -0.662709053 0.022740591 0.741787416 -0.100254708 2.858676127 1.906411829 3.743515853 4.744790015 1.750414822 5.048903395 2.436352837 2.925025833 7.735673403 3.456311376 2.513542705 1.641257055 6.026357785 6.155886803 -3.621173582 3.697255818 3.895267141 1.933631424 9.422250004 1.214838986
5.800478114 -32.439141733 2.017194668 0.056758996 0.107002754 0.316119997 -0.940955352 3.876658636 3.494595622 -0.137629302 9.223080079 1.777191475 2.772985274 8.285780915 0.131781571 10.227587807 4.772048716 6.579476032 6.294106228 8.406073737 2.362454633 6.871425074 5.436003435 3.353435743 4.474199447 3.186990037 4.348688595
7.041337694 -36.782941386 5.540725626 -0.573331787 -0.622530280 -0.352720085 0.399168203 -0.865425683 3.058664110 9.532661502 1.865432559 2.051660567 4.757242579 6.876647740 9.501664470 3.489519181 4.550408087 2.827208423 6.799736365 -3.687174096 9.208729346 6.757085547 3.367295728 4.248922788 11.345818023 8.610859069 4.003259300
12.519180232 -34.093248627 14.115415699 -0.199195210 -0.248936435 -0.625041501 -0.712513187 7.243694153 3.363342683 8.390056169 5.789271818 -1.411752211 -0.230697295 7.116300496 6.206371842 6.943416521 0.430555782 2.562633951 1.614532668 3.925410291 9.838636982 3.363972010 3.815082993 0.963329362 -0.213832029 4.800948882 2.031793036
10.268024139 -35.757392499 10.436630064 0.871515845 -0.401972472 -0.276034901 0.051797649 -0.284769612 6.698351378 3.963406108 1.859287581 0.881565391 -0.744621150 7.426007161 3.551312584 9.339683552 3.739806996 3.604807144 7.027841971 4.274127912 4.435194215 -0.784928518 11.942515167 6.503077158 4.512712672 6.597195812 6.401181736
8.953647479 -19.704451249 8.036880594 -0.501945448 -0.465894147 0.674491423 -0.275780224 3.215933869 8.470870896 5.260622881 1.685368009 7.778477729 5.301914542 1.473904587 1.443196153 0.509904861 -0.593343991 2.728887830 -3.705202671 0.758586639 4.537998897 6.919898936 5.354066379 6.709896038 4.965198134 6.464806378 -2.338633159
8.050483534 -31.817707085 13.619277909 0.424391136 -0.856336994 -0.083554131 0.282130863 -0.601700330 8.790766674 6.617969362 3.742088478 5.265163626 -2.686227794 4.864249188 2.242897944 2.565669210 4.532562653 6.421517625 4.968589054 4.053932089 8.576190545 -2.970937675 5.489760965 5.719512771 5.850088383 6.881315160 5.285790794
9.555856480 -37.008499844 7.289527532 -0.084309875 0.603554782 0.203336693 0.766333909 3.342679163 1.312291571 1.997970086 2.370795547 4.654742793 0.775485876 5.424356598 -1.966926964 5.552644097 5.311781582 4.071304549 6.683356614 2.634868084 6.928820739 0.950813153 8.254442869 5.363240352 0.652699799 7.081434897 3.645749033
1.724978222 -28.527471023 10.728111516 0.137961413 0.287563983 0.919941234 -0.227995023 3.098352779 3.722244220 3.711842865 0.428851770 3.120404113 10.196099897 6.678896442 3.574113056 6.644573297 2.867967675 -5.019175425 -2.086520241 3.084601512 3.513358443 4.021105377 6.578272965 3.369821032 3.086305388 4.505444266 3.597847853
12.220024001 -19.793384151 8.439337844 -0.258825353 -0.140944588 -0.915084557 0.275253181 -10.651599268 0.798608326 2.523193776 4.689358486 3.895858276 1.642252163 0.419613421 7.411649934 7.599105984 -0.215455052 8.514354061 0.384197551 5.279967727 4.018888101 0.731969223 2.257740601 5.396084314 7.644850230 6.886093819 6.638878229
3.349455373 -28.293753879 8.698163525 0.011820865 0.285262914 0.017449218 0.958217544 7.593381877 6.528931432 6.318569184 -0.569692437 2.540259930 5.712276356 3.444521948 12.499943971 0.469523970 9.064445201 8.577181278 1.032779868 1.806413127 4.502443932 4.609427976 0.685807788 4.892832612 0.112481703 -1.178172493 6.611400509
0.342638293 -26.179661061 5.379255899 -0.007702110 -0.757494206 0.342731072 -0.555588533 2.509437153 1.937496564 0.154834257 7.744260856 0.524710100 2.724845068 5.612275230 3.858220173 5.730026298 2.844429654 0.715563236 7.493031241 12.963589199 4.416930728 4.586549485 5.884428147 8.195982117 3.473576255 4.181411516 4.227734844
13.331071302 -22.114784983 8.612443317 -0.199556803 -0.841885620 -0.485750797 -0.124305465 3.412773981 5.939899516 5.367674355 1.516912116 0.395952721 2.811682482 6.265694869 4.783872361 4.610868419 7.251752377 6.359297641 6.624107606 1.529169055 0.730607321 3.561418472 6.914011316 2.191244049 5.334402947 4.592499028 3.597274148
10.431005981 -29.721753345 0.596187557 0.239521976 -0.507323153 -0.074304101 0.824458212 2.723227075 7.237731995 8.007789347 5.278088029 5.177077399 2.132407880 0.019349595 4.722895280 1.181250424 4.669038205 1.097703170 6.096698431 4.132472310 7.351162141 5.456276951 -1.110713393 -0.021807914 -1.169593246 3.822247285 3.880228712
4.869218512 -23.384606693 15.233506379 0.133764300 -0.247624628 0.335544812 -0.898998796 0.047659997 1.937877488 6.567413246 4.721315740 4.029427678 7.533312605 6.253568373 6.485370686 5.872536146 4.283740302 1.779053329 -1.875375848 2.949719186 2.440238037 4.661499733 5.457863452 0.089116516 3.246728645 5.983052350 4.869158769
8.906376384 -27.537542217 7.430177483 -0.666436098 0.422118684 -0.163432176 0.592426086 4.055727928 1.835775100 0.491488955 5.391815376 1.513310785 6.960022434 4.488628338 4.599760980 6.559825486 8.326181534 2.588869672 3.328680590 4.785823125 -1.116435228 3.867631937 -0.142408314 5.657615630 5.567459161 6.630147779 5.098450681
12.374470718 -30.677350640 5.814321406 -0.394711485 -0.690204082 -0.461684052 -0.393279805 6.242090871 2.462650699 -0.177954445 6.207841191 1.326626084 4.382707789 6.263272629 3.322311156 2.722464543 -1.720828947 10.070240065 0.875625916 1.582479379 7.245061813 1.052897394 5.393562739 1.517934930 -0.878785597 3.098768382 3.192829263
2.608380348 -24.196596686 11.725632898 -0.213441117 -0.436029677 0.578404463 0.655567912 4.205131625 7.467903300 3.941455282 8.043354520 4.421403705 -0.725677933 -3.964479513 5.650605260 7.543113286 -1.027204244 8.267723367 4.253825403 3.945941553 7.250957553 3.303304691 5.913865366 4.369237702 0.042100252 4.117559971 4.637123317
12.548013990 -34.892109967 13.336534650 0.057042805 -0.659111921 0.268763545 -0.700059819 3.732088188 -0.805410550 1.125920408 4.454187322 2.489382629 5.790713010 8.983284750 3.162229856 2.818597150 8.838998148 -0.387242132 3.715093118 3.301797110 -1.773383541 2.304998516 3.399230221 4.936060172 3.545809175 5.529275456 1.836196135
13.914435560 -28.784602742 13.281291720 -0.413959635 -0.805618796 -0.382541627 0.182421708 9.487832984 5.556059248 5.330640439 2.622390906 3.945442874 8.058928368 7.498538204 6.925711323 2.684207784 3.298344779 8.284529063 1.403380478 0.558240913 4.971023192 3.429646751 6.104486698 7.266508937 1.679191356 0.165212998 5.610672677
5.404152068 -34.378649868 4.082008421 -0.046154720 0.438354310 0.305255929 0.844117325 1.706792944 7.158783433 7.150059936 8.510392017 9.587991918 9.947754019 4.715576283 6.653525150 6.522872663 0.433354895 1.651005232 -3.814483730 2.690216436 2.598875298 4.597552984 8.154803066 4.550307384 8.136851497 4.334273761 1.977063902
5.288207646 -20.532408089 10.957668371 0.634314373 -0.565197474 -0.011829382 -0.527311253 7.922065577 7.091049051 7.457966279 0.265704215 3.356046154 4.846232645 4.883379359 9.148583388 0.910503535 3.335155035 6.576033874 2.373244980 -1.838367941 2.026046351 0.601159264 1.173692725 0.565263796 1.995931182 3.626253913 7.239877107
11.493487495 -27.980185377 5.163585745 -0.593996099 -0.113255554 -0.103572188 0.789692735 3.217318019 3.940288198 3.466360945 3.591235944 3.488456470 5.878235441 6.530236883 10.247544317 2.155505762 7.714141018 3.276446816 4.551843455 2.286861115 2.154823089 2.378708674 4.466444959 1.057543619 3.838643707 5.225101403 10.382580966
10.533311353 -30.194785097 8.349184076 0.237523248 0.209844076 0.740650499 0.592439878 1.639915002 5.301360488 5.726728233 5.735281529 6.609738256 7.857229425 9.689626799 -1.452972154 -1.687778006 4.163561214 3.741576246 1.048702884 2.565956620 7.306556763 5.577483572 6.204858750 8.994435517 4.686336984 -0.319244824 1.194647847
2.235148403 -29.728773668 9.846846560 -0.646383281 0.006390443 0.154471617 -0.747185610 5.372889281 4.758572609 7.667149774 8.162818082 4.649672147 3.128909357 1.663353848 1.660558490 -2.764781406 7.640020519 6.161987257 7.510405936 6.237241485 -0.701286467 0.537677504 0.100862940 4.349786117 9.824310784 11.904966223 2.508805762
8.800000546 -24.999338176 12.291878905 -0.336269280 -0.574985082 -0.080291519 0.741531118 2.126024637 0.681714537 2.071078322 10.028612893 4.978642763 7.525785248 6.692559468 2.301360680 -3.725878531 6.165143752 2.020443980 2.268138687 0.699583630 3.196826142 -0.376519122 2.954019006 -0.038555082 8.026956531 5.114606092 -1.752959529
3.284233316 -32.798708701 12.295207813 -0.378408479 0.171071423 -0.062625833 -0.907534901 2.314156108 5.458394906 12.644254969 8.321807129 5.374751614 0.883713846 -2.577580834 -1.171680676 6.545204528 2.076941456 0.173747913 4.372452577 7.403105274 4.160005246 7.562469042 4.150669811 8.522611136 7.636764210 5.997666759 7.391310968
13.208484683 -29.663060599 16.956136406 0.599419313 0.012848347 -0.069755121 0.797286417 0.923026416 7.801995875 1.601999383 7.201222996 0.749269054 1.478135438 1.431071385 4.384646690 3.432291055 4.710819308 -0.496541471 0.934172961 1.852565422 -1.379205757 6.328742036 5.818605048 -0.447186241 1.221005468 7.117934901 5.874855914
14.386445256 -24.618483973 10.453592209 -0.470947496 0.436582726 0.761843095 -0.084847385 -0.344451381 3.028825788 7.082502439 9.585795872 1.893784363 4.124492655 7.057937020 2.827928852 7.733197469 2.525688182 3.966182929 4.720807684 1.746434901 5.844778380 0.222034060 1.951690307 2.960887463 3.024173543 7.830095105 2.532774573
9.977356651 -22.875478007 12.557935729 -0.144277015 0.411646081 0.894661798 0.096498257 -1.516533099 4.465261002 5.313745260 3.538547197 1.347491124 4.175541812 -4.051844487 11.409555259 11.967428258 5.471634615 7.794297511 2.040067900 6.067543119 8.260129013 3.501953769 5.089946294 6.271998095 7.798138410 2.938551512 2.257893228
2.560366903 -36.004048597 10.983249110 -0.545791991 -0.213646463 0.709663616 -0.390952483 7.458478979 5.039105343 0.325427051 6.399661482 1.429307428 1.301723787 2.969625817 6.423642921 0.008886789 -3.264325351 6.077984883 -1.279574507 1.370310763 6.417495599 4.414321258 7.658081683 1.155040790 4.117675250 5.053634725 3.490299646
2.945561940 -32.540357157 14.068515920 0.425293665 0.550324942 -0.034156115 -0.717705452 5.008188901 6.563212436 1.186442822 8.675209557 -1.700187126 5.408170453 3.954934883 0.418686991 3.270163767 6.313840655 4.905725361 6.695964754 7.455150501 2.113624246 1.447188489 7.625048349 3.698728090 1.707218933 7.303783111 4.773490835
6.581934920 -36.220725531 12.994026038 0.647551778 0.506620385 -0.472909579 -0.316810685 4.317383087 5.200309418 7.361975487 2.590020858 7.011206565 8.184217857 8.848289263 10.980700795 3.471438850 2.133934179 8.740636092 3.315355016 3.375538106 7.496031591 7.566834257 4.620756520 0.085652604 -0.585839547 4.998268048 2.752676098
0.621196753 -25.289618231 12.352972006 0.370701458 -0.040074240 -0.927508214 -0.026514107 11.478504359 4.257261661 -2.300462850 6.486833863 6.339152288 4.595352795 5.790170543 7.147882027 3.088077147 -1.363872991 8.590012263 -0.938341945 8.691316676 1.609590603 0.438434831 4.102531130 7.706315866 8.213077632 8.338668751 5.601917260
3.497923111 -24.302471651 9.837360944 -0.149176227 -0.366997037 0.655257618 -0.643192881 6.653261082 6.973197715 3.542352692 4.140219949 8.667063149 12.296544106 -1.932006178 -0.238556666 10.116258207 4.399970422 11.523111898 4.327881049 6.741768756 8.343155645 6.492666749 1.802742806 2.543318120 5.218955203 2.812998239 3.340518680
10.471827134 -24.181752690 13.361040846 0.456140561 0.059610272 -0.501158093 0.732954958 5.562416044 5.882944548 9.476873207 4.182223064 10.355966600 5.947838609 7.042970355 5.628851513 1.500425291 5.927712261 -1.603459104 -0.979902418 3.926167392 0.744431149 3.188999230 6.755485221 -1.749637949 1.717886024 4.813745978 2.602647366
13.779758915 -27.058126796 8.300506741 -0.658545464 -0.014437126 0.178597041 0.730898446 9.528074050 4.402544170 5.065184571 9.308356573 4.840482786 4.910293802 2.288493426 4.140512588 2.939155222 4.629569519 4.361150724 5.815661040 4.501486896 4.180028151 3.445952400 3.276528714 1.702380933 0.313247114 4.130017995 4.974374873
7.078180866 -25.750663707 2.397197818 0.234489151 0.669693357 -0.152310254 0.687987814 5.958478701 -0.037309612 0.981955568 5.486534014 0.481174617 0.897808198 1.047293798 0.404095708 5.470657363 6.724187027 4.394352749 -1.232602960 6.526653430 7.247832992 4.804100550 9.322226561 1.888620031 1.485298068 2.903819244 5.229854223
2.797461616 -25.862164812 7.177607863 -0.915536891 -0.362350984 -0.115048133 -0.131369302 2.864611123 -1.169201923 8.080334370 7.016224464 2.648380922 5.147627954 2.974604672 1.399933451 3.833909655 5.657711993 4.714804519 3.106980976 2.555597981 5.031818244 1.188764464 2.301722967 6.486653731 6.091306699 1.400491225 6.641815620
11.947699872 -33.851273014 16.112958747 -0.603687482 0.412662480 -0.396042928 0.555356732 3.495113386 6.636087779 6.146750408 2.480383853 10.384318988 3.808912576 5.271560340 3.961416819 -1.047624438 2.463159943 10.667385105 6.092198547 2.945785200 1.250016297 0.038252025 0.568836859 3.330237312 5.698316070 1.868973007 7.269082217
3.947847489 -25.126768201 16.497899393 -0.154992005 -0.595739067 -0.704373694 0.353454583 1.373164828 3.527781438 7.872531054 2.125808310 4.352095398 3.775080276 10.655701609 6.891287749 4.338706830 6.308348532 -1.582420630 5.190903655 8.300062583 4.645882176 2.353670332 6.777639429 4.617998449 4.198156840 4.060696574 5.682135341
12.967342222 -26.701347640 1.333634606 -0.629589517 0.328476227 0.647742458 0.275953106 6.784689930 -3.964624932 4.614165047 4.155446426 6.460875585 2.287911841 3.386541465 3.264996388 5.845809132 6.308877843 2.627105056 8.332331625 10.150640186 3.256628784 7.860662059 1.129362056 4.946726091 5.924126484 5.363989163 6.372042535
1.357168146 -29.775897618 3.600859077 0.573619398 0.215453493 -0.743330855 0.268327818 3.265456655 1.395479613 2.254926505 0.184838691 4.993141505 6.715704688 -1.175399471 1.329202222 4.703173541 3.241729927 6.478131233 -0.764415619 1.895349477 2.352207592 2.630382287 8.445383649 6.636225428 1.999145548 5.546809506 4.946508821
10.973056794 -21.321065924 7.102899339 0.447444143 -0.573716579 0.652785122 -0.210984860 2.183434601 -0.207503660 4.080101599 -0.279188483 -3.383550899 2.313888703 6.942146571 5.809096617 2.928077573 3.151517967 4.224599760 7.014255349 -0.024870146 1.017583222 5.906330247 1.340817000 2.000492916 2.522534462 0.593912911 6.676378067
4.631096097 -30.419746358 3.630863642 0.253339264 -0.572740852 -0.258572532 0.735477654 -2.058817835 7.980909601 6.740163791 5.978322850 1.444673596 5.268489960 -0.574918803 5.373497695 6.474148569 4.201983536 1.880120189 2.255717495 4.107272510 5.436327935 0.366627718 8.753118648 4.428113830 1.969167905 8.058690550 3.408206747
2.461466585 -29.425310706 4.457889414 0.049507053 0.966217934 0.241024455 -0.076675728 3.133502677 2.329140987 4.987424434 8.095180297 11.063145344 -0.558336896 0.040299938 2.137210578 5.308865723 10.784200655 5.272723895 3.799272050 5.120764046 1.850932496 4.242927150 3.091155421 1.513620524 2.322316350 2.925969967 2.578587144
12.708917230 -29.336970201 15.371869402 0.238872283 0.391987850 -0.771898890 -0.439838222 3.196876631 9.521778516 3.928024771 1.580426507 2.697394130 0.028712738 5.173214497 3.146872391 2.966071037 12.311029579 5.015254153 3.515528406 4.758381304 2.637974932 3.732968284 7.252835946 3.259684884 0.927506215 -3.022880299 11.215161524
10.623607851 -32.997198596 9.433779653 -0.593007933 0.359854769 0.708626672 -0.129206715 2.197543845 3.443199266 6.535855977 3.438009584 1.499133417 2.783528912 8.907033575 7.333787899 -0.029030340 3.303253132 5.829584661 7.132430019 1.989673601 -1.049607666 8.672517813 5.739221265 7.124507751 6.556068490 6.228527319 5.791705420
13.771496962 -20.376082372 9.882289686 0.472769077 -0.874314392 0.107978138 -0.020111340 7.096025213 1.677910383 5.311907517 6.951406089 0.262566412 3.139605386 0.094144038 0.949970994 3.848403582 0.433490287 6.759755634 0.917785504 5.264760110 0.691967328 4.997527081 7.208558917 2.093180468 -1.088177800 -0.087329296 4.161942830
13.631878704 -36.648965148 9.165327240 0.040227789 0.028508112 -0.977341756 0.205844853 7.965151383 10.293698555 0.196459755 4.089919360 1.350074999 5.402938368 4.799840811 8.196642315 1.293385527 -3.357148681 1.537314533 4.429850682 6.420480272 -0.125444285 1.928377890 2.042115130 5.687791075 2.012388301 6.257696029 2.583310873
11.756286139 -37.280341649 8.177632882 0.336742775 -0.175035811 0.571992087 0.727180735 5.011861008 3.893731670 3.315946062 4.462211991 1.721425355 3.089412359 3.851722194 3.807164521 0.782956532 7.957313933 3.076396755 0.663235960 7.473923423 -1.158254539 10.093577961 5.585090113 3.907749558 8.115466538 1.132565202 4.071801195
7.691486753 -23.619481181 12.713093028 -0.321858202 0.360600437 -0.832980330 0.269292392 0.224802726 -1.483536530 6.580238608 4.703488817 2.071541523 3.535596724 9.679626115 6.066359348 3.913693230 4.737546827 5.155280595 3.631328142 6.077790575 2.524346710 6.881146610 3.854647612 8.964308142 2.431148865 3.760631675 3.817373196
1.303777334 -26.313557694 14.445796412 0.480269970 0.229849333 -0.803440787 -0.266445006 3.582285968 6.315190767 2.768168515 4.706798084 0.186492112 -1.105146203 -0.401562773 10.220972466 3.275301399 0.146040645 0.645063244 2.965141470 0.133090911 6.600392696 11.843611699 5.113175223 -1.288461770 5.327937803 3.319653335 8.188553499
12.478625615 -21.152879362 9.321769149 -0.606268001 -0.030981437 -0.764995165 0.215085235 5.663581835 -1.314237227 5.031934041 2.413998251 3.265240170 0.518942778 9.850087993 3.715694223 3.311822155 4.560834548 -0.366993566 3.912710050 3.749921805 6.300634947 3.180660477 2.233102580 3.870520416 9.275575379 7.240814001 5.708762042
4.100340462 -37.031207563 9.640547153 -0.066735149 0.924978301 -0.217046690 -0.304716748 1.757421548 7.139154519 6.960826491 1.657740694 4.039623753 7.614531126 3.385645412 5.800559725 3.556261448 3.376776708 5.169303334 5.963091133 0.331854149 4.138258265 -2.815945914 6.829514481 5.678772777 2.107287038 2.219584899 5.597466212
7.819714439 -31.179911217 9.852410830 -0.226158495 0.431372510 -0.808348648 -0.330669861 2.340101279 3.629169976 6.552842904 -0.952945896 1.978622002 4.069916862 6.674596732 7.090057003 8.321703034 2.351121038 5.373986094 3.735025308 3.653193046 6.280509790 0.192991545 5.292828361 0.320425765 -2.240450280 7.627130866 -0.278975165
10.889966373 -33.840276042 1.746782300 0.752597987 0.156134744 -0.061191209 0.636768284 4.381381620 9.792386821 4.794502653 6.228661071 4.304084113 3.450242274 6.066172361 1.888208457 11.214331034 8.634520640 1.313253835 2.098021390 0.172788282 5.216381345 0.049316144 4.133239065 9.255199051 3.894776394 2.061971459 6.294421397
14.431581148 -27.128528364 5.703664084 0.334398372 0.374240304 0.182927083 0.845375423 -4.522762816 3.179973616 0.313738108 5.137953528 3.052314957 4.865278992 9.321542275 0.565295523 3.521365399 3.449517251 3.165116897 1.871234345 0.351922766 2.334520723 7.657561932 4.512573746 4.740961250 3.115864119 5.663436495 5.971524136
4.657417686 -32.142918579 13.905526323 -0.459171275 0.607703476 0.425722884 0.488485671 11.338193016 4.469036039 11.778686270 4.288087739 8.601682547 -0.076386793 1.983212468 6.885648989 -0.315824143 0.651786028 9.483642084 2.151911020 1.925927996 -1.152413259 5.509689833 2.134957963 8.816857694 9.957690466 3.255165923 0.739724281
6.621223751 -26.940847240 14.510599999 0.109116570 -0.110952639 0.559244856 0.814265483 2.597661882 0.596928002 5.227873835 2.362254226 5.789555405 8.805516425 3.786055191 4.256736139 4.132744602 3.803811181 1.310082696 3.386465278 6.385843451 2.044660713 3.410535627 -0.104312447 8.839736772 1.017908542 8.721708519 1.795919760
0.520479151 -31.240701504 12.572115397 0.811303490 0.443254778 -0.328752159 -0.192960792 4.008098223 4.006450123 2.586368583 3.674753319 6.325563688 2.936161032 -1.671594017 -2.565441102 2.839557185 4.718344655 2.524934379 9.949781517 -1.388277452 4.801178892 1.958425553 5.364809817 2.775033207 0.304198212 3.990898968 2.103480996
10.141241586 -34.822066761 2.038565330 -0.551856846 0.804896445 0.052000498 -0.211876575 3.947034598 5.426318715 11.611386757 -0.368942075 -1.700511193 3.526218735 7.379715224 3.119276534 0.232349718 6.729562640 4.908665913 -0.525349878 4.479999109 6.930374650 6.208915078 2.635183514 6.036255484 3.243195838 -3.054436801 -0.571227141
10.068216927 -24.033437255 1.438920763 -0.439078132 -0.143720360 0.055697552 -0.885128598 5.495163783 4.129203155 3.864265816 7.594019345 1.092972757 7.486822354 7.339569804 10.051572669 -0.053345125 1.233444310 7.737775233 0.950680577 2.492496207 1.560614025 4.847891559 3.177304022 6.415847235 6.976375742 -0.140131280 5.903539436
17.103586021 -32.556936885 8.534587212 -0.524185704 0.012731017 0.462663649 -0.714849366 6.837711678 6.927509463 7.217745783 5.414282540 0.840091573 4.820797554 2.551083132 4.917115456 9.199803062 9.053190620 1.343017206 0.538335996 6.121728578 4.431848223 -2.770608177 0.886080061 1.237912184 8.141336628 1.852460104 6.467761770
5.022805162 -29.430062511 10.067173352 -0.471378275 0.139180598 -0.327172370 -0.807087061 1.775237137 2.040900419 0.574245639 3.255491133 1.289599760 7.000148721 1.014153215 -1.115435913 4.850689155 1.188404680 -0.399155042 4.281543155 3.424386255 5.691069254 -1.288448864 2.966644257 -0.848804379 6.460450927 -0.772764117 4.342314613
11.273084757 -26.231521763 7.720822477 0.232189649 0.381710748 -0.386001004 0.807086176 4.492582070 8.067123227 3.065627909 3.664810596 0.247028101 5.117387332 4.793585759 -2.478199360 6.079072013 2.795736793 5.936920028 2.014231533 1.306838862 1.278984782 2.961178642 2.769889895 1.156118201 6.175379906 3.353869556 5.222791799
10.684263122 -32.040308232 8.265859059 0.182086525 -0.382174247 0.905204566 0.037309999 0.669985486 3.255341779 0.912519079 4.207100134 6.099365800 1.919366711 2.865589741 3.714804200 4.038002018 0.330898267 5.936197390 3.473327328 1.229137351 4.570643770 2.566778183 2.864599426 4.583770039 5.130246902 2.454542829 1.017253493
9.685098969 -25.897911169 1.332637421 0.167678485 -0.291225600 -0.937376286 -0.091636642 11.038950832 5.628703978 5.096317635 5.850236184 1.753198237 1.942266506 6.619119957 10.993992349 5.293541940 7.244265449 4.478979933 5.461499381 7.998709084 5.285535409 -1.487842530 3.008113680 3.115293326 4.596714949 7.192506667 5.442630540
2.822354215 -34.605831135 7.320957977 -0.139123505 0.212464373 -0.228997367 0.939714716 0.775584891 9.409700334 6.457984384 3.520413798 0.211601865 10.751846837 0.956615661 3.256901229 3.923506993 -0.581230073 9.085973254 7.801137696 5.383313198 -0.097811931 -1.557735136 9.675347061 3.644514305 3.730420347 7.244592899 2.065177980
9.426217218 -35.585256481 11.786866678 0.539056185 0.533278344 -0.577131778 0.303235136 5.371089669 6.399926897 -1.821000877 2.480807826 4.230685146 1.461903638 9.172400548 -3.808181540 4.681651440 4.509513529 4.116123171 1.447939782 5.718236611 5.550217494 4.271976144 4.721243779 2.126978252 5.945419627 2.880472298 7.433947975
12.942849751 -31.646359938 5.473028967 -0.105064545 0.059194624 -0.921122159 0.370123502 2.536614005 7.333453800 0.708634008 6.093926261 5.699928269 2.069977823 7.558614250 7.154696438 7.277126172 8.677784541 4.558676839 7.086556777 4.589965850 4.050694566 6.624186515 2.505737615 4.296931127 5.993878170 2.856542425 4.802335036
12.136164922 -37.081059976 6.048853375 -0.588080243 -0.221182976 0.430752130 -0.647836647 1.553005180 3.845357178 1.884760608 1.287269147 3.863652193 6.694376889 7.484610630 3.604440739 5.594848912 -1.479769176 6.213429735 6.622820278 5.765128789 -0.489521028 11.526325846 1.555553629 2.232604958 0.956058917 6.458592693 2.194359381
10.171006149 -36.600788083 12.979458638 0.598443024 0.545397512 0.550216960 -0.204129365 7.775766953 2.866536021 2.560375313 6.720906402 4.844241633 1.092239703 4.246377812 6.750442455 4.153846354 6.791260355 9.822924595 7.508642404 0.652063811 -2.104879555 1.353440818 0.990823633 -1.145946933 5.351324945 2.381516562 10.106424306
5.782276103 -20.207027353 4.790439148 0.213970289 0.935304250 0.021346830 0.281010655 4.759669195 6.842341199 0.986566271 6.123132581 6.418616254 8.647665655 2.361360347 1.272109037 6.515485123 2.336653267 3.783941666 3.480430415 3.339709970 6.858816223 2.767651641 5.752700277 4.617310786 5.611333036 1.158286674 7.359624638
9.253770505 -29.898069759 -0.303857057 0.795285703 -0.507630276 -0.210085905 -0.256312439 5.774956907 7.754287677 1.587183010 -0.420149737 8.339217568 -0.355334248 6.653720860 3.216866651 -0.976319959 5.996146489 9.191136019 5.354904823 1.222635607 0.404495455 6.470809435 -1.163949906 0.352602377 7.489595376 1.103645084 3.049777588
6.985801677 -33.480937792 8.474282148 -0.204758053 0.233013229 -0.851881221 0.421992133 1.650877394 2.843696317 3.371993791 4.201571216 7.324297219 2.294454121 6.524005790 3.853397193 2.483096161 2.915465357 -0.634800136 6.679076962 2.516551373 2.740814780 6.924024099 8.038643022 -0.293525329 2.952623073 4.270050704 4.130575541
11.346599299 -25.257398579 3.547573728 0.307323214 0.856348253 0.268631998 0.316317817 3.968072680 7.612798265 5.579524766 1.398305530 3.079832416 4.745461061 2.379624847 -0.832931867 7.617330875 5.382811904 1.466421042 4.476843707 -3.113089488 7.792054472 7.186945674 7.621146685 6.341384352 6.110142613 5.948261953 6.268829643
10.553356939 -27.110169443 18.037152159 0.756560473 0.643889362 0.094794333 -0.063535615 3.881382312 1.724719417 3.330700489 6.824867023 -0.349041951 2.643398128 4.879219936 4.265298660 6.374605960 3.611849334 4.605702608 8.630012895 4.778920039 5.694161420 5.824573666 0.249769263 -1.465262075 8.208480310 5.012627530 6.058381751
4.522128698 -21.011357192 9.500818662 0.153790998 0.452784165 0.871771041 -0.106536759 7.114640984 4.894175439 -3.128211108 6.411246374 5.451940676 8.236694897 3.729493013 4.054806547 2.191588313 3.040959893 4.301428005 -1.210918780 3.230653037 6.955617585 3.348240291 1.246846086 4.759036393 8.995239216 4.375466041 -0.245229390
11.661615950 -20.798390990 4.739404484 -0.302892062 -0.111130794 -0.418812773 -0.848824014 5.634509759 5.010592204 5.783678668 3.204419064 6.868357564 3.208941208 8.130525529 3.152115808 0.364597600 4.374617460 5.331321583 4.784198817 0.975252301 5.022705492 2.842161319 1.816973305 1.282881089 4.728078187 0.497079349 1.362659855
12.962977095 -27.543734054 11.882154051 -0.725275991 0.001602345 0.439193553 0.530170908 8.261735034 2.279036705 1.042255497 6.645465779 3.769059456 8.428449429 1.576441268 8.996648576 6.224829178 3.788757032 2.890821172 2.439733890 4.778298210 6.115170171 6.910692023 4.298543375 8.136594958 5.495728272 4.109285347 1.875936129
9.455541824 -28.128936689 5.843040399 -0.674382032 0.205777949 -0.051444417 -0.707260760 2.814074725 6.471848154 6.239010043 2.331972281 0.552353696 4.062868685 8.348188246 0.083209195 5.835939462 9.482291100 5.284278101 -0.895736605 5.519753269 6.277954097 6.962243342 9.087866120 -0.065425328 -0.069620005 6.456478253 7.613414109
3.787069703 -24.671988207 5.347945850 0.608148481 -0.281284157 0.665417633 -0.329019790 7.351666906 5.671725050 9.130430082 4.115448251 6.873916175 2.929623655 4.263983164 3.592104627 0.821598941 9.613324469 -2.519903471 1.171191501 3.768377848 5.106231845 11.179803783 2.170681046 6.097779541 0.167547673 2.900025770 2.224892728
8.899922023 -30.071435317 15.292508198 0.447371564 0.410425867 0.627900566 0.486980668 2.616198675 5.954773341 -0.798767316 9.934322748 6.691478869 4.252328059 1.939927199 2.473439890 1.294906322 2.546773789 -0.708075913 7.583665280 0.630746027 2.429556213 1.338281695 3.547768453 1.162042422 2.684792082 0.194346088 4.408364428
0.233049301 -29.099853862 7.925373131 -0.526496988 0.165425879 -0.830796341 0.072198613 2.796958745 5.925758759 -0.546347038 -2.540385170 -0.927118644 9.028013793 5.786822374 7.393415429 1.559582175 7.810297437 7.704612879 7.222242483 2.881475655 -0.022492104 4.422988584 9.656696682 1.875245223 3.635473942 8.452881093 1.769027892
12.085259646 -22.003084002 6.185908978 0.546546519 0.110465652 -0.639952179 0.528720580 6.607725484 0.870278208 4.251874077 8.777812966 5.216983648 4.815581852 3.720450608 8.320545207 4.221122606 3.435414426 2.281965837 5.401173883 4.759281808 0.648683907 9.381104403 0.213485962 0.576159186 4.480476765 2.332424354 0.127653880
16.975188751 -30.818714157 11.519697527 0.682533773 -0.047557354 -0.286872450 0.670514835 3.958705612 -0.793585551 2.498220746 5.434173525 3.967768210 5.400673258 6.597591778 3.912195054 2.220467833 3.549465195 3.380974300 -2.375463840 0.873513902 2.865582275 5.030846664 5.580406126 2.338310890 4.970711756 -3.447707138 3.059894796
6.823102948 -21.875406030 4.032499753 -0.326360426 0.188375703 -0.556008657 0.740849405 3.977308881 2.985824054 1.604728822 3.960817790 6.194105331 1.452813084 5.025254895 7.878981504 2.596098121 3.473906964 1.648031986 3.774107425 3.492605126 3.964615668 1.091115670 2.521268073 10.184942888 6.942681227 -2.237138017 0.609746122
3.974496949 -29.947102320 7.357340234 0.291053501 -0.121763083 -0.564601610 0.762683836 3.698859996 -0.553753101 3.273965310 8.852169206 0.592115078 3.687521210 1.481350211 5.521071967 9.159749041 5.877846551 7.787455578 -4.749073664 1.104455413 4.306178370 -1.842498564 6.428948824 1.817586690 -0.121273547 3.996397939 2.694842291
4.615858878 -24.704265570 17.154473678 0.037250195 -0.556756037 0.768351028 -0.313483389 -0.401129079 8.326108689 -0.098865711 1.689448709 4.230023290 5.964177842 2.515887695 4.002241248 7.750436176 6.041585507 4.801772001 -0.172625014 3.684976713 4.920873814 9.755550007 3.926666677 -0.198234424 -0.370557560 4.211216967 0.111133939
4.662625880 -27.805289521 7.787855955 -0.062972525 -0.692795154 0.523665892 -0.491775730 8.324292363 8.428465857 1.777395748 2.157614711 2.491244638 3.118746879 5.122291336 4.319092945 2.584763543 5.711705262 1.121779040 5.506487651 2.962661118 -3.716225711 5.347342240 1.831067555 0.483041033 4.840338081 1.739200760 6.969552613
17.519188546 -26.180631124 11.896744345 -0.170103925 -0.068631303 -0.700230934 0.689950026 -0.199048676 3.902735611 0.847236103 3.593353749 1.631244798 3.785390156 1.544487971 6.945506478 7.002059523 1.990592369 4.617691882 5.624013776 4.144070103 12.272942613 6.546317996 6.589352441 3.803737202 3.709898193 1.793999696 6.292985923
12.506152642 -28.362397093 7.612855290 0.202022680 0.242204005 -0.623979970 -0.714963674 0.773589090 9.078832865 3.505782265 4.810503988 3.909047706 2.186653008 0.754393371 5.127403619 5.316690475 2.182555558 1.118173821 3.357758458 2.000741442 12.254508674 2.260854985 5.059996711 0.993296080 2.811942920 5.063556070 7.895219952
1.602438579 -31.917959829 12.962030117 0.299932481 -0.053298639 -0.509312541 0.804860545 5.281223112 6.798730257 6.259688613 6.323882388 2.839401734 1.593963961 1.770458318 4.554174526 6.058252167 0.207338090 1.918975290 2.732702234 -0.052403739 8.902215368 4.566714712 2.606393137 7.539492943 3.123655744 4.509295759 5.337031483
7.974271691 -22.368181011 7.906989296 0.753860484 -0.296890621 -0.452997596 0.371945573 6.909553800 1.639837246 1.086546629 3.590093674 7.375850873 5.634877600 7.915827874 7.592355547 -0.257673769 5.617376149 7.256010786 1.143805106 3.337421533 5.772938708 5.226604731 4.673539844 4.861664260 4.167595580 0.605068109 0.872680068
10.803351553 -23.368839745 5.270970716 -0.390611702 -0.813669547 -0.088725099 -0.421298259 9.568028374 0.749640808 -0.514914458 8.876182479 -3.475106877 4.838683268 8.278408987 8.525514404 0.184042641 0.326501535 3.182648448 6.711459146 7.044607816 0.669718141 11.149634808 1.253686568 5.630424113 3.192197967 3.253376768 7.791972055
15.918574424 -25.033733654 8.367814909 0.796647972 -0.214515664 -0.455276440 -0.334751254 5.800032372 4.962810706 1.319691975 2.241321608 1.934057828 -0.336988089 4.703212402 4.272285803 5.320294205 2.360386553 8.022059261 2.782759305 4.702898935 -0.530452925 1.628536958 4.098234557 2.161369219 1.988163974 -3.225536560 2.094298712
2.263634286 -20.952720003 7.331098355 -0.221522267 0.425066135 -0.857505496 0.186898343 0.041628185 3.324228735 1.759190199 5.141912988 6.873873743 5.330173879 1.813397390 2.087738652 3.786415358 5.729805914 10.556932659 4.036087018 0.278166104 -0.502002314 -0.655053830 3.013453356 5.202210087 3.935623013 6.227364793 -1.018623545
11.216023386 -21.767915013 9.166024913 -0.096392632 -0.344774509 -0.249772611 0.899695860 1.740259102 2.315125597 -0.328215172 0.400539879 -0.133291284 3.245432127 4.821790646 0.991096392 2.707850235 9.040621331 6.682076239 7.282915495 6.193566980 7.595421447 5.823625636 6.155508455 8.335261203 0.238416281 0.037076949 3.719238049
3.139413731 -34.171651140 11.086423922 -0.063394957 -0.486043798 -0.124652904 0.862672684 4.288547316 2.825365127 2.969246616 1.929211242 3.906906892 6.789572119 5.535851566 5.077312725 3.099291971 0.773738832 8.079184883 3.933102058 -0.076686576 6.451843272 3.427651662 2.485708412 2.512321578 9.685879532 3.322062395 0.413222204
-0.240820973 -25.914173325 12.977454630 -0.679521752 -0.485831535 -0.019082077 -0.549412215 7.291780406 1.386893724 4.858916209 1.343045336 0.594977342 4.177097422 6.449033339 2.899710566 -4.597390444 2.724938398 4.302945617 1.357192565 6.179135929 6.888243890 3.318620744 2.882571217 7.427360330 0.828766452 0.019539117 7.986558727
13.339807696 -22.559085911 5.374135598 -0.647583078 -0.375981936 0.377466414 0.544786974 2.978325224 3.299066675 1.638917447 0.496396872 1.057197210 6.549765562 4.419434690 6.361456469 1.870853508 6.956055737 3.352638833 2.519092497 5.211046974 1.576905377 4.252393894 7.445360652 2.169986019 6.162975872 5.300272190 7.283213037
18.008821315 -29.950116383 11.392285735 -0.341719245 0.870525168 -0.270541789 0.228519210 5.789241954 7.811591065 4.386737955 0.999595965 -1.199971136 0.306706350 2.738135538 4.746377878 4.861962832 5.202046798 2.667243257 6.827476010 5.167531328 5.319612078 0.135866237 3.222221881 4.180209010 7.457039382 0.070233664 0.514023051
12.540243163 -20.188315296 5.219169960 -0.241751536 0.435729959 0.323744926 -0.804291503 5.299314823 -0.549342267 2.289270071 4.476406273 -3.742727792 7.836058237 1.897170593 4.736795311 2.201239726 -0.741174019 1.294132502 4.767407044 6.966732809 2.152094564 2.749096765 7.602346355 5.547000868 5.344660922 6.709452110 3.636617860
11.455291165 -27.631546262 11.694710170 0.602869149 0.774335195 0.188178365 0.039277188 6.121480358 6.385608471 -0.793670799 1.881072098 8.609631382 4.486490062 5.148717605 1.303394194 -1.220192436 -2.701766290 3.184316471 10.993971666 3.777228577 4.586308775 1.265872275 3.407067154 1.107722889 7.392371143 7.543507625 2.575073148
9.860144421 -28.717008878 17.950407353 0.231652676 -0.460972895 -0.323805817 -0.793089416 5.390337365 1.406022563 7.922750332 5.789175812 3.423894790 3.509349013 2.434118803 6.755066197 8.193686429 4.690882561 5.014805371 9.286411414 -0.786316318 4.444553466 -1.776480797 4.267565991 2.329321022 3.234370803 2.954169353 4.829036736
5.259385120 -30.637254697 7.638838079 0.400983609 -0.720527887 -0.273761686 -0.495082063 2.170353809 2.633328371 2.839065612 1.156303149 2.067212009 6.716121441 1.410775161 2.412966677 5.917804144 3.931190574 -3.528229486 1.802754302 5.461918518 6.151857954 0.672242433 -1.702287261 9.102521961 2.338838163 0.685229430 6.802215559
0.064500589 -29.246387581 6.203820866 0.567633243 0.294740086 0.356259048 0.681175655 9.363149092 7.448699661 0.163183907 9.045597030 5.340683415 7.464365638 6.893637608 4.670553859 1.266971276 4.712000980 4.474647247 0.213732284 7.184185423 -1.485111914 9.942051985 5.838365188 3.931324503 -0.537338646 2.599176719 7.794881820
6.965553621 -22.293760026 7.152371349 0.825077206 -0.498113487 0.252441311 0.086046165 8.007438361 -2.154512726 3.520174739 2.035109230 0.674932386 1.995403325 2.876581640 3.120705662 -2.238476915 1.073628658 6.332348094 4.827294012 3.143154143 5.558834659 7.287055389 2.874280572 2.726942158 3.196447482 7.646060164 5.260833782
1.083071482 -27.429766573 10.934494547 0.505658021 0.629457210 -0.086867007 0.583564657 7.459497199 2.651190858 7.072248898 5.590643082 10.185947867 2.288447485 2.185742084 8.527246032 5.236312021 7.649422754 -0.915186243 4.071004020 4.496191359 3.324335711 1.235955056 6.783905113 8.459467600 9.341996048 1.604614064 0.690284130
11.693871590 -34.056607441 4.470052959 0.744654675 0.214517411 0.466556503 -0.426376272 4.999706399 3.242407443 2.034553711 5.717366236 1.710072935 0.863895053 4.900041879 6.994490850 1.784148046 9.267979806 3.663487206 -0.272564206 6.598443645 3.018905189 9.884990793 0.587705001 9.964494271 4.138337763 2.050846298 7.850735823
12.783197432 -33.480290158 15.061595787 -0.602345810 0.302803271 0.319980333 0.665659290 4.036791557 9.510979318 2.798343102 6.311740064 2.400555789 2.188679883 4.737461635 0.085849405 2.933584554 3.704159486 1.734114547 7.162298778 -1.557805723 3.015236328 3.001834458 -0.000025178 3.469812300 3.359888728 5.925779780 -0.112140322
6.172561864 -27.292348421 4.587229326 -0.634515209 -0.271828337 -0.250531437 -0.678773750 3.883890170 5.012639797 5.865419160 3.764988634 2.891742121 0.402566683 2.943756749 5.729663147 4.705949551 -1.667251496 3.603439667 6.980551967 5.007081820 1.525744588 4.818252314 9.800261427 3.639464371 5.249254914 3.560963434 3.598590742
8.700306536 -27.177769284 4.557025714 -0.087287820 -0.507535099 -0.825093307 0.232400504 1.072623387 8.401830586 -2.472223639 4.786849693 5.123652560 7.537289455 0.610922189 10.732155375 1.264044792 5.935037033 0.679638855 -2.151443477 4.297163173 5.831936418 1.412542618 1.022945668 3.746035601 2.014852894 6.148586588 2.081838449
2.920588597 -33.134055421 12.963964939 -0.105691661 0.831368904 -0.260266292 -0.479496064 5.189082089 7.019082679 8.641582952 7.015129929 4.501686896 2.915475369 -0.772173574 2.217764342 11.591581562 6.316688479 0.017740938 7.651162354 5.879245341 6.183201845 1.234171104 5.810306782 7.027246147 9.300231368 -0.639324707 9.792385643
9.015973467 -35.666433475 9.780962315 -0.393323714 0.879379981 -0.060684611 -0.261351644 1.494370007 8.187340021 6.397960130 8.672021362 0.333461069 2.600843078 -1.792481263 4.948154846 8.175422273 6.702291886 7.809964660 6.720383360 2.426276396 5.853522364 2.481121302 6.233302385 -2.023468962 3.501474209 -2.375612149 6.748951090
2.786051626 -27.476223807 6.378597096 0.517534260 -0.293335314 -0.797739920 0.098608842 2.967509725 5.834349907 2.156543565 4.988625392 4.247136140 5.084760761 4.777995808 8.823163621 3.170019051 3.631574269 3.380929220 0.313268134 -2.903431721 7.330885211 8.303029490 5.987998065 8.279809648 1.519317486 4.852104389 -0.591806487
8.079203965 -20.913751833 9.043061291 -0.025081676 0.524684987 -0.528708178 -0.666741507 7.911603542 2.062642331 4.940274660 1.763910089 2.707885426 5.989772246 6.310992454 3.948171498 1.820289390 9.596969500 2.251083548 8.180591759 6.754058150 6.759116591 0.133674923 1.507022217 -0.530404965 -1.404251649 5.151221438 3.441900966
11.041290418 -34.488357568 3.529701490 -0.105676144 0.537744328 0.366473129 -0.751904939 6.111567512 -1.641995649 5.252463905 0.555357668 3.736728652 8.313417314 3.406908358 6.702807967 1.667407201 6.054430649 1.582748021 7.422821933 -0.326333888 -2.930231669 1.944914620 5.335634767 2.748768582 6.149735681 1.050636630 2.689702753
4.046140206 -28.970831142 14.711433248 -0.071249063 0.837905454 0.443509264 -0.310060565 3.181854798 5.348998801 4.283431222 4.549557244 4.938707406 1.583931617 7.391654719 1.550686800 6.070477127 2.819017721 11.054880406 3.364825346 4.566399917 3.185936706 4.049504007 6.626138732 2.804672753 3.103113275 4.015075097 5.214584757
11.506179258 -31.743006553 9.834801521 -0.773618648 -0.115189522 -0.171462397 0.599037734 10.421289336 3.746798539 8.547826458 1.312409893 3.225962343 3.585369567 0.612487517 5.151547006 8.788753069 2.760790039 1.640323863 -2.835600268 1.859487490 6.055174116 4.042822824 2.358743711 4.406093455 5.079664870 10.482357119 5.655224462
14.850101133 -28.039849664 8.337920870 -0.015143358 0.833892691 -0.547167113 -0.070723468 0.636387543 3.813851151 6.829923511 5.572064618 -1.827665259 1.610434201 4.712264502 9.226605863 0.096610993 4.100503019 4.314894216 0.055012762 6.603578656 -0.348815654 4.902783540 3.288364103 3.107165577 4.208706363 4.508653004 -0.875470851
4.954715508 -26.434467686 8.586944141 0.312087714 0.665473730 0.464328001 -0.494110799 5.508858519 3.524620401 0.747512956 2.463961829 3.738917147 7.129414218 3.748072421 3.234247055 -0.479734503 3.968399281 3.512871697 8.288915989 6.343555084 11.380643334 -0.460900760 7.045917148 8.920228821 3.329030711 5.218700634 -1.089925846
13.635639078 -22.099464901 8.524380822 0.595851843 0.259383664 0.706144489 -0.281141703 7.183431241 5.091355786 3.587500640 4.261760616 1.209009148 9.136016193 7.160769040 5.793180023 0.943455510 5.255718858 1.862869904 4.083049863 6.823236535 5.469817178 0.277977852 2.973742261 3.409619903 1.839793778 5.835938241 1.903210270
6.012266580 -26.162367614 8.765644927 -0.105691473 -0.143934980 0.963651997 -0.198713014 4.173843628 4.380357912 4.014121886 3.084455626 10.329297874 2.261907416 0.515876344 0.909260263 0.747481152 8.061172828 8.713664605 5.148105766 3.356131108 3.209121961 2.275585834 3.447805922 4.090567730 1.781978755 5.111086718 2.100626426
14.167949320 -29.739464196 1.218223919 0.075978921 -0.871434820 -0.334271774 -0.350843183 8.996687618 7.059252784 5.693645770 1.024080017 2.946472467 6.451701629 2.872575546 3.639570807 5.363689071 2.036040344 6.858246139 3.272123252 4.672149905 3.762642922 -1.934218508 7.133166099 2.835316217 2.842272798 3.533522036 6.246230263
16.539696556 -30.195220778 6.505781872 0.905481912 -0.322149382 -0.027809572 0.274861619 0.079749623 4.957646208 3.380711881 4.257516353 4.412391554 6.256598877 4.450050462 2.041468714 3.716528838 6.605398236 3.743343837 6.825494624 1.994403063 9.726749678 -0.292799299 2.604861042 5.553919033 2.533191265 5.831295314 -1.163842993
12.061640382 -23.357442237 9.429264842 -0.135686847 0.731416687 0.529857037 -0.407271691 1.924536578 3.522861689 3.461142789 0.263967299 4.596729483 1.768811646 4.034422957 6.342167979 11.014473120 3.993836117 0.691922966 3.250843399 0.177304615 3.310026733 4.951415686 6.156498593 1.480160544 3.636230623 2.091265152 5.557050433
13.568461729 -30.862975614 2.336655370 0.779275485 0.425054808 0.298427951 0.350711971 3.462076448 4.736500037 5.143828908 0.789476074 2.850091328 6.751812516 3.475927423 -1.023297410 3.669227917 2.693117488 2.090230750 9.800423218 2.540177334 2.651101070 -3.648320769 5.213996814 3.063865287 5.441680263 5.396180831 2.237528827
7.673659146 -23.480537106 5.876472493 0.898103955 0.365562275 -0.000901411 0.244484553 11.450154167 5.995448250 5.255744540 4.950344807 5.839669413 2.344030253 0.890558907 2.765060279 2.021702012 3.471377889 6.938132395 9.549509349 2.725183034 1.305974837 3.657152777 2.480886338 -2.818742642 5.795494154 -0.623208915 6.838079620
13.488889173 -22.851864264 12.796960482 0.451149993 0.247307097 0.827577739 -0.224539460 7.456190448 2.740548556 1.947131859 4.725466691 6.137785580 8.666669023 2.353422743 4.804351417 2.266878425 0.879354922 0.417197325 10.846524117 4.754949370 0.079124363 3.455407888 7.743533169 1.701621268 4.019765942 7.795855068 4.552656897
14.305871902 -26.475860542 3.654033246 -0.099596111 -0.494811862 0.706265662 -0.496417819 10.142090681 5.501921872 4.705683137 0.455285086 5.927845433 2.854016154 3.364425918 6.872533551 10.369367452 3.037223099 4.797033850 3.218091227 3.476280321 5.487396675 4.992810445 2.196137660 4.889372012 7.942749314 2.022908319 4.969543858
10.172908240 -23.750177741 13.258947922 0.665411534 0.237243430 0.449486893 0.546721664 1.470936524 2.347728054 3.821777429 6.493061223 3.535899055 4.022279331 3.597374309 8.962507271 7.829133817 6.513260289 0.892987319 1.082717139 4.466558121 6.374647533 2.296718022 6.810998173 0.629005192 7.548209240 4.231369650 6.447703846
15.841702783 -33.576994344 11.493999178 -0.770762339 0.165042082 -0.190004496 -0.585307458 9.954266445 2.665711361 4.466283229 5.736643441 1.357819399 1.719026199 2.044556900 3.200371973 4.142369092 9.127503018 4.948503794 5.242473744 4.530089283 5.615543441 4.563844675 5.628395324 1.950886700 5.497067728 6.158972806 0.477766418
7.818266244 -34.244245091 5.904292808 -0.696923641 -0.710040193 -0.074871481 -0.067339620 2.252017418 3.898900817 2.217328511 1.518836238 1.622617408 3.984001714 5.033625747 1.197046514 9.655151613 7.614059918 6.565944749 5.720213537 3.881185639 -2.914796890 3.764759463 8.019983662 7.268838208 3.708877123 2.042434228 5.076874064
16.172550638 -34.670847239 8.289007476 -0.372861988 -0.044089865 0.000182268 -0.926838707 0.409471890 6.546893512 2.691745821 9.107257046 2.929514502 4.996920986 -2.016343913 5.451341301 4.703669760 6.619614319 7.531150472 5.192388409 9.034190052 2.307426290 0.152485704 8.994263203 4.406682199 7.290070761 8.142962342 4.731898529
7.864201160 -35.472638538 11.496446382 0.223881011 0.019831276 -0.377119053 -0.898479401 -0.334764207 2.592793659 2.885570246 7.218922851 3.054401598 6.960351592 -0.236024635 2.838028440 1.835155000 1.680623985 3.846572205 1.847947456 1.850415650 7.092540653 2.315381497 -0.212305728 6.408268410 1.807722236 6.014892130 -0.519821412
15.048768235 -28.614384514 12.938616710 -0.646761050 0.151963869 -0.350055655 -0.660354575 4.549669656 9.165337083 4.405650532 5.796031406 6.372786986 2.472008056 2.091684405 7.920653705 4.703452238 -0.078718090 8.093352117 3.096397812 -0.078619341 3.017027505 6.979214152 2.025347541 1.270238934 2.462092583 1.231366272 5.075946518
1.387568072 -32.348967130 3.904138335 0.599378301 -0.781349266 -0.153316179 -0.082055628 5.483094502 1.992830593 4.866878266 9.610744996 -0.299371606 4.148669159 3.286885221 2.615157391 2.133855283 6.190566332 1.790885997 3.469638608 3.352491948 5.928898466 8.046838428 3.560405972 10.338881609 10.077342664 2.630156391 4.877485285
8.157098342 -31.716260289 2.125779168 -0.968302327 -0.239110410 0.065279360 0.030909866 7.656571975 7.465163892 2.398782925 0.233276570 6.968916478 0.337555994 0.264051356 8.084411942 2.908018857 6.625596753 3.379148614 7.287285389 1.295107914 2.718425736 8.890126907 1.768610312 2.043738441 3.790549434 6.225586493 3.004373417
2.262708420 -25.438215127 13.644164614 0.270946334 0.829203292 0.228239185 0.432338824 3.625088764 0.725162134 0.118396316 2.947318684 6.106704575 8.329162669 4.115252543 1.104492623 5.734198735 4.666135714 4.974511149 0.657214602 9.784667350 3.194216351 1.497411203 3.933687716 7.599628909 2.420483137 7.969434559 5.675416798
6.805334356 -30.640908521 1.770983403 -0.140246069 0.069050584 0.075182293 0.984840434 1.732735663 2.739610852 4.639920684 3.312623197 -5.349232904 3.212999341 2.926520838 6.726728517 -0.864815736 2.798804955 5.679369656 1.825220390 2.084375244 3.292935389 5.145778949 8.343205667 1.665343676 4.693588965 3.387798584 0.411503599
6.899741722 -34.348081466 15.011079168 -0.009978309 -0.677386880 0.723982309 -0.129988706 7.566576353 1.335973871 5.906306819 1.399065299 2.946305082 8.225405232 3.865915059 4.397485416 5.218452445 6.812051507 6.738104979 6.348671155 3.143736615 3.437231610 5.583232791 8.318387079 3.420762232 2.759524171 3.891423737 4.811546409
14.961985851 -22.577655820 7.586656421 0.023798661 -0.853435443 0.394946117 -0.339262631 2.240481507 7.177162662 8.354897114 6.896404478 0.339123213 4.186198084 2.291374494 5.962009649 8.525075006 2.068184345 12.370743747 7.235113728 -2.462116389 -3.704101861 2.477533463 7.404630588 11.249591579 1.269023748 5.137605037 1.081521818
10.252899997 -31.666942631 11.480962106 0.578124695 -0.524631564 -0.169390562 0.601531708 9.373099262 -0.508524492 6.742195644 8.240327711 1.886620863 4.228382493 0.254244350 0.043307480 1.842657811 5.845535584 -0.538072644 0.342264220 3.098991833 6.399558882 3.788788429 2.395836519 3.844673720 0.027589654 5.017960933 4.464683670
10.289387688 -21.944108845 3.767690859 0.159197998 0.030516354 -0.875665999 -0.454899777 3.209299633 2.333225091 5.368266945 0.369823021 5.240753486 2.135157808 5.000712939 2.886901550 2.631564277 6.388349690 1.989778665 4.985195734 7.019388332 2.927304219 4.993813432 7.046730921 5.288814274 1.296171401 1.433651425 3.168803867
3.487668984 -24.961408956 17.191443983 0.316838140 -0.092509596 0.253989995 0.909145010 8.002631531 11.347129454 6.235029070 1.750867101 8.377528557 1.717244761 4.915341854 4.657662805 -0.435047389 2.991535778 2.027578417 10.968706371 8.020881575 11.663724522 4.671345482 -1.418823897 5.288432497 7.287802573 3.973622747 2.133502791
15.418217695 -32.442465788 13.509583592 -0.526749190 -0.609090688 -0.107849843 0.583019927 2.143872973 3.142462605 1.895045496 0.110301785 8.547785484 6.322301704 7.630316705 2.380474649 1.280226838 2.135960374 2.632641022 1.570179336 0.746896671 8.560728307 4.231466789 4.221971019 3.700513113 3.860799747 1.627141676 -1.158175431
8.615972952 -22.801584798 5.156470706 0.532050444 0.345099405 0.079916584 0.769052706 6.851305923 2.313615481 8.038593782 5.923790701 -0.173600700 -1.614081647 4.312837697 5.351660419 3.358359166 1.983311939 7.267357552 2.656257935 7.028066784 0.981848105 1.314423879 6.059791553 1.076548282 3.270858500 1.401832240 4.741427123
14.281007780 -22.744965482 12.947257106 -0.915248674 0.220752013 0.237131298 -0.239493551 0.904080777 3.940314570 5.977000110 5.999939193 1.723819468 -0.154273241 6.423917945 3.843804031 2.440614205 7.586841034 1.278663058 5.372548317 7.793249027 7.111311465 -1.625214794 3.793199677 0.566988240 1.925595639 0.844850925 6.358749910
1.942145852 -31.668789373 9.220767582 0.432038633 0.154974163 0.719801105 0.520780181 4.545453365 7.962790163 -1.113426692 -1.778694718 3.860052578 4.450688790 8.370739905 4.985214562 5.572025133 3.252691025 1.169786644 2.638208788 -2.144369531 2.603790048 8.158918227 6.204295683 8.830431232 8.396446859 3.355907020 5.277212611
12.472076467 -28.523336771 12.742271277 -0.548262624 0.810536578 -0.046031386 0.200797565 1.159355624 5.990225131 1.878164690 -3.806433866 5.558954968 6.835779990 4.299707417 4.931719207 2.834164006 4.692144581 4.140935425 3.187858348 2.679509771 1.145865121 2.545668873 -1.224686546 5.269459534 0.642960046 -5.345782152 5.972642920
6.784512323 -24.125695943 6.056836625 0.411042065 0.058292631 0.473002904 0.777119452 -2.233420623 1.807076782 4.110476895 5.168570793 -0.278607721 2.083132460 6.021116938 6.482493341 5.889193859 5.977726048 2.440076437 7.943634580 2.135229922 2.880818167 9.229983439 3.380349624 4.176784756 4.138953631 2.186920501 7.341553056
3.150624715 -29.833106943 16.140573747 0.760156851 -0.133309067 -0.586635023 -0.245457949 4.630943827 5.125013393 8.020280600 4.522511042 4.355896680 6.628310097 -4.573367678 5.514016558 6.068078459 4.280378878 2.749252750 3.010727688 5.986548097 2.897403520 0.470436706 8.460969325 5.855014596 5.752980257 5.556755674 2.781110680
3.425700771 -32.091487862 9.215141204 0.529453656 -0.123015901 0.300928406 0.783573870 6.534929934 6.863366576 9.536894108 6.642307856 -1.562173301 2.058048585 1.972722549 8.912777869 7.280435811 8.222070554 4.247158105 4.436955200 1.467155627 6.542941660 7.794324479 5.620748621 2.205922840 6.034630732 -0.487339114 2.562765969
6.407733723 -20.095597938 6.648647754 -0.778479809 -0.215966091 0.341886921 0.480042882 4.666995464 0.830284021 0.806315021 6.646875723 1.293419447 2.732533658 6.034687869 2.220206278 3.081456032 2.871208276 8.160256083 6.579652594 6.583985024 1.574465760 4.140303222 7.605682038 5.918699807 0.651870444 1.442230426 7.835434803
5.208550070 -20.097161591 13.160223882 0.304329043 0.378039251 0.856986912 -0.173330873 3.923467335 0.917307859 5.743944923 2.325090620 4.938641165 -0.515095767 -0.554248781 4.467343843 -1.501624503 3.295679344 2.433417005 7.412460625 1.586852716 2.362316896 2.254926749 4.102937751 9.776187173 7.912369877 2.983340263 1.587097402
12.369336589 -31.214381272 0.831533399 -0.244299763 -0.275724014 -0.634669906 0.679329084 8.006638182 3.262057146 2.648765530 2.099972245 5.734890895 6.759687059 12.103453962 3.873485214 2.835481407 5.725907676 2.243775476 4.145289594 5.201516434 -1.028728742 3.594622509 0.130291687 4.279967421 5.387292346 1.487002997 2.932519909
10.188022737 -27.181759365 18.742495399 -0.537322047 0.215498763 0.812352743 -0.070202008 3.403173638 6.790704783 4.664273206 3.522713367 2.489396521 4.369585413 7.212153259 1.964154326 -1.732164505 -1.111216321 -0.407820635 2.723519015 6.606646971 0.645909723 6.501674119 1.680045864 0.997896727 7.101717824 5.454545736 6.120667704
12.312396668 -26.276560354 18.093468538 -0.609207610 -0.331565437 -0.703118508 -0.156699753 -4.990327785 3.945125813 0.884580103 1.551586049 -0.528060206 -0.166093514 -0.613539665 7.477810551 5.854940291 0.576584457 5.618493026 1.152578438 6.212816187 8.399307326 10.616312537 5.063230274 6.676267174 3.054294280 4.483257021 -1.178440729
9.024115170 -35.110869802 6.640679168 0.373185287 -0.076660119 0.030769240 -0.924072087 -1.486387664 6.221545987 3.265289055 0.671161029 1.785440463 6.900408746 2.710257126 -2.047941968 2.824167094 5.436089145 4.458889278 4.330961921 1.457805553 4.272557365 2.827677623 1.721699248 2.925207070 4.466963123 4.721606430 3.037338830
2.876932162 -33.593444593 13.367631500 0.131665387 0.655662636 0.735884340 0.106042314 4.219799221 3.643665655 3.537199297 6.231266017 3.018214135 7.506060536 6.721362825 0.390317679 1.877943666 3.364960481 0.064737894 5.968719953 6.314050297 7.039606139 5.879474603 7.023835869 3.820678314 4.840774042 3.717368310 7.580228123
5.481623252 -22.720131549 9.099350439 0.524890443 -0.475888649 -0.654288348 -0.264436712 1.149629329 2.005545981 7.047506033 0.564647498 0.318729882 1.448271383 5.155666552 1.932460953 8.906945005 8.623742152 3.252850052 3.786470835 -0.384702806 5.081324709 1.291227534 2.711647860 8.427021167 6.234083634 2.081974784 4.275780035
10.969964232 -28.099128124 2.489273145 -0.391951525 -0.233111482 0.190256831 0.869387932 1.345230587 3.748019321 2.395414438 7.066832295 7.094090530 2.683493844 3.542984152 4.010579400 7.689546317 5.246974186 8.468161118 4.076467630 -0.665473749 3.845137226 -0.527340332 3.589373741 11.934302404 4.530547015 1.867214362 5.097682481
10.945452907 -30.608424899 12.844923168 0.884821290 0.082259555 -0.068648544 0.453444625 7.535746051 3.171816202 2.634038073 4.141884330 -0.235053859 -1.096223207 1.690174765 8.446271326 2.109034757 0.790189684 9.961984421 2.129074935 5.199513942 3.164915033 6.472538358 6.310967790 4.646631494 4.233129475 1.866239363 2.227428214
7.333435722 -26.308147249 6.178312930 0.482354053 0.467624942 -0.739039034 -0.049827574 9.559348891 4.446466886 6.822236776 6.813494904 3.917446019 3.021458882 4.413297357 8.604235817 -0.120442138 0.526433981 6.236960424 8.660288655 6.069281107 5.480199924 9.109080255 5.728816858 6.337306742 4.076172307 6.038232207 4.440233556
15.675862479 -25.698894139 12.333368362 -0.776741711 0.529247853 0.224559210 0.257181230 4.709792317 5.593869798 5.466986838 6.740437008 4.487486821 8.234985463 6.328499318 4.428865618 10.179913026 7.046885348 7.027448524 6.821040824 1.646791978 -2.891520368 4.129113755 2.886145957 4.294811959 6.849410011 2.231809260 2.239693977
9.937089154 -20.976526492 7.477534554 0.496181158 -0.522153337 -0.303507416 -0.623733437 5.270910400 7.518533856 4.928347253 5.990571218 7.364028181 2.834766675 4.762119518 2.348811048 6.625171242 6.977710357 4.083693392 5.770827206 6.150093215 2.675854184 -1.834076034 3.220400980 10.110870828 8.246441385 5.262026616 3.353339609
2.010289549 -22.244090922 8.163160413 0.325967236 0.662981214 0.571041817 -0.357928085 4.921906111 3.703424759 2.666251835 4.647895090 5.175012434 -0.089721646 1.383189820 4.590508822 11.318056849 7.791056930 2.041577643 6.794805653 3.411723190 2.927800315 0.037208401 3.575849783 -0.660993243 5.117706008 0.826247501 -1.000327758
5.885476554 -31.327479307 6.668389759 0.051856102 -0.455047006 -0.152978079 0.875694510 5.582689381 2.479361935 3.209042456 8.584574461 2.976739678 -0.332307737 7.627158979 3.978257720 1.752494543 5.249000383 4.598447838 1.886129529 3.463506082 4.102695046 3.051480858 1.069635580 2.489863574 5.546322281 3.908056173 0.367531619
5.022335060 -33.564678441 9.776406404 -0.190201123 -0.319375996 0.530028814 -0.762162688 5.091290952 5.701381373 2.270982894 3.915852211 3.824055247 1.465129485 3.914888825 5.813590404 5.116643763 6.020741144 5.117926650 5.936168938 11.960982870 6.196777698 7.784912852 1.240264331 1.589011329 8.036826207 4.761573155 2.182030750
12.129544379 -33.753804583 6.934926151 -0.061593226 0.943807523 -0.179414853 0.270636184 3.243881351 7.006291007 14.401988010 9.038982079 1.089329750 2.800108386 0.529727211 1.210032349 -0.677133013 0.219599915 -1.992340418 -1.297350011 3.697134449 0.204407737 -0.863085423 4.481536735 4.748815365 5.669824492 0.104687370 6.216591558
5.950246623 -35.867717567 14.270404455 -0.153375807 -0.044193375 0.919817288 -0.358411724 0.722308678 5.961179847 5.833246929 5.782678660 7.887407695 1.432879570 4.523180602 5.839493846 5.474657326 7.110679189 3.761778266 7.729802662 2.553464477 6.545578436 0.783319053 1.915638246 6.619446360 0.837576973 6.994980643 5.903280115
0.197753492 -26.900034727 7.492404387 -0.344321864 0.422977705 -0.811801223 0.208593121 6.539381512 8.134402381 -2.528379169 5.134273769 7.121550334 6.209876426 -2.510636627 3.978582883 0.201945711 6.598719121 1.463944920 3.371495274 0.621892350 -1.677381286 5.112918777 1.878583708 2.558816475 6.266757205 0.284948392 1.633397842
3.866898255 -34.194626469 9.028999633 -0.202680337 -0.829625265 0.467049068 0.229145737 3.103794680 0.859916314 7.484998960 0.578325955 -0.615719142 3.396237881 4.862801111 5.938188263 3.587479008 -2.073978029 2.997255731 2.182623814 1.253696852 6.669279708 3.954720927 1.034873609 3.603434466 2.589412590 3.484206086 4.139952021
10.589601217 -27.208709269 13.356513407 0.915941210 -0.097015339 0.357929475 -0.153382578 5.511535567 -1.113224680 -0.109891615 7.214498656 8.616114996 4.297013733 10.376232343 6.214713078 0.578372865 5.983794346 3.578446785 -0.722587895 8.653287673 9.127347555 8.959627710 3.429095527 3.572266732 -0.202025136 4.970595839 1.922638678
