-5.762869491 18.297710711 -29.058463860 -0.811337499 -0.564306466 -0.013947896 -0.151970826 3.265909574 -0.327502813 0.373864576 3.507280282 2.383920636 4.404726897 5.358331560 -0.693935235 6.345045683 2.316475502 3.853249924 -0.297923687 10.212086279 3.054201144 3.727078269 4.715212745 5.245674860 1.318902657 2.426072371 7.964106455
-13.506225156 12.252071767 -17.668932901 0.138799790 0.280600297 -0.897251805 -0.311347540 2.190982077 0.137861896 1.867070342 3.428764883 1.639094767 4.667639371 8.237914015 4.712683274 4.996563799 1.317785056 4.506969856 3.683047671 2.753879162 -1.271021130 0.075043384 2.884574676 1.868880299 0.293453536 3.168983994 -1.808515901
-3.820857984 17.880632485 -16.145805096 -0.454270598 0.310386023 -0.607163874 -0.573280708 1.353834498 3.722114849 -1.973714012 7.390711927 6.725553532 3.069225436 9.792161399 4.142581420 5.336722160 0.297385998 4.055046689 1.106980745 -1.517780125 2.434014149 5.234599120 7.446120997 2.635512434 0.799775590 4.707994566 2.384790688
-7.809591056 21.756815669 -24.119055374 0.362529585 0.397429277 0.526439702 -0.658394646 7.830743361 2.236671462 4.048066744 2.239783984 7.378011694 1.374468544 4.531726449 4.499277812 -4.403358306 3.528270234 4.142259792 -2.480620847 2.464338461 6.878245501 2.565097634 12.766138081 -2.362327519 7.695948096 3.077067356 -1.948389475
-8.333768661 13.818769989 -17.518134226 -0.484607800 -0.303945491 -0.042691877 -0.819115268 2.787705243 9.734881798 5.654298510 4.555231273 2.364287202 2.096993956 8.385563208 2.333553585 3.339148882 5.428046776 1.626151472 4.276061948 4.948907946 0.464751921 -0.656012649 6.841779156 0.961836456 12.554396581 9.613383798 2.256368486
-7.510417713 18.849978401 -28.165222976 -0.021886704 0.558559855 0.534057850 0.634282330 -0.884074009 3.870667550 0.274975817 0.946130020 -3.877807797 5.788530473 6.878308861 2.397935991 7.554581921 1.171538145 3.221541081 2.168966177 6.289536144 3.072878606 7.412273336 8.218189960 9.507726100 5.459498818 2.653393843 8.073788390
-6.534358165 22.138810972 -26.433386774 -0.234937825 0.929377790 0.201719690 -0.200923638 6.176572011 4.568868208 1.213256734 1.184251923 4.796987620 1.633888202 3.458443144 7.027385134 4.820242463 7.421203679 -0.590710172 6.865451375 6.505111027 -0.890581710 5.446957394 -0.215281615 1.502047612 6.716625917 4.881804488 6.806159530
-7.894337305 9.434143985 -21.650541724 -0.099480384 0.703742590 0.435715348 -0.552270003 2.910935349 4.590455270 3.233050589 6.470361943 2.915099245 5.312786812 8.866798477 1.918903513 3.104767582 3.047089615 1.325069932 6.038318457 0.913399215 2.596953238 -0.154451586 0.538494377 2.636337445 3.727046060 6.935677873 -0.093941906
-14.830216936 18.131735710 -24.122631744 -0.050231759 0.297936556 0.368220246 -0.879274946 3.429123666 -1.672161352 1.410192451 11.606367990 4.570051121 6.470779062 4.795716070 1.938051662 4.105269741 2.706768223 3.757049404 1.914733722 -1.135365011 -0.168027327 3.061023414 3.599802285 6.137194446 0.417307065 -0.466126118 -0.077333228
-3.908214144 22.986170570 -17.561382509 -0.225967287 -0.765521911 -0.463406775 -0.384927461 5.243388099 -0.282612559 2.676010234 2.268388747 1.523686977 1.992017847 6.030006762 1.264368474 9.958903751 2.210793675 -0.263449795 7.424089356 0.776743688 3.637392127 2.756344240 7.824917387 3.815886915 4.564612941 5.634135080 0.149958049
-6.378123697 15.515740561 -29.689137066 -0.979723459 0.018574735 0.079223121 0.183086372 3.913698521 -1.923745044 5.168691515 1.891875943 4.222606039 5.489348792 3.177343606 12.679157813 8.138566890 5.601294709 3.702656106 3.977335934 0.349284353 3.076882679 3.903974461 8.407138926 3.891362375 10.066759609 5.038113800 2.477268524
-7.341797648 24.709767861 -22.483524512 0.540557894 -0.405199012 0.724405476 -0.137286673 1.407396982 -0.632703414 2.524628347 4.554581330 -1.620166415 0.613044522 3.090856193 1.042560173 4.146005431 6.198580586 8.751233549 1.823655194 10.773465554 8.762578772 3.748206537 2.880618799 1.337292586 5.509555400 7.120565244 2.233146738
-17.050335857 13.179127057 -20.778125086 -0.796089485 -0.399347985 0.383167009 -0.244838236 6.145266599 4.222626094 3.343861077 -1.789037958 0.014603932 6.196958718 5.459030337 1.103251298 6.082804848 5.508515402 9.217271473 6.007478805 5.384202877 4.360907420 4.237184107 0.826524806 5.300555978 3.773945413 1.103078912 2.965906770
-5.269559825 15.813675692 -26.868456460 -0.202195747 0.958204011 0.137355689 -0.148645104 0.163813121 0.095047228 4.280523706 2.874260128 0.043873056 4.870612481 -1.020922405 4.851696925 3.523858093 14.159390159 4.081915364 -0.287870260 6.961643184 2.152513518 5.219706547 5.446922234 4.017447716 5.428314642 3.995959767 4.558531481
-3.273961880 16.344037958 -29.028113473 0.397988369 -0.268819319 -0.799014173 -0.361825627 -2.021435686 3.744549411 1.519600575 -0.096956831 1.348647760 5.543401713 6.016262065 6.411912567 -1.619589399 5.877085008 2.388087765 4.354129742 2.698542208 4.357823542 3.266544330 5.488151758 7.200656691 -0.894359684 1.039860427 9.823530552
-14.541218730 18.442287898 -26.426024496 0.519771984 0.360199255 0.183499196 -0.752609876 0.867948802 2.841330770 5.861479757 4.457842443 7.106784959 0.961912723 0.277689827 6.165744152 2.847303530 1.664042852 3.021383543 8.623291073 3.152825896 3.749916490 3.194724957 5.366310832 0.555251928 2.488161405 1.386415229 0.008429861
-13.497967957 17.431050875 -21.473008599 0.806670475 -0.482267909 -0.279013104 -0.197109349 1.111902772 12.940576893 3.471822804 1.372969931 5.941821638 3.690026618 4.999374886 0.351204976 7.187409151 4.085773132 2.273770019 5.203065187 6.239858549 4.575637078 2.157987405 6.356901878 6.649098129 12.224351200 1.839514853 4.553453512
-6.667718189 22.308920956 -18.199578589 0.136469697 -0.019449712 0.978762414 0.151729584 0.212944738 4.039409573 4.994373676 5.014303279 3.301979302 1.732344551 -1.447592441 4.454534756 -2.570038110 9.287193380 4.225009869 -0.049590566 -0.644942773 3.025035657 6.458096523 7.886531052 6.027714326 7.531069324 0.265117468 4.414798296
-2.301029941 12.625885006 -21.680840981 0.665717416 0.348765297 0.306938217 -0.583928095 4.905344593 3.648647586 -1.859467917 1.998769962 5.703977203 5.628562251 2.268831212 7.384866205 8.892087773 2.710649614 3.111035738 4.437715169 3.781807018 5.803503768 0.643791753 3.921433882 5.990818590 1.602349937 4.245972790 2.573738109
-4.243013528 8.051329267 -26.588493661 -0.894809290 -0.182166424 -0.234559850 -0.333336775 6.279364706 4.479113242 5.662337315 1.833300609 9.070694488 9.172526901 4.258012083 3.400414306 4.897675547 8.033193295 -0.394899264 7.642335485 4.754842092 -0.991790615 0.055891684 4.195971689 3.457112325 3.756428607 4.262264931 7.211527242
-17.026757764 17.668069051 -23.336334584 0.342907173 0.175253186 0.655083015 0.650051717 6.289005343 4.025496276 2.172283141 4.135626410 5.668985541 5.966043309 -0.019894523 0.708726743 5.512754325 5.250718274 3.804632138 5.168899332 3.076695472 1.034236259 6.793956760 2.205565161 4.319214191 5.441251232 4.415022983 3.858101959
-0.340678190 15.046217324 -15.938666699 0.091274624 -0.676678876 -0.022170477 0.730262358 2.095948589 2.830362576 6.212127746 4.031975110 2.716519314 4.489998322 0.056417331 7.684343110 7.796495884 8.533006573 7.202578116 2.226429616 0.636751933 5.026799378 3.654400831 6.829110414 4.597783593 5.723327455 2.095932990 10.423180445
-7.563223599 11.775320694 -26.474890404 -0.083983522 -0.480327058 -0.783921706 0.384316853 10.238827200 6.198862354 3.952962226 4.131366343 -1.099335189 7.778323828 6.987481751 1.019810821 2.608202342 7.765494230 -1.968534785 -0.094667154 5.187501003 8.596315228 2.085336429 0.478749224 3.128129583 5.430398058 4.009898193 5.383196783
-11.516628035 11.361476993 -21.450514456 0.022403380 -0.665406914 0.731655839 -0.146326552 11.245285144 5.244116598 -1.021305477 -3.213781360 1.590832508 9.338930125 1.308571906 0.758268044 6.982816024 5.931853586 6.198256902 4.773981626 3.110346502 8.214231164 0.876808037 3.888526922 2.593884249 4.886639656 4.836689072 0.314486387
-5.712738818 8.566738032 -18.699001019 0.369893865 -0.616707333 0.647730313 0.251587033 4.278086546 3.711068794 -0.604814971 5.324086271 3.612864005 1.756854364 -3.224087311 4.133941651 0.568841782 8.586807376 4.156658845 8.465746339 1.616563144 3.771203019 3.821722169 3.823246955 7.435268982 2.541526195 4.279207997 7.447505912
-2.469974698 19.676269591 -24.587334663 0.198845715 -0.716076397 -0.046679267 0.667469865 0.381514840 5.358976207 6.076042620 5.818237847 9.218709945 5.208422038 7.913698560 8.974641158 5.732351940 0.125402622 4.938475517 5.661480254 0.118722059 -5.244889681 0.256294462 -1.285838134 3.038104007 4.411278525 2.378849812 8.668550569
-11.225706252 21.245553069 -25.222718820 -0.509784343 0.529881253 0.655971639 0.170431779 8.594839066 3.223361888 5.071171131 5.349616352 7.596803048 4.354049179 2.833830648 6.051848322 6.754024049 0.392470264 0.590271130 -1.765243471 4.970849403 7.166948215 5.511659989 6.914258835 5.305916801 7.103372864 5.490348513 8.044074126
-6.481791739 12.652389970 -26.322450612 0.643708582 0.302225563 0.687023106 0.149325893 3.099296452 5.125732927 4.555640784 7.184352644 -2.338189417 6.809338398 3.979373238 2.884749340 5.050976482 9.319628767 3.053072291 5.290138658 1.309284010 4.267432387 2.324435982 0.845929910 1.140693936 1.792195983 3.003512445 5.293686641
-5.871940871 15.918268459 -20.491888882 0.007455454 0.707542001 0.675959114 0.205932047 0.016381949 9.094025402 -1.609307181 4.032129235 3.875216622 3.705929008 8.424615668 6.174439074 6.301849084 4.007316546 5.447278207 8.131549785 1.193787024 5.191137795 2.638326171 3.637088368 5.134068029 3.240988474 5.473530900 2.820034416
-5.734712333 16.005896337 -14.947576401 -0.245846044 -0.756189137 -0.572561758 -0.199776740 2.556613387 8.960502614 1.431543803 1.915954562 8.814443418 5.209771225 9.701281143 4.224149487 4.821137069 5.822451094 7.336163483 10.728041976 4.136315515 3.433015044 3.882703429 3.755406289 4.696645195 7.222017460 0.049269004 5.841260180
-7.556178907 7.945506630 -14.776353135 -0.240545109 0.120000185 0.870590882 -0.412079509 5.270882711 3.386647985 4.465753008 1.204571672 7.604341127 3.143922478 5.592511887 3.356342862 4.653768886 1.782797874 1.027613515 7.027409049 2.596472630 4.580238280 4.702992996 2.167601399 3.157858949 6.203809700 1.900932116 3.097938141
-10.129189742 16.854391818 -30.331770453 -0.609505051 0.292428581 0.704133566 0.217221172 8.688262796 2.560791566 2.345174962 4.008788214 4.040800144 5.236332058 7.089714918 4.248527021 3.100575071 7.505227993 3.463894324 10.064141974 2.506277534 8.026232062 7.459673265 1.633056420 9.858371955 9.683570971 2.350734504 7.670550996
-6.851005052 17.052858981 -28.533366558 0.678636828 0.150573934 -0.537901480 0.476908318 10.052055784 5.692905056 2.702039675 3.070240119 5.736659884 9.136727309 -1.288371906 -0.253449982 7.185855490 6.210624655 3.782641277 2.462350089 3.718227512 4.215395852 3.548285921 8.681536878 3.045053433 0.223552735 6.536578806 4.215154514
-5.536050438 8.565427239 -17.954968064 -0.220332560 -0.242695603 -0.768295568 -0.549794805 9.863790945 15.091958969 3.019815547 6.460497929 5.172205181 6.272947011 4.973341288 6.149061206 6.625955741 7.760857703 3.218578882 7.469756295 3.309626613 0.374037958 4.432176703 5.215177109 4.354175626 7.628028590 5.378673260 0.190725107
-14.619836724 19.482343566 -17.256125657 0.663861802 -0.632737150 -0.072893431 -0.391941008 6.078707281 3.559904377 -3.876183204 1.291033359 6.844190452 5.684058807 5.704382392 0.878970583 12.677289468 0.977233304 1.104155576 7.221665422 3.116570630 0.804487098 2.177800536 1.402297775 5.766732959 7.173174373 5.795883497 4.560059859
-3.235539285 17.586464961 -25.423980445 -0.604828856 0.411334502 -0.540281725 -0.416030815 3.062722846 4.484792073 10.697599027 1.780686317 9.350302089 9.559347792 4.911496304 2.969683992 3.550652230 3.381262043 3.611957233 0.960330917 4.579618706 1.105622037 5.093255287 9.090358166 3.214676767 6.723369858 4.448131928 2.564697851
-0.769674795 16.480557771 -25.019689157 -0.591144368 -0.732063960 0.005267087 -0.338530579 2.271802171 2.372286515 4.554445823 4.855272341 6.044449410 0.078536374 1.601521293 3.082620517 0.363930538 7.257531621 4.526054012 0.740581492 7.115159498 0.476047889 1.736676340 0.338579277 4.579313069 0.940342786 4.599879913 8.701498105
-2.020681658 12.895753976 -26.243719607 -0.018447791 0.541910512 0.839429799 0.036746279 0.537405255 5.750325898 6.096673411 8.305956894 3.410857830 8.645334989 4.093994734 0.406390718 2.694791431 -0.218830244 8.392278893 4.793972062 -1.481812085 -2.592875653 10.793542828 4.764487148 5.786715524 4.325407317 -2.193319722 2.202489777
-11.820590421 20.321657036 -26.951632235 0.854482891 0.114218862 0.459692549 0.213297446 6.139518017 6.365602255 2.826482460 1.837922649 5.084050951 5.379390400 4.995465035 10.379015147 5.137538395 9.107458217 4.396277121 0.541405861 2.166155678 -1.430480834 6.046668909 8.326919950 4.911515835 3.957171174 -1.809873312 1.914028688
-17.474785457 14.091118709 -21.486461163 -0.496446525 0.271667777 -0.806162851 -0.172739471 8.685319811 3.893860865 6.114105768 3.688742198 2.648087584 2.404690454 -1.834480741 2.284483217 1.475401335 3.185801074 2.844374082 6.818847567 9.126493943 3.920707584 3.127574171 6.857245311 6.168003961 6.835212555 3.974985650 -1.805535349
-9.958332978 20.410819330 -24.085216478 0.099251592 0.044712125 -0.993154193 0.042363845 1.914582307 5.902773491 0.100874507 0.682275573 3.511381035 5.522310014 2.083219056 -0.426594452 4.536520828 3.722396640 6.283932950 1.825100593 3.493514826 6.996720515 4.862979630 -2.442094566 3.271443452 8.425682144 5.680247141 1.730532944
-12.102733453 10.854254018 -23.894232384 0.039938999 0.381625188 0.642130356 -0.663653297 6.835462445 8.340208502 -2.069416998 3.669912142 6.387277780 2.458874232 2.991088306 1.016857583 1.996652118 6.806364908 1.435342580 7.242673884 5.886185358 4.679722552 0.133793037 4.749717261 -0.397227622 0.585016327 7.072963160 5.632688640
-13.245837904 11.384872215 -28.213590865 0.367541932 0.619780869 -0.082669198 -0.688440562 9.314135781 12.027315462 8.265698236 4.706379268 7.514299636 8.516102681 5.370420916 4.138516408 6.300891898 1.133604818 2.204685969 1.994633420 5.880684053 -3.693932148 6.011894185 -0.904272316 2.117026824 3.051153652 2.800198996 4.849105922
-6.029784552 20.255322898 -19.912482976 -0.416178749 0.354049156 -0.837314963 0.018657339 5.938916344 6.821840558 -2.576991609 5.411493424 5.560340641 5.943468597 4.820822689 -0.053127522 5.450037722 6.448082389 7.811978877 4.124564516 4.091954368 4.574455138 7.337876136 4.215017880 3.016308497 4.333280905 -1.191504961 -0.474353684
-8.087137550 24.463711732 -20.507544565 0.192541512 -0.944995302 -0.027844852 0.262937844 3.083995194 9.082278521 0.281745204 0.995887336 5.612655480 5.019734586 7.333564737 7.704415002 2.355792729 7.195491119 4.893610312 5.434094875 6.454092076 -0.919550995 2.851423085 5.451845046 3.425781957 10.736698067 2.690557498 2.939922016
-9.489377983 20.724715596 -19.538369591 0.540316479 -0.616789657 -0.572377338 0.003578420 6.055702977 1.143572502 5.914794386 6.252800871 7.219032344 4.942099044 0.089382386 -0.855994173 5.881382480 8.196654375 3.522693482 6.691885534 1.140986003 1.183606809 6.597017461 2.173775682 3.691239247 6.941970310 -1.218967380 4.276338210
-8.794703791 20.059174538 -18.949824420 -0.728875717 0.499755686 -0.018208746 -0.467603341 0.301057403 3.269520200 3.266992136 -3.886076004 4.181406812 6.236121680 -2.325320662 5.937205993 2.613887226 3.095379061 -0.038003100 7.213014912 5.851809530 2.874563773 4.521274686 5.599724545 5.313541559 -0.441528202 2.921078754 1.725937841
-12.724058208 22.914342205 -17.515091776 0.025229857 -0.943789158 -0.116334348 0.308369582 -0.219276304 5.995804920 2.196414639 4.997522205 1.295965062 1.233432047 6.579707226 3.868851712 2.292821748 4.510679178 4.403152825 4.806880992 8.344456089 -0.200715438 -0.480690980 0.488117765 11.142752289 2.907081010 6.635995143 7.978660525
-10.490300503 14.579553409 -19.572792686 0.095612280 0.048741730 -0.993910020 0.025008152 4.182692994 1.208442488 8.338148198 2.378705978 3.616021424 6.232221901 7.811251629 1.827379155 1.953836779 2.594075271 7.690836740 3.360233717 9.835470557 9.160018110 8.957387748 3.592833297 -4.983849196 1.747249379 3.254708943 0.030096324
-0.423499984 17.120139041 -24.548370642 -0.643422876 0.403135388 0.439956022 -0.479507623 7.152966270 7.101465935 4.664699557 3.079335459 4.199860795 7.043082930 0.960538988 2.976814066 4.638743763 3.826673959 2.260232780 11.946440599 5.835105392 2.000955843 2.586281111 5.777922051 6.054075370 9.201673832 1.192516296 4.267348519
-10.203396537 13.818434336 -25.681381988 -0.660675620 -0.439518051 0.603750384 0.076269795 4.480735270 1.968827827 2.280536762 8.349359629 5.862205312 2.484703855 6.046729954 1.426035141 2.250150160 1.854797269 2.558900222 8.455027153 3.743210248 7.278256908 5.014445274 0.351741330 3.837112249 2.606137603 3.002125761 -0.104192922
-3.505782229 10.466976089 -20.423149080 0.394923888 0.854828258 -0.159310707 -0.296519597 0.300662697 3.918526996 5.902124199 5.192175463 6.875092325 5.557890885 -0.900134538 8.541827381 -2.627416608 5.653009153 2.783403224 5.021731124 5.819434681 7.574152613 2.986435959 10.154368975 2.906674083 3.055957903 6.132402134 7.069389813
-7.859160596 17.605352681 -28.309010096 0.575409645 -0.689297872 0.216342282 0.383364319 2.119654395 1.486920391 9.355761876 4.284870154 -2.296288628 -0.778460887 6.361417085 3.376380256 6.164824670 3.466865000 1.876923090 0.373752946 6.113382755 3.136129606 0.496670989 1.294660257 12.506504419 1.157412129 0.832969371 3.395694427
-14.505429476 16.941924794 -22.700851541 -0.527361884 -0.556070597 0.617064232 -0.178624379 1.123389374 3.467681258 3.354033140 3.605473771 -0.297996805 -0.576575391 3.768154593 2.144032175 7.214109883 1.302317850 2.768580954 5.208078300 2.328670376 4.085086686 6.051275899 -3.378290009 1.609261878 7.160073063 5.247739316 6.445237108
-6.901036783 13.101635356 -29.204220446 0.063794864 -0.735722626 -0.100013934 0.666813052 3.432780263 4.585524420 3.973646638 9.669684464 8.542778414 4.530289467 6.274188491 5.821662415 8.961859322 5.040020951 4.498706525 5.493426648 5.241295675 2.019855847 4.889457438 9.309898879 3.870583633 5.733072050 6.229260130 3.659476545
-4.431322573 20.601805028 -13.696959741 0.379589529 -0.596770414 -0.123531210 0.696072483 -0.282498170 5.041518521 6.687055109 1.156001351 0.535374947 5.410267964 2.595821653 5.948385945 9.425067283 0.737605976 1.636914248 2.108689481 5.083032109 5.112117447 6.028252057 9.474867528 6.894122894 6.464477289 6.738540168 4.344401127
-4.708105208 10.335470045 -16.614240771 -0.189992600 -0.295996831 -0.658583020 0.665249648 0.871182527 -0.779596574 9.987681668 1.324495017 6.166555039 3.857871914 -0.864542415 -2.331257954 1.646118340 3.965183310 4.111396623 -0.705802540 7.321401182 2.546013543 2.149094113 1.647697708 -1.866582194 -2.105977369 9.086255537 2.628397963
-6.932963066 9.930485568 -18.671470621 0.457122920 0.276531541 -0.673191336 -0.511255679 1.968053656 1.910031309 2.681194833 0.460123610 4.097336239 5.341931804 2.512703247 7.876454160 2.930458281 1.984001994 6.582851023 6.418164728 2.902393787 5.280938311 9.245040170 4.863131514 6.446946753 6.036039939 3.028688021 2.608900515
-10.329904722 12.638676964 -30.056303669 -0.884056065 0.401062440 -0.229354520 0.070642042 7.452543037 6.697011081 -0.457987723 6.783399358 4.597311264 2.862615514 2.660296195 6.739968751 3.212376160 4.554795461 6.554207304 1.003114330 -0.226786795 5.476508410 1.248649508 5.808548787 6.270073160 6.084549172 8.991362270 7.860760276
-12.871979028 17.671517754 -14.043418656 -0.545957109 0.684568635 0.141210607 0.461904951 4.834481260 -2.742070378 5.632660577 5.369673291 3.834797971 8.583966977 7.756607441 3.238596931 4.580067798 4.614866970 5.957329474 5.516826452 7.336122008 4.840111871 4.406184480 4.194367342 7.812083284 3.484622050 2.895995621 -0.433012137
-6.195060941 24.169845216 -20.669877262 -0.089770282 0.663555419 0.708189142 0.223838428 5.827906776 3.931707775 10.873605401 4.397755382 4.436124504 4.230610780 6.256720366 0.683702920 8.838590325 6.284614815 2.212592365 5.050428491 9.890848183 6.954573447 5.221378033 8.107001165 3.426647956 7.497371248 2.605014879 3.923110852
-12.625242596 8.209791646 -16.067502727 -0.689230758 -0.220351299 0.070215674 -0.686641119 1.256547609 1.431887012 7.520341735 2.644683975 3.863711030 6.505866902 6.305251335 5.532998281 4.318989128 2.379791832 9.135602342 6.658707833 6.674717914 6.307971445 6.353208152 2.027082500 4.384335003 7.337384782 8.368052640 3.123682795
-3.441505025 18.553325769 -22.192000948 -0.192738869 -0.322680125 -0.875597720 0.303410444 4.355673762 6.804642920 1.172036852 -2.845916505 5.960123480 4.966468210 6.117348188 5.878648310 -0.386348282 5.684255220 -0.187153660 -0.273260791 -2.214747085 -0.879893258 1.414395287 0.663222695 4.901370364 7.014585454 4.787238866 3.716145158
-14.826755094 14.277529680 -14.527194402 0.431924368 -0.007097576 -0.901833275 -0.009365271 6.250552114 2.375832600 1.641906657 1.247528348 3.194966616 5.509634623 7.887866188 5.123219553 -0.332063921 1.670733508 1.184445380 4.761101532 2.055512690 5.468100900 0.997681881 1.396894465 6.295990171 6.389537688 1.858517112 5.301442960
-4.747465295 12.446807862 -22.254817243 0.498790956 0.438918838 -0.664655097 0.341747624 4.619534569 3.223516611 3.809442346 0.776520724 1.707151704 2.985040813 3.054478208 5.053364033 -3.444560936 6.241148638 6.090477933 7.654753238 0.612356553 9.417036474 6.795253514 2.125000515 3.005676195 4.838606104 7.652008415 2.823595068
-9.641437848 13.954486093 -24.215260328 -0.401841958 0.598712096 0.279855437 0.633835784 3.592183058 -0.081931115 4.458299280 3.680592947 -0.670454731 3.627288561 6.964027679 6.369225273 5.450096116 0.215108792 2.682206871 1.465006398 3.816789052 4.245710319 7.235148146 4.495147024 8.360333152 5.750727902 10.057999852 4.433026996
-2.651854939 19.579678710 -17.874823408 -0.225268301 0.615177617 -0.669974371 -0.349206292 9.143173460 7.404220615 4.462645392 9.825425868 2.271013365 6.697020664 2.080153617 0.159974888 7.932520050 -0.963885923 4.795082837 8.218208830 5.169193283 6.954774549 3.824652172 -3.751633687 3.650890816 -0.889306578 2.154780855 2.812153469
-2.337350461 13.363983952 -25.401593099 0.236518350 0.314042092 -0.499720736 -0.771826289 -1.505321070 3.217261723 3.201325059 4.427029153 5.591167305 2.532120627 1.908180431 5.162746040 3.907580445 4.623119571 6.455366936 -1.408120641 0.288118004 4.938006601 8.294106772 5.444010847 4.346886766 4.514164479 -1.166878236 8.238810350
-5.685481678 11.737952620 -16.514180935 0.205171965 -0.406388783 0.177875321 -0.872417900 5.031940019 2.979975542 5.858441963 5.032737217 3.942606689 2.426043035 4.235184074 3.311483840 0.137010864 -3.910325694 6.313747009 7.176251877 4.113548902 3.972344676 4.855563696 13.373282414 0.504296457 9.680758052 5.735208373 -0.058327305
-10.166617609 16.442835537 -22.674723012 0.497386391 -0.211767649 0.146088206 -0.828504362 4.823935574 2.845676328 0.502191838 -0.189714939 0.007293019 0.719872321 4.028544422 0.584483385 0.419218116 2.967739675 5.058569072 7.812706397 5.038087286 9.732295101 2.998770703 5.347124204 5.432784257 -0.113959119 5.215383816 1.339275464
-16.579362281 9.836324893 -22.449210153 -0.212267610 -0.738689321 0.485130087 0.417048375 9.383517958 -0.756878863 2.926603290 2.947316635 4.705999286 6.165166678 2.852095088 2.566908163 8.172831700 -1.808290450 4.912303886 4.180647770 6.798945663 5.144248135 5.537648432 11.883107800 0.920254665 5.823329879 6.905289847 4.075174297
-13.030780218 7.786528267 -18.253236609 0.025003464 0.390070772 0.918037630 0.066532170 1.656533021 1.499498821 5.025195167 -0.297481517 6.694627199 2.255661225 1.314676316 3.225504148 9.324114409 4.619788573 0.920335356 5.527073572 1.598048330 0.493255289 8.247986894 3.848650105 -0.808373870 5.193853816 10.413274453 4.445585710
-7.305947320 6.560025951 -18.115729326 0.151956461 -0.572875456 -0.767943703 0.242869131 7.001610922 0.899876308 2.662134961 4.981428923 1.537793446 11.253430669 0.825532642 8.338327425 3.980725669 3.437462517 7.844598591 5.958797531 3.786294055 6.047274879 -5.414102046 -1.766480230 7.198011211 2.745282279 1.706083168 8.161720830
-15.737505220 19.464066496 -18.789503476 0.220213883 0.833058200 -0.467845330 0.196572196 4.742624207 0.634377739 6.129309459 2.512911516 3.378525323 1.065741548 8.265413914 3.337080337 7.382827082 -0.722919494 6.286003461 2.266676499 5.970308438 7.841020113 1.931710464 0.739729794 4.063407241 4.854830197 1.206199307 0.986890170
-10.598876158 12.370112230 -18.921736131 -0.695031112 -0.413850479 -0.258568053 -0.528017136 8.309798889 0.336768507 6.644369830 5.432478471 3.564456566 1.870115071 12.199051643 6.193244852 3.346587898 6.157006705 5.640011813 5.935537499 -0.487082416 3.675662700 -1.702094296 11.366024904 -0.773911799 1.760914989 -0.653398822 2.666307537
-6.837438216 14.316735006 -17.789069410 -0.567418005 0.488893175 -0.624212066 -0.222215140 2.241178501 3.499431764 10.873740998 3.029149923 1.486829953 0.460150202 2.466643060 3.149616508 6.898453824 4.513075208 2.097830228 3.681161314 5.212579587 4.633065687 7.891240153 6.265260667 2.154602064 5.248596306 1.196484963 1.481995648
-4.053070243 10.659736739 -17.097381310 -0.575871479 -0.175320757 -0.767649055 -0.219885426 6.844819228 6.779791675 6.496136623 1.698372898 3.617450952 7.056175157 9.363239373 -0.576400949 6.484957496 4.603603830 5.476732415 1.218557327 0.274353220 3.641479151 3.734459752 2.871933291 7.079906244 5.378341908 1.997458643 10.335351754
-11.946834520 12.110569462 -18.436375514 0.651012118 -0.434788135 -0.046925490 -0.620435732 8.947563518 0.818566076 3.781018267 4.754934791 3.102753809 13.221041855 1.929658261 7.217589599 3.796837926 3.198104842 2.606727187 0.894918195 2.194365091 5.785858250 0.689048996 -4.382869722 0.852399229 3.049906619 2.459183443 2.673243548
-8.359509176 19.502177889 -27.158142818 0.224610904 -0.230570490 -0.938840518 -0.122334264 1.479314789 5.004202321 8.590034892 0.981385843 -1.260866794 0.404535315 -1.554242325 5.761522424 9.833840233 3.838167001 8.073064120 6.361005598 0.257188064 0.013786910 1.919725515 -0.584731172 5.501944527 7.525372103 2.827736045 0.807955009
-9.186272932 16.801794453 -11.751023825 0.351707624 0.460200199 -0.813224983 -0.056414990 4.552120273 7.131190046 6.041710641 3.853232606 8.094317229 2.709450479 7.861098875 0.799522704 6.706622474 3.815250572 -0.783559681 7.122126968 2.871514962 2.315996126 4.652365433 1.611102285 2.654211160 -3.208542196 5.495676318 4.584870102
-9.777807868 9.275979624 -22.201963281 0.317344847 0.877903543 -0.353123351 -0.062301818 5.669881406 4.902204086 -0.256119164 6.638064658 5.433988871 6.740840858 4.593868784 4.532655799 4.072518964 8.326964829 6.004345936 2.348237204 6.905987556 5.830266226 0.888670660 2.669271062 7.346725109 7.441514643 8.337740135 4.950736015
-5.921523529 11.404141156 -26.171626816 0.247809357 -0.098802820 0.962769962 -0.043617954 1.730732018 1.802363812 4.665921549 4.895125606 -0.504567008 3.159847250 7.895284608 2.010042845 7.382432274 2.504783177 1.427254869 0.740290390 3.597208098 11.322080403 7.480456337 2.718584031 5.794186957 4.205039821 5.308965326 8.863750831
-10.546640264 15.664180990 -13.506372162 0.188193791 0.026193531 -0.638257168 -0.746005887 5.920975692 3.295603549 -1.872569821 9.338179922 1.950799782 0.343823308 1.562826125 12.329110101 2.553099981 0.895543761 10.359936302 11.237513013 6.855141942 8.179803301 5.257003371 5.950171713 2.480480267 2.766467986 8.517586686 3.406505475
-12.060919479 17.160261846 -18.001078821 0.858997688 0.265324038 -0.303457725 -0.315657307 0.733792808 2.730187232 1.341092770 7.711167696 5.443005106 2.713500809 6.267780162 4.964411467 1.526287255 0.257584813 4.114304221 5.502392589 8.133394528 7.099317931 6.944963249 2.304757480 6.035157009 2.140228065 9.635588975 2.209892648
-17.391465862 17.138051197 -19.981690483 0.522176755 -0.802706035 -0.266572111 -0.109241786 -0.339451780 2.977864722 3.544828616 0.663064674 -0.287766956 5.828353356 9.675220658 4.049403190 -1.172262493 5.349052977 3.810729949 6.140479278 10.246744070 6.941653846 7.808297044 7.354819560 1.960773572 3.832638318 0.424401633 2.580051804
-12.735087205 12.207621058 -20.252255226 0.138528724 -0.293366295 -0.939185099 0.112593777 1.979657750 2.812131577 9.703301194 7.982079002 3.650168117 6.341466038 2.368541974 -0.052770284 7.000661061 5.384915901 -0.847326797 3.328950258 7.380716246 1.588101168 -1.370304063 -0.909395014 6.290673393 4.759031156 6.671492299 5.799066882
-5.472662580 9.935703071 -13.582312546 -0.029555675 0.696897875 -0.714850779 0.049479064 4.301344020 -0.346803621 4.835479704 6.209789083 4.325990902 6.785366293 1.945170646 2.095600596 1.846428581 2.860110594 3.255011196 1.671142197 10.352558371 8.817395293 3.512152391 4.397548335 8.401227073 8.198238337 7.946480449 3.486887101
-2.446711965 9.873471258 -15.468927976 0.368351789 0.059670293 -0.901276453 -0.220129894 3.855921187 2.976039458 3.838032672 1.531250407 4.932844477 -0.072981603 0.961119717 8.361386415 9.015807264 6.636293272 0.103347860 7.238832487 1.311852609 1.571425495 0.620450814 4.279601547 2.147808380 5.525466260 6.208069039 3.825888294
-16.297444510 15.232391031 -19.921647995 0.279275193 0.876542589 -0.037431243 -0.390227317 3.435332829 10.902639707 3.528401564 5.784532527 -1.379005463 4.128364063 4.636005905 1.943076958 2.641673320 7.129981283 1.221036474 -2.758943010 4.467640350 -1.884421465 4.398333849 9.802503672 1.091726822 1.538492983 5.842666671 5.768801508
-4.088418778 21.251652481 -26.267423598 0.000681489 -0.940423523 0.302639605 -0.154959358 5.582453842 6.200582258 -0.953215328 3.043799322 4.683425336 1.468595713 0.982794453 3.715150673 5.708245207 4.918204245 6.199246679 3.957916618 7.804074339 5.808033962 3.684194694 1.705932624 0.536459184 4.615759001 6.627101468 7.326586352
-1.760286520 15.851763345 -26.263164454 -0.219460554 -0.013594289 -0.426511374 -0.877348453 7.243050312 -0.518122629 1.530035424 10.565918312 4.334745217 6.265252082 6.039995471 2.151811546 1.184027702 4.754688351 4.355794224 2.834280084 5.062563030 2.475077519 5.167532678 2.110428815 3.483526074 4.054456356 6.561946094 5.270807966
-2.693091106 13.076580691 -12.796675531 0.326882273 -0.597700165 0.456361568 0.572395504 6.169105089 -1.830526512 1.457624643 2.346616761 9.938445273 5.187033807 5.806368850 6.102639997 3.363607486 6.862673605 1.386107657 6.468955982 3.137584045 8.115504246 0.382853956 5.254094404 3.093870333 5.521802450 5.001404827 1.234834946
-12.561363940 15.391849619 -15.281027080 -0.070023093 0.577629876 0.812921955 -0.024461974 4.600666457 -0.523035701 0.587002835 4.734438615 5.236702118 1.958297998 1.238086171 4.394577792 4.356167674 7.411699255 3.621868307 0.813198142 9.007323720 -1.820418651 5.318646442 9.846250509 2.448493272 0.212518918 6.736732055 4.855680107
-12.851471813 13.481083022 -23.635523132 0.855517801 -0.366179894 0.108776689 0.349527122 3.993801579 10.411691710 -2.057544077 9.655767101 6.854587473 6.176857810 3.065280886 0.828911622 0.231044770 2.594046551 0.133608035 5.149298452 8.063296378 2.635337776 0.121185303 4.081386776 8.959205149 7.718140407 6.083487265 4.822755189
-15.651253731 18.409891206 -24.222604492 0.235393763 0.885090247 -0.012786152 0.401299819 1.888824355 5.131726582 2.081694959 3.295006191 11.033917249 8.099897021 1.089752784 3.755134274 9.551431506 2.411700678 4.269564519 2.102782304 -0.857331339 4.363156284 0.548587788 6.270710863 5.997949996 4.232902794 3.694214419 -2.274750839
-9.551578291 23.744484611 -17.664489917 0.594212863 -0.563623018 -0.420812873 0.390072677 3.420354436 -0.481591040 -1.594866663 2.216528670 -6.827541141 -0.050539936 0.125258689 -1.034735122 3.498624098 4.841047889 3.430282572 6.564843298 7.496399865 5.926846235 -1.156708306 1.792527316 4.625962947 0.059827645 1.084946229 2.687522707
-8.695266763 20.853493302 -24.309742583 -0.307225986 0.197253996 -0.599251944 0.712460639 1.534163630 4.586059627 8.269525167 2.673923674 10.470126240 8.312966594 3.954120558 2.454707873 5.386974367 5.817324434 6.403780411 1.887472014 7.298757193 4.278796276 3.677926938 2.109062810 3.189204616 4.717581285 4.279627803 4.140280714
-11.338133793 14.327637097 -29.317513351 -0.839433610 0.370936332 0.154732631 0.365807687 1.150666116 1.630798801 5.089248099 6.352909785 -0.294232262 4.450581053 5.308987983 4.912610469 4.069878856 9.427334171 2.102983328 1.738836425 1.425016819 6.655465019 4.227858874 4.271587039 2.732231814 1.811463742 7.178407138 5.007591676
-0.776969107 14.303090081 -16.254026145 0.149958580 0.844770197 0.219582798 -0.464391143 2.889586568 -0.258863689 -0.154572164 2.817223342 5.778376145 0.791736573 8.791209416 3.203517945 5.116947791 3.571215201 -1.130697488 3.881367972 1.210813752 6.001603329 -1.516939197 -0.442843400 6.523375272 -1.706106213 4.852334997 3.511532507
-4.672065962 12.321330194 -26.257916311 -0.690240351 -0.099468350 0.450315792 0.557575101 7.692758854 5.186098538 -1.739751707 0.526803632 5.060090071 6.132335957 4.923376259 6.355138250 -1.915815644 5.376826379 1.003139150 2.980295100 2.105315211 9.084451168 6.574638690 3.597051803 7.764817735 1.748589144 3.484669077 7.809520879
-4.251707044 18.680035200 -13.362531061 -0.848094460 -0.403764815 0.315996198 -0.133626962 5.356642831 0.921178646 7.738370129 3.225889750 3.560670687 4.197279687 4.475662083 3.387705701 4.574288021 5.623043765 -0.890914399 4.566532952 6.245137137 6.609426274 0.995163092 7.726668283 6.915371442 3.679623777 3.008082304 6.395432028
-0.940399559 11.878315752 -21.855414957 -0.373429439 0.744532643 -0.246820249 -0.495279075 0.475562337 1.909031113 2.937186181 9.998555950 4.256826210 6.323179732 4.023091294 4.650087040 1.513124411 8.881604934 2.798756107 0.343856784 5.429355535 9.073272490 5.386511062 6.007634710 5.009382301 2.539192974 7.168833289 5.019597038
-16.845158528 11.353458812 -22.667300542 -0.822123629 -0.298003063 0.312575877 -0.370949098 2.006805577 5.504148676 -0.061227455 3.192468975 6.706209698 4.656541106 3.564730647 4.837202681 3.553072785 2.464457261 7.997401246 3.083975777 7.394139983 3.485806569 0.841242198 2.223685448 1.294358734 6.110310183 -1.994814296 5.027230392
-8.858126242 9.131398723 -13.380688292 -0.253289769 -0.561784147 0.673649853 -0.407969044 5.032526119 1.500659626 2.248047905 6.054041196 4.581949237 1.971477634 6.856186558 4.228667639 4.197344912 6.961146580 4.554566371 1.389514195 11.976059585 2.584165525 3.183701378 5.491176126 6.125192144 2.693105890 3.132522442 5.735378668
-4.206670900 9.663804973 -26.652147052 -0.482857699 -0.059697325 -0.658824520 0.573789965 6.109588583 4.206233936 9.186100518 5.275475351 3.740145650 5.035258028 4.251371254 2.285742639 1.269282573 6.133489392 2.568923018 0.557468788 9.368672463 2.125401016 4.745849061 2.492431503 5.783189324 2.375928323 3.124620818 11.049855648
-9.187158801 17.105623691 -29.832345531 -0.856384344 0.162733185 -0.489849772 0.013075433 5.775062928 7.357322527 4.631051338 3.329144948 4.756380843 8.071952278 2.003086719 5.069555231 1.804102299 6.401960970 2.030537850 0.807625254 2.561535616 1.268578376 -1.513316758 1.046043455 1.846219525 12.108790797 5.955494727 2.593462848
-4.219468969 14.003363469 -25.861555012 0.565758974 0.144789274 -0.458856194 -0.669629631 4.197162300 -4.167506480 2.667117605 2.312402405 3.927810223 6.192999760 9.437678638 1.097722092 5.983017454 7.095311242 3.119523911 6.592415616 2.843043748 3.100719586 3.383869078 4.287343695 -1.251353998 4.952222042 2.987879275 -0.767859112
-15.553675558 11.873435420 -20.702856939 0.257779802 -0.504948662 0.741350080 -0.359132957 8.395178062 0.392004236 7.636913175 4.697896277 6.688954633 3.868293078 2.473298614 5.732651789 1.553208708 6.628831410 4.526965599 6.165818750 4.498906862 8.167973624 4.003128305 1.098591869 6.035397737 4.903528907 6.206124102 -0.989085226
-1.962237116 20.596066026 -22.059394859 -0.154903753 0.024186884 0.876741574 0.454691141 4.365694664 3.654199475 4.226439520 4.442675905 3.873784784 8.289475277 1.611335770 3.470432895 5.239957298 -0.109331497 6.888366959 5.514246498 8.382861510 4.005601412 -0.896983077 7.141259737 2.667832616 0.407696390 -2.247020746 3.690757679
-7.006036092 15.167112158 -18.009742366 0.844412398 -0.196078588 -0.358673841 -0.346228197 2.963987778 -1.860057956 3.988674521 -0.660873339 2.410980130 1.866401257 8.572544049 2.382179440 6.237330194 5.928595350 3.488895997 12.552223552 6.374531219 4.493020420 -2.151081795 3.581229187 2.894375924 -3.603844446 0.144705636 2.281366138
-17.385913433 15.322477010 -22.163154030 -0.784818761 0.453444777 -0.409257417 -0.104669539 0.008966416 4.152374096 0.877279458 4.763550307 -0.159367535 2.252581237 8.136787780 2.138765091 6.319739312 -1.331303876 8.249913597 10.058809506 1.637780577 2.287642935 -2.377679821 1.308850177 0.171796221 4.002949925 -0.568623443 4.121523720
-9.690356186 23.951363684 -20.557328050 -0.237677672 0.226104459 0.893432881 -0.306861182 6.008628196 -1.086367196 8.119725401 0.234411300 7.520561291 2.334498170 7.614765515 6.827463922 3.760864000 8.827881737 -1.328464168 6.362244593 5.537321269 2.000280916 4.602864987 7.346699345 1.648387976 6.892893431 7.326892933 -1.709454696
-6.837064631 16.369542375 -18.340744906 -0.470481386 0.552056784 0.189470765 0.661801633 5.316774704 4.581674175 8.605311982 1.648535648 9.109154205 -0.388754667 3.654397301 2.416413341 3.110301373 2.701453356 1.601624014 3.044797451 4.383612765 3.390066009 4.542232550 0.960390746 3.380767094 8.854430685 2.679973019 1.478234659
-3.085664320 10.697103867 -17.719372409 0.523227407 -0.398446943 -0.033214436 -0.752575521 2.277610542 3.310425198 5.263988991 8.450007217 2.763506002 1.591653420 8.360936738 8.859467152 4.184300902 5.294641426 -3.304356415 -1.701846120 -2.115174593 5.668581729 -2.986675485 -1.474130265 14.438056625 -2.565552910 2.634948777 3.933580136
-7.709316713 24.720202564 -21.989769394 -0.326004470 0.220609512 0.464544334 -0.793253484 11.386779256 4.723112872 4.512382928 1.610250746 4.911857279 1.396393644 4.839716547 5.458871494 9.259320820 0.898076838 2.124268574 -0.749498227 6.507101306 4.023543392 6.556724641 11.743762494 5.425052052 2.563275266 3.312946966 1.656661353
-9.776830270 15.971398394 -30.510223798 0.401351099 -0.823606744 0.284743877 0.281975444 7.032985594 6.816351170 3.672807227 9.062182015 2.452117973 2.699345183 1.139669224 2.193121813 0.276997925 -0.641757311 4.007972522 2.276859183 3.611908918 3.350511875 4.771010379 -2.837639794 -1.196107752 0.259589601 6.289353077 3.510687110
-7.797646350 6.503326369 -17.545938385 -0.577594761 -0.015034189 0.770605296 0.268934459 2.824384190 7.442093185 0.823175726 2.944761204 7.695070805 0.836201787 4.177453719 3.395349227 6.939859380 -2.397310537 -1.716037365 5.952597986 2.769063098 1.982715456 5.574209705 6.366706089 9.680427176 3.061576260 8.223253788 4.067105059
-9.744435293 18.979450118 -15.383224346 0.083744086 -0.143124187 -0.346430983 -0.923302750 6.253725928 2.324091555 3.419868756 2.954346656 9.406529733 -0.452800462 4.854653382 2.442717507 6.321123683 3.044118105 7.590767828 4.006377225 9.409816020 6.672009723 2.363686595 -6.917716817 5.983519763 1.296948137 7.004908819 7.588621472
-3.973615396 19.866693342 -24.799644914 0.132239847 0.537139569 0.050890875 -0.831506960 -0.182294100 -0.797323013 3.914102742 1.963511792 8.987801080 6.593099605 10.072862698 -1.167281657 3.071854856 2.744973924 2.911222248 7.070648799 4.026577187 6.310610492 0.525587437 0.916133626 3.745258727 5.967497045 0.081720390 2.555957758
-14.470693458 17.069222053 -15.507074787 0.816312906 0.450531184 -0.234302581 -0.275240244 -0.813975145 1.397853168 6.701210172 3.161078302 7.153367268 7.503782863 6.039604475 3.440172178 3.647744392 3.997549636 2.764908646 1.913358971 2.223333018 1.297858841 9.221569140 5.930171357 2.243789531 8.423297473 -0.115966216 0.579221307
-6.014607055 21.961065448 -25.863198482 0.443709457 0.607367216 -0.646251996 0.128784079 5.387325062 5.626581131 7.282607176 7.703706866 5.439124914 -0.088635229 7.148231663 3.675987984 -1.274180411 1.201608460 7.890899667 -2.296344480 -1.072964012 1.831933851 1.837362166 3.892096255 -0.245383707 6.613483832 0.127254966 0.931835433
-9.431561598 15.232499762 -25.717879856 -0.667935045 -0.713097163 0.212612551 0.012292854 2.867586837 4.934491540 4.042292855 -0.794125455 2.674668518 6.323470358 4.100215625 2.423709153 2.786805575 5.730306939 5.989146188 6.375566469 10.723636534 3.694065393 5.687346389 -0.848314575 1.047526183 7.553579263 0.584090948 5.756608708
-8.283552407 14.723307485 -15.459794830 -0.285487186 0.019088623 0.954532373 -0.083669827 3.171451170 7.020746699 6.778299379 9.271417230 6.996778572 1.046935298 5.802908750 1.855489013 0.586331107 5.930659608 4.955840903 6.211022166 7.881561718 0.911081591 9.981291186 7.485208183 5.420290586 -3.244722769 7.327443255 4.982379932
-5.163082693 21.336622935 -20.913083693 -0.399235018 0.294995736 -0.228016781 -0.837614030 2.936968915 -1.030831729 4.327927814 5.665013494 2.312742933 2.994865309 1.740710807 3.790467675 4.278505799 2.861615047 2.834090757 5.844978110 4.558155712 9.084618084 0.070019804 6.421391285 -4.716712165 0.670717128 8.018507827 2.376361795
-11.317898283 11.460323481 -21.498884186 -0.372828077 0.054468229 0.905144494 0.196839736 1.696946796 8.663459149 9.333598927 6.002087960 8.094046802 4.714469078 2.051928712 7.564334569 3.499641222 5.030610336 7.615963329 1.330572827 8.421952610 4.972929115 4.886176714 7.327470602 4.220823908 -0.323185370 7.297131888 6.336176618
-7.740263720 12.888847583 -30.408415854 -0.975611710 -0.045919221 0.173219912 0.126759923 1.547009277 3.686391174 2.006999720 6.025290813 3.698530820 6.476899538 4.843887575 0.009360146 4.249656566 6.185627704 -1.064094238 5.872654151 4.337096704 1.772769470 2.930604825 2.970857750 1.912343263 9.874717359 6.752409172 1.811630719
0.732330289 15.774752535 -19.498798330 0.450805856 -0.497487316 0.730991701 -0.122194858 -5.895686444 6.985457556 10.446499233 3.446958851 3.078834153 -0.787883535 4.132100121 3.649240056 2.638412753 10.064821240 3.162036376 8.578252386 2.550181124 5.692206349 10.025955177 2.807499335 3.068773800 4.708209901 1.502096215 11.004517148
-17.054933464 18.066136270 -18.625516544 0.336681977 0.228343525 0.913034347 0.029542541 4.299918131 1.006005366 3.727920637 6.805164603 4.238010392 5.917356072 4.532569750 5.629001806 2.946571788 6.115034882 1.821378606 2.551323784 -0.571660488 3.540507254 6.147234891 3.914945550 3.566035860 9.029346894 4.114539897 5.381571378
-10.570480256 22.757306770 -25.672119626 -0.439914851 0.887023173 0.135962693 0.034335984 11.615540045 8.549139758 5.966337946 2.088341583 2.574551755 1.779645693 3.727620165 6.590538058 3.157950298 1.017227720 5.544335323 6.664555024 6.944660412 -0.628200780 3.619737232 3.253632772 2.876334886 -0.680223787 4.617211639 9.001265842
-9.927739297 10.824928186 -28.201797427 -0.161693801 0.190002060 0.764079553 -0.594925851 7.890455034 4.740188601 -2.864032445 -0.164195657 1.499935517 3.829007768 0.973026280 7.886308807 8.828474611 2.548392715 -0.409401054 0.774481560 3.520943154 -2.176519095 8.841073794 7.813905559 3.643257391 10.989260413 5.812921849 6.435236013
-1.651875747 21.229952411 -19.026893775 -0.108410030 -0.781612116 0.280737164 -0.546366553 5.946732057 7.343490311 3.271797589 -3.320709636 9.277375141 -0.252723126 6.402592523 6.541967880 6.290151262 1.688651123 9.349998589 7.171378745 0.708009399 6.421135092 6.252996438 3.816789930 4.000766142 7.832695230 2.585497793 6.065837724
-9.439675878 12.035077399 -19.202857408 -0.434030356 0.677715023 0.199456904 0.559050034 4.026174068 3.211984678 -0.380194357 1.371653498 4.171656953 -1.157877964 6.206433377 1.875716697 1.579797667 3.820101415 1.369484562 3.514014130 4.032227565 1.038482518 -0.712623689 6.485008000 -2.391666353 7.135916398 1.968101459 0.676125101
-11.031351314 16.029846704 -11.805022960 0.906872817 0.410169158 0.052881915 -0.080910188 6.736072857 5.741529505 4.681643237 0.662678646 5.226505605 6.404200107 8.496672238 2.970343175 8.480763190 2.841195855 3.991413287 4.856261561 4.163919887 3.553733761 6.898671656 4.061506295 -1.242341728 2.397041233 5.330021391 5.100689594
-8.951652925 13.524268928 -17.958651516 0.642249056 -0.401050547 0.652739037 0.024624331 1.090583320 5.997253693 2.861809431 -4.523353997 -0.596281128 9.769392398 5.184323480 0.940885407 4.687763622 -3.121897074 0.651774055 7.261878357 7.390960339 4.499023741 3.821210400 8.623311121 3.251843506 7.023682165 6.942139174 2.125984264
-1.508868866 18.941019750 -16.275359549 0.730568717 -0.349866126 -0.311017340 0.497122980 3.042867576 6.823296187 6.786062489 11.755184811 2.884077193 7.393737477 2.616461096 6.864239518 7.049592063 3.305246635 6.651822443 5.152829986 0.874373896 4.523215326 7.906159472 -0.260566842 4.465020127 5.309407666 8.854827908 5.666815634
-16.110364859 16.552190767 -22.342745767 -0.757372848 0.443354348 0.449321047 -0.167134342 8.311293991 5.035430036 4.220596112 0.952416567 2.456254729 4.178838712 6.873673104 2.006268862 11.147215488 0.420637033 9.163441261 10.446382588 1.391778502 4.207377381 3.188131450 6.016594000 4.781275113 4.787619275 8.059038139 6.605643359
-15.396059771 13.824472870 -23.095993659 0.652411597 0.572629832 0.495802756 0.025175597 4.646532395 2.212559272 1.438122079 7.897501412 3.750242136 7.980669410 -0.576290789 1.078188952 6.708880346 -2.805174191 5.380201619 3.588158342 2.383451028 3.694890850 -3.547233786 8.401046809 0.842834242 1.262920111 5.546206416 2.156259287
-1.538033435 11.217607382 -18.539227286 0.369709782 0.136805055 0.918921818 0.013481325 5.648905132 -1.042901565 4.665677853 0.868850221 8.211685255 1.200510450 2.214849196 5.491022221 4.185291176 4.968759632 -0.767076456 4.385716886 8.492689674 4.342119012 2.709725847 6.442751540 11.537871431 3.213362524 3.608531230 4.040309291
-10.666232448 22.416013005 -17.729782909 0.049029385 -0.980589181 0.175821935 -0.071607437 0.978831974 7.277581759 7.224302806 3.226508433 3.924667974 4.050574572 3.266063650 -1.946086502 3.632952291 3.561826211 0.710040443 4.398881041 7.676196209 8.075764757 3.762589617 5.018061781 10.393090193 -1.490064221 9.460052808 5.685112865
-11.726606329 18.255930350 -25.238022768 -0.143224285 0.815397997 0.191749403 0.527110119 4.929641114 2.164030123 2.434093341 2.096261906 1.965061578 4.635306974 5.685996806 -2.232629395 5.072412764 6.605326808 0.886484389 4.410654768 4.252404830 3.547422348 2.311564310 2.945191156 2.906906893 3.449947782 5.182685554 3.249308139
-4.255319204 10.573802841 -14.977650967 0.458595191 0.549044535 0.598609808 -0.360425925 5.204922111 8.683731568 4.929560788 4.892340589 5.340002822 3.538212718 6.150053113 3.655941069 2.233126437 5.805342149 7.467894372 3.320677688 3.370055141 1.786235643 -0.895985530 0.873684095 0.927507121 -1.895902924 4.339953947 8.050127347
-9.681323679 10.128894976 -22.002077921 0.800020515 -0.253546761 0.188410647 0.510081017 4.808000338 0.507683858 6.337466929 5.563847999 7.127619041 2.958613865 5.794663912 9.886351858 1.130976707 -1.615792422 5.510365793 7.241045825 4.777057592 1.225164756 -0.034412354 4.848457278 6.388956420 8.316530442 1.900233706 1.870012468
-5.537595986 21.028638011 -16.608722825 -0.848004431 -0.088118711 -0.502799122 -0.142536386 1.698247545 6.837888420 5.726110772 4.590066294 4.069493713 1.039442293 2.566349201 0.952691212 5.462152872 -0.469846352 3.499011666 7.189771610 2.221115317 3.761437927 1.267108687 6.053112550 5.423013666 7.978689620 5.227963343 1.017500654
-1.711327237 8.513940279 -17.707114176 0.770985291 0.180767332 0.537386409 0.290035686 6.847565127 5.260807647 5.713782231 5.189430117 2.474584182 6.698787991 7.528196868 -1.005653118 3.917265132 3.041794693 9.024007745 5.850059171 2.841804221 8.380301442 3.907425926 1.191451787 1.461040989 1.759673919 10.539419242 10.757598590
-12.265367610 9.620090102 -27.335875550 -0.326764385 -0.737702928 0.404533662 0.430548422 0.160620116 9.093693604 2.927019345 0.468560828 -2.287170955 -0.447168001 2.587942155 9.196069505 9.021476422 0.774655580 9.890897488 7.925338512 -1.062350405 4.981227679 5.554735963 4.349634234 3.986426395 3.497621456 2.196378272 5.317117321
-6.268041309 18.876845872 -15.126456703 -0.645426390 -0.126426165 -0.657810295 0.367051516 6.846038513 1.823017352 5.418678876 3.289622314 3.348860726 -2.661774085 9.111018027 1.606005934 1.052778322 5.112036154 3.940980620 3.483805163 7.314867284 7.811870243 2.197496179 5.948779531 4.499630559 3.803243779 2.965516865 5.602568316
-13.501702551 18.545540459 -14.407395728 -0.899745425 0.396663608 0.178885493 -0.033408575 4.899236287 3.922320826 4.274503011 3.333911714 1.967043854 6.001216306 11.148370064 6.614767761 1.909364835 2.942907866 3.541685526 11.147520254 1.982734979 4.120200259 7.177003661 7.003837476 3.874615718 -0.921373144 3.725665403 2.254746289
-1.645709410 18.074086629 -26.936078281 -0.865231569 0.144423952 0.068212088 -0.475250635 1.191837883 -0.869807772 0.260668862 4.074456758 4.050047736 4.652675270 4.805308560 8.707818886 2.113977839 -2.794495137 4.922510386 0.932864015 2.899548866 4.886493637 0.442152273 6.461396025 5.188665246 2.237143997 2.589577861 -1.800647945
-3.674327423 14.083970000 -26.255173281 0.378508028 -0.608823068 -0.327008631 -0.615736550 2.643402444 0.090285857 4.559150507 8.970002453 6.432131127 4.234837340 7.456418382 4.214320752 4.140141665 3.268008554 7.365796129 -0.648928574 5.379094008 6.378416401 5.234403564 4.076509495 4.960216118 1.895403467 5.957146284 9.404536834
-15.387154101 8.188838490 -22.320717731 -0.856844145 0.501048127 -0.121527297 0.000031195 7.897161132 4.190918464 -2.866318862 8.202136022 5.019217424 2.980612183 -2.245121100 -0.999309784 3.901169096 6.621879257 7.139694270 3.599676017 9.240286997 7.709988935 2.087505318 6.504036770 6.319203449 1.868925785 0.562978291 3.668842222
-16.368217679 12.188712428 -19.166882397 0.792737027 0.019171342 -0.596301479 0.125000051 6.742757516 5.065422705 2.395571666 6.151997033 2.728496724 0.460525998 2.060577362 1.376784254 0.544340806 -2.813132701 3.897152330 6.883301067 5.561163078 3.978384996 4.410703881 4.501407661 4.152798329 4.577929277 4.641232336 8.376738021
-14.104721722 18.582086451 -21.617385649 0.338779282 0.032373158 -0.335906516 0.878263850 3.600834743 3.624757388 3.285608708 5.731388630 5.858246482 0.702215542 -0.184637854 4.501472151 2.831683508 4.437726644 -4.942181548 3.441008488 3.975799732 6.505743258 0.276343273 12.439091293 3.498529723 0.269906452 9.213635371 4.953700930
-13.092825437 11.822985536 -20.351142824 0.237551233 0.577148926 0.094297901 0.775613586 5.393260176 7.715283715 -0.529419847 6.253215343 -0.074593081 7.027978812 4.148062559 2.692359512 3.516765745 8.500826636 5.480261090 3.551378167 2.619494007 2.628902479 4.121659665 3.015848499 10.163628902 -0.667810192 0.408471916 4.954225903
-9.990216650 12.192386280 -16.796399409 -0.114103739 -0.519182911 0.446142207 0.719990675 3.260982407 -0.770864714 0.182169785 6.549356504 1.104657878 2.500658141 2.332787052 7.518806549 7.368766161 3.735489462 -2.551129475 4.501642741 4.411767630 3.338244132 3.588081228 -0.122493460 3.003591650 3.983055923 3.851730797 4.180203084
-0.898487922 13.134725816 -21.576406244 0.164006884 -0.120803506 -0.115149384 0.972239104 9.634753048 4.196359524 -0.417770422 1.748757258 9.009838919 4.602567603 3.206517310 -4.088034687 3.664599031 5.430317152 5.071518306 9.366970910 4.076811629 1.903267170 4.610910001 1.480010582 -0.890153525 5.951420901 0.178019149 -4.090298151
-1.064072682 17.028228566 -20.945633583 0.619686069 0.096081410 -0.158682804 0.762612160 5.129044707 1.363297406 3.618161649 3.932699139 1.573854129 6.629379089 5.369109614 8.850621103 4.562063021 3.944977568 5.117351360 4.473523688 5.460815559 1.943083599 6.685959547 6.236214215 -0.680837292 4.125360933 1.320167646 -1.256123240
-3.090995372 15.872520074 -19.595738463 -0.268984733 0.473240573 -0.201756581 0.814238820 1.793794473 7.229913594 3.769222490 5.220849645 10.315731873 4.984718451 3.447819289 0.052881706 2.220593251 1.694489260 6.911250411 6.289813822 3.817801034 6.721207078 2.991185858 2.554135105 -1.330055526 2.024706117 2.399711905 5.673538257
-8.591164836 17.862376010 -19.134006703 0.671927205 -0.564052253 -0.368442411 -0.307585884 6.044072496 3.849706094 8.100716387 5.450012412 2.315489315 5.699150709 8.134300007 4.489473986 4.254165402 8.912243452 4.971652676 8.304616542 1.600000621 3.605766845 5.782537262 2.935437784 6.851285074 4.289257483 6.614329600 0.732022840
-13.786937627 22.573984702 -18.274182059 -0.216336121 0.055089499 0.756073611 0.615236967 3.089168437 1.742161366 10.033563439 2.019632760 8.261709849 6.777315034 -3.552875477 0.659975802 8.455888293 2.509922067 5.803725381 1.944842833 2.014104618 7.979628448 6.892266666 1.370057756 1.850886757 5.852964003 5.777373841 0.623268103
-2.945128154 12.015649735 -14.880983006 0.188516978 -0.414734644 -0.208143597 0.865524562 2.718735491 4.361027206 4.738174755 0.888057426 3.353095788 2.956410607 4.288328086 1.561219115 8.725220433 3.491791863 4.308223383 3.575802619 4.662079529 8.349279095 3.287943539 4.857874326 2.708014300 -3.836099270 7.474900723 -2.098651780
-12.041682859 11.377777835 -25.639777175 -0.811706338 -0.457669435 -0.082523624 -0.353357272 2.605384509 -4.206906233 2.572059347 6.383498218 0.854638636 3.538981603 10.479979761 1.273305237 1.804539907 7.512289353 4.235275377 8.099296068 10.011426540 0.159641862 4.838583380 3.310223858 3.610554667 2.605286415 -2.860690155 2.967895538
-16.045333968 16.326697908 -24.935056188 -0.064405531 -0.785264973 -0.449562616 0.420837622 2.347679337 5.339669169 0.378628651 -1.896266545 0.133408969 5.008269125 3.664133727 2.654510230 0.050107218 3.113334764 -0.340169181 6.548539436 3.196114442 6.791995411 6.232239682 1.782100648 4.587484444 -0.394919807 6.267218080 2.953282254
-3.869440056 8.573484321 -17.527033724 -0.018682722 0.957662074 -0.178903578 -0.224783936 9.061335540 3.892671872 2.472994108 5.045142025 6.876587244 3.850441842 -1.085437786 3.269686408 2.413125007 3.304423252 9.020860973 2.005992964 5.200151511 4.349029186 7.166863256 7.395775363 8.901570457 2.900452449 3.095752739 8.961945224
-12.284346797 20.620599764 -25.721905480 0.373811461 -0.455934621 -0.726031762 0.353930070 0.521228187 2.097101186 8.296785718 5.401736246 0.267758080 4.436261400 0.276719853 3.619886084 9.356103978 4.497819738 7.677152807 2.888225391 -1.415107469 -1.868920338 7.033944502 5.468552106 3.922746461 6.730719032 1.462477991 4.514009893
-15.083426988 9.973922633 -21.237207323 -0.895391230 0.127052732 0.399873857 0.149107504 -0.191131472 2.397805770 5.415130897 7.225025986 4.496517750 7.304233879 8.147732786 -4.121460402 3.240339017 8.180341791 7.752800933 1.317062334 -1.065357571 7.130333697 4.335932963 5.491831086 4.874988585 3.968982956 5.835328346 1.322858439
-16.591668822 20.029335396 -20.932889097 -0.603523296 -0.491268647 -0.581383746 -0.237503026 2.349249730 0.299029862 5.072776652 5.434521817 2.743398697 5.196257487 3.542547145 -1.985008160 8.937433738 5.666915683 5.935925342 2.460164326 6.742590643 0.944899544 2.305026534 5.458900712 0.692286260 -0.253503449 5.794333202 -1.995172259
-2.133658329 21.346239434 -20.026888162 -0.378394795 0.155035187 -0.379724538 -0.829813681 2.489199642 8.682316433 3.281287715 -0.347111970 5.436340412 2.285282604 5.021899572 7.732292290 1.574081034 3.613872300 7.304862144 6.010279752 3.383193746 3.711793254 -3.237381012 0.193119621 3.435900546 0.939701731 5.908249856 4.663152274
-10.361367297 24.238690977 -21.340148514 -0.358102883 0.004062126 -0.888680151 0.286344920 4.890106888 4.902851253 3.746545522 5.855693636 5.274308417 7.709530901 1.060481181 3.837467985 9.438651444 3.913562571 0.552752114 0.001961642 0.444040505 8.626425903 -4.113891292 4.836096497 0.120574168 3.788265665 3.168709665 8.367574381
-14.698292765 11.326837596 -23.012305640 0.630037987 0.011888476 0.766915302 -0.121456658 3.279968840 5.644937126 6.258700687 5.416214840 2.342680774 3.300330524 2.383212621 3.196784225 7.482711414 4.084621654 5.085668700 3.690044720 5.824942344 3.676959756 3.191180633 3.844712389 6.528678177 8.626705962 7.316324225 2.673756198
-10.912008568 21.539473650 -18.717834483 0.421658127 0.420521451 -0.291576251 0.748564909 3.424238056 1.299538015 4.262211808 5.002140051 8.073699736 -3.060331250 1.795694674 4.882844336 -1.955574317 -1.570404805 6.425690501 1.955790292 0.872249946 3.594881493 4.505536403 7.574392882 3.015278809 5.360238309 9.011451629 3.521961626
-5.323400151 10.801714676 -21.913200816 -0.009651058 0.517224292 -0.607835160 -0.602430334 2.138175212 6.118650252 0.217559705 5.365503051 10.115174005 6.246259227 3.105633310 8.383194445 6.309021441 5.005719909 10.135761505 9.748022064 2.235161154 1.692215408 2.120642990 1.784765674 -1.237590994 4.258010317 3.231073176 4.844058644
-12.003322071 11.159368388 -20.740204352 -0.231716788 0.928004639 0.204251564 -0.208317111 5.777199066 -0.414765963 5.339153205 6.870993249 8.242748754 6.888426528 6.658230707 9.702808094 -0.471345576 4.503811548 4.385020394 6.565466261 8.132973725 4.976289368 2.513940830 5.890633062 -0.541627970 4.362803742 5.659732913 4.406711015
-14.216440672 22.471025715 -22.006557174 0.803891401 -0.443874652 0.203366778 -0.339670226 3.489556327 2.100544169 7.552425322 2.744540018 2.977681811 6.498711640 0.769012183 -3.186237229 3.538447782 3.493752985 2.944760475 5.286624558 2.803376520 6.408124893 1.709600126 4.288688520 1.275739498 -0.259787818 -1.405632895 0.004853372
-12.022111135 19.207112251 -18.528131543 0.715042963 -0.226074176 0.661340978 -0.015236093 3.556765166 7.036455107 3.025957588 1.707444086 -0.260670025 1.425427017 3.600312765 2.609528324 5.681210587 3.801382107 4.448193211 2.496017551 6.833802632 2.861028801 7.338574076 1.605096179 2.918585964 5.966279978 9.030862016 6.768759241
-8.203311973 8.702223560 -19.298398476 -0.540240500 -0.265228872 -0.510304038 -0.614315584 5.907129602 4.604945597 -0.755555647 9.382204697 7.195653828 9.682311640 4.026006581 1.663737482 3.450342941 5.757512359 6.017644179 1.258469797 7.907609633 1.504972781 0.091694783 5.861853217 2.231051624 6.483418043 4.801058162 2.116669159
-3.378668377 16.734022375 -22.091874692 -0.299762200 -0.533231541 -0.756903176 -0.230009412 -0.395628750 0.805764272 6.713196952 1.129153184 6.233988027 2.620158033 4.945268446 6.435380225 8.680156088 -3.232376965 1.204595681 3.461400322 1.851876404 7.037649079 6.693277971 1.669335021 -0.974639467 4.167489278 7.381071173 2.047113775
-2.566797635 13.938702115 -16.137761176 -0.834240812 -0.020839531 -0.433032405 -0.340721174 4.226727612 1.217463804 2.153952426 8.277730274 4.733870245 4.886360523 2.326596793 7.277108399 11.921267099 1.822836187 6.137717551 8.388464915 1.931315482 3.401753145 5.260658399 -1.049640405 -4.573678970 4.219209629 -0.698151198 3.660552881
-11.473700469 8.810804591 -26.510370104 0.078789768 0.634795816 -0.763506977 -0.088789300 2.309670864 5.010762346 6.708639896 6.694064225 0.908194775 2.760004035 5.616010247 4.447553849 7.167719788 3.238299197 0.272076225 6.106330653 5.902509744 1.606724659 3.380370940 4.672899531 5.930788069 -0.325003648 8.926617378 8.673857816
-6.416232166 6.900451283 -22.423288766 0.929356805 0.349524031 0.099244063 0.065417855 2.829023555 7.177642773 8.099328882 0.451658859 1.698710632 1.901050730 -0.182364069 2.687011068 0.636438061 8.012631962 6.453367965 3.690637364 6.230166042 1.948148594 5.908839257 5.747738660 3.633661268 0.990498160 -1.391013024 -1.095911724
-6.306144492 23.093409412 -19.389464250 -0.341566498 0.608533785 0.703006532 0.137115923 -0.644598218 5.175061311 1.502032445 6.797462802 2.245915038 6.889787677 6.227743777 5.195673185 4.569501263 9.869538559 4.069583846 0.980411128 7.336655716 5.693733275 -1.055447732 6.202577623 6.129121110 6.638746740 4.408405975 7.125700299
-3.001630169 23.057651469 -22.708705660 -0.132139866 -0.083769379 -0.986178055 0.054539816 8.657439581 6.709860091 0.304723015 3.497972694 8.912866355 -3.033975467 7.547064713 4.017199223 3.421591123 5.230397847 7.392871635 -1.830292113 5.058404621 6.894989403 0.288230599 3.281164503 12.580719353 2.246998775 -0.790390081 6.094753115
-4.505638635 14.125113562 -23.284781731 -0.811361365 0.082623816 -0.126243902 -0.564737566 4.835971000 3.517904003 12.295000637 5.583633682 -1.248108793 -2.158172781 3.025953582 10.544716845 2.358907906 6.220414843 8.835009920 1.739187630 10.229996520 5.258077018 3.206539698 1.161898157 4.909129120 8.987229552 2.194544979 5.713718359
-9.315553412 7.075653285 -21.816291813 0.412973233 0.456062596 0.216664390 -0.757968706 1.969541655 3.746616373 3.701432312 3.072811778 -3.289058516 4.906702002 1.280245642 0.948697744 4.839937524 -2.128546524 6.260094026 4.891791871 8.074260354 6.808557130 3.813014459 4.642054251 -0.188264411 4.507583164 7.428475628 6.122801246
0.738404521 15.009441508 -24.905612285 0.037019259 -0.393473692 -0.607195005 -0.689291124 4.004895559 5.701543401 1.173612596 4.531267039 5.246286270 8.717519122 5.618390008 7.585644523 4.744732562 4.676269881 1.844508336 -0.461180108 2.520050648 8.808547321 6.734370661 4.497335741 3.335703460 1.241169490 4.633077645 5.724753107
-1.415782879 15.102499816 -20.864384039 -0.059708891 -0.483064850 0.344314465 -0.802826724 2.573994118 6.106671230 6.606257321 10.311871840 2.740731399 10.540875391 4.854625892 0.449679548 4.619246950 5.128686880 1.508831509 3.027293996 0.070431741 0.011838893 8.431450095 2.102342694 2.389427887 5.487685287 1.814356437 2.626096309
-12.420184961 15.680759129 -27.747904850 0.771559990 0.243994778 -0.441890052 -0.387162643 4.342607578 3.779114999 7.911336682 2.728710614 4.500072379 3.049221308 2.725125654 7.713975034 5.718978823 2.918973051 8.298018377 3.051904048 2.320831680 1.615785479 2.609747588 3.022281522 4.201570193 -0.118244374 6.718938510 0.517658868
-6.560414371 24.139535597 -24.397440026 0.426292024 -0.368509808 -0.008179062 -0.826080344 5.945251462 9.898287029 0.365197903 8.481183937 3.559821393 0.316557872 3.813156213 -1.481134924 2.436403620 1.576607488 7.778498483 6.149960294 -0.561932705 7.403264788 8.147757543 6.136737894 1.175177038 9.825077076 5.528086352 7.715678384
-9.795216747 18.710399567 -23.328022796 -0.158333830 -0.954438080 0.186357259 -0.171024331 5.137409206 0.484040963 3.146138227 6.659349781 2.747550577 5.026974410 5.492893220 -0.705956372 7.868596292 4.752393375 1.381956149 7.451048162 -4.756304561 2.081978780 4.476697994 6.426642660 -0.280559847 -1.061516491 4.101170409 0.537171015
-9.462298759 7.425608024 -21.991217321 -0.187066213 0.080798949 0.894657056 -0.397575796 -0.121389208 7.154789511 2.085797907 4.064811803 2.184965742 0.465513835 9.631908282 4.301958054 9.165090979 3.121806477 2.389494621 6.500430793 5.774708859 1.397716216 2.089384111 2.458897889 6.108519240 10.580305739 1.363101193 2.921681401
-12.204382149 5.983408839 -19.466452195 0.889581654 -0.382634779 -0.211865294 0.131712581 3.698499228 4.278458487 8.676435730 3.177890609 -1.502987977 1.353317086 5.389665074 3.426328994 2.430658732 4.371497408 6.881220469 2.607580158 4.547595937 4.038001619 12.643954542 3.438200298 3.737548613 -2.159946598 -2.683094809 4.417786334
-6.048020196 23.188065429 -22.815937540 -0.215396137 0.333905173 0.881619887 0.254672758 7.147022416 -0.342749487 7.144593217 7.180269476 0.634437815 2.688235071 3.633265254 1.799146580 3.677747654 3.933469667 4.614502681 2.718905376 6.363371724 1.171420031 4.793412215 2.510931209 4.672809490 2.448455785 6.132033611 9.352223728
-8.299919200 18.930916161 -15.289488880 0.736750579 0.150611684 0.425696045 0.503286779 6.876981668 7.762106562 4.771742945 5.462356369 7.830304787 -0.217500841 2.657216646 3.409535522 3.699245123 5.941364813 6.718113318 -1.943266242 6.468732068 1.701355028 -0.988592149 5.737242307 8.998661507 0.609826498 1.951739606 3.499288384
-15.217100923 20.603413384 -19.312964708 0.072178228 -0.416641590 0.297159879 -0.856093509 9.234368443 1.637826971 5.738940496 7.814345650 4.657786775 3.448155393 4.039276161 7.750830426 1.152228070 2.571563007 4.482265145 5.304544929 3.815637126 6.536673181 10.713028736 2.406759638 2.277508464 7.763942843 3.646529354 2.834825056
-12.077140767 13.247009528 -26.024620715 0.681329904 -0.336794363 -0.569984362 0.312212981 2.238985526 4.075521855 3.803469338 6.985741174 4.504118263 2.292029442 6.761613142 5.372684717 4.462023427 6.574016451 4.172652915 11.046340062 1.544776832 2.763259455 4.138269932 0.675316780 6.079316583 4.289505999 6.547143524 0.078944612
-1.303592493 16.017184650 -14.662754055 -0.066325269 0.975544403 0.055234896 0.202146439 3.426706774 2.253547485 3.588673651 7.083442834 7.095201051 5.157035310 5.923743233 7.463830724 9.011279312 2.568865843 1.962509278 2.432235602 -0.395693439 4.993338785 4.841121685 6.446761202 6.116335616 5.403202335 1.206664653 1.247492924
-3.514956693 9.536992244 -13.973270827 0.697980863 0.311664782 -0.579247166 -0.283126297 1.885329845 8.312647056 6.940332759 2.813062462 6.880028911 4.441775551 6.891106924 -0.276869806 3.647117573 6.260700421 1.457504569 2.108587040 -0.251842076 4.044648270 4.735816111 1.573397415 6.753332266 1.360456752 6.864317471 -0.730062585
-6.942771850 5.614479540 -17.458714164 0.758544481 0.066967488 0.641034179 -0.095920838 3.177436731 8.037540085 2.033439868 7.342032160 3.291470041 8.015045417 1.145137481 5.929406050 4.319697947 5.035541343 4.871057192 2.409769886 5.248934855 4.330925381 3.273244294 7.160672039 4.550735159 1.224381929 3.534093759 4.778727347
-1.337623478 17.771905715 -16.029158710 0.012680789 0.206193353 -0.494957383 -0.844002777 4.468100748 2.953670201 6.517818451 1.957646273 6.333048596 -0.887945885 10.998768783 -2.530609992 3.860730798 1.977478617 3.751925782 2.328598987 6.423982187 8.385842162 3.160281832 15.121647389 0.609822375 3.194470259 5.941266225 7.888096363
-8.518537065 18.316119032 -24.305392797 -0.746927110 -0.440816551 -0.002297359 -0.497770412 6.933780415 5.952189131 2.610721227 5.348018159 5.573404673 4.108552393 1.951299739 2.986427713 4.923661180 1.333113728 5.004844892 5.687650666 0.437415931 5.446496897 6.745172442 3.555903536 5.071444559 0.530239223 2.803470236 11.208253794
-15.133194354 9.313310647 -21.604625026 0.276191354 0.812809886 0.479558206 0.181885544 6.913682783 -0.152047809 9.359901463 1.731695029 -0.812588192 5.355618873 6.602581449 5.279807358 1.075078326 3.900319300 5.408281495 -1.715537130 4.615608582 7.394899454 5.107398866 4.855562709 7.752381689 8.291551521 -0.721643883 7.198075034
