-14.770856850 -16.959488842 -22.879468107 0.097400382 0.674043388 0.241171654 0.691386223 1.618164068 0.128442606 3.139268676 5.152528330 4.099580985 1.387087995 3.655743562 4.745745250 1.394223238 1.609532484 6.785480559 7.923312384 3.476191676 9.066529015 7.448343364 6.019798903 1.822453818 2.950539554 -1.324166979 1.276078424
-18.803715731 -7.969088250 -16.977329822 -0.409004323 0.390831640 -0.380042539 -0.731801722 8.527259508 1.971347454 0.814225562 7.194060560 0.821582808 0.555924879 6.890692387 2.058954365 5.569777986 6.126572477 7.414829067 0.880011403 7.020250730 6.331262048 1.756462942 0.579692257 1.694061404 5.998834230 6.495124463 -1.146211381
-6.974479753 -4.505109769 -20.151052189 -0.109121288 0.957148385 -0.026971350 -0.266893349 1.060962845 4.448412737 1.945053348 8.067469361 0.975144685 0.356383555 1.763375901 -0.405973148 6.567462448 1.322463508 1.883007125 3.806100192 4.914322186 2.851551263 3.103358780 -0.792461567 -0.013605677 5.166421757 3.257000430 4.661097985
-9.892170567 -10.254942198 -20.784278578 -0.096799692 0.635480511 -0.135574187 -0.753932344 5.107452865 7.476806568 3.013653452 6.234743008 -0.708469538 1.989014069 2.439289862 3.067803869 7.823570201 3.809663696 2.742802166 1.503110389 5.817966152 6.442975268 0.232911013 5.898172519 0.106799823 7.980358544 2.574337667 6.749521853
-11.564247569 -6.793800850 -16.992804274 0.242221539 -0.378619313 -0.748780201 0.487138945 1.819141638 7.728158267 1.278608969 2.572468124 5.991443925 -0.041132424 2.070969706 3.723223223 8.189394914 0.631879317 4.022401260 1.704398338 0.486700059 5.644519244 4.801513745 8.291790397 0.682651273 2.731129990 6.766471019 0.084361468
-13.471944960 -9.992549753 -20.764427377 0.515798358 0.620851233 0.300564272 0.508091447 4.297015318 4.987183390 0.503426704 6.154033290 1.449542741 7.874634095 -0.784986794 6.621950296 5.076360360 6.237372808 4.111403637 -1.175212199 3.459127185 3.005134304 -0.577671339 4.616748821 2.939590026 1.841112653 2.692595042 4.897289444
-6.439135500 -17.482580754 -18.251140417 -0.275573357 0.819100347 0.471027763 0.176824188 3.481587123 4.874016575 4.550697383 7.927272815 9.142262231 8.372142914 4.759558308 2.162616711 5.627456272 3.213913578 3.127285912 3.784491330 0.334819949 0.517277033 3.275767303 -8.152783416 4.023092984 0.137977764 2.349240349 3.984276039
-16.798577202 -10.926165912 -19.117605383 0.157476337 -0.837209575 0.452971889 -0.262864601 2.286939972 6.373182989 5.896038799 2.133797593 4.066509365 1.413108136 1.268668510 5.962654846 1.382249624 2.204554883 9.397864919 5.028778513 5.240324505 -2.589838421 6.339092668 9.677268479 5.186725330 3.036659138 7.198316644 3.653371337
-3.415693765 -7.502903459 -12.893465824 0.585898556 -0.239140174 0.773965163 -0.022644746 1.530370274 6.146660717 6.909559033 0.803641968 3.850160526 7.824972675 7.849155105 4.357788863 2.705065952 10.703860780 3.442940786 3.852222869 6.737601005 4.887017365 5.954111610 6.102002312 4.426076853 0.895917599 2.151468935 5.152389758
-12.470383217 -1.918025018 -18.030738430 -0.320440953 -0.862351402 -0.391303595 0.023433986 9.931532897 6.901483794 0.084235485 -0.171561120 0.491046204 3.093371854 4.669149451 1.110602642 3.367176770 4.720362302 2.775889381 1.483374249 3.911494932 1.879790480 5.087389176 3.353352633 5.219582548 -0.095129687 4.456841274 5.345727023
-12.626501615 -17.754546647 -14.694303626 -0.733999486 -0.242934815 0.001707176 -0.634211728 2.972609776 8.586234793 4.820612089 2.450896401 8.694610286 2.496140872 2.309670667 2.088766038 1.325901345 6.937278601 5.281864616 7.465935373 -0.451507945 5.787266342 4.051466585 0.098773940 2.387461033 0.432255825 1.985590141 2.929136737
-11.991106482 -3.330891758 -11.610354388 -0.894015151 -0.034472599 0.194025613 0.402371236 4.937713661 5.304515124 -0.307235109 5.198396390 6.641561380 1.881891993 7.461570881 7.452044619 1.191587768 -0.424980876 2.843315952 1.338157499 1.568208853 5.443060281 5.602307993 7.329287482 1.449782215 8.421303850 0.665142648 1.228926897
-8.312518254 -11.625910385 -21.278648901 0.822496930 -0.334539737 -0.022464446 -0.459431512 4.619283331 2.734481716 5.153230404 5.525253342 -0.266410103 3.625260457 3.159607540 6.500174044 9.988427237 2.267535826 1.736019841 -3.378789259 4.565879146 -0.930465029 6.424746591 8.678170032 4.253149972 0.900645343 1.484886000 1.297288235
-3.760022172 -11.273367819 -19.571839318 0.444686710 0.532734184 -0.663650581 0.279313312 1.694836998 6.366570130 6.457972987 -0.859613747 7.950393000 3.766368640 2.472909523 2.852647416 0.924424912 8.610111195 3.185646127 6.359014425 1.915285569 5.357060590 4.155984731 0.525401455 4.899018173 8.652984465 4.131869138 2.737321886
-8.829858475 -8.621832430 -23.579089011 0.210604864 -0.225585806 0.948940985 -0.065327188 5.137078854 -0.697562996 4.737982307 2.862519993 2.513963617 0.864713533 1.467791021 3.753476000 7.918683901 2.698868897 7.508562352 0.916311668 3.997589002 2.165228431 6.566763115 2.890076000 2.580087134 4.408413700 5.186127302 2.155495902
-12.034983429 -5.382254039 -23.567569177 0.696665892 -0.526306786 -0.070730735 0.482343202 6.769346000 4.039111940 10.539721264 4.920541826 1.541699218 2.923135546 3.073639839 4.329114816 -1.686530018 1.896457793 5.041636317 2.810718901 2.148724309 4.616153536 1.620086146 2.412686967 3.159115384 4.427637315 5.882896280 2.319393224
-4.975307460 -13.839693701 -19.220887297 0.353504636 -0.529002548 0.004496906 0.771472977 5.936035760 4.005611908 5.366449139 -0.649004532 -1.424479090 0.525865166 7.695094570 4.821042096 5.984236465 6.667819232 9.279589059 2.081661043 4.910633313 2.052963019 0.829352698 1.865057873 5.317376371 -0.109884543 9.306909886 -1.934484731
-4.650146877 -14.073122508 -17.111469661 -0.067511602 0.662587143 -0.441714216 -0.601089854 5.398440185 3.113184127 3.786188720 5.414738523 3.595318914 3.787346052 4.973015107 7.964681376 4.061322081 3.286901619 -0.109625381 9.253856911 7.512451800 1.943234410 5.280977168 4.711062369 6.636587896 -3.585638963 1.952762725 2.063126681
-14.914069552 -6.759113278 -14.196971823 -0.301211044 0.695067628 0.607409141 -0.239179923 5.918830949 5.823346370 4.195818775 4.788915361 5.521973704 6.606936604 4.940340274 8.202657395 4.263398971 6.365243112 1.166997684 3.435947349 4.252587741 3.853559991 3.163807642 4.498815964 5.368465465 6.921279102 6.909450945 3.526359922
-9.520544881 -2.436357862 -14.826935366 0.091967228 0.881767638 -0.459738103 0.051659824 2.328719707 2.277394056 1.963701905 3.657202731 7.788569121 3.049689427 6.471364487 4.885206722 2.840941401 0.067946310 8.132482530 2.472228612 3.009494731 7.038721171 4.973712982 2.887955014 3.260313509 2.679965304 1.726772844 0.012179753
-5.774855239 -15.056375423 -15.890389233 0.278443681 -0.233372483 -0.911240410 0.194029163 5.718208539 6.339227928 1.447243093 2.019111179 6.366930782 1.981568279 2.605145959 0.188942348 9.905446875 6.605070941 3.992267664 6.239741923 4.547792660 7.236939706 8.899467645 1.037938195 5.599324577 3.476355604 3.649661872 6.634640534
-13.906227581 -15.922202396 -24.303734721 -0.606406760 0.001161205 0.792912877 -0.059654522 -1.590733677 2.986075602 -1.552881531 5.611208186 5.616075633 6.458377080 3.153481784 4.001834758 2.975077229 0.584800208 3.436009041 -2.065764439 4.860276187 6.323083130 4.074487325 2.644113790 3.282648993 5.177503495 11.041318348 4.657198857
-10.780574184 -11.448109609 -12.540372773 0.583352411 -0.216740352 0.423908752 0.658046316 2.349053613 2.415247480 4.046012158 1.425773688 4.338931659 3.945218409 4.234126791 -1.789483909 3.054243578 4.508408683 4.425947548 -0.695365810 7.395578554 5.139686805 0.267262882 3.403845647 6.834895730 1.755113473 6.648962705 9.426727022
-11.364616363 -9.242513567 -14.053783735 0.502558075 -0.339440512 0.492467403 -0.624252655 2.588406493 2.732809195 2.617417684 4.410642278 2.499405727 6.814365943 6.092303761 6.517830884 -1.017153111 3.902791532 11.477617238 4.366704090 5.234807932 5.056841720 6.322535629 5.473267061 1.321192358 2.625431153 2.933804672 3.782738626
-6.776545046 -10.328995893 -14.122264279 -0.597940622 -0.435741682 0.380118784 -0.555072887 5.866276629 2.740035687 3.703913156 7.076246993 -1.370340819 2.478958476 1.264340118 1.403710925 5.037680821 -0.069514045 0.358285812 6.820185189 9.527143580 5.774103486 4.103428676 0.155947351 2.647552295 2.099077402 7.945603453 0.100055078
-15.557984624 -7.609680143 -15.795076344 0.034987637 0.506109551 -0.532795662 -0.677316595 0.611335764 -0.184427272 6.714023399 11.661514216 4.640791380 -0.344614427 2.807313983 -0.451606846 4.368497297 3.915495342 4.678694903 3.060249043 10.881519190 2.304196852 4.084996524 3.920567498 4.879504530 1.764412642 3.888664441 3.858206891
-18.392822736 -7.811568246 -24.084943238 0.311347872 0.055927033 0.917839273 -0.239803540 2.694249554 1.878062892 5.557970858 6.977384720 3.616710336 4.787025331 3.166900499 1.264162407 3.117197580 -0.424030430 13.530885333 5.069043296 1.217136651 3.641739939 3.743146759 5.810239359 4.969733261 6.940271405 5.319233106 5.542023357
-5.777192597 -13.150506733 -20.419727792 0.833591003 0.368077490 0.239679594 0.334960735 4.528791570 7.214997278 1.668862118 9.031464642 6.199355068 1.545668252 0.618292077 2.254714628 -0.678322924 3.842505660 5.598568967 3.127454020 2.492393190 5.612817841 5.353596326 7.080089380 2.003795711 -3.420162225 7.125851910 2.835029592
-3.034603587 -5.466548990 -21.401460560 -0.090176238 -0.859795269 0.499002469 0.060140473 0.410427103 1.417739823 6.946819741 13.461532147 5.837451566 7.894341382 3.628629110 8.180682291 5.400032611 4.482639792 8.282279148 9.551339252 7.675285901 0.143611471 5.447773770 11.323023116 2.785584357 3.154205588 6.079482651 3.507427020
-5.105388849 -11.937846936 -13.843574319 0.464889197 0.593505475 -0.016612350 -0.656774936 4.969141685 2.807496675 3.203743718 0.611845638 4.539597821 2.859341567 3.922862555 6.709268000 1.165534993 3.196935027 2.076906902 -2.671581418 2.235045754 0.206267214 4.642107205 5.516209747 4.019109299 7.226200205 5.976332313 1.082727334
-10.920112711 -10.624457096 -21.430743996 -0.896261703 0.427143733 -0.119317597 0.005147935 2.189638718 8.631288026 0.774544735 -0.078376375 5.354123402 6.784966400 4.355201623 6.084909598 3.020766106 3.105658369 8.236207400 1.112023068 -2.119369068 0.282114809 3.951254612 10.249432576 5.752604451 1.100525753 4.053341584 -1.071521380
-4.217423361 -15.939455803 -18.882341065 -0.205795979 0.629375639 -0.205649871 -0.720584798 8.127294266 10.370749832 4.236714591 2.929183723 1.116493139 0.043010315 3.529922713 3.700313592 2.509441273 5.097865363 -2.786990056 5.139073300 4.792029111 2.868151088 5.554266642 2.984228086 3.020111294 7.677431342 2.431472917 4.735949792
-9.217366235 -10.619701021 -18.206426599 0.433166005 0.654141972 0.539730648 0.305215203 5.886059405 1.433945790 1.731350557 6.165174267 4.467973257 6.939125511 5.499502016 2.216811610 8.049501804 4.125955525 2.194305859 4.514348774 -3.211876771 4.451501938 2.907137967 1.554315166 1.643579343 4.857235976 7.548824904 6.318233508
-7.351889053 -0.159220249 -19.852659390 -0.371132909 0.257676281 -0.336209210 0.826333265 2.059335205 2.813691377 2.324331869 4.734917882 6.887473769 2.468564380 8.868370290 5.020001753 2.365089906 5.230034476 6.695393159 9.874452169 7.209191027 0.617384037 4.011224802 5.670194597 4.207526779 2.206662298 7.918031303 4.716133804
-8.062598170 -17.342386277 -22.010977564 0.142612161 0.171415085 0.579576926 -0.783817088 3.369731736 5.873649689 3.091200882 1.041608980 1.668702290 3.945906715 6.104575186 2.648064171 9.571853397 4.601992224 3.228301352 3.895032175 2.397356440 6.626010338 0.886683316 2.948931449 1.708413987 3.290070938 4.032003599 8.404023835
-9.250581121 -10.690053392 -25.058138870 -0.328607202 -0.443867304 0.792471993 -0.258818979 3.716688274 0.333940845 6.594358594 4.159495971 4.436569604 6.461005178 2.235375234 5.280182544 3.848153881 -3.843121806 7.986602881 5.880788285 0.732341740 9.426649762 3.529411985 7.004927377 7.861901520 4.219542774 2.407407488 5.065852414
-5.090528411 -7.312864648 -14.122683056 0.407747972 -0.133054587 0.895833580 -0.116276670 4.711804438 4.316659419 6.531950872 1.801477274 8.635013075 8.037875297 3.211980510 1.177794953 10.225170210 3.089819358 2.253430413 3.236972798 6.011779807 2.939145890 7.819142326 1.387630801 5.578313809 10.629743979 5.112363435 3.596346673
-15.439071333 -17.490021112 -20.703645614 -0.726290344 -0.307425490 -0.614706186 -0.011322889 8.132457293 5.849570891 5.218019043 6.440042204 6.001755327 11.218888038 1.336338349 6.766530826 4.100827032 2.267002423 3.780766337 2.043775378 4.759514405 0.183005976 3.223259231 -2.648138249 7.227058721 5.114664278 -0.357961677 1.300657079
-2.579900906 -6.890319768 -20.786164093 -0.773527418 -0.069483446 -0.238028850 -0.583240645 8.783270753 3.156271050 5.104862110 3.041322475 2.800974543 4.767116537 9.125190665 6.196162256 5.236589979 3.064684320 7.231391673 2.098911440 2.952052676 7.836701699 0.841420370 2.708619668 -1.265406915 2.476256413 3.295304384 2.683146963
-14.998797318 -13.017843660 -10.253767520 0.659062989 0.620126536 -0.254145687 -0.341304886 8.290987939 3.677815535 2.286835963 4.340796855 5.141823867 1.313306454 1.884558545 3.918577533 2.186332409 4.456701836 2.485640857 8.165665041 3.153161915 3.866512001 1.058655117 2.013801289 1.685392961 1.247349543 0.306663344 4.711418931
-10.806506493 -10.494774604 -14.797151568 -0.107360734 -0.599152771 0.596242759 -0.523435003 -0.151001003 6.679072163 7.430503289 7.096134029 1.086457260 4.585273509 2.497184434 7.628026706 -0.486164380 1.709411806 3.626944174 -0.065297971 2.311931551 2.766018169 1.155078128 0.234841556 4.000374151 3.427919474 1.063540257 6.033138264
-15.649120425 -2.636402406 -12.720702538 -0.794302670 0.057528276 0.604782089 0.003520023 3.290065415 0.668889311 0.450495171 8.519746135 1.663306177 4.842147826 11.991457434 5.180008482 -0.133886122 2.276413283 8.305416191 -1.729531066 3.441976516 2.488168441 8.186123048 8.690132757 2.060862299 4.956348519 1.198119346 -4.228103103
-19.505946826 -12.628099867 -22.394392565 0.764401310 0.303836872 0.395406492 0.408689980 1.432193788 4.804503594 8.915761051 4.272331070 3.871315293 4.327864343 3.106415584 6.768483103 5.298984912 0.834797103 5.314905827 3.591158256 5.906912071 -0.464493455 6.419911443 4.534712118 1.428165243 0.230413654 5.379576624 3.240757718
-8.403958843 -7.813930294 -11.945439218 -0.374990881 0.688595463 0.098854846 0.612736360 -0.600181208 0.934733913 1.283397672 8.417123750 3.096479044 7.111197491 -0.006829987 3.439065732 1.858968048 1.270351083 2.138068888 2.820647825 -0.819906881 1.930501697 -0.283732623 1.264430664 3.111394527 8.421523453 9.687121727 7.223231984
-5.718728262 -10.867796190 -13.118715822 0.030922950 -0.458030602 0.839053016 -0.291961940 1.135306516 5.040381335 6.627523647 4.244032628 3.214714580 -2.526328195 3.551453084 4.838832832 6.268918908 1.674146491 2.451808385 5.595089015 1.927278776 -0.961526802 4.572677215 1.946203163 4.014507251 3.586739644 3.739116885 3.817975920
-13.712546123 -4.716852153 -10.318888727 -0.668711805 -0.308981216 -0.488924123 0.467234772 7.268339555 3.441604618 4.005696079 -2.019990156 0.110361793 5.309935512 8.415119536 4.710182817 3.057989076 4.974186325 4.677666910 4.980306572 9.352696217 5.176097289 0.910575949 10.209459857 5.274096863 5.899552139 2.997945796 -0.771493348
-9.582212873 -12.250174099 -18.610669251 0.448652798 0.656282400 -0.329187533 0.509548473 5.726227538 4.857554878 9.545582300 3.645412341 3.673003571 7.353614941 5.421233811 5.378318076 4.569124646 6.411574338 -0.628893710 4.115122185 1.784369196 2.932197653 4.772752090 2.776692018 6.200913036 8.820504869 1.371926371 5.568609530
-14.290260821 -5.642700246 -10.597559244 0.673785058 -0.732778156 -0.042491448 0.085113727 5.109840430 2.025393662 4.926010821 4.940010800 8.908312861 9.380987212 5.848742230 5.173275209 6.498486701 7.658297702 -0.779498879 3.492880883 4.854474627 2.453732987 1.782001580 3.870484730 1.642849377 5.500917939 2.683338070 6.261059476
-16.673654573 -15.729214352 -18.640048226 -0.438148871 -0.136663296 0.347502569 -0.817673941 6.096285152 6.833574331 1.965523721 3.629756050 5.908487771 2.457057392 -0.210817684 -1.072530200 8.082732590 -2.742714358 0.660867756 1.712786411 0.006667559 5.320055979 0.885112632 5.793083002 7.212126332 5.248207823 4.610985997 5.676648949
-7.514238295 -8.474924942 -18.703738598 -0.374613820 0.590632982 -0.382149247 0.603969469 6.956464995 7.653134851 8.293767471 3.102135482 3.996127218 2.531444412 5.715813361 5.868157360 0.721600879 2.662132002 5.858774292 2.228791878 4.956027557 3.942248395 5.596787803 3.641770489 2.196142319 2.767630371 6.749887653 5.662867306
-13.039717199 -1.300002188 -19.475265567 -0.914184215 0.224282559 0.326117308 0.087247098 12.081398499 3.685798186 9.118867038 8.454993864 5.317491430 -2.327187227 4.953707014 3.747251140 6.705301655 3.217613490 4.794015689 4.967618932 2.464397468 5.826106440 0.650984099 3.935887329 3.218715439 4.206451758 5.437012010 5.020747223
-6.994701839 -17.163569703 -17.585685844 0.675136660 -0.000438641 -0.577968562 -0.458413175 6.334122455 6.341819240 1.079420846 2.896391473 6.914842360 1.306314557 4.728144990 3.532606203 4.223781582 9.690996483 7.421508161 4.210460575 2.327534058 5.530601695 5.447128336 3.402447729 1.425563415 8.653651657 3.435577045 10.101967071
-11.898280547 -14.247328543 -16.923550239 -0.090490264 -0.477374329 -0.383032625 -0.785627947 5.472365304 10.039325727 0.711529332 9.896399196 4.811124928 -1.930949267 1.265791366 -0.491159772 1.965719270 3.662259154 0.141097929 8.394777115 8.998965192 7.022354570 3.006342578 -0.559166669 6.740340135 6.520300939 3.598727006 0.702903478
-14.697596849 -16.659416274 -16.362648560 0.063755355 -0.907169612 -0.401398382 0.108893933 5.379688075 3.113020917 0.895785577 5.885592117 -1.509678880 4.589837389 6.913832396 1.499208195 2.710718504 3.001590199 6.849481423 3.270734602 2.622502717 4.234710393 9.004166229 1.802614396 4.566560012 5.738118396 3.724043409 2.074102695
-1.908258750 -10.282463668 -15.394617055 0.522343463 -0.096027028 0.302387939 -0.791516046 5.252324449 0.785549543 2.912294324 7.156649073 8.121104196 2.468124392 9.203587903 1.493130761 1.747140264 2.281489418 4.814129888 3.099896781 4.487945727 3.496617231 3.985345757 3.176246154 4.356876160 2.727039712 7.988789272 2.051426024
-11.946213629 -1.560462000 -15.937315347 -0.090136400 0.091909316 0.973144737 -0.190833507 5.204073575 0.870952380 2.183545024 4.131299580 6.120455209 1.753736509 3.383836405 2.929970914 4.421849302 3.024176155 6.329629699 8.645709886 1.699964349 -0.867095028 1.551675595 10.032045984 2.677971703 6.771724563 7.468414229 2.470563503
-16.980856798 -5.450894911 -24.141268036 -0.407498566 -0.426214109 -0.777044957 0.220198973 3.342586589 2.383093590 8.841934581 7.753528985 2.255067635 -0.931664145 10.196518164 4.087855851 2.978409326 5.187587295 5.793095220 0.456533709 -0.611107152 2.551172844 7.456136231 8.834720661 1.786645726 0.661410500 5.472941642 2.689949633
-8.445690597 -9.866113304 -21.506577033 -0.824005287 -0.091434860 -0.461189182 -0.316163711 7.179422840 4.129273410 4.234970085 6.600071167 -1.107856736 11.548958382 -0.884718038 3.784509292 3.755469528 2.292670638 7.036751085 2.085316402 3.167309809 4.373762709 8.834814506 9.886986620 6.149011634 3.766521736 4.388158783 -1.564521650
-6.425788278 -12.587476427 -18.901826888 0.032969171 0.590022713 0.785519866 0.183697499 2.648329710 2.977108802 0.099744903 2.535318405 2.409622300 5.264578580 5.180891425 4.933078960 -0.007401975 4.163594318 4.025716298 6.662138328 -0.484740786 3.531344852 5.086553524 8.985633398 0.983136465 4.133801290 0.926323337 7.407631389
-18.256124796 -3.783147288 -21.643089485 -0.744366382 0.503639744 -0.235769424 0.369700522 2.334457161 -2.876231818 5.739566829 1.675949389 0.912032812 7.468304056 6.654979550 6.664267123 -0.729086427 7.601537897 -0.049406755 0.912669106 -1.828912988 8.295514000 9.030014585 2.701918216 4.056407372 3.675635571 2.204959704 2.564991899
-6.518666098 -5.435451040 -14.859839407 0.113435239 0.245945010 -0.373724581 -0.887115233 1.716006063 5.993600046 4.934745804 1.336993666 0.983882338 6.183270917 4.945109007 3.800224532 2.202986219 10.081275050 4.681340339 2.731361570 0.887552736 0.446138570 4.651074451 2.076473267 1.583875552 4.832868872 2.934996054 -1.489949649
-4.517422732 -3.967483814 -14.471590285 0.853410771 0.069519506 0.043330210 -0.514761680 1.552887047 6.809312148 5.172808203 3.105190124 4.377535650 -1.418321146 -2.817276115 0.398728625 2.958559429 2.185272761 -0.195475064 7.639392854 2.826950949 5.487594398 6.924876998 7.985755379 4.036372726 8.345466147 -0.373137539 1.908525985
-10.606965867 -2.541116088 -19.613269493 0.346370023 0.479865186 -0.466071680 0.657673475 2.727771771 -0.089635714 5.203959458 2.169177303 -1.705367915 7.782968759 5.803032464 10.254522777 0.588254038 3.693538241 -2.124022527 2.954867578 7.486342752 5.327116428 3.611670856 9.274526898 7.719182662 -2.055535125 2.458843281 4.926111249
-15.039671652 -15.518139430 -15.701316996 -0.994063281 -0.074191822 0.022932841 0.076209267 9.677552068 6.337171798 1.932788738 9.698906304 1.318467196 5.523521160 6.180124499 4.866239645 8.575801460 5.496689613 3.878556900 6.657718153 5.400730961 5.368419707 4.174524239 2.309635944 -0.347403518 2.045186183 11.318093307 6.708071155
-16.974230790 -7.795871959 -18.733700074 0.145970824 0.443179365 -0.064932104 -0.882081850 4.700468935 3.995609285 3.944622078 4.706990868 4.018705949 0.638066473 7.035714082 2.675348180 7.410037189 8.853219022 -2.483838951 4.695250867 -1.680856366 3.944825784 4.633087241 6.702614511 7.706988702 0.033680667 5.375611367 5.458354115
-5.673071020 -16.801890848 -18.892419657 -0.681769727 0.437972612 0.532937089 -0.243614636 4.138232570 1.986439023 -2.159009043 4.966574623 6.982875839 4.116814658 8.270006504 0.803023200 1.588883407 5.563016486 0.537559620 4.309013374 5.209361310 7.669379819 4.782600568 4.590823193 6.396140316 -0.455606593 8.108297197 -1.340570278
-6.362818554 -14.039615845 -15.774681952 -0.410299614 0.301328843 -0.090830961 0.855923415 3.973904750 6.876707066 1.664871666 5.853735468 5.386080927 4.287398159 7.724762837 5.267702508 4.457648284 3.829570527 1.419401720 4.627409403 8.194052131 3.699346614 3.612718002 3.142742425 4.445136035 6.267612262 6.544437577 2.917451828
-11.409245923 -8.729454764 -18.995097788 -0.010708241 -0.735960380 -0.316047516 0.598633127 10.200782784 5.569421016 6.774746062 3.964969726 4.772113756 2.407709406 5.881466698 5.132200470 4.816778832 2.825763637 9.524056530 5.388924312 6.793630249 1.871098806 3.104792370 2.438006463 6.010494970 8.441513433 4.693075553 2.312065306
-11.537995261 -13.939474509 -24.497341280 -0.977827419 0.193938682 0.069976180 0.036669620 6.223104263 -1.423424928 4.402650881 7.177717008 -0.607328245 1.686380075 1.232547631 6.259697307 6.545450261 3.418059545 4.184580707 4.831194489 2.381014848 5.659656262 8.422105035 3.785174028 3.325949408 3.479612182 5.106758471 6.926126108
-11.759274640 -14.238778201 -22.239890715 -0.516599071 0.746496862 -0.412994494 -0.072824324 2.289086306 2.174993709 3.680201146 6.512492777 4.784609641 7.329765237 2.858849335 3.438341833 -2.793540650 1.669179833 1.569022650 4.062270750 6.167472970 2.110070701 4.338172902 2.635661063 2.479297128 3.935887977 0.841875750 7.052515181
-10.958215514 -8.772248641 -18.600918258 0.885893420 0.137422862 -0.119694854 -0.426592249 4.141443905 3.244207553 5.953636144 7.174950782 -1.673865135 4.715533063 1.161539767 6.147001184 2.245956988 5.493480833 -0.228710325 0.693370610 6.822814218 6.144587967 1.779280279 3.902152112 4.348517662 10.075412256 2.979930382 0.166961623
-3.389857548 -9.790214151 -17.422039954 0.131082420 0.377402570 -0.022353824 -0.916452402 0.513861624 8.608671410 6.807498210 0.392260073 2.082129732 7.353657776 3.429379280 6.172111275 8.000163271 11.484391871 3.633293695 2.243545204 5.863199036 1.459989027 3.264862455 0.867376429 1.089786148 3.274105045 0.771324544 0.195161906
-10.622268278 -8.827534992 -14.404208527 -0.249983723 -0.394186082 -0.039779726 -0.883483471 3.349999013 -1.176629441 4.043447802 5.258662189 7.458580135 6.236646166 5.414342389 6.273132959 0.809726271 -0.358410507 6.218818291 7.190599877 3.527546531 3.167299345 6.401932484 0.156096938 2.610321309 7.225942804 0.291442560 6.143638848
-4.710099959 -9.197823909 -15.980420988 0.073842614 0.151160000 0.599577249 0.782435330 7.227287459 6.161015032 0.285856897 5.166592957 5.834265391 0.916619040 -0.614838875 9.289906958 4.531811656 1.288784594 2.394286112 10.151813949 0.236120238 -0.339858580 3.779732273 6.571025150 6.134477926 1.487098073 3.704334231 3.162241685
-7.964584983 -12.407015328 -25.145510645 0.535630197 -0.758411043 0.214933208 0.302847648 5.992519991 7.878161957 5.869247412 3.610065065 2.653379210 2.709245964 9.274504223 -0.295979314 6.549576256 1.662675684 1.180293927 4.714718319 2.926853185 2.698780808 2.578396856 4.341669081 5.627738566 1.280590390 2.534387294 6.587591988
-15.085709292 -5.967793310 -20.992878534 0.657125075 -0.324733241 -0.654026645 -0.187040384 -1.404138683 1.883436394 6.130786884 4.349308346 -1.165706510 4.718362101 6.077026193 4.290931890 4.811572624 5.251216746 2.493709748 3.197175758 4.306671158 7.653269558 3.015177116 1.165147550 0.228353798 2.791476632 3.143270908 3.496808695
-11.162890059 -9.490566187 -12.259682981 -0.957582973 0.016140289 0.250004828 0.142379515 -0.421866562 3.742687616 7.757720904 1.089401670 7.437052743 2.644307110 1.371350666 1.237604895 6.506369090 3.546290918 3.264431550 9.379368241 3.658539713 4.719238457 4.835769655 0.973036831 1.765842767 4.897170807 4.728261682 6.226355175
-14.997562725 -7.327961176 -16.283254011 0.595254751 0.198191503 0.729449563 0.272571540 7.016441554 4.993580518 4.464431259 3.249521992 6.768379638 4.480732165 3.539418344 3.026438801 0.932760941 6.397143252 6.177006541 1.041068572 2.610471160 4.808331791 0.892956457 2.671503450 5.257098146 7.029274645 -1.720401173 5.798801495
-5.971762760 -8.102786456 -20.373246377 0.184765407 -0.687522617 -0.596899761 -0.369979826 2.515489993 0.986315531 5.901049655 5.211796516 4.901666009 1.834275526 1.940983349 0.527816266 8.051656840 6.776555141 2.965114480 5.396954837 6.509426247 2.822187496 3.001638332 3.890056948 5.111000712 4.520719277 -2.203653664 -2.385779582
-15.639082822 -17.467844758 -19.672201704 0.347652284 -0.564554801 -0.658378297 -0.356305744 4.494386008 4.296695428 4.174531479 5.492340495 4.530223037 1.773316176 0.768114648 -0.037783780 8.708149714 4.216281879 6.521860180 -1.100829389 1.750654851 5.509926938 1.375822643 4.135281884 4.922876192 2.418401088 6.048964737 6.644381248
-17.318756550 -4.603807619 -18.845700787 -0.558117988 -0.273184499 -0.416849826 0.663408443 9.211562142 3.407820598 7.872918444 6.511053120 2.442768108 9.627093058 -2.214680250 9.986469563 10.881950570 -0.162701774 -2.866548765 9.064998809 4.461741041 0.795542855 8.265473227 6.965684570 7.914959381 8.627079841 5.692420193 2.811397926
-9.324853152 -13.305113693 -15.900376140 0.318546561 -0.421089369 -0.073678743 -0.846039759 8.660390965 2.405448632 1.505238564 3.054149574 2.765715957 3.266402868 10.561350586 6.134850495 2.944444326 4.097033104 5.954413985 4.754374869 -2.503388197 1.959528513 3.236512120 1.078221427 2.594062940 0.734773679 9.099979587 4.549719501
-18.146294392 -6.602189219 -13.304411931 -0.507282617 0.275438170 0.289647669 -0.763480444 5.411365567 6.850514000 -3.111305840 5.238397964 3.916865715 7.897452236 2.164255892 4.744174316 7.379307375 -0.517472938 8.361199508 4.453250566 1.239186788 6.040183213 1.747082149 3.534206923 4.134424218 -0.425519580 0.154794092 4.306524833
-14.744121938 -10.584050139 -26.281154489 -0.163296884 -0.819165080 0.492546904 -0.244336342 2.109703957 3.023469594 10.289193412 1.647125748 0.456609780 -0.201446094 1.228638449 2.505332788 2.275856742 5.200581591 8.841396401 1.923047819 7.566670696 4.260981907 4.411225849 0.726396680 2.999729321 0.808669428 0.689583990 -0.935625929
-13.513050339 -2.802638777 -23.884260778 0.358690814 0.486463858 0.386437571 -0.696677701 3.459808139 8.802754736 5.154763824 4.386831119 3.039495356 3.485727979 -1.485388474 3.888812840 5.468872723 -0.678589446 3.358864709 0.906976713 5.418994132 6.208743194 1.159374790 4.919192871 6.112064294 1.680620217 8.192140088 3.664571146
-7.280132441 -5.036455761 -15.500906468 0.730795887 -0.638245105 -0.036137990 0.239321130 8.223730321 3.341113467 4.244355638 6.062415202 5.634910516 7.178624021 1.387377229 5.154886744 5.090195633 5.414240318 1.801688919 2.716333301 4.379987304 2.643154802 2.258349964 3.032822676 1.903884027 7.624353737 4.461218342 1.821596089
-4.984791804 -6.662907892 -22.459922289 0.253109746 0.859973385 0.018693069 0.442754789 2.242589150 2.719769392 2.400932900 7.628083738 4.245879623 3.990063783 -4.223375815 5.050281375 4.732323611 1.877367053 1.889685650 7.036841334 2.221872619 5.623594995 1.440798108 8.395404482 4.786941932 4.278856961 7.336169236 5.978811268
-5.527342860 -14.337470686 -23.190997774 -0.729113715 -0.063399816 0.675550035 0.089475163 -0.127205386 0.266727494 1.593847196 -0.238072902 2.894128150 1.098450425 -0.149619837 1.515420053 4.113755047 5.685409306 12.201674002 -1.433505113 0.648356190 3.432777304 3.760575379 3.859039984 -0.089667472 4.294234053 8.815138068 3.243998298
-9.446089689 -4.556179159 -15.783472390 -0.399915318 -0.767952418 -0.331738266 -0.374521754 1.183276632 3.290905259 4.091613735 3.671156992 5.725316894 7.798305488 1.794488334 9.144948296 4.287905178 3.001278302 -1.720602329 1.338113512 5.197533021 6.365093985 3.614900407 0.992732887 1.304822356 -0.280299052 2.270650097 4.841302860
-13.646302620 -10.572752355 -26.947579756 -0.869431478 -0.199090851 -0.050626992 -0.449320204 10.988461092 1.355366210 7.850556254 7.163864174 7.277004369 1.322669050 3.765236279 7.099210504 2.209402752 1.522884392 1.921680458 3.065087592 2.884638438 3.476123114 4.709898595 1.510916872 -0.376770603 6.708662760 8.245448657 5.640441033
-11.516256805 -15.414939213 -20.064178553 -0.333979800 0.743954295 0.139711869 0.561667245 -1.898624698 0.697178397 1.306145972 2.629283127 1.998664283 1.168663320 11.539369707 2.348763692 7.793678784 6.200780577 4.319539898 6.381608374 3.671978970 5.463535132 1.300300099 7.566720709 8.684691412 -2.425292666 4.508704500 -0.664195834
-8.615643021 -6.273981224 -20.144517060 0.849713076 0.027373736 -0.506094279 0.145282305 3.461180319 8.422293517 4.264643618 9.515938478 3.391034479 4.097496087 1.520659305 -0.630315060 -1.251438889 5.663252882 0.919927597 0.320286901 5.469986809 6.639973077 4.411070944 6.775760815 3.487355794 3.038247253 2.927334179 8.824525726
-8.001063447 -3.403739240 -23.294110094 -0.305901139 0.895308868 -0.272335054 -0.175157479 0.439089780 6.299740539 5.655404971 8.642831698 -2.022010179 0.796831987 4.499976155 5.767913147 -1.285022043 2.806720436 8.473146487 2.159209056 8.059113391 -0.111083899 6.878321645 4.114524431 8.807249063 4.630787713 5.912203379 4.549043863
-10.472194973 -14.147806432 -26.822131096 0.556293168 0.120490401 -0.615458726 0.545188528 4.585641881 5.724923373 0.357155682 -1.342940234 0.408937336 10.399241060 2.461681064 4.016250008 -0.635382083 9.359482602 6.468868559 8.140749898 0.818835580 7.940854138 7.873735473 -1.893229675 11.274216312 3.602065284 -0.138208679 2.909661408
-12.595957893 -11.845936563 -11.323286806 0.495823895 -0.046695598 0.452659254 0.739647069 1.533695133 0.237592330 10.915478888 1.806909562 0.437752426 7.423361141 7.793723532 3.219672314 6.028051881 7.756106039 3.972884156 -0.349346311 2.887965829 5.121839158 -1.317119310 4.298604569 6.827703343 1.322252182 9.616030495 0.641930194
-5.976462862 -6.215658693 -10.428372116 0.158582180 -0.783699897 0.568443917 0.193746426 5.437117383 1.958670790 5.226011776 4.610900225 6.218385241 6.102641625 5.303717248 4.785597404 6.355379813 6.425838903 2.085433372 0.742554840 2.068036323 1.636562746 0.804706540 5.949883714 -3.526815262 2.953606796 2.311227703 10.197825972
-17.225963171 -14.211873859 -13.046993324 -0.624646793 0.128328542 -0.765903468 -0.082097784 6.804101387 6.880852362 5.673271957 4.223034402 4.031380101 3.248710780 6.375553674 3.842697592 7.466598137 7.713462913 6.245185331 5.654306220 3.120079955 6.622752930 3.255834409 -1.352511579 3.073566296 2.946756399 5.603006262 7.105068842
-17.328474242 -13.975715361 -17.338818307 -0.099663966 -0.672240622 0.699590688 0.220754409 5.110771662 2.343394100 5.457830228 0.322068690 0.670997208 2.732859314 3.170643024 5.490418477 5.367915538 2.743962309 7.185914878 1.937022240 1.648539072 6.544152749 4.712898013 0.171048310 -0.523826906 4.084053619 7.798135968 0.076609699
-19.900461271 -11.005253481 -21.625285120 -0.061093260 0.345179669 -0.590004255 -0.727333204 6.737789934 11.524734163 6.724454226 4.544274973 -3.073691066 6.479692459 4.892577516 2.703402139 6.222996676 1.722927299 1.039971882 3.465057057 -0.155103156 4.040659716 -0.505375984 6.912191235 8.259600358 11.919393716 8.305892992 3.927312813
-13.387444017 -17.118201957 -23.398884097 -0.941170146 -0.165547431 -0.214943635 -0.201474658 6.181236779 5.174431122 0.222581372 5.054448623 0.003439369 5.620414554 0.667871994 4.828307719 3.316874660 5.692735684 2.133823941 -1.354863811 -0.712265343 7.850168261 5.528261517 0.689723165 5.369870426 4.650137065 -0.691637123 0.282629320
-12.759873694 -14.927629636 -20.986013416 -0.298952552 -0.701983089 0.628377078 -0.151622436 1.113170552 3.928531072 0.532546574 2.206161866 4.447324126 0.246874201 3.050599021 -2.366710707 2.608455460 1.328957315 4.234491976 5.816762433 1.431145357 6.123388572 7.855791594 3.927088322 0.590296852 9.845150373 3.943527938 6.268372803
-10.424155005 -6.790557203 -24.176664086 -0.595584628 -0.651125613 -0.090028866 0.461745807 1.188067677 -1.912215013 3.639757472 1.898383999 9.496504472 1.503020698 8.526924705 2.032045578 -1.356582342 3.129413671 3.956200479 5.466887864 2.238745263 7.870276266 -0.279965715 6.471147538 1.510130400 0.328759238 0.781848919 5.173855013
-7.817954065 -6.364468251 -15.202100924 -0.116165977 0.581204659 0.358921144 0.721028587 7.502566651 -0.408721501 8.811478942 1.932402088 3.655080268 9.650017741 7.109793082 -0.203630307 6.590046017 4.538072596 1.088450082 2.392709114 7.092485667 5.582889529 3.529462494 5.920278808 -0.183854633 0.577359224 5.109916968 9.542061179
-3.496236066 -6.504819548 -17.560737381 0.282070198 0.426601389 0.836391492 -0.197223050 2.871411139 3.504871917 2.824042173 0.444200391 5.948389429 6.456789158 6.120068360 7.016781118 3.724070345 1.924877122 1.584288164 1.249358220 9.826671632 1.144040348 5.627765590 6.796432107 1.491673203 2.932711962 1.467266647 4.260228777
-17.020582714 -10.434682745 -19.601760652 0.369581020 -0.715167548 0.586432287 -0.089679545 8.756319092 7.392634162 4.402477092 2.709273801 2.578941597 5.103645399 5.258458875 7.723413996 -0.606132534 5.155579124 3.442042563 6.246875661 -0.070626881 5.373009307 1.385372688 1.882809978 8.926332604 4.151681653 -4.040955878 -2.393690141
-10.475026018 -11.947064604 -25.819783176 -0.477727196 0.756827393 0.436652967 -0.091231625 9.438642510 3.386356416 0.151558776 2.775674002 0.416128787 3.524881602 5.627400321 -1.568924905 1.450153039 6.906249019 -4.054866103 0.658068851 1.636056907 4.493780432 12.313274552 2.852788471 3.026471890 2.901082945 7.594259555 4.805932709
-13.254374051 -5.606705553 -15.283347116 -0.828828775 0.405737650 -0.346956976 0.167453512 2.499779607 3.119067965 6.073489651 4.594214889 3.672150228 5.305725831 3.269854048 7.148829070 3.364157852 2.652617618 3.536657311 6.888022951 5.183703155 4.000259574 4.943610747 4.022050049 3.861379913 8.209100504 3.053225069 6.219482590
-14.251848181 -12.240338707 -24.250593388 0.525593240 -0.816902755 0.005383991 0.237471363 6.324932350 5.116217269 6.556010411 5.795660757 6.153111593 2.161613004 6.958536120 -0.574771849 3.963524641 3.662854185 4.954101533 6.320690822 3.015015544 1.431148938 9.565803078 3.380977759 3.430314777 0.676419531 4.727746985 6.247461603
-12.621112284 -0.863274242 -21.317841321 -0.607924664 0.376219009 0.049647364 -0.697439602 4.641774403 4.780171309 3.895269571 4.538285258 4.379119941 0.114199560 6.471007315 -1.204698400 6.862674098 0.399413358 1.996830144 4.923797520 2.119154226 11.237589969 10.184962990 2.343296709 2.760571248 11.599654572 4.888652821 -3.548697799
-17.969644514 -9.560162019 -19.164866916 0.747017246 -0.424363585 0.428410348 0.279902406 1.493492279 1.164741212 2.544815595 9.470762934 6.304216764 7.766632890 5.417104680 5.218984139 0.773433748 -1.027890894 5.482246438 9.160882351 1.104095481 0.218433453 5.460986237 10.581903139 0.703081658 10.201422534 4.530818908 4.478365334
-4.878753524 -14.083121818 -12.830462479 -0.523978709 0.428092071 0.474821339 -0.562786094 4.264020075 5.030720885 1.949099115 -1.272199245 1.023187524 4.236756954 6.118224003 4.579767838 4.224723598 -1.721363962 7.043261900 -0.127002555 4.588518310 4.814277683 2.702226921 5.693011994 1.138315586 -1.399317195 3.974448067 5.257603265
-17.695573326 -13.203389696 -21.684434771 -0.776833887 0.619185060 0.027270573 0.111334137 3.987295815 6.359964532 7.811123239 1.471154460 1.342496909 2.177269228 1.662777040 5.152219615 4.045703477 4.812545531 1.632831905 4.712530838 4.448895627 -2.099348714 4.835727879 2.791647907 5.625216670 7.779199490 8.491966459 5.303062012
-7.507138462 -10.359010890 -13.939156738 -0.726178532 -0.333252506 -0.593659611 -0.095790257 4.874564036 2.714594367 9.263105238 5.031263204 3.677156123 5.586105672 7.243031788 2.831775427 4.584988541 7.253256046 8.554513158 1.115864205 9.986059259 2.630270414 5.075425979 5.597147522 1.568741144 2.613618357 0.717095993 13.390288543
-12.123937215 -7.530158023 -22.463881203 0.102232366 -0.884589495 -0.402136212 0.212923543 4.424719049 0.524699116 6.945933061 7.510459987 0.158138221 4.008256408 3.732304251 4.801315888 6.362847761 -0.855719920 4.761842356 6.530895511 9.339769026 2.523750860 2.503632462 2.304349285 7.274901577 6.830320779 6.230674130 5.649071043
-17.217519537 -3.943135510 -16.614143769 0.085304526 -0.332179869 0.041047976 -0.938453374 0.916526572 2.586777577 3.141347926 2.079017249 1.591323900 2.743443580 7.312887555 1.470070656 5.087806221 -1.024697173 10.180761445 7.629078630 2.676696707 3.219833487 5.427198404 2.949410447 1.439680909 3.701854195 0.424981159 4.661015506
-10.518350346 -10.097779350 -13.013708245 0.045225116 0.492392497 -0.671751670 -0.551592251 4.998031700 6.932073753 1.420068670 2.366691168 -1.510399232 7.379524138 2.914320926 9.888338257 4.765554725 1.201455558 3.092525596 10.780706178 6.511701761 0.786690282 4.919865885 6.591622121 6.229374898 4.359300832 6.965372410 6.552770191
-14.063678981 -15.550389244 -15.665091245 0.240791895 -0.878830795 -0.222401638 0.346717766 9.176675915 4.064730107 1.738304626 6.268644981 -0.629714169 4.488115829 5.113074373 4.954764045 1.872237969 9.032250633 7.216692753 6.173453128 5.726757365 1.758101309 2.504069762 -0.447000157 5.311480616 3.260085474 5.578136200 13.262549723
-10.855763425 -0.854742252 -12.595133047 -0.425996166 0.027087659 -0.899441057 -0.093804637 6.308415823 6.388312972 -0.719868610 1.333508896 0.692741824 3.275922723 6.880236224 8.007224853 0.996418473 3.252827838 4.592960900 7.853532359 6.799750251 9.078122432 4.866165798 6.353252650 4.826094807 3.658149112 11.079336447 -0.977273368
-12.767681201 -2.886898981 -26.008261061 0.081348047 0.583643466 -0.587446415 0.554661616 7.644994378 1.578791778 7.193140106 5.809766367 10.159317637 1.544454479 -6.074759508 4.427436404 -2.216634476 1.308565753 7.409709705 3.178492842 2.515669611 0.464104156 6.306824049 1.664266208 1.434652350 0.807969531 1.918303930 7.640743243
-18.342344562 -3.150413152 -15.974496172 -0.407955567 0.741392179 0.306329913 0.435972335 4.509175233 5.101038958 5.185924360 1.455301182 2.012052716 1.472322528 8.530846111 6.136714971 7.943080093 -1.245357518 6.283080499 5.009521466 -1.338343522 7.613786511 4.715742068 7.285837349 2.335851957 4.053421551 -0.404668542 2.423160761
-19.555361721 -9.999592844 -22.215316422 -0.353179970 -0.363566235 -0.308230213 -0.805032693 6.091824062 0.569624265 4.362554838 2.690221218 1.735414957 5.363759497 4.972199079 3.404202803 13.251144452 3.295927397 5.826359553 4.674976982 7.387712178 5.378101252 6.957610234 2.461668194 2.843612518 5.721907321 3.515768644 2.266349774
-5.853962425 -11.391128948 -21.641324835 -0.418814237 0.541582358 0.717160209 0.130247533 5.411691822 3.151591704 0.968463140 3.899835426 6.632252789 3.914959944 5.275607156 1.595821196 4.442880634 0.660471990 1.801719677 1.786845122 1.295580749 4.841168467 6.110661306 10.160440478 -0.398689903 3.723729579 4.162513861 1.180621760
-7.450813320 -5.112238684 -10.692535694 -0.446804655 -0.244553363 -0.145771299 0.848121443 -1.402363201 3.532504671 5.919798620 -2.572181286 1.376891152 2.257189693 6.287228739 3.539688000 4.356764628 1.050537481 7.854160810 5.883345343 3.147152629 3.835714728 6.865147185 5.249583847 8.631605195 6.805183286 10.904364087 4.378304238
-4.065100346 -6.988706653 -21.174660923 -0.323297708 -0.167180135 0.930193139 -0.047645764 4.166626146 5.664106790 2.868344814 4.448094427 4.185426669 10.067187078 4.003500542 7.885923098 5.030777323 3.957638911 2.594234541 3.342774472 1.220876314 2.659009033 2.739416866 -2.760871707 6.805752505 7.480411644 8.420200115 3.233089249
-10.523985071 -7.155682845 -27.866382066 0.193531807 0.313730613 0.540728051 0.756129431 7.782367665 3.604939046 3.687208021 6.248059499 3.077770060 3.590538805 6.361238285 2.877777060 2.280958767 6.570801826 1.620443640 4.196133194 7.754800114 2.300333685 -1.695522581 3.176248581 10.863442321 0.821758175 3.957601643 2.797133766
-11.116348867 -16.149236758 -13.823689678 0.115278193 -0.823204850 0.249803947 -0.496631353 5.168111335 1.750210276 -0.409643248 5.174851550 7.379551647 0.856081954 2.574949285 6.596387254 4.939233805 0.884062205 0.720615038 3.616349863 1.854775105 2.875202459 5.369256258 1.426290419 8.397269827 8.015686832 4.602436002 -0.987534352
-8.559622401 -11.700412464 -22.011888875 0.074269073 0.779468340 0.284565341 -0.553114616 5.140512967 4.480262740 6.318524625 -0.185000709 6.736416444 7.262097831 6.150442468 12.148883680 1.161085180 5.622496930 3.924139055 1.664980151 2.091242760 4.325670505 -1.027227384 1.493405192 6.013639883 0.043083609 -0.857424568 9.200821023
-13.318595189 -12.206281000 -16.995824593 0.270973849 0.446104030 0.162693202 -0.837314332 4.261912666 2.611721802 5.466873954 1.018339064 6.861388921 7.674497663 -0.330627768 5.657611659 1.897254307 6.137853859 -0.751633529 1.690965699 3.379315237 2.461700659 -0.022396967 4.030381783 5.218135450 5.376557457 2.235212274 5.229157676
-13.440472558 -6.001937831 -18.848777208 0.009474988 0.439104106 0.578876883 0.687022098 1.409245389 2.278410063 4.975157786 2.230720266 1.313533074 5.091373842 6.439859735 6.609781701 5.747728291 0.026149967 2.568958119 4.608781526 4.439004304 2.434275761 9.235469369 6.522228416 3.687459428 6.790422061 2.508717855 2.077774511
-7.887913723 -8.270983495 -26.549597585 0.137656920 -0.628350602 0.764515117 0.041746011 8.297157053 -0.195286216 1.763551961 6.168780862 10.088085303 9.447189938 5.650556951 2.835637143 -2.231289270 7.455505124 4.469112073 5.660598448 4.751949539 2.852901254 6.665392320 3.574897359 4.562308471 4.317726900 0.840219993 4.940833229
-15.897982695 -14.589944990 -18.567643050 0.267447479 -0.447212368 0.326012857 0.788789300 2.015938997 4.714293872 3.265692403 4.540938335 5.493287551 -1.539819359 6.173763897 3.230524448 1.552039241 2.338468154 8.207034770 -0.772239228 -1.292453651 3.704094100 1.939892434 2.783961898 4.311369517 2.423360688 12.761172365 5.830083446
-10.995779257 -1.689489199 -24.340799471 0.626388860 -0.123461030 -0.489083225 -0.594299561 5.858482422 8.640796011 0.685957164 -0.579626300 3.243604119 -0.393766225 7.478656330 4.383092112 2.514045936 1.169964256 9.992740109 4.145826299 8.730322470 6.238797500 6.278248539 1.514086854 3.367651356 0.130624731 4.784761877 1.827591654
-3.540036312 -13.950263438 -17.807833786 -0.593769206 0.635433976 0.392038302 -0.299946264 5.734889214 3.259957430 8.306719632 6.131429979 0.056447464 -1.170553813 4.116392673 -2.367066954 4.657040461 5.984328427 1.980065671 5.269967474 5.128332259 8.549374838 2.130779232 2.771700802 7.805436661 6.292927060 5.506937396 11.371741215
-15.147215980 -13.410577337 -19.429411117 -0.618170274 0.718298657 -0.319070128 -0.010334602 2.713328885 3.338833475 4.068649880 8.020916524 1.240675188 6.140931582 6.026134166 2.734341312 5.689409235 6.373257874 6.121956138 5.107073735 -2.116684605 4.898106762 -0.128861235 4.978214431 2.245415272 2.490390468 -0.329876465 4.464638427
-19.202413104 -7.792606738 -18.193588007 0.374214535 0.777875529 0.325973776 -0.385505177 5.041661438 5.374656801 4.474283099 6.140760276 0.767066765 -1.149737207 6.097984845 -2.657248909 3.061536288 3.681628426 5.597692778 3.764218966 4.079710534 5.997300122 6.094224986 0.466532156 1.072705749 3.557042120 7.383647464 6.139869320
-18.725825040 -5.163652955 -17.053584191 -0.110170646 -0.063107234 0.853448732 -0.505475190 2.852417967 7.035281399 -0.677849098 5.833500450 4.083856290 8.532468967 4.670412505 7.009902227 4.672863284 4.569163492 6.421884004 2.585076471 1.545290419 6.657421760 5.159512942 -0.926362009 7.197122317 8.831978202 5.220317987 7.942256136
-15.998927515 -10.114679639 -20.992883513 -0.011952188 -0.091948525 0.218319127 0.971462492 1.559103157 6.266316476 6.652666301 2.176551340 -0.366330114 5.122960880 7.245114910 2.462397963 2.931015917 4.117786015 5.064440433 1.321050767 2.688354739 9.796115527 6.495657072 3.576134308 6.324529376 -0.962638752 5.817778834 6.032306614
-12.643118316 -13.718160496 -16.490296701 -0.750629628 0.558680860 -0.157859693 -0.315453921 8.410229600 6.480884937 -1.172443058 2.467194955 5.438475373 3.731668832 5.189501734 -1.959008571 5.479102905 6.674541243 -2.339815487 4.253198996 4.899035339 5.269634385 4.818421626 5.814218826 1.525447759 -0.052378800 2.627965957 1.476193071
-10.902361395 -14.434944529 -15.290392576 0.856922742 0.266229586 0.350129470 -0.268727698 4.464294499 5.947208566 4.338178870 4.377558361 4.843666230 3.715435637 0.346052880 6.036663043 2.756139700 -0.206836811 1.474893059 1.762322157 8.634243782 4.191658605 4.750589154 1.834639611 6.148950789 8.874313533 2.081164180 3.872362014
-16.475492135 -3.133602454 -21.546155263 -0.107156891 -0.522746615 -0.629854957 0.564390034 5.342423873 5.959579770 7.378579474 4.983997321 6.810087299 2.766376737 6.643095289 2.527420591 0.114738506 -0.600819523 1.993422569 6.303954255 3.615714497 5.493243313 2.865229306 1.419250930 6.605163355 7.591315135 8.049186423 -0.344197085
-10.369245900 -0.262245974 -20.575477826 -0.397865894 -0.356541503 0.046685398 0.844038720 3.659661755 6.466905045 2.619001429 8.066976930 3.460063448 5.252344392 0.769455709 9.653317125 0.285805525 -0.044485724 5.471139831 5.027939778 1.350573196 7.744133738 4.798493549 6.588920072 5.091223040 0.994325161 2.514443293 5.452413518
-15.006555696 -12.233640918 -21.544274665 0.082175690 -0.002749363 0.422080542 -0.902822028 3.018605589 -0.653253184 7.393004770 -0.395123434 9.261754693 5.399730622 3.519193662 6.902823063 4.887117385 9.697688745 10.512320188 6.715710793 7.431191790 3.264103678 4.255353393 8.658494116 7.024854224 1.924781577 5.271794667 4.597789684
-17.017206166 -13.991102825 -20.331689251 -0.165938695 0.817172507 0.112646284 -0.540374183 4.334174342 -0.187611855 6.854313744 3.316268390 -2.915440079 1.771918259 -0.903525391 8.021691339 4.023168259 0.445096390 1.883219915 3.608174416 5.284713624 1.545565223 7.015737048 9.949639358 6.791637759 5.920723541 3.002812828 1.479961360
-8.045302762 -3.621388164 -20.341808305 -0.483654091 0.376544255 0.566629755 0.550657666 0.762773406 1.191136316 8.540039430 2.965431993 -0.962122805 1.814410803 7.868921827 0.038996162 6.422065122 1.605100098 2.983474355 5.818080138 6.114999555 10.149913316 5.113857440 -1.529696299 4.605830746 4.168257303 4.622300231 3.575381325
-10.299703342 -4.886416647 -15.408727239 0.233740837 -0.223362665 -0.688088972 0.649621357 1.399088905 2.696640827 7.980504813 4.473300875 1.473671573 6.535294638 2.574839780 5.329741775 4.101344416 2.438786625 6.803867778 5.393948518 1.219417748 1.357641896 7.899983081 5.789314330 1.104799438 4.398080404 6.444133566 2.286436750
-4.770141848 -15.421651290 -16.891488482 0.827586325 0.498948613 0.096624170 -0.238358817 6.735050660 5.025053854 5.085002150 3.653701563 2.584686817 4.984254244 2.483977437 7.201245243 0.096549277 5.795886832 1.748107757 0.535246601 9.175675018 8.108585202 3.037175328 9.194682978 10.168891031 6.831871889 1.694194698 6.073304399
-15.923496123 -9.496911514 -11.686289425 0.614509182 0.051850934 -0.562437844 0.550775470 8.487646610 4.381044561 0.756076073 5.999351874 4.563967663 3.031707735 7.785156211 4.076160008 0.897822183 5.697092621 6.285066859 8.118139692 -1.421942167 7.369576230 4.637959574 4.144445832 -2.083676027 6.913406050 3.693557560 2.612438027
-12.740073696 -8.331399131 -14.661053705 -0.372463109 -0.897652621 -0.078054012 -0.222257903 6.777304863 1.921453052 6.214670384 8.388588808 -4.034954490 6.150250637 8.490150089 9.503705943 2.855950236 5.156708869 4.193596131 6.252030042 0.159062499 1.612933996 4.444253454 1.231994550 -5.675326798 1.288518755 2.882578731 5.613709420
-14.380970564 -17.506595845 -15.784928642 0.509193702 0.344803108 0.680360476 -0.398675574 5.259348536 5.485046451 3.670381024 -0.064807086 -4.449866736 2.608027540 7.349891587 1.193606667 5.719134038 5.499711405 5.174813796 -2.207040449 5.622756402 6.850292414 3.648312517 6.006454383 5.829576603 -1.133167109 4.609182271 1.673093124
-5.825182492 -14.714407121 -23.668806590 -0.376737071 0.515164617 -0.539749417 -0.548949145 5.763628489 4.768532108 4.050766396 7.376138133 -1.464732115 9.487060272 3.438592981 3.233499538 3.866481875 8.608404426 5.625772326 2.065666657 2.070856756 8.319791114 1.872121475 7.154329250 -1.005098741 -1.432208988 1.259036360 2.973573254
-10.672389887 -7.933475144 -27.969075376 -0.206967230 -0.578878851 0.765070750 -0.191652262 2.202761575 2.515263470 0.175039787 -2.278484495 2.231840496 6.046849186 3.900847364 3.053461898 4.125323690 1.902670747 3.519142902 3.856199206 2.844597090 2.651663828 1.434222561 3.522294415 3.999689868 -0.338177731 -1.665872983 2.205293191
-8.948681641 -11.484624978 -17.654126509 0.669405306 -0.368792981 0.194984102 0.614710886 5.052203216 5.105410488 6.609260288 5.072922471 11.734152590 3.636221774 3.428995512 -0.460492417 3.536565580 -0.040961655 10.058357050 8.906599971 5.194824264 5.580263340 5.632606383 1.392759475 6.059217035 9.369739019 3.720119512 0.132369628
-17.862241072 -5.512283050 -18.461427020 -0.306424511 0.307152228 -0.537460978 -0.723116329 1.616045993 0.946986439 5.144181405 6.534447283 0.478375332 -2.545223944 2.653049913 3.640843784 0.381423856 6.042439664 4.929490615 -0.277929709 6.773767128 1.754441764 6.463322250 6.612951138 3.936016334 8.121540470 5.009752474 0.683834622
-4.420354976 -13.038427344 -18.095866461 -0.203665190 -0.692582766 -0.342902611 -0.601055240 5.842068425 5.143476705 2.233712090 3.815751088 5.401952218 7.334153809 7.036045825 5.034760671 4.582497528 1.406895522 6.343984332 2.926623318 4.083639072 0.983213649 3.816411858 0.907564419 2.611260736 5.203493303 3.983253103 0.563418055
-15.014812907 -7.179546107 -9.789992420 -0.727454846 0.246660174 0.610303935 -0.193642226 4.380715705 3.023056658 4.724060967 3.623316759 1.572891686 4.321458412 -0.186086199 5.438106263 1.094329215 -0.989586777 6.785559337 -3.844670986 5.856107000 10.752704259 -5.002291478 7.973720593 1.127829894 3.767888298 9.112241523 5.508181343
-16.709934900 -14.602048086 -21.383071568 -0.789813947 0.457125863 0.380276861 -0.150397418 0.411426461 3.571383894 5.792601325 -0.609207254 9.717094030 6.747892470 6.157685986 10.389229529 -2.352032065 2.377215924 7.128463889 3.599360723 5.268254311 3.777594404 5.755038537 5.810773797 3.503641963 1.319143052 -3.597664011 4.596424429
-8.712877992 -8.508794561 -25.779718218 0.071017240 -0.686715583 -0.479495752 -0.541721408 1.920276231 7.277618009 7.698838879 2.546728159 1.968539516 2.345333686 4.259569053 2.616954267 6.760530672 0.882735006 9.850981313 6.333517927 2.653523987 4.529557881 3.979637004 0.009506362 2.527037213 -4.209007098 4.442554976 9.034710816
-6.752129905 -5.082362206 -25.022688250 -0.693456745 0.109514673 0.642112983 0.307920763 -0.929145470 5.215123557 9.498108341 5.440782555 3.450332867 7.428001655 3.859019675 9.534183894 5.861716437 4.138716270 2.211334429 6.084665865 1.234193193 5.729493747 5.617875133 1.489691046 2.935375737 4.538978083 4.576406794 4.399616263
-9.886241605 -10.272099830 -14.297193713 0.792132364 0.161065851 -0.587813180 -0.032554174 5.244780320 4.883755281 3.987810184 3.636183425 8.020858363 4.180765300 5.467960172 2.454512552 5.254447790 6.258993016 0.614725510 3.001822367 2.599276154 4.644407488 7.081650699 -0.825765946 3.925507474 7.975490358 5.446405624 0.765546529
-10.071083747 -7.843070459 -13.314613207 0.835216832 0.476217377 0.190574680 0.198270382 7.429789050 3.708365423 0.578048584 6.132867211 -0.187678277 2.698661528 6.679733483 -2.967727819 5.141762078 3.891374103 4.905487552 2.360532984 8.973513060 -0.693619176 1.525508968 3.342567344 -2.925185534 1.374602956 5.992524392 10.192822636
-13.762644395 0.261866283 -16.643868944 0.781285368 -0.052439292 -0.153302517 0.602778261 3.614549767 3.853331621 4.181724566 2.795134860 6.123643926 7.576693625 2.604827175 5.001419164 6.509551672 3.847880464 1.386366806 5.740546379 8.660662509 3.491533630 5.465659115 5.143494501 3.084350349 0.926500069 0.932059128 3.116393633
-10.634102577 -11.324283089 -20.697013997 -0.068831163 0.108797038 0.959959769 0.248802567 5.864330792 2.427107984 3.454442095 7.620901325 1.425900962 1.401238832 5.060455474 0.289386454 9.211624072 0.234465710 7.075468331 4.679470935 4.138828670 4.116974351 6.717548907 2.644013265 1.766583461 5.154973311 7.957256921 1.755100225
-7.574385122 -15.807168671 -16.448992348 0.220942875 0.551088004 0.799302573 0.092745112 6.354588536 2.717592374 0.244501143 8.398972081 5.494137542 6.259931698 2.740919505 1.649953163 2.317640972 6.859960218 6.367169332 9.939323391 6.642938101 3.314533117 2.756863353 7.612011995 5.107026570 4.011286845 3.675159793 1.112828978
-10.555956958 -17.457982251 -15.891291178 0.128915546 -0.068616666 -0.552952154 0.820314849 3.048598649 1.387636072 5.274353273 0.017523872 7.427100598 0.945680650 -2.496580873 7.299940261 8.501907385 2.957308900 7.639852959 -1.077371665 5.732513834 5.767976731 2.700798340 5.507955581 2.383079141 7.426963490 3.769027005 4.405540441
-6.167220253 -13.431886020 -13.958857229 -0.191068541 0.140541153 -0.029548335 -0.971013848 7.992101196 6.486110615 6.536859343 -1.224904144 9.250009960 0.497934540 7.759730654 5.926809936 1.419946221 -2.277238824 5.243685766 4.995573652 5.010308288 4.977706752 9.374143758 5.673789004 6.339161560 12.261425823 0.085970349 -3.124135152
-11.933465224 -14.891427547 -13.635253353 -0.247637497 -0.685068074 -0.080558474 0.680343837 1.748057754 5.900326761 1.970226459 4.125021284 1.322153538 2.798119751 -0.696754296 8.310383489 1.720985943 6.467321916 4.231484953 5.359008170 4.247445788 -1.448448178 6.271023876 0.114921605 -0.854418798 1.759543396 13.324099653 2.006269527
-9.251138990 -10.105595211 -21.058470019 -0.009376988 0.296630814 -0.891610789 -0.341983090 4.985382121 1.352795573 5.970657094 2.519669836 3.967883813 9.499761161 7.460569303 3.994424730 3.063707514 1.417938510 4.573240424 3.084011947 8.444546139 0.570127310 1.606418267 2.001474404 -0.999601033 2.861410725 5.433947862 3.193257709
-9.137241348 -16.359843900 -14.867529814 0.369923544 -0.755105513 -0.375395883 0.389936106 5.692081913 0.349058187 6.157641663 5.160910674 6.174286820 5.921004287 7.993083572 6.437140070 -0.047220347 -0.454543090 0.541527133 2.961910374 1.749969699 1.879838403 9.610478891 4.024910577 3.188704742 -0.295150757 6.867800169 9.179843351
-15.759570701 -7.620097360 -12.067530163 0.084544959 0.277477216 0.577428176 -0.763174453 1.639487144 0.527703449 2.484083738 2.674748728 5.034419903 1.011785443 5.233925856 9.039248043 3.594167515 0.932028677 -0.310554752 9.240288004 1.754692784 -1.267285334 7.303462202 3.879465934 0.307343497 -0.514975060 5.866251155 6.884069039
-5.114351032 -13.552911731 -12.759181527 0.594303456 0.449773715 -0.332441875 -0.577918167 9.874797778 -3.088808465 13.171055057 5.118174215 4.187601018 5.594089023 3.420729302 7.539091340 5.459745954 3.051990954 7.448855614 4.683997394 0.968191782 8.823703720 7.674431358 4.684670558 1.235776626 2.249107268 8.853003775 9.725133248
-12.023426439 -15.369776482 -14.947136555 -0.015668182 -0.582759416 0.325108061 0.744614477 6.914000995 2.167228444 5.342317060 2.805133569 6.585044810 6.920011741 2.021165069 2.546055603 0.912431523 9.368579141 1.688344134 4.071677283 0.256662766 3.497595558 1.877096830 4.851771155 2.287130045 0.503031086 8.110089473 -2.351060644
-8.300043456 -8.803665872 -17.625294696 -0.166760159 -0.331540092 -0.612447293 -0.697983187 4.601142297 4.382487985 7.850558497 5.415510417 9.174605838 4.594166160 7.932413259 2.993026856 7.972655626 3.648673252 6.209931807 2.925397867 4.078074825 8.441102819 1.447173598 1.675302729 4.040968872 0.986082716 2.495926610 3.772998509
-3.298235934 -12.070782624 -19.127204410 -0.749814078 -0.310648437 -0.144210862 0.566109199 6.292837615 2.517282404 4.242993954 2.456997390 9.480868651 2.889696498 2.531403117 0.934268711 1.020361973 5.716602539 -0.289342566 2.735184877 5.081910936 4.011813842 3.812147755 -0.225677267 2.436834302 5.861198799 6.768278514 3.085035312
-6.545062503 -6.538261059 -11.511457460 -0.402431299 -0.027948652 0.665660171 -0.627825182 4.508422664 1.666569703 -0.373259631 0.135358015 4.849266862 3.993581141 2.177957944 5.283696444 7.899318633 11.871495452 0.341286939 -0.070358399 -0.381104459 6.315739656 7.331717341 2.865037026 9.809430166 -1.343541883 7.848921479 0.529533180
-8.150243491 -16.232501750 -21.464933152 0.615644667 0.620113050 0.434256504 0.218775544 7.639962865 3.651478045 -0.724399034 5.718172215 5.187896395 0.018446972 -1.517446316 3.745042194 1.133820624 4.265858593 4.575056216 2.412365348 7.659321682 2.539463169 6.694890290 6.802502629 6.060448126 4.154361668 4.203633822 5.298891457
-15.206309703 -1.600159075 -14.800586632 0.094049684 0.916836041 -0.322885988 0.215199836 -0.999965804 -1.278527972 2.104999738 11.050566606 7.309510117 0.260838829 7.147875620 0.674392160 7.271201797 6.696791292 -0.555485906 6.145891481 5.208700988 8.563798436 11.458870675 3.917312912 2.793841153 3.192842716 5.675045274 1.505057008
-5.460922615 -15.381349843 -18.267518340 0.105856316 0.632393351 0.285303411 -0.712372833 3.039288386 0.170740217 3.739839834 2.558959262 5.284701620 7.729836216 7.070490146 6.944942383 4.397517519 8.862910047 7.099888925 4.886608745 4.458731069 7.442001689 0.317127277 2.809805902 11.689419648 3.808693876 4.550939528 4.624787198
-15.281085813 -4.788515360 -12.975152927 0.065555571 0.693785881 -0.712299317 -0.083625964 6.880684835 -2.037302341 6.237532362 3.643071640 0.883920673 1.640211303 3.029135757 -1.958321142 5.611409387 3.306448175 6.272833731 8.223848506 1.034038482 4.041917253 6.859164732 4.594909470 5.312706469 9.935001350 3.827117886 1.442791428
-9.475874314 -2.758512014 -24.083969702 0.855373289 -0.209139881 -0.160716109 0.445833353 -0.464966315 8.175545383 3.088987788 3.067431652 -2.679536890 7.424810231 0.647238538 11.915773193 6.438407340 1.745472978 1.322408589 6.255725685 -2.827366464 0.438491592 3.179225671 2.531546970 5.244591617 1.491428232 1.066550485 3.139767245
-6.224416617 -10.153312796 -10.224060775 0.646810326 -0.688408490 -0.294864819 0.144169662 4.965616754 0.684609595 -0.538056542 2.987395619 6.357377696 3.633514333 5.217617950 5.517181560 0.513518332 4.610763123 7.373512114 9.298583214 5.503770783 3.693752508 4.143597691 7.079433120 2.505211247 5.721696473 -0.861410499 6.901729745
-12.187664021 -6.210276953 -17.117126066 0.284752638 -0.044407665 0.314010713 0.904622112 8.592880159 7.814510705 3.140112426 2.583296702 6.961904735 1.176166132 3.355195010 5.983234632 5.111170886 2.680510016 -3.036400108 4.918242334 4.244795372 1.347275509 -0.108360282 1.551122756 4.251729503 3.822117612 3.611916704 6.713395907
-18.858523054 -14.697212032 -18.509011925 -0.002957098 0.388323566 0.918525930 -0.074203632 7.390728255 4.315399518 4.506927715 1.459595503 5.594788741 -0.060825154 0.465669181 6.400686755 3.699695554 5.871505300 3.701270079 2.681473295 4.185767042 3.811603460 5.609848457 4.226439005 5.049626064 4.114903473 -1.416795568 7.460873135
-15.649563001 -9.997158408 -17.137337680 -0.427076161 -0.572572560 -0.681614375 -0.158645708 6.770708153 3.511259023 4.947669610 6.415491422 5.180310558 -1.773379984 2.132399704 2.393559563 4.673103932 6.445774546 2.967126210 -0.920895191 1.228955970 7.690191089 4.534545170 9.929614710 1.763002278 4.739971725 4.874196945 6.452787298
-12.360662408 -2.572826501 -21.439672400 -0.268411941 -0.536793900 0.040805999 -0.798838037 6.683150946 0.261605075 10.664333727 2.646437229 8.113119118 8.796413356 6.348644226 2.761105604 7.549709459 4.002551796 5.403967507 0.159524053 7.053843493 4.481577623 6.365606784 2.741301546 5.448524596 3.332859677 1.860288470 9.419479885
-3.385476063 -11.220985278 -15.884413927 -0.971798908 -0.164297738 -0.064523858 0.156364343 5.080327244 5.594830083 4.436781418 6.603304167 5.838010972 4.516400670 7.104182873 5.737303300 4.790899241 4.669898404 5.894847378 -0.990115610 3.805155260 5.230930257 1.563396785 4.355715019 6.877606607 9.706767725 2.273450558 -0.632964482
-13.631989255 -6.080740125 -24.229933090 -0.781893849 0.415358564 0.462809014 -0.043898610 1.573613416 6.501593116 4.385630235 5.705911507 8.792635547 2.236063605 0.801542927 2.043113123 2.814223073 5.673925975 5.973542313 2.177814521 2.792396841 1.860067359 2.486843330 6.905325489 7.237840989 1.649726758 10.050635000 4.617286350
-8.102985246 -6.131651347 -16.060332215 -0.745468392 -0.431856082 -0.474410063 0.180865400 3.377425205 6.565493906 5.858315270 6.729854967 3.384629738 6.696967849 4.772872745 6.261068943 4.361981336 8.952149637 -0.179329331 10.236480518 2.626531506 3.225901457 4.446613491 3.726702509 -2.172348184 2.963109190 3.849554864 5.056793329
-16.395905194 -6.747604776 -11.627418197 -0.485232074 0.535540678 -0.413552085 0.553823698 1.537233558 2.970510681 7.777542517 0.138469493 4.464049173 4.460874321 5.123044345 1.011551399 6.915451813 7.090722698 6.082890577 6.006108216 3.394589147 5.064175630 1.881677428 1.703193128 -1.060914670 9.643140736 4.524242403 1.227632962
-13.808790713 -6.228084708 -14.949220434 -0.120765683 0.550957384 0.825717562 -0.007219302 2.783482157 2.292011788 1.619056170 4.196271079 6.892664794 2.539127434 1.110399956 5.989841421 7.473391203 9.888772487 0.723699031 3.590543163 4.414721805 3.430993440 2.760287988 2.552586378 4.567384162 8.599162250 5.538770104 2.239274383
-9.932743842 -2.195934516 -12.726230141 0.560897873 -0.775147652 0.290715064 0.004944195 0.248613480 8.134831064 5.919069656 11.141419884 5.769135311 10.869625778 3.510821227 6.176006136 5.973008219 4.905767473 4.816502632 5.574591244 1.653771124 -3.065198094 7.122279211 4.448556547 6.434393037 4.038556752 3.604156105 3.566541384
-14.679151964 -11.613767642 -21.853833662 -0.276504088 0.163986452 -0.661097030 0.677941480 6.497871365 4.121584383 6.573356931 -1.193670249 5.136714789 5.933840538 3.381706703 1.798910653 -1.012899048 9.113549320 1.717410960 7.685269476 6.617257321 4.414435794 0.288488911 7.844724891 5.749096805 7.404384773 9.533457610 0.143387567
-10.863139266 -5.739600982 -18.911325353 0.023941970 0.027821572 0.990445695 0.132928808 1.176349155 3.367267482 4.287974780 5.359034455 4.652373708 4.907730112 7.536070886 3.465680458 8.500433738 5.850287857 2.759616455 2.756991151 -0.758365931 2.389497591 2.880150854 6.290773025 -1.413880644 4.240104314 -3.195686430 4.441479167
-19.759934083 -7.506492577 -15.387529568 -0.512167663 -0.459178833 0.662026963 0.297589288 0.296123332 3.097278023 5.820807105 7.761515339 6.658779767 13.152783844 9.341319486 3.854953981 -2.633905608 5.922382880 2.306333654 8.252795326 2.230851482 2.029406460 5.921920609 3.121257557 5.752429819 2.649513239 -0.752834425 4.299452530
-7.850424420 -13.591599855 -15.068510318 0.029476273 0.888081862 0.454206160 -0.064331335 1.605688963 4.581898791 5.406475586 9.042303429 5.408484468 -0.501881728 6.933864464 4.083598739 2.722581829 7.859004522 5.029990162 1.574873301 4.131619777 8.896324697 6.371464860 -1.114463646 1.447424110 4.580370936 2.569482151 2.056758540
-2.697442021 -7.113477448 -21.234327963 0.762866845 0.188594002 0.375624218 -0.491297187 3.933292260 9.225438878 10.226197238 2.314144894 0.449868966 3.999515848 4.303564156 7.905386450 5.893675270 1.930914201 2.220591554 3.024511625 5.899582974 1.198009543 -4.609004932 -1.919135550 8.320604942 2.170785960 2.524686300 -1.436668947
-5.848281057 -12.100962096 -26.078402127 -0.474636495 0.108194630 -0.315202315 0.814654295 5.666579846 4.474068079 9.010280719 5.876527339 4.522698612 8.106577536 6.440563369 8.374926151 5.139377968 3.258557958 -0.104037022 5.774669419 5.719773649 2.557876456 6.733802010 5.843681745 1.606308469 0.850182758 4.970245710 2.878929918
-18.419948372 -10.401924091 -14.365286534 0.101575308 -0.768784651 0.630173614 -0.039164181 0.804126272 4.234825120 7.828424178 2.928507069 -0.902418696 5.550465199 8.248593664 1.484450649 5.793846493 3.339531595 7.721987227 4.899348558 3.522238766 7.349578950 5.049516914 5.073159884 4.102681365 6.067597124 5.056822335 0.958184431
-8.353517786 -8.201082015 -9.701055175 0.200252175 0.116627646 0.860750172 -0.453217607 1.280160313 3.125084034 5.952056777 -4.170487811 0.912692100 6.063556507 7.203162968 4.358979735 4.770029071 1.805860379 3.908616473 3.405476063 7.648369031 2.887026944 5.898635561 3.647260957 2.425533138 5.562188134 5.924295513 8.455688592
-17.977673258 -9.097665493 -21.906278641 0.657840832 0.676341992 0.314159880 -0.105406445 4.716741275 0.458820844 6.959161950 2.004687808 1.942705830 4.410083678 3.330817383 2.215692385 1.021804334 6.488963566 -0.709486704 4.360706226 7.880400793 4.298695352 1.306411668 5.036326572 2.378795542 4.505254305 2.829162021 2.711521526
-7.166164296 -2.308711811 -21.152180870 -0.063839087 -0.469482784 0.835998184 -0.276798704 2.849394405 5.971925549 4.136915213 6.290235557 2.293921965 -4.431468259 6.341997686 5.529501832 5.962915698 3.887024423 2.544579764 6.030410180 5.682687550 0.348777115 -2.829564495 1.991346647 7.185257124 4.907801838 0.334585244 2.929569212
