23.342696277 16.358869974 -20.896203541 0.404874854 0.585493569 -0.641469577 -0.285990236 3.720731424 2.522824798 10.367794051 1.996653626 -1.789514119 5.044622835 6.370927549 6.865206467 5.263599939 3.155360731 9.140441545 11.580921608 4.081048977 4.590642566 3.795983483 7.904314117 -2.467301596 -0.130300114 0.558427935 6.429516157
18.134809607 7.304534230 -18.462033162 -0.359864311 0.804506256 -0.406478098 0.240920979 6.440088032 1.431544452 0.824333808 -0.637898957 -0.987718444 8.495358539 7.291905290 -3.185952792 7.168993671 3.125938168 2.205482286 3.466378531 2.380621540 10.068355928 7.925522292 -1.396695606 1.022159180 5.753696553 3.520770160 5.506401709
25.821088067 11.382897433 -14.261256230 0.317356712 0.239912718 -0.784643995 0.475458102 4.668669613 8.539378748 -0.225665914 7.643009339 2.059851028 3.548422114 0.957676165 2.091682267 9.616067133 5.587430825 1.667306798 0.009260592 3.431421537 3.297286143 4.717783951 4.171232783 8.562864231 4.030912936 3.715514576 5.406020878
23.726925936 2.035438086 -13.952104695 -0.841170040 0.369809670 0.393430669 -0.029767111 7.383477812 4.069409635 8.753504102 2.501880618 3.588110278 3.176093778 6.580684229 3.436581192 5.135157947 7.937712431 6.765337123 4.297452355 0.117521032 -0.230782008 2.455541475 -2.141745092 4.312511337 6.946355297 -1.224497317 7.107987635
29.225359805 10.738374917 -15.398121450 0.653570255 0.674401937 -0.250197819 0.235433645 6.381269970 4.689328907 5.309482185 3.212045188 1.986490798 6.724479366 2.494883688 9.483009607 -0.878537333 7.434830353 1.861781542 2.123737162 1.367718271 4.577509922 3.039081083 5.827832428 1.706122847 5.857323860 6.729675680 6.450349122
18.749455528 16.726045055 -21.211864508 0.045075008 0.882658145 -0.205020727 -0.420534594 4.588186332 9.241036338 5.802622534 5.520224918 1.510861462 0.059554971 0.666785329 2.912972551 3.633881643 2.292729918 2.182870197 7.886986960 3.721045093 6.721146671 1.614872806 5.322126637 5.464539971 3.294754584 0.322668245 -2.652827642
15.708801813 14.417372997 -19.472199665 -0.681212175 0.055831947 0.516519688 0.515790828 3.953313106 0.824489095 6.227307340 1.221210390 2.154003088 5.744647558 0.762520515 0.877974003 0.523722513 2.794189037 4.019797694 8.425466821 4.253626437 6.825106922 -0.070526068 4.786216534 4.744736264 2.908110344 4.220939751 0.968769987
23.791837922 6.566108104 -13.114632309 0.183732807 0.490433421 0.536933283 0.661377324 -0.668248475 8.186784000 3.708959292 1.871930775 0.736196533 5.406472720 8.028812866 0.219659369 1.820657993 8.468191556 0.237957429 5.036537663 4.175525258 4.031551604 6.413885911 -0.026260530 3.414959043 2.243860763 7.264475945 6.059782001
25.654600828 11.426549219 -7.570195168 0.236004740 -0.307983033 -0.292598272 -0.873976238 1.830368550 4.200862262 2.690600362 7.875109822 4.632698677 4.816271163 4.299681249 0.978875965 5.312808253 3.877439178 9.008702458 6.030764999 2.217861546 -2.166263664 0.383073248 4.416284809 3.963649020 -0.076446529 3.687793218 6.148923469
29.464310165 9.141515622 -9.710018747 -0.468582289 0.759602064 0.380203414 -0.242653473 6.733543614 4.432706304 2.493655493 5.503677758 0.471680206 2.879735826 5.700704074 1.037635920 2.201033434 3.419801543 4.061858873 3.208654611 8.080650941 3.637970444 7.043067999 2.198527334 -1.491657220 0.475919867 -0.848385022 3.880288383
24.901566208 5.100275871 -14.407923052 -0.019661191 0.715881749 -0.667208175 -0.204841424 7.526043870 1.975578734 9.743981405 9.546753664 6.409717562 4.338275709 6.530933940 5.151006117 4.396851441 2.468233636 1.010089988 5.857916048 0.451799878 3.262144528 0.105998225 4.526847427 4.846762765 -1.901056011 1.229069581 0.906138957
22.945492608 2.338200919 -11.084423629 -0.289582483 0.150939196 -0.939832756 -0.100367996 3.795894584 7.436321460 3.662450386 5.620764000 6.183608668 1.886550721 -1.473362654 7.053929877 5.743560209 3.601934155 1.831262228 4.111626138 8.787086409 0.242760933 5.378988332 9.664847841 0.665273132 5.358738124 5.215221384 3.293327490
29.613189824 4.467958303 -15.779773669 0.389213718 0.618548988 -0.669013896 -0.135389211 1.635510471 3.589640015 8.152599465 10.356807834 -0.646418704 -1.323210520 5.484295995 5.494892156 3.449823197 6.205102744 4.884938872 4.402266268 4.740889791 6.917024406 1.731580128 4.288211602 6.477490951 2.935676101 0.551382111 3.212534940
14.541542652 12.525862065 -13.125294278 -0.423231421 0.100271301 0.859249672 0.269278352 5.864267402 7.728587416 4.621329577 4.951513626 4.202469686 5.297168082 3.923465201 3.762811820 -0.833421499 1.139586146 3.850142417 0.304402484 10.812921378 10.329526333 5.528845010 5.318845184 -0.228315795 9.473760840 0.156812859 7.868472983
25.303440241 13.416182106 -9.014287586 -0.398115808 -0.067393046 0.839823405 0.362847941 0.771189771 2.374995654 0.788521176 5.645995621 6.874217280 4.133696328 0.470396361 6.103020240 5.804884120 -0.585107914 3.818189158 4.225106282 4.548118518 4.838672051 5.441575047 -4.171858634 2.190358050 0.685421095 7.487210188 0.287341934
27.161831837 8.514914536 -21.962199966 -0.419994904 0.290559310 -0.470306498 -0.719716171 4.533078357 1.753173467 4.378422947 2.222997784 1.503558570 6.376125827 5.162588257 2.124036558 3.326070715 2.631188904 5.476586829 5.368952751 5.926684523 4.336497561 -3.153843265 4.400042519 3.634831600 0.206284268 1.776750441 6.129352354
23.274778951 11.372265691 -8.373431406 -0.110454846 -0.252143510 0.559246908 -0.781963089 2.906056825 7.439572689 5.550100828 4.695767363 7.915917383 0.302952859 8.069024904 9.354433748 4.901679168 2.129871809 5.098104370 4.707771356 3.507763548 6.028460289 2.281825107 1.183548353 7.661007124 0.309819718 3.083198765 2.003361977
30.948322706 9.747525805 -15.613674844 0.482693323 -0.126111538 0.401299997 -0.768154508 7.437334215 3.397247120 9.705426838 1.387573836 -0.794783723 5.989593114 -2.940740644 5.019959488 11.081173194 0.120147386 3.841193610 3.061645817 1.191040846 8.167148582 0.236240651 6.060931707 6.101782123 4.933930655 4.768852492 1.322797379
22.944484793 16.176927352 -14.796067370 0.300821725 -0.268076767 -0.886927883 -0.225831944 3.084126591 5.658179998 1.928248953 5.943065442 1.248570980 9.160969103 3.608201332 6.826827388 6.153575429 4.394927502 1.092790964 3.812598943 6.282934117 5.104622210 3.627266401 2.901531600 2.144245274 3.892501448 4.839550102 4.225546986
32.347890019 12.345114067 -12.992729842 0.373230351 0.288871960 -0.255293394 0.843846774 5.678086533 5.308799924 4.577650101 5.218169348 3.180404462 9.313995087 2.155365428 1.433015362 5.713424021 7.018192102 3.498595196 11.054383092 2.518482674 -1.256311486 5.161747363 2.467573012 4.741984297 2.278109984 5.398444348 6.426765692
24.813780241 15.529119138 -16.986854923 -0.079798887 -0.860709645 0.415090595 -0.283744328 2.252559856 0.844796423 2.769384849 -0.870966771 6.449554318 9.635931312 11.069252534 8.120236717 4.221146216 6.438458312 1.723495424 1.433120612 -1.178134043 -2.009181440 6.522894533 2.341646922 4.826377147 2.170305762 5.691093976 0.279544470
19.281193562 11.057426177 -13.698437376 -0.355250865 0.923247084 -0.146088741 0.008350084 -0.012999056 9.569287766 2.724264510 3.883433466 6.235892041 5.048335043 5.102286106 10.442010567 6.999905296 7.193877204 2.252586153 5.410013678 4.758162926 11.609659366 -1.636487399 -3.717692657 1.850812294 4.154742915 1.111651636 7.181487746
31.055629119 9.236775632 -15.701953348 -0.480297182 -0.240364133 -0.347344846 0.768694516 4.939642821 -2.085510352 0.281593067 6.187618552 2.156640554 5.075834311 9.217759144 7.207934892 8.651756684 6.395194768 5.982380363 4.864413090 0.745073316 1.570849202 3.310348916 -1.234429855 7.776877578 1.599193159 1.040314748 8.125207605
24.072594496 6.337747659 -18.020503555 -0.033316964 -0.163823621 -0.686373833 0.707773101 2.524515292 0.420421671 6.644689322 8.045116579 3.950137737 2.383322004 -1.270380457 2.334508286 6.457806940 3.557940014 4.877288007 1.644398128 1.169641876 0.782352433 7.473665485 2.890846684 4.709531175 5.928846988 3.616286270 1.890514435
20.741859579 19.756229506 -15.275128341 -0.840624659 0.469924855 0.096344888 0.251472615 1.313107177 6.206745825 6.396555185 5.010775869 3.761322246 12.570230535 0.561911277 2.263580264 3.916475019 4.500381773 3.810585141 -0.132406605 3.604742579 -0.871878105 6.149357451 6.194209068 -2.494918564 1.367846528 1.974251524 3.518980834
19.150619179 18.333568408 -19.647182898 -0.418469984 -0.689255976 0.211458817 0.552353366 4.360639485 2.080856162 4.094029944 2.905730879 2.002887917 -1.727967414 8.256760618 5.951851687 3.095035588 8.006847020 5.563450013 4.968569642 7.773961527 6.410797858 6.639919414 4.987326828 5.371460934 1.410315757 6.272981211 5.632971747
20.337680804 12.026531830 -23.680293607 -0.924331155 -0.214701201 -0.243924564 -0.200040287 -3.411247947 1.624981172 8.130663510 4.017481823 5.090071298 2.375079082 1.655532098 7.769422173 -1.215043158 2.791643028 4.841327054 -1.907447805 4.400704185 0.794861333 4.921986175 6.383886761 5.872861908 4.529498224 0.165577219 9.417572164
21.666252147 15.860461480 -7.852289929 -0.353712018 0.784249524 -0.453786458 -0.232203237 1.229982332 9.595825921 6.400565760 1.685612518 -0.477341188 0.197669048 6.707533757 11.321916811 6.545043485 0.670053580 -0.198822991 0.208775842 2.428771261 6.613707082 6.939855845 6.182450950 1.345362489 4.553538206 7.606649110 4.018944186
13.621037498 11.175663764 -18.123695681 0.876254664 -0.223222251 0.426615592 -0.018674221 2.121935623 7.019583196 6.143486476 5.266508793 6.721271962 2.811182508 7.796669622 8.951765877 1.674000660 0.571846844 5.109500266 8.468380962 1.534995236 3.994767711 4.512132192 3.350983663 7.858090069 7.858039848 2.939446847 9.774078180
16.606023862 9.352234823 -11.656199376 0.204246862 0.973967008 0.028578868 0.094099597 4.685879672 -3.171381263 0.452292121 2.484290534 4.615352858 7.684829401 4.048186860 5.930466789 1.709610718 -2.455997461 6.972411814 1.424892506 5.883944816 6.278632545 6.558971990 3.561236867 5.478672490 11.345227686 0.982300577 5.881930454
29.986053755 7.892999963 -12.570812212 -0.348479820 -0.282090512 0.835817535 0.316852973 1.740363896 2.106073258 5.369549124 5.781163163 2.414332435 5.096660536 2.388495155 3.981449484 0.675677506 5.119276897 2.038480036 -3.270670581 8.197588024 4.175626629 1.652094593 7.372661746 3.766483379 6.787207015 0.952766063 5.744434956
23.492072398 12.207094820 -13.845953382 -0.049560101 -0.844733969 0.531698568 0.035566154 5.571650000 2.202852373 3.755695081 3.003741579 6.562253300 8.069481422 4.182905059 1.080178546 2.534573018 4.662980822 3.579399981 5.250318635 8.766776943 2.871406875 1.779752029 2.950548450 2.880425971 4.448553399 1.528808885 4.867854524
21.075382590 16.140893676 -8.424999578 0.814434101 -0.445937295 -0.364683651 -0.069590648 1.482310357 1.948182632 4.970801321 3.818547035 6.317860639 6.244178507 4.708199508 3.550892719 2.938716328 6.610741129 0.896982675 2.432768235 9.326923317 5.513793371 2.150948369 4.409980240 11.123163297 5.643055497 5.390349404 3.364917302
19.458940550 12.446074986 -20.967017073 -0.905234815 -0.293026262 -0.304687777 -0.043022073 0.540341933 5.515593165 6.366716083 -1.917546658 -3.056317990 7.094009542 -0.584030006 3.933066305 5.340323183 2.669235404 3.922237827 4.626257627 2.513393418 0.974330504 3.351320467 0.193799619 9.203127601 -3.044884194 1.619423633 0.914466015
25.597835729 14.147736638 -10.947564346 0.076393370 0.965570487 0.228860859 0.097264564 2.882882659 0.807561629 0.952506854 1.377620202 2.161611730 5.578626996 7.240606308 12.881664712 7.164550440 2.427962552 2.774140155 7.821255488 5.098453828 3.032817545 7.417704217 0.078459944 2.761274185 -0.182121239 8.300299463 7.517604433
21.470118986 7.510779765 -18.027109876 -0.194249419 -0.792976802 -0.370621583 -0.442825696 2.603107388 2.857276562 4.883682864 1.532063282 4.480602942 -1.196520051 8.300443730 -1.125949360 1.295378424 7.510002297 3.072342478 3.534245648 2.788363335 2.031739593 -0.724617524 3.536536107 6.010998729 7.619038066 2.969042956 2.515025960
23.500568658 11.052052336 -11.855692619 0.006973191 -0.933471843 -0.313300649 -0.174425907 2.668517094 6.873728438 -3.682570414 4.999549732 3.630480501 8.530721796 6.573158222 4.290453663 -1.299369724 12.100466152 2.695358714 2.470045089 -0.708996788 6.372925515 -0.980061945 6.674572293 6.794291570 3.523292789 0.758039256 5.291445787
24.470202661 14.418073187 -23.139062387 0.692466019 -0.033174573 -0.636523959 -0.337975606 3.279551029 4.435471638 6.357116181 2.788015813 5.338697393 3.445022620 5.900234034 5.885246813 1.608915444 1.700825065 9.585042222 4.044805412 0.708496826 0.529757127 5.952116367 8.761164615 1.610099457 3.107868670 5.728833801 1.339627693
26.432740890 17.361158166 -12.593479878 0.038028994 -0.690867692 -0.623546190 -0.363931005 5.235668986 6.809341669 8.420249801 -0.812184208 -1.031310581 1.869967118 3.784368755 6.494372259 1.089818192 6.701710568 8.295415012 3.757930288 6.170541982 2.848299326 3.243938389 0.574089658 0.716067790 9.877675059 1.344570835 3.414050110
17.420155666 18.560086180 -17.009691816 -0.438150418 -0.464400464 -0.710334077 0.296280138 8.422547231 10.319234476 0.047017719 2.853863001 3.623398389 2.786370103 5.396098739 1.816135402 4.414281772 5.394076912 2.206438773 1.818397957 5.136668568 5.554998427 0.855854214 6.926667163 4.887966542 1.796071033 1.470964136 2.802361314
22.732602089 15.557724302 -13.246487217 0.540631542 0.660088045 0.197283340 0.482784210 8.444088374 4.825876881 9.149366465 6.084756336 4.461629197 0.457820437 3.017611030 4.465757306 2.766593691 3.982023047 -0.651333255 4.260999009 4.610228773 0.293193020 5.846597027 3.189766905 4.512634079 4.642041963 1.728058967 4.251597658
28.787228423 7.171607083 -16.647703880 -0.617219646 -0.114967665 0.288929960 -0.722732193 4.013284986 4.577298261 5.921588093 6.655348830 4.614808131 4.921709051 8.590482672 0.548339075 2.071127232 3.619209680 -1.422259434 3.711526541 4.991790827 4.558295653 0.627538270 1.098454673 1.458376858 4.530701225 9.532917323 7.101973800
19.174949708 17.942952243 -14.423160717 0.411528027 -0.535155112 -0.647306580 -0.353903772 -0.928206939 3.937736783 5.966238385 5.904926415 1.307064331 4.157979529 1.711616459 2.682553118 1.871700169 3.008489823 6.162930055 1.728944955 3.996615933 4.659652333 3.936567356 0.446692949 9.542673278 6.499629809 9.501563772 4.758951971
22.122803390 4.304878082 -16.312246855 0.024478402 0.995288276 -0.085155675 0.039377227 0.334008258 5.553357482 2.138626688 6.589260095 4.573515838 5.848475010 7.547439008 -0.185595289 1.686169228 2.005456913 -0.888372799 0.121932008 4.108595015 2.983328892 5.135196113 -2.304176530 6.177757553 1.444648442 9.101702303 5.964817476
31.633610611 12.139677878 -17.265316709 -0.355026078 -0.066956581 -0.931279163 -0.046823294 5.948732931 4.195717395 4.234560711 5.655486766 6.894992461 2.011525514 1.490533822 -0.139860099 2.360226956 0.004447071 2.172057726 0.843138899 5.021510341 2.773367329 6.638713845 -0.411604699 5.393927895 0.321204820 3.912534883 3.413961633
15.335100657 10.105218655 -17.722578214 0.803321994 -0.227866312 0.543192086 0.087710178 3.188672911 1.903817452 3.081841731 6.870277714 -2.826161904 2.926175395 2.686086261 1.253240005 5.827358312 2.758499676 5.624817405 3.993895755 2.770656745 1.166282297 8.858527132 2.524453181 3.985267911 4.593441810 4.491475764 3.207326484
25.961879103 11.281647693 -9.140339900 -0.028230352 0.968953288 -0.029269025 0.243876808 3.443182965 3.870757435 2.494208154 6.147430636 4.165861128 3.290213885 5.448230275 6.474410679 4.617479753 2.746083639 0.604883245 4.546765325 7.863855274 -2.449192463 4.280686604 3.187092758 6.660914122 9.846948687 5.567712084 0.381751778
27.565214037 10.270326900 -10.903466671 -0.367619188 -0.215357585 0.728897170 0.535897527 4.378069399 3.259666587 3.771299507 3.440947614 -2.173896061 7.852403070 5.006806025 7.556358859 -1.346812891 4.466165960 0.358194664 4.417363846 9.951168474 6.637086804 1.023843118 6.683224842 9.400098219 -0.244259387 8.024772868 6.112777994
31.818818916 11.121533624 -17.600349044 -0.099741075 0.749416554 0.442497537 0.482309524 2.921509876 3.177604037 3.552278484 5.659047060 1.990177791 2.810620677 1.435117854 6.748397968 2.892977166 7.340490435 5.685216145 2.624229026 4.911114840 3.940161198 0.370220686 4.872779911 5.627128516 -1.158037562 3.909984970 5.844518560
27.996002576 8.566378547 -14.168359097 0.039441784 -0.958166870 0.172870074 0.224669828 0.067496616 3.968737355 4.241127677 4.626181303 4.646952381 6.460938465 -0.122634445 2.155547183 -0.075311123 4.845844947 8.212630236 5.874424062 7.186944710 7.235578641 1.342579875 2.986446506 3.374551081 7.786467962 7.635770709 6.335558408
16.829910060 11.190719011 -17.116485179 0.822867578 0.212664433 -0.381929938 0.363032107 6.018325692 2.371915972 3.889718645 9.520892495 3.204338909 3.598354434 5.432525861 3.726641497 5.630497190 1.652167779 3.365598676 1.425928968 4.422711781 1.192623598 0.838191454 3.111284116 2.361481471 3.220804619 10.682216219 0.904350804
28.955074857 12.628874955 -10.281577036 0.334668325 0.770651837 0.005338799 0.542277010 6.636736238 4.067775803 6.488142703 5.396232454 -0.849128967 5.602298418 3.421975599 1.667165815 5.109171112 2.037709849 9.388865065 4.529099203 2.306511524 9.868839461 3.882299785 0.620787821 6.216931261 -1.182436411 4.724427997 2.753975828
25.227212286 14.490487649 -22.239291000 -0.256456552 0.871141422 -0.142884774 0.393607166 10.800810044 1.148093069 1.984603562 -4.447998153 5.153934644 3.942422411 7.350728827 2.114128309 4.212919622 3.978705241 4.381113366 2.351165046 1.259616703 3.618668432 8.518500683 5.097855796 -1.000789558 1.855840831 7.338904488 6.606361924
32.234109424 12.226983893 -17.396391900 0.242012045 0.007101877 0.761574397 -0.601152369 0.843597660 4.340307487 4.130318852 8.515216978 5.286689049 0.851725281 1.009930821 2.577249642 2.142039609 1.751001603 7.463758351 6.799202452 5.897260646 5.403129544 4.411689636 2.555961950 3.375681998 4.999704588 4.298878144 10.297001132
27.611277081 10.980664592 -16.299832522 0.346798802 0.246477487 -0.529229123 0.734095345 4.644987153 8.897302947 6.622661694 3.273902070 5.331186263 7.352510347 7.098081496 7.581496090 6.061105919 1.432484848 3.025650996 3.762557897 5.169305662 1.317368882 2.204041990 6.263794675 0.658111479 9.972754464 5.202604030 -1.255497231
26.418304455 7.930934390 -11.028205063 0.132186749 0.183644030 -0.595642482 0.770721459 0.670330089 6.162309425 1.993918457 3.500094778 6.539599659 8.328352848 2.799445908 7.454054735 3.625927071 3.909561349 2.846529766 4.190132114 8.341011809 4.684529498 3.191256337 1.979402906 -0.530470748 0.164328894 5.984292314 1.966476598
25.999763936 8.082204633 -19.858659318 -0.846176667 -0.338944564 0.288224615 -0.293305645 -0.784136983 10.933614418 6.302866399 6.688613738 6.784889251 -1.604610909 -1.248359666 6.458420061 3.306022531 3.620818471 2.356426998 1.499770012 5.050372954 0.810700596 3.324338434 2.733756861 1.194883191 -2.133750814 1.277425189 3.254436020
24.990169161 5.270448978 -8.904459079 -0.317071759 -0.644894258 0.540961760 0.436963695 3.899271839 6.382672592 4.343335951 10.412841927 5.004130408 3.443245598 3.698482345 2.377243503 1.566742860 4.827680432 3.819532145 3.557957260 4.281332511 5.458708841 3.050771999 2.983732308 5.018855265 3.836295300 6.696098924 9.751428691
25.201484031 14.392383005 -11.182087534 0.147425845 0.918877703 -0.345042848 -0.121962368 6.257008713 0.449335532 2.819284058 6.005241792 -0.525391802 1.427956601 5.489285999 5.198072710 3.087212313 3.467696328 5.406972212 -0.404817270 6.068288308 1.029759830 6.770992030 0.834436705 7.504830704 7.745235244 2.610995672 9.756322442
17.977244539 9.930299498 -7.937391592 0.366543135 -0.560386626 0.653156434 -0.353552870 1.812502503 5.121042425 3.113675774 2.940386485 4.803873521 6.065572913 3.052954938 -2.530540576 4.775636770 1.784681707 0.395433629 5.293877260 7.182659850 1.685327826 0.702949703 2.499662109 6.326845274 2.230946725 6.032398115 -3.030050623
24.777810163 7.817795377 -13.639374876 -0.682396814 -0.193150864 -0.118884907 -0.694905541 3.407224018 4.035135518 4.019997154 1.359834987 0.840051587 2.363964662 2.197302780 11.920339856 5.594748008 -1.879395329 1.035193435 11.004607402 2.127503388 2.121241799 4.363612458 3.231096096 4.065977401 7.268226500 0.299804851 7.814833578
25.363722101 17.976281309 -17.600000319 -0.806589996 0.237157285 -0.516396900 0.162798162 6.923584961 2.477697809 4.479994244 6.800042211 5.467548694 5.083510620 7.073796320 8.373781398 2.010578391 -1.557610033 3.689613547 5.165582799 4.079972575 3.615406432 -0.118308819 4.112294078 3.402035725 2.871587631 7.844346383 2.967457998
19.551834884 5.536415188 -14.723041709 0.166936890 -0.361478223 0.170584747 -0.901313715 2.712179340 2.425888535 0.414428154 6.467803181 5.659224896 5.626371150 1.770326873 3.025097455 2.561201430 8.550057755 9.907532643 0.590905646 -0.137118556 1.113287203 10.070825290 2.581078538 3.615821028 5.733504268 8.018208877 4.438153780
23.231774062 5.292634373 -17.427947505 -0.407405466 0.419521226 0.059984362 0.808965144 5.205892104 4.728263139 1.487180170 7.320409385 4.138920376 1.199033578 5.180468812 2.486836411 3.339051670 0.993411980 5.182921638 7.363798860 -2.111588113 2.806326999 8.379410002 8.385453549 1.544498821 1.235139902 2.336654455 4.905822851
19.873305901 8.792751983 -11.172716175 0.350917538 -0.308557136 -0.884071820 -0.008148191 3.095844061 4.814443810 8.789441758 6.277626501 -4.764074617 3.864105822 2.123790360 10.212066744 4.567925076 4.466403405 -6.140891153 4.761153351 1.671815906 4.092950167 5.737064125 4.356083945 7.362851291 3.697759430 3.679942502 3.464593284
24.670319863 14.454965792 -9.610580575 0.282144952 0.043143066 -0.920424713 -0.267116547 8.065818122 0.530952383 6.378225977 5.146355243 1.152301334 6.844901895 5.363170673 4.338514622 4.361183214 8.137105645 4.790276805 0.132924922 2.325596093 2.186004542 1.390513807 4.231392335 6.754859415 7.472338696 2.236847510 2.356032200
27.205139170 15.752121923 -16.879089936 -0.767365656 -0.298620432 0.284816761 0.490770007 6.448788124 2.285821161 5.839605850 6.583867807 7.607156376 2.713888475 5.243153221 0.521482469 9.826495842 4.474789909 0.612735407 0.979669168 4.361551167 5.075302576 8.307152199 -0.438582715 3.676772076 7.534188729 9.158565374 2.610227307
26.552574343 9.898803104 -6.110174821 0.839903603 0.138765207 -0.443630857 0.280174620 4.053064282 4.931280134 5.581422450 4.866427099 3.981990869 1.240997386 4.565831478 5.725826106 5.657206759 4.744477191 2.516662993 0.245788907 5.953999089 7.145861096 5.756409574 2.047860601 3.159258569 3.088145719 11.267641347 2.519414215
20.859047253 3.213491852 -10.228253210 0.457901535 0.840605562 0.183633574 -0.223578138 5.606788484 0.490011405 3.218007951 3.930143151 4.133685300 6.270812338 -1.347530629 5.995743875 0.108510187 4.107653219 3.989938631 6.089067837 1.664852814 7.884128413 3.313962281 3.541696142 6.081114845 3.881898420 0.909090954 3.433955959
19.193991756 5.400919520 -20.439695203 0.193233583 -0.221269877 -0.793194742 0.533425276 7.096045962 8.427526599 5.337878598 2.507111975 3.477544137 2.030704832 -0.575854773 5.753876744 3.739696907 6.010552138 6.995112282 3.779520153 3.785172756 7.581242675 9.801748508 1.981881615 2.991673107 7.988733199 -1.890104387 4.845893552
21.248826428 15.108958150 -11.590498878 0.865874090 -0.235273780 -0.101780924 -0.429591611 5.045686291 2.685628143 7.318911919 1.371703050 1.616558717 2.120428460 4.550439059 2.713660307 5.516835793 3.371376585 3.689090628 4.086040585 7.123750719 4.777224021 1.853490717 6.553375754 3.577307069 2.828166313 5.626830485 6.669916238
17.058927313 8.280332524 -15.868832879 0.040565488 -0.919858147 0.031119658 0.388904870 4.425853199 3.635715655 4.508462381 4.920762797 2.912675683 5.556718436 -1.151927977 3.031532794 3.520133559 2.717133765 -0.152792123 7.355678850 7.096480301 5.599367894 3.737379914 0.512630128 1.361013667 1.044467466 3.952786473 6.079002858
20.631946760 16.360162679 -14.948770745 -0.182105417 0.234501616 -0.337141925 0.893410282 1.127779574 -2.049835861 4.649516869 8.598721831 9.301964039 3.399865308 5.161777839 1.766781882 3.294731466 7.862135921 9.429079557 7.610897149 2.811652327 4.914121776 1.460774796 8.906536968 3.896351740 5.615447956 4.618422013 5.476478053
24.745673203 6.301903384 -20.143450406 0.331954914 0.335799260 0.845118241 -0.250639085 1.871330043 -0.277156911 7.940277904 -0.596674808 4.184107630 4.491403906 11.178618953 5.601968160 2.926146779 6.607982390 3.553202043 -1.504761657 5.261238289 4.746385821 9.809296816 2.321788481 2.009569307 6.650486853 3.542575937 4.500034837
26.381966424 8.272514511 -22.322393328 0.418816319 -0.034851287 0.179949323 -0.889379851 6.511095387 3.320039321 3.067927559 6.648928379 3.084112257 6.879363112 3.562826507 -0.916317192 2.527644724 7.827836925 4.755869211 7.926163306 3.054749664 5.049546277 5.133739067 4.658257313 0.085084167 -1.333386321 2.165237100 8.293760353
20.099332311 11.013759268 -18.447321541 -0.096406213 0.435079705 -0.867437752 -0.221276384 0.377040211 1.965964334 3.293618029 1.267494417 4.377151097 5.169243223 8.707116854 6.632176365 4.068452029 6.211434448 5.792053942 0.977058758 -0.911969600 2.429656254 6.746595655 4.596423797 4.106225249 3.657926377 3.104909067 3.138030113
26.080492040 17.614855081 -17.320747168 0.923664776 -0.082811705 0.006308018 -0.374093320 -1.916366826 9.530689117 4.374636653 5.606433195 4.908453614 7.283457225 1.817689923 4.981136244 2.937872735 1.693961599 -0.325040905 9.590580377 0.664507706 0.897821334 1.292935742 5.685849179 5.125844795 4.372057122 1.515791731 5.657709713
28.371508782 7.525211897 -16.433382033 0.442325761 -0.266933304 -0.855425549 0.036628711 -0.710675904 4.730653972 2.272192314 1.423193100 0.831660546 3.615787747 5.830203790 2.409649775 3.095524308 2.997609726 9.881106118 3.115002434 3.627994814 2.878508912 10.225524774 6.386818162 -0.488691119 -0.161736181 6.631057950 2.876126931
29.743964402 5.147226595 -18.594633801 -0.379025720 -0.567771112 -0.530084775 -0.502976738 5.993607652 -0.308199901 -1.801740080 1.995602521 3.544224799 -0.659163000 7.465349802 6.846223044 -0.807430003 -0.426940675 4.073445154 2.800522987 3.930448872 7.898471623 6.310900628 2.737593452 4.242578441 2.194631626 3.226131213 2.771460867
15.888986194 11.573470137 -18.792888208 -0.320943263 0.721791009 0.114473727 0.602419229 2.235932028 3.522670084 2.944006355 8.926734025 5.204412726 1.933283250 8.970448197 0.934921219 2.434136457 -1.951168750 6.701455487 3.587947355 3.750816557 4.383920578 2.049495896 3.025731348 -0.332237921 5.673505330 2.740577857 -0.167268023
28.513887051 13.687371732 -11.482835206 0.513343194 0.346497759 -0.055574560 -0.783153584 5.000917461 10.466952663 9.408673239 5.670611895 2.102028825 4.805871193 7.268750933 3.833196809 0.599756190 9.407404305 -0.077763511 3.263176699 4.512310829 7.706899985 -0.074867189 4.874198634 2.538045177 -0.391109987 2.989735962 -0.379072553
22.516181023 12.245537534 -16.810806672 -0.637606712 -0.371849005 -0.674641878 0.006658478 0.788058889 4.035739643 3.414721091 4.367624330 0.673749349 7.178989119 5.411658352 4.757763539 5.977723780 4.900009097 6.769182628 8.647515062 4.582299531 8.795475965 3.823394959 3.154843399 9.881074250 -0.033838111 2.562523447 1.055001068
26.194062473 15.814935606 -18.656356875 0.150441402 -0.463533903 0.420204082 -0.765462105 6.863086894 3.398668941 1.718461937 7.877760337 6.181742679 -2.018704381 4.032523739 8.031732018 9.305895043 6.393012904 5.976353041 1.277512210 3.653787674 2.528235418 -1.881748359 -1.394541845 2.442698989 4.727358140 7.707948641 4.978832131
24.501795106 7.023664425 -13.470467354 -0.091316635 -0.381832134 -0.629120592 -0.670874634 9.143809095 6.756317677 8.429763138 6.071398409 0.334651934 3.277126337 6.508878374 5.468190847 3.831733420 8.736860650 4.745892817 7.031832564 7.558888045 7.425252244 -0.795450654 2.711753115 7.487675319 6.625577739 -0.294533387 5.441443191
22.447887914 1.749158438 -16.778162676 -0.352297732 -0.260034195 -0.350809079 -0.827768999 -1.684360387 0.961937128 3.882708123 3.430736055 7.269005549 8.927560852 8.287977976 5.927751754 0.591535480 4.294065941 -1.837953027 2.253623804 3.949573080 4.752455569 2.573018760 0.254105252 5.359521152 1.984580117 3.132105118 1.709631264
21.271842357 5.565950091 -6.614077575 -0.757590080 -0.466154108 -0.126082431 -0.439159241 1.924736798 4.264434383 6.588585361 8.384779503 2.705901137 6.763510353 6.674205682 0.580937836 7.313492002 2.948804243 9.912078060 4.224033590 7.599316632 3.072944861 3.156620538 7.786015639 8.042257188 0.908644808 4.023780905 2.581796184
29.538804447 3.262850374 -14.383460895 0.068473900 0.846725232 -0.518726492 0.096387414 8.273148789 -0.506078682 6.651562722 5.385699261 4.691677801 7.258303976 7.886253761 8.275640583 9.792894760 0.582044704 5.817044060 -3.275486055 4.839938055 3.256217097 7.561265541 3.672113193 3.381895605 1.350619250 4.696091256 1.510184911
25.168017312 4.959288412 -17.641290072 0.501506588 0.750834669 -0.383856132 0.193372470 5.145224839 1.026827413 1.371850590 5.065463091 5.481240839 5.169459981 0.915339065 6.981970500 -0.179443339 0.880188480 5.043277086 7.351621608 1.438702872 3.842501112 5.018036259 5.745931748 5.491210421 2.691472664 -0.507810191 6.800218147
20.660830572 11.127098068 -21.220776646 0.427628280 0.873770536 -0.145757413 -0.180038553 6.666530333 6.280844608 5.200660920 -3.525722723 10.385552596 3.532543039 2.062228913 5.168596976 1.044005243 3.283814292 2.750632131 4.343883020 2.081604241 9.367681329 7.763710310 7.523581128 -0.794785106 4.308033310 1.947183358 6.208338918
17.467675297 8.646834817 -9.407632099 0.212709791 0.885939083 -0.133547953 -0.389912081 3.314636267 5.330382528 3.464530945 -1.077060109 5.706586265 5.492150914 2.901754478 4.244825519 4.473671274 3.362248069 3.716952314 -1.254722594 8.681233993 10.034290316 2.240185989 -0.889634586 4.645787948 6.573375480 3.345394322 7.846397898
23.377280423 7.414684386 -21.860218345 -0.847735913 0.010258244 0.530156458 -0.013142320 1.443698933 8.246534890 9.183379415 3.292437981 1.805203544 11.215607474 3.997886511 9.453427514 0.547818264 0.592333463 3.671843254 2.871922091 4.961768737 3.405589076 3.671540963 -2.290114749 5.306213184 2.614983449 4.801941764 1.228702020
28.288583659 9.623727020 -13.343315701 0.697703260 0.663831136 0.180555824 -0.199844885 1.766457516 5.915278873 7.958299684 0.876803519 8.583185195 2.826296519 8.045388974 5.717636801 5.112336499 4.724229973 6.889851692 2.638754607 3.120920847 3.806696715 2.095337545 3.567907575 5.986978678 4.827407799 5.909424506 5.865308288
28.166644991 10.515408254 -9.389482780 0.086210815 -0.117017491 -0.560694164 -0.815166644 3.919605191 -1.629478300 3.223906288 9.569320225 -3.961150392 4.389258342 2.766665473 3.138122755 5.622914414 4.616973324 5.637210782 1.576456520 1.635050983 1.581659973 2.624580388 -1.790293623 2.618289407 5.137503897 2.232752329 8.241478533
28.008046985 12.449267922 -19.496885370 0.254791770 0.708311174 0.438033837 -0.491429336 3.368665085 3.449246507 2.094760020 -2.084663563 5.866972996 -0.424197081 1.726266891 2.928252961 -1.291085127 0.609269865 6.218839287 6.821040063 4.440819816 1.427914396 5.046472783 5.360118146 4.933321222 5.547795472 0.658830288 5.855486977
24.362352209 2.871388903 -9.661041011 0.900352510 0.152939963 0.265041497 -0.309398982 5.481918982 6.673060694 2.929558101 4.474056645 8.581048616 3.201445776 3.559584536 2.311575015 3.883998525 6.817610328 5.696972058 4.125577723 6.302050227 5.520692397 5.161208067 3.821814352 1.793093883 3.458099768 -1.338569184 3.569622811
18.051721791 2.390422367 -13.544487989 -0.899783531 0.119963842 -0.062185575 0.414887006 6.234081220 5.777134605 -1.860341087 1.035925212 6.963535018 7.594247511 9.229480883 1.889442281 3.793256397 11.866364021 5.348514876 4.852631591 1.457814740 8.446767858 3.186389738 1.782388370 6.673863480 4.251469924 7.483428740 3.382951361
22.778587095 8.603743938 -22.957141484 0.056998627 -0.134292356 -0.108206486 -0.983365688 4.271922699 0.600440861 7.169414777 -4.279762626 3.078705466 3.617352212 9.458646393 7.449169905 6.529342904 9.385794583 8.385301605 6.924857013 6.190122255 6.860538192 6.962492028 5.840496179 -2.868682266 3.426782728 4.428913628 4.508444896
27.472959701 12.722499427 -19.624080852 0.759556256 0.377621522 0.196391397 0.491840116 -0.807320455 3.101522904 -1.875188849 8.400785910 5.966430792 5.483287316 6.284715645 3.210170988 0.136722743 4.206029268 6.267860464 7.139573489 -0.603935570 8.918700026 7.122088578 9.374262229 7.103436383 4.429072956 2.866649257 -2.518375770
18.115947534 14.419325580 -7.417485815 0.827654389 -0.198932201 -0.213193797 0.479544155 7.130213924 1.885888455 3.483144056 1.264353378 4.782358175 -0.675191963 1.185151212 0.953014500 1.859534865 4.300328559 8.868265833 2.023199944 5.815236663 -1.266236636 6.503481339 3.715012043 0.073683054 14.555902407 1.043254129 0.022316617
20.721473732 10.741207997 -23.773214372 -0.137035612 -0.379011870 -0.884007115 0.236860009 2.872208423 3.158713428 2.149238984 2.141118008 2.759105634 7.794529912 0.081793279 8.333468427 0.988218476 10.551112053 5.170770097 4.713710026 6.159975071 1.512323892 2.457548280 4.400205515 6.411333992 2.577803121 5.147873591 1.337201671
14.395753801 7.324201835 -12.626619196 0.374669081 -0.535622440 0.534092257 -0.536168949 9.844892229 3.411016486 5.701097491 4.503999218 -0.809209212 5.254784194 4.188146811 5.021893071 2.955052206 4.970564476 4.457676514 6.440555192 4.579662817 7.385005176 0.781404026 -0.917260957 7.671830733 0.495657168 -0.181493090 3.673573332
18.902657394 2.035969368 -14.296145175 -0.262634337 -0.703528787 -0.346805492 -0.561957651 2.223494468 1.386900755 3.142653150 5.318873531 3.668015327 4.871621377 7.595271130 1.159254740 3.214261845 4.332131184 5.887187038 3.954530316 9.531918566 5.553345125 6.558886699 3.542636996 2.100986686 1.883797235 6.860597827 5.347112171
21.803320837 1.976234498 -15.575359472 -0.354328836 0.553331195 -0.575105064 -0.487370322 9.675088873 1.847005729 0.539934378 8.384066719 3.638337862 1.485624365 3.430050391 1.160004920 4.404270945 4.367923647 4.671468574 2.515685513 3.381115692 4.219345800 2.584410922 0.350119385 0.062932122 5.080949879 6.266689768 6.981832480
23.180361264 10.804371705 -21.484349618 -0.530935594 0.788144973 0.175466838 -0.257189202 1.938945712 4.228589190 4.445088255 7.153172602 0.190176762 3.661017365 0.167467921 0.307070558 2.888493112 4.557815669 0.275425412 6.570269541 6.983967262 6.998019133 5.575157144 2.104864424 7.447891300 4.091782664 2.742992259 3.053262951
22.129091808 6.664423157 -12.767142935 -0.218027917 -0.692714572 -0.196458246 0.658797774 1.487723268 3.621201464 6.016446799 0.465864274 7.234266462 8.219768599 5.889388963 6.727352753 4.592145212 6.584759455 11.098899052 4.972148813 5.059595878 8.144374857 7.028829359 4.525551595 -2.765275898 7.972228772 4.045414690 5.682952755
27.340476452 18.585813464 -13.255693540 0.327370611 0.936631469 -0.103770091 -0.069150149 2.724149424 2.214587712 5.569968189 5.700506582 4.511561693 5.959646858 9.999952703 5.076204741 3.460787954 -0.735043308 1.672152543 4.397574422 8.040344937 1.789013640 0.330374106 8.652560798 9.906697844 5.218868355 0.680812891 6.706912718
22.447621343 14.163178359 -10.536902101 -0.407346904 0.084009059 0.896205596 -0.154358376 4.633269361 6.012673162 4.714003044 3.733080119 5.879081076 2.219848819 2.253512578 5.804533772 2.278292369 0.664040645 2.323431468 0.210454526 4.528381400 5.247480450 4.910710320 4.739548190 7.450642134 1.091600348 3.406522790 -1.009094614
26.961984341 5.479392675 -16.221085412 0.311678226 0.140385171 0.775672721 0.530547375 4.814540011 5.717506642 0.485756583 6.180772290 7.492996199 1.226876910 -2.973281576 -2.167975824 2.120595608 5.122539025 3.975117219 -0.677387191 3.042012186 -3.182747088 6.580351320 -1.920723913 7.712350349 9.494365578 0.337554467 6.891477481
26.891024931 11.242590227 -13.580829783 0.159286484 0.055467401 0.985613996 -0.010781163 7.255082518 3.570861800 10.047358330 7.514983307 2.368102872 4.680993588 5.165876343 11.051346029 0.897520962 7.172160884 5.674065509 1.809376207 8.380102040 8.558682479 6.013165106 10.477308637 2.973552972 7.267921014 1.252794069 12.070555071
25.205823704 3.440978548 -20.126011597 0.228628281 -0.482694175 -0.809169066 0.244909911 6.768742228 0.515285484 8.869393485 -0.042638857 6.359119898 2.279632361 8.874157092 4.476662547 2.423493146 -0.479265007 -2.367874155 0.573045372 3.674510427 4.798978613 -0.803585898 0.880747617 6.235228526 4.502149767 2.524442399 4.291752373
17.443477748 7.322916988 -13.956577289 -0.483997484 0.489950788 0.021195344 0.724738172 2.202571214 4.467059695 3.251793200 3.484496241 6.966138791 3.244802436 5.476226354 1.983978851 5.360752900 6.450829794 3.953464911 -1.536521979 0.754737040 2.747844668 3.306834579 0.971617083 1.780477649 0.401999804 6.754768159 -2.051358013
21.836327345 12.128856269 -14.887615243 -0.475680727 0.171843461 -0.627836016 0.591624549 9.386136450 2.244000256 3.387405732 3.756983406 8.092228952 3.057304552 4.871164333 5.384768418 -1.258339312 3.876177012 8.223741837 4.082480002 1.498727273 1.956894107 4.905548382 5.784710181 5.083798326 4.576067512 6.048684944 5.441562436
26.936681849 4.059959257 -12.622469569 -0.504461675 -0.010246545 -0.486805657 -0.713045356 6.532566022 3.655317473 2.215224859 1.552161890 3.906272247 5.005777310 3.021449809 5.026080710 2.064005146 4.755343138 5.522649347 5.235624069 1.694190386 6.134446713 8.470975696 3.375366438 -2.950679859 6.883259729 3.505563243 2.973910806
24.250854704 4.283938752 -12.953486724 0.766402399 -0.211964304 0.544647714 0.266565872 5.689790568 4.706443686 2.355149330 3.722344319 4.242649860 5.630215725 3.975326019 1.915525371 2.096323498 -0.540304612 7.759873937 -0.401447029 11.074515686 6.204890670 5.783793742 10.280515231 6.007258915 2.440863198 1.989865275 4.883681249
30.728113465 11.733026294 -19.590004582 -0.479376661 0.006774112 0.842111345 -0.246983017 3.197110551 4.191572616 10.097782926 8.631483591 3.814466250 5.352747555 1.740189946 5.915074383 3.244042953 8.258402335 5.511074298 5.782388409 2.986033703 -3.770207474 5.731943997 5.667033733 3.097429309 7.781203672 7.165284786 3.527667568
27.880766837 3.298935050 -16.727753081 0.381414828 0.526177558 -0.746021764 -0.145297745 2.456321559 12.589050479 9.134609937 6.013516696 11.720401335 -0.376022753 2.853314498 5.771469585 -4.231030853 3.266134465 6.537114782 0.568700390 3.162049028 -0.604793399 2.219723030 2.822300344 6.462727814 3.616565284 3.895761440 8.330776974
23.635274917 1.161911557 -13.809212804 -0.587901735 -0.182513056 -0.508730788 -0.601875004 0.850188726 0.552592445 -0.285374893 2.938514048 1.113233052 6.193025863 1.983050307 -3.047172554 -1.867727683 2.348002799 7.157614830 6.226141911 4.892565421 2.954338099 1.837972883 4.465197530 2.079794646 2.111793969 1.677547616 4.541198847
26.309471542 14.570801583 -21.507194208 -0.413559704 -0.744677548 -0.522641821 0.035626507 2.493932243 -2.837664107 3.325842386 5.666202364 7.595557505 6.074855037 2.990515647 4.750188677 9.412821931 5.686422945 8.026005374 5.462723854 1.563949631 10.832462294 7.562524439 3.279973517 2.678839674 3.239874002 3.960090204 2.374919161
16.582432128 10.398853505 -10.325033084 -0.431261921 0.134946422 -0.286751656 0.844734341 0.142501782 3.553363620 0.148663937 4.049779958 2.358012581 2.483233080 5.481246604 8.613064832 -0.133148229 0.722739016 -0.302637872 1.171123266 4.588729981 6.548477666 3.102274878 5.949651629 8.928243159 1.541252437 8.833438401 4.063253434
26.637170530 5.487211070 -16.041315123 -0.390292991 -0.712647104 0.136427005 -0.566739057 3.105406381 10.855429909 5.557315430 0.151479285 6.473765855 5.617818011 11.023174536 5.313770516 9.588410740 1.567315562 2.830992572 8.633193608 3.297203703 1.684718122 5.233719739 2.876156055 2.121933619 6.725370833 4.077943822 1.524990262
21.671466402 16.712196391 -16.368288973 -0.441095797 0.660972083 -0.531983604 -0.292478800 7.143308812 7.928304503 6.243751284 1.297016128 2.679164787 1.947684554 1.266514528 -1.012971881 3.981338076 1.866731540 5.446049119 -3.231467178 6.525909113 4.240056217 7.934798724 4.677918356 2.526617472 7.335604281 1.200047167 5.344079872
23.084673677 7.227216957 -16.671013745 0.640857382 0.419864564 0.638797894 0.070376233 0.390815962 2.913760199 4.083881131 8.609340858 -0.664293168 4.369598554 4.537975765 1.765804693 5.392293989 2.027206677 5.742642801 3.198144329 6.508591094 3.765279916 -2.456865139 7.888537829 2.367114593 6.332676868 2.295528482 5.919134603
19.292857438 8.991226595 -14.999118264 0.536949159 -0.122765641 -0.559565428 -0.619274358 -0.204327425 4.256514970 6.936640493 1.511351512 2.553902148 3.515502072 6.886537330 3.189875410 0.987660166 -1.463396501 4.481960384 6.459582133 8.163093673 1.969040408 9.976449002 4.907810578 4.685344098 0.289867099 4.223619994 1.266124587
23.982555548 6.373047625 -18.910516036 0.804065748 0.354088220 -0.477069946 -0.022451569 1.678175733 9.859362743 1.509441531 4.661447467 3.946683723 2.963531285 11.592166115 7.702514520 1.105100607 9.580059249 4.252618918 4.560412670 6.214253361 2.996686571 4.665035914 2.924728303 5.228765948 5.755505883 3.214239830 -2.118026702
23.777552844 17.127525685 -18.052521454 -0.007705324 -0.748538005 0.543000966 -0.380501556 1.822998044 1.016744849 2.655074159 2.244396799 2.170522772 2.336266533 4.800676258 4.331190362 0.925980757 3.748689382 2.091956993 3.345775290 8.753610821 5.965948529 8.621803600 6.016602941 6.761547938 5.318989430 4.395189510 1.615191303
29.252264997 3.603214691 -12.392672371 -0.607435706 0.128561083 -0.348792769 0.702023871 11.562716867 6.564865003 3.600377300 6.424303806 5.215542081 -1.888645474 5.186412456 3.654596955 -0.495984894 2.926543045 5.407979817 7.355487259 1.558240644 1.558320448 1.145701888 6.414803224 -1.532504280 9.921149374 1.221616832 9.211463202
19.436534565 9.112366322 -23.490384256 0.446715281 -0.468373176 0.318129260 0.692723465 2.779216985 1.017332312 9.078056130 2.770288778 2.329111288 6.276256876 3.550603565 7.088774445 3.601073425 3.497028918 -0.115712475 6.455608320 3.729795163 3.843276908 3.241114259 7.403691226 7.170730423 8.179769113 8.954679304 5.997310255
14.681506855 9.541765363 -17.729281934 0.428322461 -0.855953676 0.258488957 -0.130639325 0.599862296 -1.189543606 0.351362229 5.746002876 3.704574558 6.864758439 1.905748841 3.200095449 3.704384520 3.869117366 0.191048713 2.212338391 5.597677907 6.584108012 2.765617425 6.225311610 6.008649522 1.971425064 1.819496731 3.664102732
19.917060346 10.842347871 -6.778543174 0.444538197 0.778823920 0.344428288 0.277827731 6.018169425 0.969915619 2.581823376 9.829659075 3.446358426 11.389462296 0.623656484 6.199900974 1.097099796 2.011179581 7.952640850 0.654775836 7.527734511 -0.539534482 0.540070849 4.718913636 5.044628575 -0.335086471 4.130649617 -1.314986345
27.777331414 14.959962623 -10.092621084 0.231801815 -0.225992146 -0.057863923 -0.944376638 -1.712359919 7.471636491 1.668966428 1.977509128 4.447184103 7.252712675 2.273354615 -0.273468270 5.642916996 5.950303560 10.832335910 6.662512230 2.771934582 2.903948018 3.098504617 0.978361079 3.920444226 -0.056285382 3.454453330 4.499860261
25.360063798 15.589786693 -17.244853173 -0.721554539 -0.312490959 -0.257054320 -0.561810933 0.922786233 1.535694330 5.720591764 2.782906044 6.320024205 0.730076470 5.778747782 5.260950460 1.052092777 4.583652105 1.251633137 3.806718613 6.197224597 0.787711250 2.114648015 4.808400003 2.509807284 7.287346191 4.924263961 4.240050582
20.802404950 5.550985584 -12.991111399 0.337800406 -0.589070544 0.540488365 0.496748535 2.411929942 3.559634258 7.345345342 9.564222131 4.735404220 8.031856017 4.526687046 4.519034568 1.030807625 5.982027605 -1.731453528 4.603898914 4.769570365 5.784457176 4.675300125 -0.063055647 2.800891148 1.708670903 2.996936725 5.758677038
22.984075800 19.845970749 -14.285048242 -0.046605866 0.165900430 0.466542590 -0.867549971 4.823201887 5.201609122 5.577745822 3.220319702 5.867679527 6.564555383 1.788510935 2.355635349 6.825169065 5.103875340 0.909079540 4.553430459 0.207137729 -3.028797285 10.181602103 6.698092546 13.042761183 6.705308105 3.381334269 5.484541928
14.737552496 11.170090397 -14.689801514 -0.032382549 0.734742835 -0.677460533 0.012311078 -0.536752827 4.517712638 1.811540992 4.132738284 5.486604320 4.852366295 0.543405154 3.685469957 1.186214003 3.985350560 1.211355598 5.030335753 8.087566129 0.790360222 1.869057852 2.595426747 7.451807616 3.731293570 3.640687986 4.725425091
22.852756161 19.125919982 -18.474894708 0.872227981 0.117828275 -0.030361253 0.473722535 2.638514386 2.244649195 4.295635974 4.069529945 5.077845254 5.772017753 6.758197071 8.533524380 6.587374301 1.219693394 5.888192883 1.833921608 1.359456212 2.413677441 9.691492560 1.516584943 10.952701442 3.199678038 6.612298672 0.661513914
22.137226310 11.641686789 -17.857540779 0.462926546 0.464126447 0.265730196 0.706875602 1.950359904 1.633564084 2.498104425 3.407532560 2.224562308 2.461793626 -2.033477042 0.839695335 7.369431137 -0.221278140 9.602670744 4.252399088 3.820055737 -4.340151515 4.343698520 4.288820345 6.307595548 7.623823722 5.716435309 3.708939169
16.242740888 11.065468630 -10.272255005 -0.227375367 -0.715109492 0.606167822 -0.263589506 1.665081075 0.643887950 6.740165780 1.630780809 5.175537212 7.181511687 4.385603420 1.751439661 -0.088877772 1.750874179 0.882867758 0.413700432 6.138786198 4.093619089 10.471950137 7.377900327 2.928329237 1.932416393 2.304112532 6.901312118
23.646199349 8.180441075 -16.878505475 0.276294995 0.949986578 0.032922770 -0.141783882 5.828641857 3.466502409 -5.384425399 1.979947818 -0.727692164 1.841433889 6.906902287 -0.306150625 2.695718257 6.933466991 3.018639198 7.394164479 4.228885356 6.946926496 -0.851001964 5.395419152 3.196501053 0.238383994 1.709739798 0.628276831
26.134047146 14.194830781 -19.248554840 -0.163538773 -0.665736544 0.561558974 0.463358870 5.829135760 10.804538753 5.064208771 2.764598381 5.091783208 4.984668520 3.804755343 0.240625877 4.752199245 0.955657896 7.585609682 1.398268792 6.157372286 8.043973411 6.705960186 5.043130511 -0.187529827 0.818512404 7.679147192 7.667924931
14.489665360 9.388387011 -20.232467023 -0.262437798 -0.379444646 -0.882314782 -0.093106331 0.382694790 0.824219479 8.084615627 3.736951754 4.296084036 2.102985672 3.174737710 7.035911924 7.504158319 6.381816223 0.224759717 -0.293473322 6.208676833 3.322746298 6.203078556 8.262439452 3.415944125 -2.177922072 2.029139268 4.606152996
31.483238604 10.739493042 -14.549969574 0.565661607 0.155809869 -0.732214893 -0.345849074 4.846312247 6.146874091 5.479742524 4.030387585 4.448169196 2.179227466 -0.947045824 6.445888349 4.780576994 4.040757676 3.726739238 7.350574452 3.187858297 2.059561559 2.009587439 1.939938211 2.650583051 4.309623869 -0.856025780 1.432213066
28.241881497 10.108990403 -7.367858140 -0.668255870 0.584593410 -0.129317778 0.441544505 3.481899670 3.724786536 10.302097607 5.938695083 4.508523907 5.345468042 9.447246385 2.530116879 9.330175680 0.560766846 -1.080028051 4.037085012 3.979176349 3.248345762 5.118814590 -1.358832645 2.497821076 1.247544397 0.432579877 6.842700690
25.894442250 16.385912949 -14.449953808 -0.596544230 0.607897778 0.090921596 -0.516070283 4.009915926 3.071139506 8.133978343 8.105729456 7.515241742 5.508712914 2.490579367 3.302355227 3.323442532 4.072590436 6.433264849 0.448171863 -0.627696678 5.625769478 5.232813372 2.885981499 1.867496934 5.201911275 0.710406682 0.981892620
24.434611021 3.944081918 -16.503370209 0.091724615 -0.012686193 -0.238123518 0.966810657 4.185480046 6.053110574 11.685755344 8.286163933 4.398958523 4.174793677 4.334070577 -0.346726571 3.901771493 3.679675097 0.527910742 0.265588097 0.770453554 1.617336714 7.050183097 2.386150936 2.214932258 0.141134015 4.425439717 7.268647906
23.616216180 5.051753630 -7.084552065 -0.888690959 0.229497303 -0.391594545 -0.064908242 -1.345821714 3.156793136 4.883033538 4.778167221 7.001917561 3.339556859 -1.392826763 -2.332987345 -0.099344029 0.594934710 6.828964996 1.712966117 1.922716899 8.077474347 6.176895861 2.350955598 -0.801347434 5.607979716 1.916348991 7.979183646
28.487118231 9.346474178 -13.605107596 0.895092620 -0.257452570 -0.233423855 0.279357621 2.214470989 1.278541183 2.870586378 -4.679276215 2.922106764 -2.265520775 6.714212072 7.126658642 5.443726803 2.996974836 4.741511084 5.798969880 4.156712297 4.575199240 5.603707991 3.529532193 3.894654839 10.245115553 3.223969231 4.294633393
23.043717767 12.651840713 -15.623858896 0.098957884 -0.310809156 0.559136360 -0.762214889 7.124550066 5.658780798 3.464683378 3.521506301 3.611080107 4.175905251 10.324808239 0.533486928 1.925030297 5.917631451 9.078199608 8.535308810 7.021035751 8.853331916 7.712465436 0.622541479 5.551760040 3.464595550 -0.845862185 2.550715778
26.513360714 11.162821149 -10.577408857 0.034135022 -0.154523610 -0.701304747 -0.695074748 4.482441453 3.766793044 5.417236573 5.418529413 6.709963689 2.655904823 8.514521756 3.315354249 7.057936180 7.725856510 2.786638161 2.998357916 6.436732060 4.332287037 3.457611648 1.503669917 8.681447492 9.192353387 8.850749214 5.995182847
22.133372955 3.999643615 -10.302616307 -0.277031736 -0.614653506 0.311222473 -0.669772392 6.043322888 1.578347380 6.485167248 2.221811277 2.645003513 1.572405892 5.427339667 6.042907846 8.046469815 2.371629014 5.659664129 5.024793979 3.377174866 4.743650746 0.607491866 4.175167907 2.549367662 3.485253608 4.455374418 1.370091259
16.514285467 10.626516805 -22.159549257 0.656686528 -0.284862760 -0.024226579 0.697874692 1.216929281 5.656039688 2.979981993 4.545744911 6.301878759 2.523007437 0.190156606 9.209454243 4.499498514 3.977214682 9.849008138 -0.261561152 3.831750442 -0.135407788 -1.032533995 8.045703791 5.594993828 4.128408267 2.020117476 5.282505267
28.783340724 12.792932657 -9.184423092 0.685315682 0.320008548 0.269901030 0.595894605 0.513614587 4.937674428 1.459032791 10.101404902 5.022928103 1.098476033 5.664005115 6.438437807 -0.745151815 3.866191664 8.641961872 9.709264089 1.241336439 -1.521137513 2.320872087 5.092885244 2.782283918 6.946079873 4.737295322 2.591507822
25.235797870 18.996725563 -18.593983406 -0.482387773 0.645037270 -0.140825115 -0.575671125 6.726107862 6.969970320 2.494483377 5.368431327 4.570043365 6.879835729 6.079685866 1.744499330 5.691000206 6.268421946 7.361448631 3.348104598 5.744003046 0.366658180 1.606908662 0.543502173 2.173899860 11.417835395 2.694172557 8.332922026
15.071082039 5.336674926 -13.158647854 -0.612018183 -0.689741643 -0.148475281 0.357274826 7.660762072 3.487488088 5.881093009 6.412029714 1.679408885 10.011116907 4.590055788 2.689537338 10.189199766 6.083578674 4.620012589 5.926281591 -3.102189122 0.488544726 1.090596074 -2.054334763 6.015458263 2.506062229 6.813513812 10.454649822
24.926852927 15.464830483 -13.037482643 0.869453044 -0.164482584 -0.404525580 0.230989045 3.432235809 4.363362386 1.185247795 3.354140047 1.295081202 3.588650499 6.344233605 8.624761839 3.374880197 6.269459428 7.024672682 2.990382597 6.368497146 2.808709116 3.036762554 7.680390567 7.891395227 1.530430167 -1.317160197 4.407974205
29.020105512 15.750084349 -10.368212598 0.140151135 -0.532669312 -0.459635368 0.696675241 -0.361597402 6.844616077 -0.218343128 0.869506874 -1.467713516 0.077694376 0.241422834 1.910796832 6.108323743 4.558681373 -0.132334890 7.745338070 3.090315552 -0.806384783 4.746133197 8.311769590 8.011202394 -2.841546275 4.532066260 2.034165473
18.065294030 12.963274906 -6.908567061 0.937479329 -0.014897728 0.331817960 0.103958681 6.433729507 3.870141238 5.722627284 4.941073230 -3.495125903 0.492598922 2.845151000 3.037932223 2.468004238 7.232112892 5.501830228 2.384865730 6.664784033 0.357705997 1.262678796 1.994595177 1.514569089 -0.078978978 5.697333920 1.681396881
27.526217801 17.758604934 -13.509635790 0.057619459 0.715266518 0.683415661 0.134226826 4.607287169 9.649102022 5.273973260 6.080429769 3.827116436 8.772181730 0.354622193 5.299043639 0.745330447 9.340535962 2.862057806 6.828997295 1.821920938 6.003343783 1.302855768 5.676135979 5.598721126 1.549851685 3.876047276 2.363044857
16.813950094 10.487045265 -8.440888407 0.024882802 0.474230222 0.197349044 -0.857636227 4.271238017 5.369661807 3.797639266 3.249799480 -1.656802931 1.577410046 2.082550108 6.596733222 2.314393713 5.045179256 7.686659833 -1.643405259 6.363926240 7.176228461 4.435556583 1.748176713 3.297231030 3.107447606 -1.348226414 3.442966659
28.166479603 11.620812569 -22.540426032 -0.108671878 0.689746127 0.186881853 0.691025236 -0.198844772 0.683853492 3.842136255 8.197727081 5.598277829 4.837671363 4.067216826 7.115473961 2.195648166 7.024179800 6.996316359 3.787870220 4.360843227 5.257271190 -0.658660014 -1.846834140 4.746117222 3.639213911 3.881385295 5.478872028
20.660939054 12.683114929 -20.787637521 -0.391738236 -0.786044139 -0.003142249 -0.478190226 8.203838281 -1.502215347 5.549100462 -0.197788874 8.778268448 3.803173817 0.886395537 4.167963873 8.172854855 1.430932884 4.954036201 3.311667388 3.090284857 3.743446364 6.501196689 0.191363139 5.714841721 13.207393559 12.657877111 -1.235248831
22.223836309 4.909613480 -17.663427644 0.221865847 0.180261551 0.564846447 0.774099354 -1.861949792 4.136579411 9.448758134 4.725914780 2.802872009 2.399536657 6.313116479 8.478126000 6.440044375 7.299889385 6.120668187 6.352424346 3.744963087 2.597667348 1.580290113 6.710970357 5.599977892 7.850493460 2.027731280 6.183956156
18.391179563 7.284251618 -9.891091458 0.650521105 -0.095355943 0.751160280 -0.059057345 2.756655649 7.779239297 6.339238154 9.056833125 5.481666171 6.963603732 2.960029768 -0.854900704 -0.930791875 1.957308731 2.492331373 13.118132755 5.877997663 5.507789295 3.178659573 6.083185003 0.455141648 0.684096693 -1.843377466 6.789104984
25.433738356 12.823047305 -21.000134104 -0.875433959 -0.409846522 -0.108752999 0.231978441 -0.100503767 4.360182892 5.081337710 6.138622678 0.634552605 1.288802724 3.571220653 4.710266021 -0.037035970 1.597888966 1.987264530 3.730875342 1.087144733 1.652304454 5.426771103 -1.453975133 6.872492138 8.746507373 -1.063403264 1.447124803
27.850989574 16.853929056 -15.870183150 -0.435922477 0.305639744 0.814270761 0.231341887 0.498329189 6.613331532 4.078072278 9.802183983 -1.050190567 2.730445768 1.960748426 4.327652444 0.021145421 3.232991747 2.910466970 5.533111214 2.827700119 4.538524434 7.703214537 5.257920034 2.925799014 1.909253613 4.358606221 -1.065918062
24.700061875 7.039827481 -9.216739579 0.511384818 0.211648991 -0.538560485 0.635328952 -4.284653380 2.495569148 7.338889561 2.305343602 1.782633324 3.714321232 0.244214333 8.018868347 0.563291106 6.218183686 4.601674477 1.045598535 6.931106925 3.224243124 4.069897133 7.091197147 4.960434595 7.170903908 0.682255424 1.826098052
19.669296355 14.456704544 -15.420346662 0.213466308 -0.293975497 0.770151631 -0.524287142 6.875982552 6.644475808 -3.347228115 -0.944519557 0.766626100 9.704050621 6.079508521 4.774537774 4.070520860 4.244271525 3.972360496 3.113349771 3.404735198 -0.662675170 0.286047111 5.242790985 6.515743656 2.800311933 6.463302597 5.426830767
15.131278874 6.003692983 -12.833204719 0.087084323 0.949880304 0.235032926 0.186824120 6.078336614 8.154963397 6.805468171 7.577445692 5.210301196 3.217037005 2.507546403 3.935234223 1.183666408 9.607992928 -0.015090951 0.501199617 7.192694519 2.128014159 2.574651340 6.161478347 5.464774415 3.461532049 3.045945625 5.514399252
13.161003694 9.906075821 -14.618180349 0.453840349 0.459239843 0.511454998 -0.567046285 9.786630374 2.979915005 5.716712902 8.536151625 4.946624969 6.411158233 6.723525828 4.395725882 1.273909743 5.374046297 3.323231295 4.786509984 6.187354699 6.284932474 2.304875506 6.272980352 1.115917228 8.315461775 4.319372508 2.096986332
24.999990576 1.318435203 -16.484667945 -0.915057750 -0.238751830 -0.243357783 -0.215508393 1.326752308 4.451895987 6.665370340 5.179930156 4.282538708 7.405902718 5.852931671 5.541870494 2.672290255 4.277396670 2.424452008 3.824000780 7.231511962 5.500147449 5.135550530 5.973785441 -1.669155043 2.899878753 4.084980337 4.360387881
17.260702813 6.006395233 -9.956565234 -0.196461634 -0.729195816 -0.435762305 -0.489681020 4.757314642 -0.629735429 1.485397217 3.572529517 6.695201200 7.000207447 6.727723530 1.531570646 1.630582170 -0.622926569 6.112512849 5.950800911 3.992511652 6.726507959 -0.520506373 -1.961306345 7.842675259 5.319166651 5.122686466 8.645736769
18.563648446 10.659227472 -21.668672938 -0.188939301 0.664176510 0.486777013 -0.534994994 2.305866133 3.398636504 6.536909685 -1.333667200 5.431425824 6.984842379 4.194497009 3.770147510 1.522185449 2.477556303 1.053843899 4.376859551 5.348897671 3.523764031 4.258450038 6.229999066 4.335962039 4.256391122 5.152832288 6.060018016
18.346933357 11.278678213 -10.379024179 0.495571195 0.507664414 0.269213049 0.651314339 11.639659654 3.746946989 2.130248587 4.708138991 4.268692926 4.625019277 -0.186778001 3.517150654 5.548175406 1.827992739 -0.106742300 3.091700016 3.186605432 7.299370388 2.252653909 4.273085432 3.277844389 8.875113927 0.965133473 2.673683818
24.218016678 19.175469933 -16.057437377 0.496063782 0.336934723 0.423443389 -0.679037122 9.750827669 8.083335487 2.953338083 4.608851693 0.265488846 4.960791687 6.316624258 -2.988805363 2.699228922 6.773787653 10.118960439 -0.533283432 3.113456416 2.106371123 -1.013065844 9.322254383 -4.669598793 2.210049054 6.688226786 3.811291731
16.782259250 13.716734126 -11.892573534 -0.541486311 -0.153360521 0.316258884 -0.763710314 8.026031871 2.483142240 3.484755539 4.667936707 0.726619531 9.717706642 5.641634318 1.941004130 5.036766204 2.410517281 -1.262674170 6.302127348 12.497489009 -0.623972428 -2.433516406 5.330449747 5.572890395 1.975265226 -0.418490057 5.655346214
24.830620096 11.531506607 -17.127503021 -0.588150340 -0.396089404 -0.146320009 -0.689770119 5.118744283 4.438462085 1.431815816 0.175027828 4.956288469 0.402507930 5.423465403 0.155034662 -0.739039230 -1.506206149 8.609922613 2.413799293 -0.049404875 2.371016864 3.837370461 2.791669869 4.577173669 6.915650028 3.994539567 3.416581532
21.536001218 8.926470779 -11.502649389 0.366753627 -0.128972819 0.890775710 -0.235321959 2.765633673 1.689771758 6.239441498 10.484349447 6.928162980 2.383481412 2.470548387 3.953205904 2.499850893 3.608840186 -2.298102824 2.023046089 6.287876071 5.533614484 0.740850579 2.712076157 -1.233005841 6.287996113 5.393151011 11.070993772
18.506067515 9.790516956 -10.489158712 -0.382302116 0.601334309 -0.302463823 -0.633054323 4.938656319 4.327801095 1.356001906 6.152152241 5.149432642 8.431103757 1.578251496 -3.720964967 1.848320442 0.155414725 4.615159215 8.187398411 5.944901256 5.522478731 1.127608543 4.921981538 7.358648582 0.925110978 3.524994617 2.077753661
25.018636466 13.741503580 -8.932581810 -0.480900939 -0.282998756 -0.038191189 0.828967686 9.164932685 7.233125565 5.551648215 3.778104105 5.802150163 5.482116869 0.373182916 6.401463216 6.417922278 8.391605594 7.179955169 4.948576473 0.961585913 5.132406230 8.692527751 -2.422009789 1.407316648 1.776241408 3.405517936 5.752656729
15.849920744 13.705170123 -18.736920307 0.200411074 -0.882865967 -0.323140343 -0.275614592 5.931725844 0.949986605 -0.228533482 0.690937356 2.045528203 0.802651073 4.889821107 0.796351096 5.520937482 5.035173047 1.238372065 4.002023607 5.475030487 -0.672846903 4.131690705 4.017622814 13.276894846 7.465488552 10.289230812 3.036388967
20.637666343 11.799560816 -19.885130046 -0.432895106 0.140882923 -0.671645905 -0.584504583 2.905586146 3.765681972 10.287900031 -0.000257674 4.493439012 3.217874250 6.723827954 5.682591422 3.431074857 3.338532480 0.677105670 4.962571046 4.376160720 1.598291674 1.081596380 0.133557554 5.025027345 2.008622134 5.625574642 -0.487778080
26.397492756 7.743922493 -17.600674536 -0.760144020 0.460766873 0.384789862 0.248619629 3.163586897 5.546909197 6.451452030 0.864764701 6.886216598 7.822724784 2.786499298 5.910707474 1.111606045 4.633501861 7.418160082 4.143544405 0.477675709 1.549263629 2.494215710 -0.082716122 8.044682300 7.142751124 5.373624407 7.538165700
14.277851376 12.543937728 -11.646561789 0.666132004 -0.451522197 0.532188662 0.263003968 1.291078740 7.780675482 3.355813340 4.767526156 0.751313081 10.460905237 2.574747483 5.476480493 6.171959221 0.721960156 0.682822393 5.538707015 4.006877183 5.568851546 1.571602650 4.220447175 4.644558000 -1.517931961 4.573260532 4.806110436
19.264535129 11.403982623 -13.217749401 -0.429225464 0.273993780 0.858371727 -0.062376991 8.285368721 10.756415873 7.660623896 9.728069886 4.428572301 7.468090103 4.793880809 5.860154387 3.908130679 -1.183157042 5.251725021 6.001180207 10.431998645 4.779548741 1.039665604 3.978875443 3.597772536 4.978836757 4.981120592 6.190113387
18.501533887 2.627620669 -17.519329670 -0.539898701 0.484807583 0.554145063 -0.407914512 1.610149367 5.020376730 0.856608274 6.175947261 9.321482718 5.236177698 9.366576472 4.053311877 5.981682860 5.870282543 0.510004944 4.283952859 5.565822612 3.861840276 4.113975189 -0.143464521 0.623023299 4.567948814 6.908963671 4.488349758
20.318186498 1.365006113 -14.574170785 -0.231030434 0.305272679 0.156270857 -0.910501482 1.324201664 5.061955477 2.165529739 1.504189590 -2.338061069 7.425487709 1.371809369 8.301085549 7.527815513 1.820270598 4.006941688 3.351960699 5.326726656 8.992387529 6.305932917 4.322401222 7.698429022 -2.138119788 2.379342828 6.929918430
15.924621323 14.538918087 -19.336353707 -0.084321457 -0.501187262 0.858832162 0.064097869 2.662096383 4.856286542 4.018760613 4.504305689 4.049097452 6.219954152 7.577466922 1.902076548 2.651393776 6.022011529 3.264093546 10.457146608 3.324793035 8.812664295 4.205540632 5.902064333 7.862994678 5.351795871 1.849812942 6.317287355
14.398770282 8.416128295 -19.737025047 -0.858979945 -0.003710595 0.434503409 -0.270825541 5.699897892 -0.949683255 0.921052504 6.513566109 5.691192777 4.016029943 4.576671137 4.482685707 3.250604146 2.411995081 9.536336498 3.772533716 7.828089748 3.098027513 0.736034712 5.442851115 4.589215445 3.188835587 5.678396146 9.281670753
28.482920047 13.259633500 -12.571115790 -0.381781466 -0.722589134 0.168273342 0.551173238 5.887283548 5.011956595 7.710941773 -1.163158122 -5.159254620 3.037978844 1.465847130 3.323120941 1.107663186 3.710672885 2.983673200 5.036390516 9.752673360 5.785717245 0.521128986 6.677299100 1.887726620 4.986313762 -1.234692382 1.778233655
22.918883866 17.823004341 -11.306866955 0.506485203 0.603334082 -0.154353103 0.596352115 5.786258848 5.029173271 4.641041003 3.473099210 6.456241576 1.411156309 3.950504478 5.533280039 11.867746536 8.054203081 5.022590504 4.967356057 6.769359779 -2.053359317 4.003764140 1.946484770 6.951227526 2.364975421 3.148790003 3.238382878
28.422860505 8.569934614 -17.841885241 -0.390427822 -0.857655431 -0.331656335 0.044691748 5.077147479 2.311056923 5.060947357 2.887906130 -2.139725881 1.001784710 6.539427671 1.533872675 1.519205043 1.143391003 4.701329390 1.611138013 2.716905204 3.753752781 5.554711820 3.367864011 12.406708738 6.571046958 -0.226278121 9.798130380
18.363976562 5.644528643 -17.766284888 0.571021305 -0.579999991 0.559043403 0.158130182 3.342186940 0.427189390 6.204710737 3.916135821 4.383944546 4.934166183 1.783028033 3.809659734 5.567275476 -1.132966327 3.993205864 7.711956012 6.680958412 3.896539563 3.378832507 6.667123798 7.557641033 5.122711766 12.063210236 6.337622690
17.157233534 9.144108366 -10.255938560 -0.715692375 0.210824695 -0.179582185 0.641161144 4.639537431 0.659051759 5.492251178 3.754311689 6.343601907 9.503488756 2.755405942 5.773422571 2.358533185 2.814693922 11.595939730 2.493604069 6.396797581 3.816998747 4.939092112 3.603545507 4.964291315 2.416174016 6.904879838 1.188289257
27.661175964 13.572799885 -12.559564439 -0.439649605 -0.294038715 0.576164003 0.623124787 6.241753173 4.660142711 3.017991951 9.944335808 -2.744904620 4.445240441 7.281814694 2.505555622 4.372916937 3.860044976 5.776217984 5.567503478 2.128841993 5.181201798 5.283037100 3.017545712 8.294374047 9.259720914 -2.335940348 6.910213759
19.870641881 2.742956714 -15.459044657 -0.261456604 0.385896571 0.548973355 0.693795745 0.951074362 2.824726271 3.628760776 5.483425741 6.524483243 2.309876083 8.817792431 1.735887262 12.211487974 4.823295324 1.266670898 7.236955088 5.837559804 6.398644632 9.302310643 6.390351851 1.021457507 -0.486122079 3.651276454 4.702237731
23.183235407 16.912653302 -11.223948365 -0.720643216 0.662704330 -0.014109696 -0.203217229 0.980846878 5.274142517 0.705523342 4.069253807 2.823024773 6.648373555 -1.304849026 5.556597053 6.183757144 7.445792669 8.231020092 2.782262994 8.143160990 1.784001323 2.734707862 5.440136256 4.597155015 3.830008630 -1.035641406 4.381497940
17.111481292 2.829438686 -16.805033923 0.526814608 -0.659737391 0.259842733 0.468716010 4.401448440 4.753992645 6.756306544 5.959067298 7.228385282 5.573586728 4.874812893 -0.758613347 2.886152455 2.717118701 7.188715942 3.780524228 3.983041489 0.494770580 0.697392588 -0.527327347 0.164375372 3.058559636 9.345092412 4.603418428
21.637258738 18.121968769 -19.214026873 -0.960674601 -0.033654627 0.018875556 0.274982528 9.400537518 3.012411556 -0.724582851 6.093485444 7.087232887 4.166741475 -2.452472117 1.725846714 4.436490461 1.130376900 7.157009164 1.369631132 1.775988198 2.750531575 -0.133101483 1.934536360 1.986910567 5.801240404 5.264375632 6.919485045
20.460202406 10.338225789 -8.656008313 0.682922892 -0.392162024 -0.391975011 0.475584758 0.132877824 6.125756286 5.979874903 -2.622979509 0.456896272 6.404634957 2.812885267 8.497025009 3.243734431 2.713490210 7.506971365 9.868504798 8.827760526 3.707822453 4.592677219 0.703805688 8.938523217 2.074400304 5.854850605 -0.732949385
18.286284913 7.829172129 -10.152232003 0.447040790 -0.334322566 0.375207307 -0.740001643 6.922670938 3.889927925 0.505341570 8.400855686 4.406652596 9.036027977 6.976740342 0.506032010 3.705978457 0.561036986 -1.412051531 5.411138313 8.035008378 2.570833665 2.374042405 -0.356823114 -3.308464882 2.510563350 -4.885572023 3.467091309
22.178853297 19.628957741 -18.008011116 -0.195593801 -0.110404001 0.651656275 -0.724498531 7.720436015 1.428354557 -1.663805587 6.590611341 5.339439242 7.760009802 5.130122172 1.525829220 3.735908205 4.635001700 7.065409224 2.480258174 4.875160408 -0.132617238 5.083575639 3.830804445 0.558396561 1.427140522 -2.557751705 -0.862308350
