17.290565810 16.882699801 -13.797060898 -0.465138666 0.655497620 -0.008818414 -0.594887491 5.269704021 2.615608703 1.984463059 7.256700187 8.484658975 1.458346632 -0.229845183 1.045387149 -4.009875592 6.961245451 -0.723910029 1.487442243 -0.636411840 1.700769250 -0.672153847 7.233771113 -1.554947773 11.099545550 4.026677354 3.389160639
13.623513805 15.137597543 -12.459894878 0.335676131 -0.078660758 0.715111928 0.608069857 5.830079695 10.968001714 4.239291071 4.585641311 -0.423586608 3.177522400 -0.491425388 8.269563405 5.890921311 4.227155043 4.524203616 9.237061331 6.364666721 7.010676555 3.760869785 2.660055178 3.584621167 -0.573820904 2.635330937 2.337212575
15.509022857 18.942183276 -6.156465298 -0.363147079 -0.158549907 0.893762779 0.210176642 2.056440113 1.556682736 3.058845311 2.524630853 2.383695210 5.922451002 3.057271762 4.246082359 8.441601828 2.008028941 4.667754993 2.994650448 1.088168691 8.478576841 4.689331868 2.584444828 5.259648814 6.092330523 6.056507308 7.512041760
26.111458089 20.095801548 -9.646889190 0.481287877 0.044486420 0.698753913 -0.527376438 3.049206694 2.957685473 3.774330332 5.812142626 1.006721768 5.194692351 7.598106443 8.672529887 8.912870353 3.630129328 6.595485962 7.637596404 4.368458294 4.898846592 9.985299868 4.437169023 2.347703475 1.532832012 2.027892711 -2.725911068
27.340165050 12.986205656 -11.696888827 0.111270946 0.606801898 0.607645054 -0.500177690 6.808397123 0.788752971 8.327589768 2.909859136 3.101055891 5.166676226 1.887938317 2.893052020 3.968867839 8.093106807 -1.946959375 5.062862075 3.193925752 3.618047601 8.140276277 -0.871839114 2.781871558 4.941332273 3.216822861 0.859251780
30.067786445 18.100496962 -11.581162196 0.942404732 -0.054585235 0.322574877 0.069564518 9.124184913 7.729068711 10.477143391 2.512294367 -0.134911615 0.938185924 1.199316863 3.531922071 5.553457669 7.255109162 5.300692389 2.466371166 3.206536035 -0.982161532 2.264786841 7.031174030 6.192011282 4.539398956 3.530682154 3.631043207
15.493301816 17.437958986 -7.671039534 0.017458397 0.759214130 0.650582641 -0.005597964 9.837475589 5.032041579 3.499107376 0.578067906 5.663341299 4.503557020 3.091677787 6.532918931 5.757652503 8.905366796 3.856830644 0.538678699 7.396441311 6.477503766 8.663012503 1.624316173 5.096304295 1.004932921 3.294265978 4.581059636
14.706849654 17.226137884 -9.144983768 -0.281799487 -0.555611436 0.665089062 0.411754199 4.464816200 8.832664720 7.146075081 4.618999740 1.554997444 5.346437141 4.340049082 6.208440520 3.854465537 5.007517004 7.835231586 2.539965330 5.443189963 3.415095288 11.196135228 -0.120603777 1.380072333 5.965470787 4.584356538 4.332942039
21.362793342 11.301315185 -5.619351284 0.152294154 -0.944013516 -0.247795981 -0.155698823 6.304441898 3.917924784 4.127170341 4.190529241 3.966196736 5.402715800 1.320288839 1.846283715 5.071727904 3.902580245 2.786863006 6.250637108 12.398522515 0.897812431 6.849480722 6.558583301 2.028606970 9.461240240 10.250034351 4.582078872
25.986796998 9.214990041 -11.809005496 -0.110288397 0.259751761 -0.049588760 -0.958074343 0.382723575 3.589295136 -1.407647341 1.823816281 2.651254008 4.168079320 6.756373738 0.585581554 4.527704690 0.398574444 6.080945490 4.241166963 3.614967775 3.182167758 3.000249245 5.949249214 3.868119054 -0.804531819 0.576137156 4.328003124
28.138377166 21.922181986 -13.717825862 -0.442617233 -0.165532965 0.712098185 -0.519235011 2.508030322 6.960352469 -3.341499805 4.354617750 3.387651526 12.576742533 1.301072196 6.209417668 0.929247389 2.230308693 3.999377040 8.011569926 0.443670325 12.386719500 4.024891327 1.001764218 3.726956968 2.878131506 2.589405232 0.315149699
25.025662973 21.992718401 -11.421342213 -0.609611275 -0.459541269 0.362948599 -0.534288527 3.874464770 1.313893917 5.839890391 3.812343486 7.393122840 5.817691635 3.496287786 4.925448565 1.828879778 3.704538114 1.782907688 4.387567281 2.356981528 6.875809606 5.923194639 3.038560009 4.534328916 4.216414653 3.394089631 3.439782878
22.790477123 13.692826732 -9.819394993 -0.839759331 -0.267597356 0.007601182 -0.472375002 2.908197591 9.053344120 1.367017090 -4.172028752 4.186472210 6.050685212 -3.555559914 0.797141000 1.820248030 0.317763182 6.287938360 5.227021126 -0.122515038 4.520071552 2.704532110 6.138052902 3.225458311 3.926510777 1.562640514 4.439128489
16.334421882 12.540601371 -9.989224445 -0.648188437 -0.281656250 0.408731081 -0.577460310 8.107127246 -0.114120018 7.138877550 3.229517459 6.169134447 5.995621997 2.954750369 -0.157661247 5.808558419 3.033675225 5.720591817 4.826159296 3.792345791 6.850026707 2.599083499 6.663243192 9.005761841 5.597991892 9.773151221 4.983463148
20.785981068 9.787862581 -6.205283994 0.395501212 0.353008405 -0.754195748 -0.387495330 7.238882158 2.727348559 7.402302403 4.802102772 3.447964960 -1.227201288 7.077594336 1.897734128 4.302202918 1.466324007 -2.517406487 4.051520658 2.760890081 4.788858377 3.324449236 7.364949207 2.667451225 2.430966141 3.760124660 4.246576584
27.308409683 15.178395386 -6.489702309 0.890527900 0.102187986 0.175850639 -0.406932707 5.672525920 2.759946617 9.961327224 3.370115104 -5.696975581 3.500751276 3.312550510 6.571397965 1.227185316 6.081928855 6.664178313 0.469385305 3.313386789 4.116886317 6.216297395 3.583372623 2.635941128 2.818059083 5.628978522 7.040897693
22.719114921 11.489235061 -8.315907621 0.542424236 0.169260334 -0.610544124 -0.551690820 0.988667241 6.610957613 7.312998159 4.489035288 3.223636125 3.263721697 7.140158975 0.746843215 -1.164624662 4.255457368 8.854933697 3.863382773 3.692877607 -3.097622215 3.026064101 2.703585121 -0.033362949 -1.208503687 1.416249012 1.462663961
24.906612630 24.383258356 -6.214393742 -0.000850355 -0.711579247 -0.536991268 -0.453094505 2.313361835 4.981342237 0.168457474 4.754100798 5.184290186 7.628553398 2.526229841 3.423667649 5.348360380 2.356949473 7.234913287 4.103401896 4.509024952 1.976851377 3.808976496 9.261475348 5.325424100 1.614258066 2.762318378 5.517846636
15.163482351 20.626479039 -7.761024937 0.105579330 -0.415187051 0.896261098 -0.114842337 3.103472642 6.695944365 -0.462969146 8.761732987 2.342104172 4.556424433 6.567327198 2.042366210 1.389726741 2.941919659 -0.434431390 0.931434584 1.420689064 1.299994262 5.973522160 0.687044047 7.714075609 3.972189339 3.585565687 2.823841325
27.626893697 25.090910071 -9.745349459 -0.562796036 -0.261897574 0.371800739 0.690242344 3.096311007 -0.480106799 4.017088309 0.342405356 5.415008480 5.775196762 3.781119531 6.435560316 1.844134223 4.541636754 1.472403924 8.017018748 8.246840086 3.884312202 2.727213656 0.735610832 3.530922672 4.515754563 5.091282531 6.938736373
20.966417387 27.531742999 -12.926571724 -0.562502732 -0.671846706 0.016327992 0.481607804 3.267466422 3.663977570 6.876847101 4.127245806 5.651874825 1.588077860 2.428362083 5.844607925 7.159132256 -0.974658562 -0.166509249 2.930048981 5.569968976 10.630220087 1.749006501 5.032076473 -0.351038278 2.256342044 4.084719299 5.576298082
12.100869548 18.401192046 -13.986293217 -0.794449779 0.186820002 0.521628982 0.248698697 2.332059213 3.753185371 4.227410561 4.887497064 2.538714802 3.427312338 3.856726516 9.222614149 -0.285547445 5.366193633 6.642828048 -1.561361625 8.068913539 -1.890187016 5.856312484 10.130285003 1.097372512 -1.086303579 2.823693687 3.878179361
27.393583621 17.246015462 -19.384248753 -0.093825943 -0.499176712 -0.842895047 0.177615435 4.595673854 1.712059721 1.205845912 3.466638126 3.127340243 3.145164503 0.941926657 6.128611164 8.153238677 4.495993129 3.217440541 -0.345533507 4.589903165 1.980189793 4.842878591 13.431678023 6.287365831 5.887464974 8.986158909 5.834594930
14.402394704 16.539240739 -10.001313441 -0.662342015 -0.208591638 -0.645688754 0.317613942 6.401711185 -0.424105108 3.763106089 10.744254993 2.473175479 9.914083284 5.069581583 -0.661192267 4.908763571 1.914025877 13.533556361 8.322453584 -2.667254623 0.332525342 2.706348008 2.955789170 5.746754271 8.095086033 4.077111736 -1.127543713
29.761066518 16.440065295 -12.111822599 0.241336856 0.094202095 0.384210338 -0.886151739 2.596527280 0.140525158 3.340436452 2.779264727 8.058526727 1.173796556 0.349641265 1.784463114 1.209724332 6.688111269 8.228296998 -0.101497738 7.453302600 4.773916423 5.833904180 3.028391684 4.625550492 4.438323822 7.493511183 -0.747613451
24.336586640 19.380609408 -10.968496448 0.602002569 0.077684429 0.772379604 -0.187050219 5.480429221 4.191012735 5.392783246 5.589170563 3.736456046 -2.464347785 0.168464561 5.775249618 3.258690763 1.871056099 3.169373616 4.079764637 5.988791216 5.438246490 6.671366435 1.645376477 3.340925726 5.771979715 4.488878986 4.403268797
21.270583347 23.734042645 -13.696947814 0.562398214 0.395521801 0.387207466 0.614280988 -1.697703568 2.674886456 9.015839344 4.404357933 2.316498014 1.992698658 8.380223901 2.087715113 3.007142066 2.260301998 3.306248268 2.312220589 1.325660247 1.473527043 1.528675837 2.621475253 3.620627193 7.374370430 6.420779614 6.302604648
12.321500596 19.990861189 -14.129745395 0.238027958 -0.231878045 0.408554537 -0.850093203 4.603795500 2.466092933 5.584605350 5.478529499 2.057503631 -2.477693410 4.738805334 8.202184369 7.672235879 4.768021002 2.174106268 -0.386700395 10.292665511 3.978760344 3.002346680 3.457646810 3.899940636 5.665325194 1.252200305 6.152271994
22.665207351 16.194521348 -9.413555329 0.035988216 0.466880242 0.438291455 -0.767221147 2.419152150 0.949417134 5.179609327 3.088247039 0.204711302 6.075536999 4.421274284 5.151126575 7.024470249 4.969106214 4.310622237 2.112120150 3.205856958 -1.782719036 3.297324753 3.788819374 8.501764951 7.397244674 5.125225396 1.638079432
18.024943843 19.327415554 -12.865515424 0.262318607 0.565178962 -0.515746497 -0.588019761 1.246414822 8.647859459 4.485647280 3.882393519 6.770522743 4.636570095 6.215017349 7.416816702 8.178269983 -0.667219535 2.329581222 6.446116974 2.572725279 11.482119425 6.303217391 10.409551422 7.049087981 6.001554159 6.900564214 3.674701673
25.494853938 15.144718313 -3.828426066 -0.609711842 0.391008497 -0.602642153 0.334942174 7.911363462 5.414672152 2.025695892 6.186801633 4.265316521 7.355141361 3.870924770 2.023729220 5.567915739 3.418180417 7.095767128 3.952248432 6.315835677 3.330158270 6.727055450 3.402862782 3.996940886 3.845182467 6.409733783 -0.732513142
23.049951101 14.062671965 -17.430700431 -0.796654377 -0.500407983 -0.129649040 0.313248751 10.741655975 2.524421483 5.573894435 4.956669828 7.831806088 4.447504024 4.717925945 -1.965111354 5.879582952 2.368520427 4.200465989 5.572536343 0.450950351 2.307657304 0.214963154 1.121583918 4.474004170 4.492756114 9.776394069 2.784733648
26.121965258 20.591903065 -18.475811130 -0.026713267 -0.926125594 -0.353813286 0.128038838 6.839283667 -0.252485043 1.926508898 2.242626495 0.338181101 5.777778416 6.202364652 5.136566250 4.007824251 4.299324150 3.052960524 4.530803546 1.430746359 -0.271227885 5.045360586 3.476468573 4.903759285 11.717211109 2.556874068 2.909577193
19.558861940 21.483485137 -20.201729361 -0.813355767 0.200340243 0.253616531 -0.483730129 0.436689566 5.720107618 1.476750644 8.048123813 2.459720907 1.959705164 -2.596860565 3.431076516 5.142520054 6.764455944 6.172532738 3.321960863 7.303051522 3.247322003 5.761674655 0.542670385 0.924228289 1.619340624 6.834483975 4.181402526
26.603616001 20.080494725 -11.971412261 0.268604058 0.286915793 0.813813799 -0.428063417 4.002060101 4.079989151 7.431936129 7.018281078 0.032094853 2.713229148 2.248006439 6.479178448 2.466224658 8.843420983 2.957893546 -2.158696375 3.097898640 2.977498073 7.301588982 2.110006418 2.191004712 4.126954539 1.022516671 0.147818030
26.532345790 16.789224454 -6.122053397 0.294743602 0.424501978 -0.671542414 -0.530994412 1.763615758 3.667242213 2.677750515 -1.434500042 6.224151250 3.590200284 5.950466713 8.168170502 -1.038241706 7.061972269 9.455341551 3.740342568 1.419911149 -0.086809950 4.306749084 4.409678152 3.718251442 5.634810409 2.371509919 2.392386395
22.695988061 9.479072493 -8.101383730 0.577665997 -0.292230975 -0.295953066 -0.702363749 0.970929081 7.060790807 5.989031754 5.312905917 -0.973784979 5.841551797 6.393088628 6.134931833 2.888347985 2.526569944 6.222368635 3.683466288 5.149548973 -1.638574888 3.550373972 0.028873800 7.656729719 -1.181337264 5.134251398 2.963207638
15.253063984 18.641617791 -19.005471136 -0.711644407 0.311539769 -0.457150688 -0.433034016 1.788706236 1.930143654 6.278783045 5.930879127 2.044584334 12.237892165 4.227103537 0.982525668 3.587819114 2.671125480 2.423831780 2.127470948 -0.436914121 8.099601225 4.910642069 2.373831629 3.912695524 6.715361196 4.984644997 1.771683670
26.646676696 24.141977595 -17.157844197 -0.795162600 -0.575348813 0.189706666 0.026487042 2.545146817 8.585342076 5.521915419 3.068174600 6.455641019 2.895701864 8.466949002 3.018549134 -2.147026831 7.065002569 1.672518677 0.192627235 4.178514385 4.756766669 5.528408659 4.236823481 4.438105043 8.899964537 6.567853164 9.340127336
29.717293552 17.133630359 -6.944351886 -0.239688697 0.887743418 0.392975018 0.005620260 -0.297220319 -0.143675119 3.605814403 6.865710628 5.915429939 5.644995687 7.471377182 7.715439196 -1.953520378 3.580520857 5.576766743 -1.148178041 6.240849333 4.944940474 7.269431756 3.626049739 1.620558925 3.163923128 8.132132974 -2.435749326
18.660669794 18.506024319 -2.937272750 0.526358284 0.642968147 -0.034236763 -0.555307809 -0.105948497 6.678027223 2.671420619 12.350435203 8.445477993 2.933541753 5.374323083 6.137026221 4.104647265 0.990707544 9.022898891 7.661306670 7.405174139 1.269094929 8.679441796 1.452503093 -3.944985483 2.210540733 1.580725093 3.866414715
20.158120409 19.731701266 -14.483824388 0.155979142 -0.467007121 0.038333911 0.869543195 6.110530310 7.875704429 5.921694090 5.970869576 2.747694478 1.368479752 6.081229360 5.025950721 7.520475207 1.368412984 4.447446238 -2.276653107 2.186512342 3.839736267 12.017340048 -2.666600036 3.053725664 6.342700618 1.435546110 8.202426922
22.896817414 10.734144518 -11.012864837 0.819064826 0.474668954 -0.134627609 -0.292741526 7.437764713 7.357857029 7.230193737 1.462864507 8.102379495 7.154471995 4.976918783 -1.438156894 1.914966451 3.535141488 1.222684436 6.434188157 3.717342340 4.947479105 4.763104215 11.145322103 1.589040329 10.338529526 6.738010627 5.897871224
19.186709000 13.934562552 -19.974495777 0.084360416 0.959432007 0.199992893 0.179934397 3.777718051 2.823318592 6.016379494 5.338113278 7.469815204 4.430645658 4.067288220 6.697324844 2.682125833 9.683348399 4.467739656 6.861950396 3.438967103 4.475175242 5.278321625 3.762696325 4.609851760 4.153588719 1.167418046 5.693464104
28.651022750 13.192379099 -12.913017712 -0.016695104 -0.331722247 -0.745116453 0.578345135 4.543086893 0.882039751 5.812874156 0.085207447 4.305376383 3.640630682 4.728983548 8.267034479 3.441507481 5.543800862 3.899712642 5.013638989 4.385050562 6.254764788 0.162775784 2.812101500 1.878962178 1.208585134 1.117985891 2.458647604
22.990387282 21.845245619 -16.614777766 0.434230447 0.260858638 -0.371610007 -0.778012013 5.537778012 3.685548528 13.448998651 -2.501262349 2.675463300 5.416340107 4.296988985 5.744011505 8.105004694 0.154185575 4.134549816 2.111211474 9.767468400 7.048129388 5.197121881 4.357260900 1.477738936 0.754202370 8.402188075 3.001376456
24.425642682 18.544980503 -14.832621802 0.709426862 0.130378015 -0.511219353 -0.467300625 2.387097910 7.866353292 0.706443114 1.580244871 3.568075715 1.098051969 4.156434649 2.736325719 4.868165831 2.583742431 6.772938507 12.470323172 4.207072524 -1.360937086 2.114839892 5.310641257 5.858492767 -1.293874498 3.266492489 5.940977810
23.622886695 8.622610233 -13.030968354 0.362376156 0.837306540 -0.315231379 0.261209605 2.190003428 2.690372737 6.971139619 4.756124250 2.867485720 4.089723444 5.562704871 3.107399925 1.947803267 6.511714839 5.040811498 7.203382929 2.930187176 1.722244143 7.043518672 6.486861375 7.280136587 4.029107264 9.238155502 9.734754269
18.443347316 21.651870967 -18.847763526 0.277283316 -0.365437552 -0.351845858 0.815949662 2.962138613 5.582724082 2.079542248 2.297832547 8.057510634 3.626126626 4.787560932 2.376062178 4.421715939 0.417454344 5.072519060 1.103961325 4.724453147 1.149593738 4.548746756 5.284896431 -1.791495688 0.787418558 -0.519850082 2.318015815
15.422358165 17.292928749 -11.892320202 -0.377897045 0.315333496 0.843418707 -0.215414702 2.796907402 2.201584327 2.035998605 6.051663842 2.432038165 1.720348312 7.391548919 -2.935496885 1.960717751 3.581175289 4.911131596 7.066538273 -2.745816006 3.839541838 5.905474116 0.567518021 5.494362319 4.318563917 6.831587596 7.541586882
24.886637757 9.861781518 -9.692583275 -0.961824737 -0.140973323 -0.169958406 0.161659636 2.425971640 10.096449993 2.815383987 8.068719192 5.957909761 2.546114698 6.872462722 7.149154991 5.093271723 1.131890268 5.828226924 7.796855221 6.229889791 -2.742148278 10.931729593 0.577969581 5.150380775 3.266669015 3.377759623 6.741658455
29.564212538 14.392077489 -14.375343164 -0.678879837 -0.583244462 0.336866396 0.292350980 0.834297866 5.300661680 10.986018213 4.555766283 7.255081071 7.442991619 4.386801658 4.794395808 -1.792239030 -1.194949660 0.595869763 4.038323732 4.741262675 5.053676263 2.396797579 -1.745235317 6.348154892 5.148433246 5.908497611 2.417059502
17.684274053 18.214334496 -20.278385643 -0.751605591 -0.079328145 0.131825571 0.641418817 -2.940467782 4.009143689 1.053456603 2.381326257 10.341919944 8.476537077 2.889044845 6.035496578 -2.075040267 7.477069619 0.804945699 1.512268871 5.254196111 3.381114914 3.399717131 -0.537731389 2.902423504 6.558518751 3.747875389 1.825573541
29.446332684 22.367131478 -12.801725933 -0.559507143 0.488543039 -0.619962827 0.252831068 4.926522044 5.528545033 1.646697636 3.764558397 5.470792421 4.461595179 6.171016631 3.683354783 5.313121761 2.678202016 5.607315947 2.812122261 0.166493212 0.658082267 3.464821065 5.299457972 6.238654917 1.299128357 7.854596857 5.612438048
24.529351349 17.850380583 -12.016863490 0.075753782 0.129753037 -0.899473876 0.410331890 3.669821366 6.170565656 0.580759799 -0.105364632 6.303228935 2.243305250 6.838675688 4.545015886 8.292491540 -5.875540645 6.454575837 0.399377922 2.212282178 -2.662058216 1.752520096 4.618413266 0.699556544 3.248742477 2.455505444 -0.538047749
29.267956040 19.976259452 -16.119623004 0.076226774 -0.982575388 -0.084225369 -0.147109390 4.860194272 1.736725498 5.871653205 5.239256586 9.481226103 1.943083704 3.570564100 2.273279429 0.452163480 1.231004915 1.537072742 4.631110433 11.870379241 5.193343976 6.878880936 7.977194774 5.806574295 7.442619593 10.180694225 3.710841979
17.605550709 25.565404162 -7.310282093 -0.501384110 -0.842064203 -0.114854610 0.162327665 3.438383959 2.672667233 4.686582553 3.644415898 4.632715965 3.356480094 1.396372300 1.312696014 1.149172741 8.052206692 8.300179329 1.157833404 6.180973448 -2.195962359 -2.006806496 3.559882430 5.975058109 0.297166675 5.803847517 0.605367141
16.407698549 21.337582896 -10.964218921 -0.420434280 -0.832226158 0.352112158 0.081557753 2.672644999 3.126898513 3.872648581 4.314894120 8.053264450 6.013951758 0.632023033 1.579336231 -2.589008472 -0.371004819 6.733189943 0.791749588 0.429425047 3.184356128 3.626632730 5.389415105 3.740351949 -1.216575019 8.584054532 7.110014353
14.309297882 16.380085025 -6.813022203 -0.341269833 0.688827324 0.227711443 -0.597661541 4.043926310 1.127990910 -0.540770563 4.536179143 3.459035541 4.939335998 5.224829443 3.825555166 0.644844513 1.860124634 5.041140332 6.124782670 3.064141795 3.998473394 2.858757802 5.329282902 0.610151637 3.390039769 2.485848192 0.842249571
15.562604578 16.803699518 -11.376501986 0.432440849 -0.408169749 0.679982416 0.428971189 2.329881076 5.845781646 2.741046462 4.396812261 4.163751405 -0.974873913 6.286127541 6.556040537 3.411047898 3.228451195 1.724981051 6.058664718 6.167889308 0.811131219 8.861147989 7.005299932 7.680619104 3.244967551 6.526034146 2.372941827
16.964898634 13.727510685 -6.237059154 -0.067433882 0.522174705 -0.683832842 -0.505132551 -0.534888063 2.684092369 4.847796765 6.153331795 4.564208101 4.916053655 4.705116072 8.273013189 3.043792056 3.664432533 6.432079670 4.361997262 1.966620297 1.925952335 5.455973431 3.683717011 -1.051555018 5.274811813 0.533415153 3.407155861
13.447366722 18.577451410 -17.001854038 -0.529214298 -0.441836290 -0.667555476 -0.281216297 5.019063944 5.451749289 8.680824852 5.344795596 6.847647790 -1.067450347 5.708054454 8.560371908 2.482347382 2.505382533 8.120683581 7.401180682 1.841124954 9.389934633 0.311592572 2.481134921 5.646410438 7.458352240 5.328573008 1.779667679
18.778419989 19.450579272 -15.227449546 0.363312150 0.447142833 0.710187267 0.404600562 6.249266618 6.141220786 4.056515488 1.298949263 4.104376249 5.801382081 1.608797753 2.076625778 7.777982505 -4.587122848 4.851157458 3.121148359 5.438953834 5.355387331 4.550043644 4.019478426 6.439915969 3.858493427 3.716880124 1.416086910
26.896787522 23.020985590 -12.684944823 -0.489969411 -0.017910516 -0.850412517 0.190808124 5.611102207 -3.041956775 3.882672805 7.396375481 2.603577413 -0.023121104 6.002558803 0.016699162 2.059992152 9.896399455 -1.412325321 6.127833277 5.133486656 5.796123587 4.263950421 2.997354332 0.123650670 3.927589251 1.518192588 9.056321138
28.651308188 15.015314035 -5.603124268 0.626866067 -0.533291120 -0.029850169 0.567228775 2.652883959 4.097561845 2.107773928 6.907147194 2.235004496 3.147634156 4.803792976 2.169795396 1.693055217 5.145099209 11.773342005 5.628306201 4.962849472 5.179554986 5.599288027 1.985099527 1.108647343 8.915362784 2.116648932 5.244733185
20.032986236 23.447235803 -8.851821146 -0.061610189 0.451684697 0.023400628 -0.889740147 6.611482569 4.661306903 1.389135408 4.737256193 8.274395520 2.504798257 4.339426790 0.546241547 8.821985457 11.362617972 6.365927686 4.518158836 0.504568185 -2.116319923 6.730760385 6.413192419 10.500576140 -1.839350263 3.266265179 0.635857328
24.132319233 10.545470223 -8.683319235 -0.468197010 -0.220684680 -0.771157025 -0.370684063 6.935332947 4.404708871 2.195441002 5.381394310 11.107215478 7.688842136 5.416738793 4.017059173 8.545540629 3.439104592 2.176813352 3.757005120 7.411310868 3.036127448 7.310991710 -4.534166534 0.528278249 -0.172950009 3.876858254 6.894570323
24.890517990 11.456688937 -10.331439523 -0.250984409 -0.071909149 -0.957301701 0.124134417 4.581009879 0.903219399 6.545742608 3.476617297 2.334568115 1.825130364 4.360193671 8.434667200 2.138118991 5.579125931 1.946117530 1.609653082 6.727365141 9.325484458 -2.386837037 2.733784954 1.551115538 3.655283155 -1.839423824 2.039089159
19.181249480 17.713400725 -3.777504632 0.130845221 -0.420834722 -0.157351075 0.883752400 6.196154750 1.949205388 2.998637176 -0.449639087 -3.596399331 2.607699360 9.004082280 10.310602238 0.158706471 -0.557755343 2.388166520 4.906366267 7.330547258 5.153257320 -1.811085220 8.343661824 0.258339717 9.306213486 2.182464393 3.473304776
25.050621346 19.800079220 -19.462912976 0.075909977 -0.233252206 0.936587447 0.250269931 4.749589762 2.518244002 6.717318480 14.115698567 8.007119551 2.112280793 1.367210562 3.494030190 5.824657654 8.326231386 3.057281129 1.749297368 6.333363502 4.347992427 6.940920679 -1.473821301 0.648587580 3.705127107 7.761674090 3.848003693
28.947359886 23.521999887 -12.463056370 -0.126405058 0.336689759 -0.598766187 -0.715640148 2.179539744 5.848124302 5.773771247 6.913705260 2.407268845 5.395451310 1.423351248 5.980968397 5.694712951 4.391167956 2.465150042 2.043126604 5.453773982 3.168879643 2.103340583 0.999805847 1.484851129 4.653373856 2.443678257 7.444633279
23.311307556 19.263060074 -16.058225337 -0.424538484 -0.040382784 0.898808162 0.101391293 5.278032158 0.062039048 2.996923103 3.530250823 5.417747201 5.824604412 2.766152836 0.979223846 3.088903306 8.508824151 4.238979113 9.214347192 4.430037346 6.840707261 7.101261610 8.938398650 -0.516946760 6.201111378 -1.011370993 0.299079786
12.956662908 19.415701185 -15.499640605 0.754402642 0.583212207 0.016657202 -0.300770200 5.990647980 4.971024262 5.099469741 6.128740787 5.336880297 4.088958389 3.975641500 4.246606595 4.128087865 6.537291216 3.509754690 3.227585470 -1.235358715 1.687681536 5.819691852 0.907162526 6.639560995 3.508077051 4.076008831 3.914158453
20.651866065 22.444167471 -14.460073735 0.493289456 -0.699829134 0.340158314 -0.388840606 7.559172973 3.034919750 7.363424587 1.373692112 2.587869394 6.861759179 -0.788051786 3.956433082 7.298064261 2.171240182 3.624361357 4.428493548 3.762810201 8.742288545 6.436805485 4.231049272 7.532456612 1.633488370 2.723782707 6.352876514
18.328276653 14.224750866 -6.330169334 0.073048559 0.455463449 0.004656218 -0.887240257 5.333794705 8.038283115 6.674982375 6.006570789 1.517348665 2.521122044 3.898307653 10.846926647 3.594413017 3.201476662 3.607389465 5.929342657 2.715593517 3.201628249 7.416713351 -2.576130275 0.430131209 6.480283469 7.491681690 7.735831213
17.030031237 26.173764855 -8.212385538 -0.358654296 -0.923344172 -0.107191635 -0.085513676 3.946912814 3.497772426 0.091604005 6.259979722 5.371223289 4.772968753 4.599235349 7.092182402 1.628685480 3.074155156 2.540140575 2.082734824 5.858756367 0.883408873 7.337719276 4.385034296 1.541246090 6.673058280 5.196454998 3.313514748
27.308968662 23.738994303 -6.466335779 -0.944975913 -0.271038744 -0.174814559 0.054757586 6.117503446 2.386744621 7.771662717 2.499257094 -0.151157814 6.936788932 2.890064415 0.002906150 1.636894770 6.743378977 2.154174640 5.082600027 3.130269360 4.859297676 1.906131042 2.110252563 3.783553206 7.867213861 1.955216851 -1.389362085
24.249229493 11.056680507 -10.567846431 0.958982312 -0.069620603 0.093378328 -0.258430619 4.258310144 -0.086495944 3.471310764 -3.394125111 3.057024298 -1.734652564 9.526254337 6.777666537 2.443406222 4.114323028 4.657943096 4.469026742 -0.628026787 7.822363472 6.417842415 1.003107298 1.494382589 8.583750468 3.516523553 4.872098219
22.710748011 11.706255891 -16.669730942 0.935838604 0.052385671 0.084826196 -0.338033084 2.239238234 0.445941843 -3.802881055 1.632681431 6.050594751 3.573307230 7.911519203 0.586100618 0.072272912 8.036860260 7.042934695 7.612888196 3.652558214 2.122418734 6.868792641 1.943146680 8.223980281 4.660450321 6.478384514 -1.675951128
22.849362740 16.172863479 -6.767439006 -0.170896870 0.918715092 -0.014510467 -0.355733449 2.327675237 6.144089043 4.979165669 0.687591984 5.695683582 3.152282471 0.753783397 3.551438466 7.568614528 6.864543223 6.579764865 9.044667287 6.431418508 8.008375190 3.738252097 6.077357225 5.359850710 2.564799063 4.040754310 8.694005009
18.319572524 22.880926302 -10.797824609 -0.363911031 -0.623739464 -0.585997456 0.367593286 3.633703931 2.307100086 7.262099691 -0.037825868 4.947794696 9.211182687 1.244511168 4.952786186 -3.091202510 6.070909625 3.891327557 2.932135291 5.849140975 2.649387659 3.210366042 1.550123972 5.256618583 4.808095428 4.213415594 -0.285488721
26.096630684 17.925938237 -13.622227491 0.301815106 0.544276943 -0.765671689 0.162533429 4.580821268 6.700596166 -3.262553021 5.373619654 -1.533905134 8.827170643 3.027682230 0.428330669 -0.155039865 3.085834664 7.301161922 8.146616275 2.520365982 0.396179019 5.444043368 6.716718045 1.807621291 5.095742381 1.785915944 7.172229159
30.684843697 20.037310955 -14.512103896 -0.781155931 0.088883669 0.093781432 -0.610819243 3.655973872 0.379555436 5.995814938 7.369948321 6.336586626 4.688792106 10.233217236 4.902552409 3.443421677 6.103282888 4.134192015 4.491215146 0.678252689 6.250362214 3.053695463 6.992137008 1.328296859 -0.287540721 1.436293126 1.814242391
26.815877478 17.953299950 -7.849912900 -0.307471326 -0.815934294 0.282209288 0.400088151 3.418097802 -2.274522382 3.436206591 3.195657714 3.690348792 6.105485560 7.586918482 3.771280733 9.236826709 1.565280228 11.084597335 5.794313843 7.605703738 1.619794842 5.876158204 5.632584681 4.092847660 3.127995072 3.965043030 6.474649710
25.291822764 18.374628544 -4.687694182 -0.977089687 0.064925157 -0.202359769 -0.011445184 4.436659458 -1.640608102 5.045968444 7.150058505 3.846339148 8.757616534 4.888004708 7.658135711 2.334379572 2.824654835 2.420826224 5.563383864 3.879297925 6.730341829 1.055955334 6.522747255 8.964571847 8.820798357 5.521404307 5.566347667
26.626298688 16.449994404 -20.165950756 0.969763094 0.106819725 -0.044617553 0.214844974 8.180001863 8.558691513 7.522015735 6.525485024 8.271303426 3.763119540 2.611408624 4.573881228 3.111058000 7.388098119 6.795403204 7.935183910 7.971707462 7.135227729 4.084209680 -1.364234129 5.068220289 7.282251328 8.780523365 2.689665978
26.219754819 13.281288135 -12.590530890 -0.049725064 -0.942344821 0.186507591 0.273365279 1.277225760 5.018412435 3.962668395 5.513252951 4.305899150 1.582081700 4.124642911 1.188207188 2.437865841 1.246596398 4.919843374 4.330936416 5.636237552 4.068171800 3.180150750 8.804882686 5.712033417 5.799390349 2.100700244 7.701357834
12.522293126 19.348093978 -15.300479425 0.773072300 -0.122451315 -0.086281573 0.616376821 8.559324850 0.768734034 2.025700287 3.944148347 1.568003544 4.611938277 8.639609230 2.136774405 -0.525135099 3.414404333 1.777474440 6.946555590 -1.749131452 0.114388046 1.964142881 1.743101525 1.457784999 -1.095438930 2.105934244 6.238131897
21.799158094 18.687474149 -5.157605262 0.132592773 -0.327150778 -0.786855404 0.506211515 2.586264251 2.348313927 1.153036301 3.857173438 6.264694966 4.441167262 2.405831561 0.135394640 7.082415591 5.081773600 6.494221362 4.112656162 3.784185414 8.013727054 2.619438035 5.767544064 1.199140400 2.412901244 9.719956041 -0.385241934
15.189578088 20.779568608 -16.994183890 -0.067636114 0.631356667 0.529858034 -0.562196211 -3.038524545 11.136657826 -0.673823183 3.885154892 0.326512723 1.300972658 7.577846645 7.036264914 4.765642253 7.524311668 7.007046181 1.462314242 10.530657590 5.168678807 3.243622131 3.015446791 9.090246024 8.242789764 -2.536849482 1.671345363
29.048857296 14.516655614 -16.986812472 -0.636779075 -0.156264594 0.263440121 -0.707596700 6.754378868 -2.260947269 4.926417679 6.863587292 6.904419917 4.007628041 3.652762097 3.446703930 0.234747785 1.648727600 4.287310251 4.654318213 9.041090240 3.605056620 4.120422536 1.412663376 5.375231657 2.933181707 5.053380355 1.983947431
23.188019398 15.624350485 -9.557033792 -0.297955219 0.231995392 0.024111349 -0.925645433 -2.780602445 1.969505102 5.211237505 10.590350100 3.152306046 5.156577601 3.682604901 1.175711393 2.813353753 1.358097059 5.648383604 11.278615008 4.951354865 2.552962463 0.502949295 1.906967347 -0.179427036 3.946344782 -0.799196600 4.651525005
21.633203296 12.417603474 -17.987151157 -0.985905415 -0.155388190 -0.034790914 0.051328512 3.367966480 0.478811427 3.880310696 3.797446430 4.848124455 2.050110265 3.349462077 3.177660268 4.925961757 -0.501595616 7.010493043 -1.143124822 0.918294168 1.351181052 3.306436002 0.755872735 3.286759990 6.611437671 1.810434741 1.692106264
20.771806057 12.560324796 -11.413017653 0.732639553 -0.180057355 -0.629293346 0.186570415 2.168270487 5.578001356 8.405861872 3.921165517 1.035879497 -0.892752846 8.369647443 7.482799733 1.698499835 6.427095268 4.999915953 2.329047490 6.241593646 0.753788810 6.658427571 -0.822677011 1.964539986 -2.032085737 4.525196432 5.983370856
26.346572688 16.898859888 -15.268842413 -0.395964147 0.701351930 -0.455948136 -0.378720427 3.663125668 3.001085694 2.620576821 8.180327179 8.396979014 -0.072962935 4.455597088 1.733735570 -0.479616107 4.234736187 5.222344902 2.558977868 0.714608086 1.755717397 5.865143183 3.767261352 3.867446036 3.803692951 7.280500151 -3.285954353
24.650213879 10.889660438 -9.440388164 -0.893029503 -0.019692157 0.299361934 0.335399700 4.343846393 7.157089488 2.649303784 3.029951313 5.493551479 6.319440071 5.513779268 -0.317096370 0.590408384 -0.402630505 4.275044334 1.042735926 0.946217840 6.196920119 -0.323409418 5.826078547 9.688933372 2.967483536 11.511223445 5.862096280
20.906060332 21.622262573 -17.301966168 0.151645318 0.666627672 0.653527954 -0.324826811 2.982395415 1.405469657 2.902790547 6.633658266 3.420606812 7.285082583 3.013295855 11.193782279 0.780437214 2.710822375 1.864695488 8.341706019 2.147127220 2.815421144 3.785871410 4.320440356 3.071354757 2.737717037 11.204690310 1.341193946
26.789605656 18.761801788 -9.766895057 0.065389298 0.012216182 -0.943561801 0.324447427 4.958624701 4.821229555 8.575925493 7.019132159 1.758524996 3.166122044 5.579687160 -1.052282342 -1.700968966 0.931552295 7.202240346 5.910822811 5.820799061 -1.305258570 1.391176246 0.589260213 3.867449138 6.695871075 7.133488719 5.388783498
16.826603040 12.722351289 -10.713774805 -0.517945273 -0.672325749 -0.486799373 0.206729660 -3.801922885 8.187727355 4.850861791 3.700223872 3.703933612 -0.111077438 -0.280901208 -0.411504370 5.254946062 2.937644815 -0.911185369 -3.103704814 -0.076592223 6.296111942 6.219985510 0.820068847 1.799928828 7.255078926 5.552635477 2.833813079
26.232367325 12.489800139 -10.004798205 0.483961425 0.499089442 0.137186477 0.705599701 5.398792416 7.753684674 0.085999134 7.055318805 8.051519763 2.552565259 2.650514160 3.505125568 4.087899568 5.653706644 6.397093001 7.708480638 6.058566042 1.770773875 4.321984654 6.426060925 4.440520998 8.734706141 4.148074847 9.255907869
23.705524502 13.711147397 -18.895737846 0.126740087 -0.750749151 -0.429793184 0.485376638 6.518125495 4.902640136 -0.442730844 2.134991086 -0.207997035 3.435655554 4.067170376 0.743397052 -0.806464523 8.886407891 9.602717674 4.709212649 0.793780974 4.609155482 6.917977642 0.816472537 3.165264389 2.944380248 5.174957849 1.297731064
14.929793631 15.334607536 -10.762740922 -0.186800717 0.366884119 -0.021498937 -0.911064943 2.983832209 7.354065649 -3.109948525 3.542729473 5.226050471 1.573448492 -1.220526218 3.961057150 4.847243420 6.565372739 1.263003321 2.514536011 11.499712995 0.836520352 1.521497307 5.270305497 -5.793160787 3.772872098 2.126713291 8.584512624
14.815239349 22.231439578 -15.534723223 0.353573076 -0.068714919 -0.912982281 -0.191644707 5.970302722 2.697566753 4.386726974 2.206672646 9.876292506 1.909311324 1.959395281 4.994583924 9.428193305 6.295470589 4.858942237 6.627305983 2.776677886 4.252142029 3.070158552 1.113102800 4.771360702 3.071090075 8.914677682 -1.570645385
23.697729731 12.763678246 -17.782091423 -0.840412991 -0.426106958 0.012581890 -0.334634967 4.186370474 5.290271807 7.784007669 2.643546579 -0.445043862 1.233578102 6.287325115 9.119775014 6.356196610 6.025290017 3.208608992 3.010451956 11.687587377 8.886789770 6.205372057 8.957069066 3.440404668 4.437406615 3.332664231 -0.548657520
14.478884098 14.409019483 -10.921940908 -0.225916050 0.065522107 0.452332123 0.860269982 11.071215979 5.676252829 8.070992894 2.727031294 3.996200469 8.794746706 1.333866639 4.531803903 5.367457508 6.462634957 4.720343782 1.257048648 0.379628730 3.394400593 3.000682184 2.511695240 2.872203496 -1.764592861 5.820804929 10.788882633
12.107273726 16.385453350 -10.316373757 0.855978544 -0.153374356 -0.470885350 0.148472309 -1.130764440 4.888515712 5.789812437 1.814154391 5.559508416 6.060752267 3.679607406 -0.435057022 7.241449713 4.872853880 2.793374568 1.210898421 3.580700950 5.363833351 8.160225437 4.727115170 5.641901929 2.760684814 6.620789966 3.768698435
17.849642920 15.899670931 -14.545649177 -0.295848193 0.889929551 -0.168670621 0.303396544 1.343175847 5.633783467 4.701145855 0.339687150 3.834554561 2.792805399 -2.032538226 4.562154544 7.002592276 6.233213789 3.753036833 -3.144597835 -1.131913568 7.647697669 3.358132395 0.252795577 1.879065239 3.499563208 -1.859529155 5.216881651
26.134241322 14.428670848 -8.746176506 0.618354378 0.415303453 0.576034148 0.336668332 4.211945930 -1.352943037 2.719282235 4.669417592 6.068180033 3.873067601 5.788708755 1.607353321 9.487310349 1.639120469 2.831851020 5.495728738 7.692696852 2.787242185 7.231888905 5.026991296 4.921489011 3.384799202 3.158354315 -0.551598760
26.710860242 25.960973994 -9.052121326 -0.113057042 0.342859021 -0.632075240 -0.685672435 8.632721741 4.382268273 2.597806932 4.778601835 3.306052057 10.170755118 6.140477296 4.637421489 2.682612192 -2.217631928 5.559678514 6.419354297 5.652491874 10.233694382 11.248876866 0.869108675 1.525528216 -0.155045605 1.542651315 5.761542226
20.657668469 14.669942853 -12.245863250 -0.552565238 0.525615251 0.627250637 -0.157977542 6.362570293 3.349498003 0.895692545 -0.043347827 1.182093775 6.412213220 -1.380947688 2.597341046 2.003540776 3.610178784 7.657903673 4.940050425 -5.701029660 0.467967325 6.681816713 8.697983314 -1.674101618 8.193309040 3.297404745 1.605172249
21.614703684 23.152807767 -12.892726795 0.539380267 0.045683184 -0.759226695 -0.361326445 2.075046513 2.632776439 -3.000294708 3.686305836 4.376620776 0.621726612 3.517827369 5.563603948 7.580982307 8.927644008 5.122959359 3.131229981 5.285702057 0.213753899 6.096330913 1.754360974 1.262772090 1.233262069 6.658548591 6.393585761
16.885341284 17.308049600 -7.341705534 -0.434956617 0.314267787 0.800801146 0.266018842 5.998820651 5.721841768 5.883692464 -0.380171680 6.545402389 -0.569345031 9.259481066 2.894936086 1.816656963 4.319691441 7.273232416 2.417139843 4.158804640 6.318564337 0.843508527 5.344168216 9.425455571 8.303991904 1.901721910 4.682811950
23.335168690 15.269676611 -10.013456417 0.330946851 -0.588045257 -0.737618657 -0.024406444 2.715556046 4.174469456 7.165838252 1.881719411 3.589727090 7.888414170 3.945567555 7.572800388 0.886352640 10.025665306 1.894427961 0.911476617 7.121289416 6.430751888 5.476668431 0.989709727 7.999429495 -3.484780333 7.218118224 -1.033650631
18.921507703 18.265670021 -16.594584980 -0.417300377 0.703442573 -0.444512477 0.365291117 8.977013466 6.924105007 7.715526979 -0.877450070 4.976017615 2.007016509 2.973235400 7.208225340 2.971500389 -1.404996228 0.139013181 2.474628990 3.892850388 6.470719735 -1.661608475 7.746042761 -1.263333478 1.725343984 7.554750856 3.511742608
21.891939311 19.367845078 -16.375175033 0.407328153 -0.368832961 -0.040415434 0.834513400 2.147476284 0.673681762 6.222409975 2.749154810 2.626081129 5.513715494 2.614509117 7.540687873 7.597589677 7.912479101 2.967301717 1.633362650 4.455475098 7.527548065 4.676429246 5.173631622 -0.186139636 0.111249482 0.675872305 -0.138283406
25.928444760 11.411069671 -13.903772568 -0.292112731 -0.125421758 0.900421560 0.296952099 9.040579769 3.494436789 6.859494333 3.144633113 3.996931544 3.397795704 5.464941285 2.098515220 3.906931926 4.057314494 2.194787915 6.714837072 -1.097720066 7.309507324 0.355261516 1.870099788 6.257888309 -1.571278119 1.996541335 3.155871718
16.848495775 10.069477179 -14.246424889 -0.713343125 0.514026676 0.337977019 0.335692860 5.175814498 -1.295936921 6.568877810 3.440329848 3.486357839 0.638434490 9.070711730 3.215335092 6.326124038 7.280315656 3.883428081 8.031169765 6.186406247 9.622039436 0.789481102 5.344383445 3.751406197 0.028213080 3.986045362 6.974127776
24.584020250 22.405494466 -3.440934140 -0.043587384 0.726881618 -0.355851913 -0.585758200 6.671853902 7.379183724 6.996795356 2.499734325 0.603260150 7.474804771 3.271094591 6.340631844 6.689391898 0.085634344 4.523474624 4.776393255 5.164054102 9.418056854 6.908712546 5.011154805 7.466484969 8.326090944 1.390371106 1.022190471
20.835683765 13.094789277 -20.322538174 -0.734063552 0.388524495 -0.535686505 0.152444703 5.972849450 5.365252066 1.295239107 5.281935882 0.411055083 3.507099778 3.420296069 6.600173088 9.293795238 7.413326440 3.627813258 6.681401074 6.400502471 -1.228033611 6.238073359 5.255480413 -1.251169920 7.173059203 5.493721541 3.602862054
22.207610228 20.545973634 -10.215684805 0.469314832 -0.299739469 -0.115402293 -0.822546138 4.597766614 7.972887632 -0.044431947 5.277058975 4.548908462 5.687434490 3.286862140 -1.527441805 7.669166955 5.189178292 8.272449405 6.464166581 1.180792235 1.884724122 3.405197520 4.154531156 3.423696378 2.276652792 2.577247689 4.135199065
16.949060533 13.068508524 -9.759808851 -0.988163002 0.018542895 0.119037873 -0.094973824 1.489222909 6.717412931 4.532199830 1.669547425 5.763295674 5.945452070 -0.246170248 3.837848700 5.452449238 9.423328059 1.377172069 1.108748130 6.322933360 1.960697650 3.765526228 -1.202263992 6.845268547 6.614336859 3.504436967 1.628876547
23.637254706 22.196030925 -10.746424602 0.641576635 -0.711214927 -0.147468476 -0.246588318 6.459815887 7.998156223 5.625043280 5.914476480 3.093535635 5.661932348 1.789115656 5.995878780 -0.740367872 4.780759483 5.805298405 2.681926855 4.267206116 1.508707272 4.547829629 6.526605831 5.643845505 4.312839360 5.985932845 5.183626639
21.848822451 23.841909295 -8.990666527 0.167408820 -0.020677188 0.052801895 -0.984255404 6.383518405 6.197709242 4.476398614 2.191066431 6.122824360 15.829610507 6.118703037 6.324367886 1.433105593 4.998238906 7.715423554 8.427939788 2.079507399 2.068420113 4.442260184 3.832845083 2.949055361 5.396656079 10.614227390 4.985727274
20.267272393 8.524753283 -11.236634464 -0.047131950 0.199982063 -0.848554681 0.487586614 -3.664746972 -0.445328846 4.234612062 0.153042653 2.503979611 6.367331952 3.037782485 2.653937467 4.210919115 4.809021830 1.628890626 1.297101258 7.827984646 0.679902320 6.735692558 3.243293504 8.839964819 3.339269434 3.231733548 1.725866657
14.830603001 21.776630909 -7.984960529 0.936063424 -0.012756255 -0.261473035 0.235062536 4.016111271 3.519284903 4.729718244 2.032422111 6.171547792 -1.138044284 2.105338298 4.546357836 2.225825766 3.679988766 6.505600591 6.391751869 7.093016054 4.212800159 -0.371921641 1.194572580 7.002751384 0.044863018 5.018127161 4.166843928
25.632615717 24.306207783 -7.660524672 0.374740139 -0.727892062 0.569866367 0.070677420 4.672807698 5.998700797 5.199313634 9.024901565 4.321837443 3.887497703 4.265904236 3.919939201 1.722172688 1.368456235 6.806201429 4.800437119 10.469268446 -1.279845433 0.555294295 1.916757915 4.511794217 4.208251427 5.972325519 7.694374457
16.838730166 22.211720447 -5.100837819 -0.712833420 0.091582107 0.147411938 -0.679522592 3.236926251 6.127849102 4.719906185 6.874787757 0.445973830 4.228061662 0.862542522 6.909059929 4.729653616 -0.925445014 4.540629752 0.543721296 1.520608834 5.085456881 4.469944024 3.592919739 5.653959751 7.412795129 4.233506914 2.251525637
18.524019521 21.812274183 -16.619697809 0.466886389 -0.372947173 -0.132532424 0.790798750 5.740396396 5.363430409 2.894307116 4.834594835 4.069638388 -1.542343839 5.654171257 7.234200137 2.286850212 2.380530979 5.253231035 0.947766203 0.350827682 4.403214663 0.859826911 1.536427581 4.870069850 0.901777039 -1.514846429 3.106158279
12.556013077 20.980010698 -12.169545506 0.895771244 -0.190008873 0.282758877 -0.285548462 7.572514759 2.869180905 2.034691273 1.776741953 1.410438327 4.144587361 5.654936914 -0.741315697 0.991022301 2.937634219 3.985153209 4.024983042 0.263499141 3.665428705 7.045507260 1.094192445 4.245451707 7.552616497 0.663236472 8.304282745
23.775690289 23.191918029 -11.150729127 0.305178905 0.007070575 0.143662482 0.941369712 1.151887691 10.063774272 2.657670957 5.058778749 2.816262763 3.760171656 6.559048217 3.061583458 -0.487142159 6.778053507 -4.119972354 3.487709803 3.883033912 2.507104282 0.055826227 6.139543677 3.038116289 2.614739722 1.920876707 0.286489386
14.171504817 19.399685669 -9.171549689 -0.765505340 -0.024825257 0.574698666 0.288282369 6.725477355 6.501246845 3.617159045 3.528625416 5.144405214 7.539870464 2.908520328 0.738013849 1.471359228 8.287343263 11.300453048 5.070267130 1.357928821 7.143021730 6.084993349 0.474398902 8.033592097 1.141410958 5.186136209 5.355795066
30.482352981 15.761571150 -10.150875444 -0.237869521 -0.242171144 -0.897227959 -0.282406121 8.022232868 4.374274839 0.707046440 2.944204407 7.306127565 1.177964789 4.461025732 5.387707274 6.440227203 8.313069921 5.762977199 3.400323253 3.060085977 6.464149903 -0.878222691 1.456600479 14.130910392 5.958196949 8.279357053 3.833112603
19.371988419 24.407668832 -18.893583872 -0.216176484 -0.836144766 -0.480342390 0.152973353 9.265126593 3.535440264 6.487815883 4.420914545 3.074699594 5.512693496 5.653677932 3.838118098 6.864246353 3.784134754 1.870570014 6.122708292 5.635671766 4.563007978 4.572728858 8.615284925 3.481826850 6.056358214 3.299821757 1.528965925
26.643447117 18.171852868 -16.364094251 -0.389013260 -0.306983150 -0.456318563 0.739055748 -2.248592434 10.585519718 1.619819970 5.030701641 5.212526706 9.166092761 1.525771617 -2.827851635 6.337508545 9.225726652 10.275900860 3.750969720 3.932846279 0.356256779 0.653784525 0.998565664 4.892656746 -1.113303191 5.646485219 3.324960924
16.150226813 20.120561636 -7.730846240 0.097911485 0.066449151 -0.975257690 -0.186735880 0.416886756 1.493854034 3.777927525 7.069812643 3.473438690 1.697700756 3.349113587 2.699549944 4.075383085 11.005295542 4.320001626 5.905991092 3.016578457 5.565525829 3.267523633 1.958113630 5.765373756 -0.454164870 -1.456234293 -1.595619505
21.212465816 22.617138979 -8.976604824 0.332635072 0.059227302 -0.941091670 0.013874550 9.874998844 0.986235292 1.106890606 1.741920469 6.181939898 9.543010970 10.191953754 -0.972311373 2.855450567 9.208888031 7.783278704 4.497650953 4.660781440 7.061282802 4.079632391 6.520206376 2.651349032 6.696305365 1.215250211 4.200286068
18.499643163 16.474837299 -14.101271784 -0.796155519 0.101937779 -0.506727319 -0.314598956 9.009549644 2.092805929 3.399175502 4.297571375 1.426546448 7.420691036 6.599731403 4.225750423 10.077428075 1.112867943 6.213623879 6.410652995 6.212017897 0.673958251 1.515018448 1.358628173 4.650913324 4.884213614 6.917850160 2.464222062
18.053071818 14.983762496 -13.004343680 0.026116425 0.488057521 0.234449999 0.840327904 6.061440283 3.259877350 2.796552565 4.671973936 5.093598609 6.011858260 1.103563063 7.108332962 2.512672617 6.602101908 3.286698912 3.927765611 7.655727457 4.364486774 1.698855186 7.579740141 3.883253451 7.818026129 6.558766461 3.858196058
28.382362667 24.882763188 -12.374286895 0.402661210 -0.018704713 -0.896891522 -0.181933177 2.406083937 5.636533395 3.691206470 3.382306444 5.858507606 5.107681549 2.320482513 -0.142461071 1.608564189 4.565585886 8.824927962 8.764195823 2.005293673 4.030837440 2.754131859 -0.379281080 4.799042696 7.275742447 0.234565142 2.652413657
20.046319716 22.993458011 -6.336240452 0.298004933 0.425888451 0.318634563 -0.792643743 5.611353062 3.685199706 3.642665454 1.079588870 3.964269883 4.609591617 0.530407525 9.222094764 6.410812238 2.281807139 -0.727816183 2.212940353 0.286621151 3.838435104 3.580571848 2.032797167 2.461357701 3.687231562 3.699240471 1.743879702
11.820504986 16.192892453 -10.033335664 -0.703969140 0.324345101 -0.313382288 0.548652210 7.219229048 7.152867081 6.011971221 2.534203919 1.526002155 6.726155746 0.962764554 3.463284473 4.884034860 5.466784237 4.210997852 3.650874894 2.219554980 10.832381474 1.941613537 1.112631483 9.182787635 1.201442324 6.888927878 6.537243460
26.644766582 11.596509382 -13.609410596 0.133756211 -0.789878845 -0.470325765 -0.370127493 1.441840114 3.000450926 5.536349472 7.834611693 0.809677908 3.538843314 5.316488724 4.800133172 9.061414983 1.518107309 8.233901922 6.037073303 7.280501680 7.485172013 6.098478005 6.242191481 3.793461514 5.006141857 3.682448531 3.278548784
20.105422302 23.706698282 -18.935380225 -0.759918656 -0.404628575 0.381247775 -0.336822634 4.439845493 2.462743717 4.517172488 2.775012176 3.931350320 5.405883290 4.225228335 3.205925758 6.855622203 4.565484089 12.971841100 6.716684130 3.231437366 7.643206207 -1.399483980 2.188968572 3.427447133 9.264494749 2.345929284 4.995592753
24.614869115 15.360834670 -20.726408404 -0.893898517 -0.285400422 0.027475743 -0.344582535 7.322137188 1.320461431 7.494405508 2.765013407 1.215958627 4.235891865 4.335576605 3.882859552 5.309787352 3.173839415 2.945285744 7.622106581 6.927699237 4.772180167 6.022691355 6.870721907 2.539248413 5.224146169 3.374010277 6.290173462
16.257002764 15.638416843 -4.845180755 0.519110580 -0.237679197 0.225431121 0.789438797 1.424828542 4.662016042 4.204247824 3.931533159 5.948180079 8.066657111 6.044901423 4.591752868 1.165363277 4.834067416 3.530841570 2.644309835 9.411950020 6.051993101 1.279871410 0.084684460 2.445506405 0.935226491 4.267262105 4.565484863
22.928388743 26.520858809 -14.033842839 0.016433568 -0.592906426 -0.229137940 0.771808080 3.818546549 6.702385250 5.010558380 6.541190376 4.880277269 -0.241798700 2.115983708 7.591330898 6.947084273 -0.019758502 4.972607645 -3.761054322 0.275646464 5.153347893 3.645078042 2.243893178 6.137756106 1.346403256 -2.804830693 -0.260121003
28.789079707 18.432486122 -6.748642628 0.643306725 -0.086430386 -0.649213885 0.396494108 0.515648504 6.725607375 3.993939996 -2.256854100 4.958333170 8.284935882 3.340536907 3.919881713 4.943217063 1.907696913 6.331685053 3.892382465 5.355130404 -4.115217829 0.594628485 1.114408174 5.249241004 6.046705573 3.085501692 2.207571258
23.267117507 10.270856193 -5.786711056 -0.334163331 0.565101899 0.145456400 -0.740160218 6.722412094 6.862556034 6.599108059 3.581956038 1.605763224 2.671310677 5.142178831 2.663180766 3.643040593 6.952440764 2.132761038 10.196484528 3.863666243 6.695776290 12.269954358 9.313453694 4.697821408 -0.312877855 7.822976535 0.833107922
21.493511474 23.224440763 -10.143367532 0.777250664 0.542749875 -0.219758914 -0.230239004 2.338618984 8.398950283 9.152745704 0.371245201 5.775001854 0.467885150 3.574852400 3.360300583 6.409867473 3.669146052 5.988534011 3.990592053 2.239958173 1.098114521 3.282640751 5.067362656 3.020377990 -0.316398166 2.511886370 1.400769430
26.213420329 16.530856975 -10.876349040 0.387291885 0.439305406 -0.756982165 -0.289816766 12.091095333 7.769650710 4.620904953 -1.558395705 1.339678011 -0.600604168 4.046296184 4.704831405 5.443683390 7.903420426 8.614882115 5.757753360 2.900399519 0.232390312 7.806576868 3.538859354 3.050789060 1.962665646 4.494660531 3.299838879
17.327999735 25.419301271 -16.230032529 -0.352754653 -0.054958514 0.807820002 0.469010193 -0.457092446 8.325429900 2.662560383 4.359664353 7.602160026 4.270596067 5.511211227 2.945834795 0.583266100 1.387389896 2.076863665 2.803940948 -0.705505046 6.116837404 9.951924715 -0.349567815 0.824862727 7.827935071 2.995540259 1.575348664
18.002488841 22.855927081 -5.193026698 -0.779481547 -0.228961449 -0.537039166 0.227099334 0.975426621 6.312266816 7.688430608 6.046844958 8.102215004 4.678498257 7.953032281 5.032974233 8.026518675 4.973955741 6.457276156 0.425727693 4.232500990 2.734034724 8.207389430 1.399146931 11.127215281 4.664212842 8.985268584 -1.754948846
27.324234163 14.948450748 -15.857425809 0.908419372 0.268551274 -0.112345484 0.300054912 3.867402392 4.700856045 6.481523990 5.973066679 0.307226993 7.943203664 6.020485154 6.136150916 0.786188207 6.837996363 6.000569852 -0.490360922 8.361292556 1.725328200 6.689249798 4.628343760 6.455715856 4.504830266 7.079983876 1.559660530
17.879561730 20.026640875 -13.870540372 -0.162312841 -0.358562329 -0.908424267 0.140900493 3.606153700 -3.253939253 2.845787577 -0.115417598 2.763120949 1.951989458 -0.732050523 1.173344282 7.992473753 4.592679622 7.362868539 1.068399945 8.336217596 -0.197022269 5.363576926 5.704903105 6.019345734 10.082276608 1.573902165 4.310116472
18.499081144 21.629481302 -16.128313632 0.729395842 0.144096613 0.503229119 0.440429705 5.740544320 5.789841079 2.206822455 1.413678106 3.901101924 1.602431273 1.521634227 1.925518184 -0.617351270 2.099261800 9.088130633 3.837448373 7.299415887 2.768914016 1.583016238 2.721992392 1.700211611 12.082977470 8.501349940 -1.425515243
18.539163986 9.387139078 -14.512270975 0.228941791 0.832439005 -0.498390961 0.078977274 3.089962865 0.415080323 9.503864340 2.181795271 3.481890014 6.905776483 4.042450091 5.385702027 7.360075428 8.525566248 5.478004643 7.642926278 3.000662559 2.803504965 4.837460363 -2.298638545 2.342105750 3.461848385 7.543791710 4.577666956
15.805778939 16.164199516 -3.778406274 -0.600836946 0.542591234 -0.371498176 -0.454509430 6.792763879 0.661020298 0.971952544 5.776642880 0.672159297 3.669980061 8.992159743 3.272639994 3.082558003 4.769550743 -1.844158257 3.613976326 11.167260004 3.056651614 5.634711669 6.669068101 4.174000667 6.604150969 0.196165895 4.459009193
25.359448420 19.100752127 -4.736293291 0.844083861 -0.461822197 0.191367726 -0.193961563 2.545759581 4.663232731 2.918652870 -1.322235284 2.705387725 0.259003212 3.866518522 2.544198045 1.064686098 2.601673581 4.083903563 3.568927966 5.154901035 5.069131540 3.999436551 1.646201641 4.464089430 0.929433890 6.319852416 2.392724128
19.834447011 24.481483564 -11.948969243 0.845639442 -0.395038949 -0.062650774 0.353430394 -3.585941260 8.024172957 5.235645311 5.266104331 2.252808567 5.442174913 0.285271266 6.463459015 7.525163386 7.309799248 5.335669430 1.976168595 -0.632736287 4.192308329 4.180955182 6.075720997 4.189936556 2.371593127 2.146293951 2.240321656
14.049823135 12.087269915 -12.219942483 -0.272442829 0.517873230 0.490301763 0.645899686 4.204779069 2.693033708 0.939392322 14.696551686 1.145262319 3.528611645 5.804034699 6.750340248 4.348419669 -1.835358363 5.340192981 6.873177169 3.683010797 2.559970114 4.978030721 8.433944261 6.189659315 1.286333210 7.400124052 -1.140331364
22.307130591 22.168550054 -19.362583575 -0.754308487 0.034940006 -0.344343738 0.557875696 0.737019876 10.745664965 1.252003548 2.711860225 4.595060355 2.515114084 -1.311219376 5.131305501 0.039458646 8.807238881 3.912583075 5.522908226 8.487138245 1.954851009 6.242291222 3.517193833 -0.584898584 0.151095233 3.224217846 5.952904043
22.859853946 12.655100885 -3.929316245 -0.814689764 0.337716970 -0.309721906 0.355387362 5.406889807 6.571732589 5.841988423 5.507198741 1.124152360 4.223555169 -0.597110594 6.600524746 -0.147640571 1.808786450 0.714693506 5.000656286 1.548031841 -1.024448896 3.714030404 3.716928477 -1.759827361 3.262739956 2.769398501 6.225417444
16.179161623 20.765785075 -18.006441368 -0.882516140 -0.424146408 0.125353903 0.159848324 4.235882665 4.070669630 5.416227515 5.184751653 3.055874385 7.268806979 1.902472675 8.366919115 7.163638734 3.111806752 0.567991408 11.979740993 2.492530379 4.979296651 8.315943881 1.262292947 2.885298741 5.496961857 4.825339448 2.429650266
17.556612371 14.373993807 -16.325577239 0.046486412 -0.425229344 -0.653249156 0.624727588 1.726546131 2.339858488 4.518309465 2.239435701 7.745824373 4.570273671 2.801497711 9.627873609 8.836664489 6.867412302 6.610489668 1.479542008 6.753364187 -0.224397281 13.070305816 9.197099307 8.267075461 2.634125475 -1.782061900 3.613601552
21.446952441 19.013374975 -7.970366620 0.177158528 0.948256233 0.218449152 0.147325966 3.670757140 5.836187103 4.607256698 4.442184050 4.193769494 4.735517297 3.443692743 8.502780263 7.275489158 2.083067315 5.238928469 4.564227465 -1.955142385 7.742647659 3.525563674 3.053096307 5.234247535 7.625471998 -0.747785145 4.696155899
19.690087992 15.488492160 -7.055427965 -0.349174923 0.751514873 -0.179048194 -0.530324442 7.495116751 0.307500096 4.705967213 5.496990220 6.919360980 4.671814885 3.391378847 2.657502584 1.611137683 5.687554986 6.032855508 6.120985722 4.484334454 2.726786052 4.828794622 11.060593865 2.932900242 4.859316259 3.118378639 4.049976788
22.911711703 20.009163862 -8.179818951 -0.773471558 -0.501837593 -0.323407174 0.212858121 9.667593643 2.994936085 0.109813872 1.219229749 -0.223120456 7.028332949 2.597924715 2.485138481 0.104936905 3.448942211 4.882337350 6.557185671 7.056417164 6.184361792 0.678734513 4.979558179 7.457598648 6.308850589 4.543103631 12.237632910
23.094660715 26.201094925 -17.288984862 -0.451384507 0.768351268 0.411973828 0.190173399 -3.017152357 6.023872497 0.339469450 -0.003841757 1.168896707 6.647894511 2.794959744 0.117000415 5.373598715 3.060044384 2.565802419 -0.698177753 6.632599186 10.621926621 4.687923117 -0.026814280 7.089304011 2.311200586 8.854105674 3.350254090
17.113099039 12.721865854 -5.018389044 0.307280239 0.421006501 0.801382594 0.293459229 8.739112448 2.266928931 4.578361538 0.601534425 6.810681657 1.331864033 3.174591512 1.699946844 -3.579156681 4.695947359 4.957421914 4.812126754 10.000973009 2.561047002 2.424064989 3.076676212 1.603367311 4.307446773 0.691546433 6.062332533
14.397881447 22.179284822 -7.717580945 0.486097763 -0.556043017 -0.672020644 0.053975762 -0.133840801 0.627473238 7.863771440 -0.352111732 2.568772265 2.160149624 7.628616920 -0.028641775 -1.696837547 1.654210971 5.580813507 1.743541294 3.824663333 8.641504740 3.614282692 3.945713682 2.443409432 11.630891315 5.341216198 1.032919765
19.224257018 22.000385929 -13.005411027 -0.683183201 -0.476651013 -0.552663891 -0.025042957 8.906841344 10.805612542 9.057580138 3.963083822 6.826840764 2.061877494 -3.828498428 5.405036769 -0.338556426 4.713457807 8.122211263 1.290038317 1.843589805 -1.530802070 6.220339276 5.288618725 7.973647481 2.358320634 5.705118593 2.769842797
15.014272486 20.449117651 -15.475547126 0.412780442 -0.256871783 0.399701619 0.777089319 3.538643495 5.155990048 3.208176947 3.751409335 9.886533490 0.551882812 2.665561627 -1.855551945 5.594345967 6.788190652 6.444971806 6.295355696 1.496379024 1.400763496 5.592075907 7.298060280 9.548190192 6.034869189 0.139003978 3.841768486
22.192506077 10.739713323 -8.390000560 0.844113136 0.026115133 0.500165721 0.191377284 5.309433665 11.192155205 5.656950497 -0.557378532 3.448718182 7.040389011 9.136320248 3.615199010 7.227599376 1.036948653 -0.969006439 5.991894895 3.138401031 4.276450623 7.747296064 1.865702804 2.100656123 2.190366455 1.837919818 -0.759893193
22.706565606 9.649928254 -16.966385485 -0.693024593 0.426538678 -0.578683447 -0.053917880 3.367221251 3.685068470 -1.689249133 7.349478572 3.820460503 5.359745137 -1.423074691 1.771400798 4.059115671 1.751631969 8.189132246 6.374886600 2.821741832 2.508001667 9.701630011 5.236143275 -1.120891614 6.205055772 3.095245418 3.486291999
25.071450614 22.197993395 -20.089013415 -0.605337805 -0.251208208 -0.728067469 0.200943620 2.907184677 6.301889363 -0.012060914 -0.742085080 2.519163333 3.000577794 0.300294882 -0.818899961 5.168521628 5.252957998 1.904014275 3.089495959 2.442578944 3.673129995 4.702110581 8.744900157 4.659026438 7.428000874 7.026061896 10.389798823
25.705717108 17.010206517 -9.183667601 0.205388575 -0.752027932 0.170912521 0.602543304 7.335771529 0.350069733 1.049700240 2.942880380 2.591438917 2.589419067 3.667018192 -0.983275805 3.787744321 6.023093902 4.481074853 5.129219143 -0.517402339 9.172139127 2.410901898 4.621457446 3.791895015 4.632477857 5.905473524 10.198493513
31.155220385 18.967431903 -11.341359624 -0.321400822 0.139431413 -0.841301061 -0.411670885 1.689490826 -0.566863074 1.779922958 7.084917507 1.451203791 1.755473045 5.386355775 5.212311574 5.022802165 2.440610017 4.551762687 0.679344895 4.846751461 3.560366143 3.498977900 4.005330326 2.495616192 6.595353226 1.621977804 1.812598495
24.697285606 16.379340321 -8.692618646 -0.673593065 0.151803389 0.003675465 -0.723335748 1.556236785 4.637661981 8.085497158 5.611328487 7.479183935 1.969758192 5.234785480 4.585450492 3.467484692 1.707988473 1.027296662 5.131084763 3.469430071 6.599831445 4.482665398 6.527775990 -0.912300429 2.225987370 1.843758612 3.487844160
14.705374652 15.873489095 -6.987674032 -0.108104654 -0.762745047 0.191973773 0.608012703 1.227166818 13.375649693 3.742944890 2.179760830 3.712042982 1.297564166 2.804859130 3.314249759 1.175261156 -1.414067579 10.698999358 0.776366659 7.081559830 4.693732393 5.087550318 -1.628060736 7.479179659 10.622313662 6.213915722 3.208014367
30.270399467 20.600396635 -13.212935511 0.084272561 -0.911502748 -0.249805060 0.315687040 7.689303337 0.580821325 3.632357038 0.739304884 8.501714502 -0.273812607 4.352841683 3.869877766 3.344077853 2.759154775 3.388810014 -0.760954878 6.929192790 6.209016393 2.344807953 3.092371468 5.770939350 3.320274799 4.271406581 0.800936567
23.962813751 12.903922135 -12.116948820 0.075876757 0.796782406 -0.238213564 -0.550122544 6.047947048 8.119456865 7.569636040 3.228863914 2.627298747 0.288960348 3.411439413 1.807048855 0.817898312 7.971168298 5.177669743 0.999646066 4.320951794 6.723811324 6.457704923 6.837755330 3.150964867 1.483813598 1.047532410 2.525436873
22.703113371 21.858012550 -12.821242048 -0.130462663 0.564587819 0.580711152 0.571834457 4.242025152 3.069307842 -0.749673309 0.223045694 2.688953488 3.713388435 4.235984145 1.637262563 6.900140714 9.587966985 2.662913148 5.704972579 2.084931272 4.429757325 2.414871266 2.344703776 3.866316473 5.288780909 3.837732687 3.372092926
26.887521347 22.912872288 -16.627622740 -0.868961317 -0.417344757 -0.173800823 0.201302900 2.285018563 4.276655982 3.238304355 1.051111000 9.673081719 8.413764557 5.124676204 -3.767022579 5.966956004 5.877881664 2.389702981 4.733034145 4.380775961 4.522763194 5.567908271 4.801081056 1.746821307 5.210725161 3.232930712 11.314274057
24.644334088 23.489355413 -8.385131948 0.607108125 -0.683797588 -0.401713792 0.049665005 0.895814325 0.066712376 5.796397013 4.387578941 9.819105594 3.346121105 7.000863862 6.987957658 4.505583291 4.717083890 7.577941420 2.654337509 7.767189637 1.560658831 -1.172637722 6.200435979 0.311671573 5.335378635 7.969623928 2.848436281
25.003758319 10.035737422 -11.915206595 -0.792060614 0.171252348 -0.474882332 -0.343219153 1.984343910 7.837266730 1.370812272 4.392946447 6.337114121 6.128914402 8.935212651 5.946132280 1.382249629 6.886272385 0.139374868 3.854832931 3.096509602 5.537438433 4.012674660 0.940545987 8.198368837 1.515118129 -0.634152175 1.722489953
17.238412617 20.075274720 -18.194929339 -0.931966306 -0.260620324 -0.249530314 0.035362038 4.292598991 2.031381776 5.682019909 1.515618088 4.485365144 -1.401522416 4.491592618 1.937746453 2.477543484 0.902932502 4.336360016 5.705247210 3.740098461 7.088814956 6.302994404 6.630831994 4.778586441 7.768221336 1.679227890 0.437708739
22.890982945 17.653519509 -11.659181451 0.965671644 -0.038331700 0.242956966 -0.083551595 3.767794379 6.699631439 2.419953438 4.227543855 1.297569445 13.015638468 2.997296660 1.500062556 3.530000603 9.179066503 7.734310649 4.091307158 4.479725214 6.075969099 2.006776033 4.526313699 4.547400032 5.909905646 4.111018934 2.547165144
26.468543094 25.893887240 -10.384457808 0.242527095 -0.416160424 0.865600111 -0.136848664 3.185122105 3.555499323 3.141158024 6.518896565 8.079240430 0.075236341 0.686407479 1.381589967 6.875509713 5.380946422 5.950769637 7.580847069 -4.774624123 5.284225913 1.166273468 2.607464949 -1.584879991 4.609202143 8.247957319 7.322202211
24.968628026 14.409675131 -5.337015304 -0.139186699 -0.612692202 0.161617688 -0.760996092 -2.169708476 -0.737216302 2.361813419 0.934372419 6.136081380 2.492087115 2.137186613 5.400977542 -2.791414002 7.478728180 4.027713834 0.203932797 7.388540933 -1.606471585 8.104070296 4.081991565 6.921418197 2.391000551 0.111223366 2.624113859
23.672449418 19.657837973 -5.910990376 0.063267178 -0.510396053 -0.258248108 -0.817802573 5.191260201 2.687651157 2.699766015 6.497397206 -2.043707392 5.397991296 0.055383925 1.944504834 6.776086556 -0.670708443 7.734415547 6.414993307 4.317791986 4.321812126 0.658438256 2.862961958 4.956516671 -1.125444999 0.528618075 5.133924552
25.697932241 16.820274684 -13.479405884 -0.861895529 -0.293300069 -0.356709414 0.209450616 10.011426798 4.268047872 6.723238583 3.449459967 4.594044094 6.039565264 6.629704864 5.324789568 2.023986213 1.737125947 5.940810832 3.860326643 6.466382777 -4.210039238 1.345607313 4.162396506 -1.241819708 2.512787980 4.570439161 4.275181315
25.417083964 23.141085616 -18.727540162 -0.554306286 -0.033601156 -0.824660922 0.107470308 1.268151578 2.944343688 6.614813980 8.265568789 7.252020132 1.754262186 -0.330715044 -0.324583887 4.293648678 8.395992595 -2.123973047 0.333872662 7.897168150 2.522671091 4.811990666 8.353889875 3.429207758 5.073730592 3.282186075 7.770054446
26.723415798 10.203400599 -14.903694786 -0.419961377 0.154800133 -0.894212725 -0.007277564 5.717138357 1.743225741 8.654110302 0.969810025 2.953328189 3.467185562 2.623268832 12.648878764 4.794913910 11.704489083 0.237542976 -1.939564895 7.008449889 4.949976229 4.460239670 10.090474742 3.007728288 4.868864826 1.480422996 -2.917254652
22.136222984 11.991840169 -15.651168785 0.712531535 0.411233518 -0.514579552 -0.241647862 0.318775305 2.645166549 3.313339803 4.611983289 1.981592836 4.296231440 3.425709178 1.839534804 2.761862326 9.082482998 4.416732989 4.885950847 4.620255390 5.386178471 6.420224576 2.507209253 1.106133666 5.957667043 3.565043102 4.792154974
26.389264334 10.164846037 -8.460675457 -0.923665137 -0.054417269 0.194560799 -0.325618751 -2.400824422 2.854162077 2.767347953 -1.617243464 5.970104579 9.001627554 5.939306706 4.148131131 1.821707041 7.736229768 6.544881300 6.155685703 0.934834937 9.279728507 0.244628363 6.384366137 3.114990489 6.059442392 2.725382216 6.449429881
24.007531962 22.148864144 -4.190724590 0.028157334 0.386539325 0.113378513 0.914844155 8.822096966 -2.011601540 4.670785588 3.077683923 0.400831064 5.667868240 -1.953476356 5.370947878 9.148845766 0.295386637 -1.103715676 5.378160818 2.416937982 0.239737185 7.272348745 0.314293720 7.772241870 0.780344978 5.270067731 -2.126438709
16.881265042 21.236608942 -7.686084482 -0.625900992 -0.504479379 -0.546205231 0.235389783 5.664397318 2.996154854 5.561362314 4.066987840 5.455257487 2.211883447 3.390490361 1.423158163 0.986176240 2.806030558 6.389792412 4.875580602 3.283378978 9.935807366 6.679146212 2.633480796 4.357347441 7.114049895 3.497257764 5.245299111
24.430280391 24.717802345 -18.139762086 -0.649016717 -0.409776955 -0.267866309 -0.582329622 7.918108259 2.662760364 1.349202114 7.105638453 1.763144551 7.447794625 2.258451633 6.882345945 3.475810833 4.812501200 5.575307179 1.401523479 5.016955987 4.136348818 4.807874129 3.327203032 7.866049787 4.231972335 6.354469125 2.313388516
24.207016164 21.023013826 -11.171184925 0.644929105 0.269537726 -0.304485116 -0.647073935 7.792827426 1.953125246 2.180681776 9.461598211 0.472900846 1.573979662 2.536280161 -2.029469967 5.950348492 4.403661595 2.017002028 6.712388879 7.746877887 1.038016431 4.232496705 4.795937889 0.825886725 7.123768010 3.652253163 2.652503597
20.092510446 27.189768782 -13.097178121 -0.474805535 0.068527377 0.521613650 -0.705537315 4.778525108 3.697850228 3.641472772 6.646367158 -2.562214769 8.513811453 1.060873684 8.026190140 1.725420455 2.705009047 6.270415113 5.514684974 3.532698024 6.395978433 0.928021919 3.454357353 5.339510060 6.081978436 1.766570296 6.260399065
