23.138882386 -19.168704125 -5.034775338 0.019643529 -0.390518814 0.386235918 -0.835422650 0.594720502 4.101157020 4.968795372 3.988123464 0.110435811 5.752767009 4.073364605 6.602361429 0.248359066 -1.097408970 3.007898910 3.925900489 8.306827155 2.792943949 6.452643029 1.016740743 1.919579838 0.739105549 1.601617516 6.962331373
24.501379710 -16.031386554 -9.849326702 -0.114870051 0.070830229 -0.449121415 -0.883220190 3.127826320 2.253357192 -0.430236978 0.979122467 4.252652526 -0.666781507 4.555922544 9.029704521 3.776740780 6.776329089 2.235276603 1.448449780 7.840523164 2.377467362 4.369869127 2.463718908 4.290637620 2.830209349 1.967426684 1.711420525
18.049826562 -20.413974484 -7.259640873 0.824606114 0.203060816 0.527711760 -0.017645376 4.578756408 4.529293673 8.857489256 2.412804706 2.289111131 5.028061820 6.815572589 6.999430033 0.190117872 2.507895337 3.067118447 4.133364706 6.919166402 4.899325776 1.214597628 1.225338304 7.266906252 4.588620699 4.294942643 0.710451668
17.841704059 -18.188633290 -8.778321564 0.059305340 -0.048026283 0.932985643 -0.351730213 1.630509216 8.331090130 6.123584986 -1.088848549 0.318086877 5.242909134 1.433054282 5.293382360 6.914525809 1.837501843 1.252255921 5.006046486 8.744096282 4.990496640 -2.607656500 9.190612194 3.341621893 4.175210408 -0.861624376 6.544132946
27.412215348 -19.564692849 -4.990686312 0.013190146 0.389483175 0.533044028 -0.750994634 4.561204396 4.550324021 4.326531271 2.377465150 3.259592930 9.994513345 8.516933585 3.953909286 7.721277119 5.507395913 1.491716424 1.872629304 6.873836703 6.691329935 2.579460270 1.340524808 5.844446716 1.168564191 3.129134086 5.091321613
27.528495558 -18.089234473 -13.993956147 0.361642490 -0.316064550 0.484274059 -0.731297851 4.995376253 2.361285465 -2.359714797 6.223144709 4.843625283 2.540932632 5.386492917 4.152021130 9.302789994 1.661885010 3.180947869 2.218361352 4.699297195 5.735235922 5.320907519 0.965593517 0.564514280 8.179461323 3.154240006 0.310262126
26.295573605 -26.265579715 -10.651861520 -0.986263605 -0.025817850 0.059480531 0.151919735 0.395167198 3.011201042 4.491043140 1.137765041 3.930394753 -0.559330014 9.177168963 5.157123340 7.543935126 4.215601104 7.122561040 12.124237496 5.601727904 7.300025752 8.701076713 1.543056950 8.915708690 0.470280209 7.411295106 0.768736966
19.677854894 -12.169236185 -7.289152002 0.117622917 -0.144235237 0.363730057 0.912722023 7.095149933 2.738709484 8.174458358 7.170186412 4.394369040 3.505815773 8.546180581 4.873400834 1.183154093 0.815220708 5.415311251 5.093598603 1.262378194 0.463581890 8.385952438 4.874352613 3.212441064 9.398427756 7.559045606 3.810510969
19.364183527 -15.254190929 -3.530005386 -0.906355357 0.248108578 0.341964504 -0.004730524 4.922410794 4.687364521 4.254882106 5.661946917 5.382448697 5.431273827 2.841776915 5.771074370 7.680405316 9.257942228 0.962280454 1.927394593 6.152876200 3.607966140 6.245385045 1.228015028 1.930745064 5.108957978 2.872992411 7.791002443
21.121688270 -18.511431975 -2.865872149 0.163773603 -0.708163168 0.125586097 0.675212016 -3.915335547 6.660267602 3.397744013 5.996254119 1.712547015 3.507303878 -3.655835737 5.529378939 4.411904509 4.992520800 7.122337578 4.841299235 5.271057981 4.417007977 6.277094085 0.993302781 0.773492453 0.692775906 1.128877421 8.742024670
20.808803732 -16.914858354 -0.168717449 0.083764995 0.372746230 -0.409791714 -0.828320243 5.191511385 4.634050771 3.524330487 2.727953477 3.354307488 2.804189723 2.414303715 9.100189730 2.492830340 2.614572119 4.599349373 0.553416182 5.810283673 11.368807196 6.743897364 -1.280975063 3.039465109 -1.296205129 5.699794576 8.666775620
24.847284001 -11.132540510 -4.582591560 -0.518070335 -0.757129093 0.264032444 -0.297733997 5.749865973 4.361549004 4.669041916 1.403112565 -2.136876991 9.598114175 1.610247030 7.297567860 2.916627323 10.047945704 1.323829111 2.247371488 7.453034168 1.679516384 5.667297447 4.447802192 5.052935124 2.622008385 4.175876945 2.837033527
22.385875041 -25.095081396 -7.900089821 0.087065745 -0.426274420 0.606404103 0.665570236 5.292947373 0.762492840 2.884442725 3.670810715 5.911020275 6.168408314 0.694760628 0.510927954 1.018620863 4.191508414 2.784528516 6.380165337 5.314111514 9.662874047 -1.007855192 4.870484670 4.776246424 8.849623888 6.572542369 -3.791319394
14.267299445 -16.718635780 -11.059662407 -0.260786729 -0.370228442 -0.877942053 -0.155367096 4.738051965 6.397531711 6.313574199 5.743048415 2.475028233 4.158654168 -1.400384481 5.897471067 5.264678901 4.439055050 4.781986606 8.486549960 4.297769881 5.365778107 -0.366015316 7.870949924 4.366652599 3.049332987 5.554820946 6.773053789
12.414254443 -16.156298813 -6.795148810 0.794228970 -0.342594571 0.413603598 0.284185444 0.820710885 2.494362489 -1.953101154 -1.821112659 4.704715756 1.366236991 4.506493941 -0.888078888 4.524752378 3.297052352 3.644126616 1.964360394 5.376399262 7.646667235 5.526112589 5.369814839 3.955514793 1.479597770 4.372895714 4.110400985
15.686067455 -14.904183236 -2.125221209 -0.349850335 0.338768151 0.433854227 -0.758031261 -1.229189355 -0.419938540 7.961685543 2.028213759 6.219194836 7.257907014 1.777836377 6.877089343 7.804380014 3.315634470 6.922766863 2.350681240 3.560281947 2.299028971 -0.782054819 3.130998060 7.554583581 0.757762277 3.607955570 3.184023436
28.171152516 -16.027432724 -3.069366169 -0.102656201 -0.496790030 -0.102561466 0.855653269 4.250007240 3.424534451 5.170225555 2.799699776 10.273239989 3.985333752 4.119691462 7.043736803 3.842082966 4.229942373 2.709056394 5.574474460 6.270492891 2.916499785 9.532804753 1.396394038 1.922488243 3.761858764 -0.928663549 6.021106322
14.325884978 -22.111987999 -10.612464597 -0.284601484 -0.153086201 -0.740831116 -0.588842821 0.945317209 4.568169279 1.760450324 -4.974895242 2.024407501 0.940035290 2.854271068 3.705246547 0.866104439 2.880496942 0.422777990 5.107372731 8.136339503 6.067582866 6.530218893 -1.487516738 5.774250036 4.997637963 4.533683262 -0.494729263
23.956183556 -20.844638732 -16.756198431 -0.528424455 -0.151470639 0.225109601 0.804456281 -3.931619796 3.499549352 7.097318463 5.290416744 0.295389258 4.633402247 8.714922586 5.097249386 3.263139115 4.719209148 3.716309542 6.345143532 3.515539109 1.456461229 3.700594110 3.169426577 0.295203490 -0.605194403 6.483720773 5.183479922
21.331159538 -17.855030985 -5.361380511 -0.672494568 0.548519698 -0.420368017 0.264892293 -0.348193739 -0.352813002 3.137438200 8.726764669 3.717396545 5.789065539 5.267838833 7.182030030 3.798854349 5.705960407 8.695211443 5.547190370 -2.850415581 3.591093538 -4.475251801 7.398035692 9.869255314 4.310578677 4.325050066 7.480528011
29.587961832 -18.197695437 -10.184155249 0.033390455 -0.043942043 -0.260057673 -0.964014617 10.613724031 -3.467867626 5.046655241 9.121768633 3.885035348 1.671646732 3.478520596 3.029432939 3.795206854 7.054512482 0.363287989 3.452426862 7.313172106 2.419032435 3.359637180 3.687647778 10.765459625 5.544985734 1.474441970 4.267126668
12.007424550 -17.423973365 -5.442301156 -0.329978725 0.459497431 0.716815765 -0.407616621 4.984284758 5.437481827 2.247521314 3.537266062 2.848698527 2.188891426 9.820555249 4.076732940 3.439793373 6.452780183 1.343633628 2.750824170 5.803820020 0.732307594 0.978166669 7.000141640 4.776664060 5.237181567 1.835808369 6.545023459
23.439279348 -26.189643442 -8.706792120 0.595729340 -0.102644854 -0.778058692 0.170866203 3.689075898 8.074551670 0.703950249 0.767701942 8.128535885 6.777205454 0.861489318 7.299784999 2.775131758 6.576249872 2.091698230 3.853461533 5.002613401 3.227054615 4.576576232 1.184208904 2.233988016 1.105158239 10.747430928 0.766191036
23.848591505 -15.059526701 -12.446467692 0.589577432 0.369031140 -0.121464659 0.708138974 4.366986195 6.314873454 5.153439891 5.143874834 2.974173064 6.856077604 6.273038284 -0.179628490 2.408014923 0.669754125 6.293473474 9.259658742 1.687520554 2.903253819 8.410425007 2.659774967 1.927367603 0.011762779 9.642834174 4.484661504
23.760153354 -21.868998985 -13.655215516 -0.522740800 -0.306844434 0.782598929 -0.141871299 3.996366339 3.177992969 9.383972664 5.837329730 6.484245514 3.169853831 7.686691813 9.236761080 3.428694303 7.253874926 -0.174227144 2.200156887 4.855914931 7.044850879 4.486916840 6.042973929 6.306890109 2.526634342 5.427100271 2.772605096
15.885202879 -14.137749696 -10.711561617 -0.306544603 -0.272340634 -0.382256741 0.828094662 2.813886328 -0.476044014 3.528035837 8.407775825 5.067240971 5.068537075 -0.919177960 5.047461798 2.104327161 0.866939013 0.773613231 3.024164316 0.691643725 -0.184695322 5.626399085 3.369542014 1.484151995 0.138719682 2.220134195 6.190788063
25.410152775 -10.108345201 -11.321075773 -0.897215054 -0.416886909 -0.051859415 -0.136092077 4.929688847 4.351862932 10.548170928 1.375074259 2.427227215 3.690398283 -0.692803263 -0.583962700 2.322609190 5.718578773 1.531101594 -1.101017812 4.009680589 6.015139612 9.102484036 3.930775502 3.304746977 4.481132373 5.758256165 3.598904046
17.105839836 -11.734437955 -11.869399319 -0.210027012 0.900574630 -0.310789525 0.219690377 -0.500014002 0.439396265 2.455510008 6.135727854 2.559614310 2.249593092 -6.827287025 6.539146102 7.930346300 6.665752742 2.352744951 5.461967309 7.206908420 -4.548298237 2.341877578 -1.808482384 1.935616981 5.332967083 2.759516430 -2.564578891
22.348309589 -23.233560682 -15.914878925 0.650362511 -0.367177270 0.576266433 -0.331853063 1.818421327 10.084887024 6.544906624 -0.969236031 2.509990062 3.286354427 7.015899533 6.635458563 1.840009518 4.138398582 5.801277100 4.114038500 3.195902276 0.706532387 6.550330002 8.293454870 3.017281563 3.496239254 6.936264701 4.514840661
28.395177955 -15.207854766 -9.143063755 0.558790677 0.116934713 0.820907406 0.013794309 4.719981800 6.391716811 -0.296089808 4.364548345 5.969792784 0.209701114 10.104714195 7.778805407 5.450974970 5.306627349 9.012618542 10.301459358 3.838203896 6.725303369 7.400919781 9.646110634 1.333862306 6.617184735 11.012982574 1.388427417
28.830830557 -20.075724584 -11.324599676 -0.632312730 -0.722378007 0.026902178 -0.278616043 4.819725407 0.998145127 4.837965259 3.647575468 4.510816001 4.116167489 4.123557183 0.945345623 4.667555715 3.760101266 10.259462926 4.963662221 8.436149458 3.985914163 1.257581064 2.138984319 7.144893730 1.252525567 5.285508101 3.384960291
17.411699966 -19.403361600 -10.468295907 -0.108104060 0.545040968 -0.820336535 0.135247271 5.295381146 2.587012186 2.253769623 7.092764648 5.652728802 5.989552259 7.024190380 6.335260103 4.174652210 5.367930214 -1.487551025 0.782514047 7.547941436 3.588658714 0.793861212 3.406302795 10.866306074 8.485097446 4.285650746 4.545995106
17.852813532 -15.860452799 -14.904080304 -0.135989916 0.620759369 -0.532879826 0.558751859 4.390224245 7.037092585 0.873590127 -0.388209837 5.502357107 5.496978046 8.139454268 1.877973169 8.239150516 2.735911140 6.580431352 5.427852016 7.503925206 0.363351769 5.050128655 12.295394341 3.309961944 1.978834365 2.910279971 3.476679433
22.012950787 -13.006358222 -8.656549091 0.532812014 -0.246605529 -0.381539794 0.713949898 0.651957789 5.634539311 9.558925605 3.958304572 3.801386327 -2.429500758 6.465718036 8.464777768 7.005175807 6.628043932 3.159091723 5.895246524 6.128016634 -2.271963149 4.444578860 8.389345630 5.729378820 -1.123643674 6.590057357 5.678800817
20.092627629 -25.700730298 -4.267966528 -0.192068030 0.364055649 -0.701744138 -0.581488196 7.394981056 9.787194556 3.530915522 3.657667440 3.556003153 2.254967743 4.077245302 8.112323539 4.545393891 11.256151321 5.575031570 6.144113896 5.507957855 -1.459934591 7.116921917 5.681036564 7.138118687 0.301276139 2.335664998 0.688612739
23.509825988 -16.078603275 -4.927194374 -0.681707693 -0.635849134 0.282021063 0.226792020 3.896607388 9.331717634 7.965644399 7.296900718 5.606032396 -1.654679777 4.466040619 6.935951339 0.474109279 2.124246330 5.743202055 4.793142360 1.254605124 1.204105195 4.262852153 0.566297108 4.103595390 5.127311670 8.241176672 6.702511839
19.812591942 -22.595984010 -8.114815229 -0.466592328 0.516558943 -0.561224936 0.447755546 4.465689538 1.936801236 9.872720238 -1.185901618 3.810911071 -2.338450200 7.068735322 -2.228384835 2.987555999 3.016717145 5.721057805 2.169535703 5.553336285 7.512410178 1.380655640 3.993444351 3.007012280 3.946958908 7.625226584 3.245301539
17.985116799 -14.921841543 -1.254566081 -0.714455090 -0.456420097 -0.500123345 -0.176383840 4.705293277 5.933517514 4.298716961 -1.713891782 6.528696135 6.546890736 2.221398792 -0.259981918 3.497109494 4.494675674 2.506188776 10.348707306 3.988968347 5.798464619 11.608148853 0.853861087 4.149323660 5.063179387 2.656284986 2.635132345
23.948788875 -21.251211027 -11.249634108 0.133165101 -0.287980316 0.853676811 0.413001569 7.904693632 4.273681466 6.255465743 2.631211343 6.317824714 0.787036183 0.438983396 6.627497695 1.651014225 -0.088772418 4.515743394 0.156963623 0.752049792 -1.730883123 6.309955004 3.759275357 6.343759736 6.963936905 1.567406538 3.102560611
17.195340454 -21.609959327 -2.894629980 -0.770367667 -0.027630540 0.512691829 -0.378044044 0.881290971 0.588389528 1.750826147 3.138847415 4.375002940 1.884550577 12.368934895 5.689376361 5.973621461 2.798344555 5.975013303 1.211287604 2.107642980 -1.092926651 6.874333871 2.098390418 4.264697690 -2.636678777 2.694233648 9.280560132
27.719917110 -22.288874477 -2.444502304 0.370074829 -0.247930662 0.546941138 -0.708823250 3.245558939 8.131420789 -0.990685786 2.200170593 2.620407053 -1.366888781 3.364732644 8.348695061 1.352556473 4.814010815 5.804276729 3.324185988 7.546852255 5.393314228 -1.049871424 5.761666398 3.479107135 7.306438110 5.088529685 5.485968638
19.585337621 -12.994383087 -3.144677326 -0.472323629 0.607529334 -0.387125228 0.507890298 2.846961243 2.920194616 6.263173125 1.406776145 3.086227036 0.596791281 1.251910730 0.546681982 3.712928359 3.406873615 4.228293297 7.902931027 4.999183768 -0.998571928 2.646057516 8.535345546 2.623223183 8.565790757 0.975200631 7.172247783
27.276689884 -17.536963316 -6.676066644 -0.080316589 -0.002834622 -0.957360857 0.277491262 8.630226411 1.302134846 2.418024960 1.099063149 7.173187191 7.678580889 11.229980921 4.386164079 9.664888995 4.583059909 5.170722128 8.648471678 -0.540969680 0.709221408 8.987010215 7.530675208 0.689371924 7.568035574 5.869187766 7.328752100
14.997674174 -17.562150173 -8.381762902 0.316926824 -0.311922200 0.846511540 -0.292711703 8.720855303 1.703432182 6.630628286 -0.241934965 3.764903455 5.702762806 8.550612231 5.731690230 2.454207473 6.581268421 4.188293705 0.704183753 9.713517106 3.168115652 2.947565553 3.581010253 3.743701708 6.314141043 10.624752034 5.574748809
24.241375311 -26.949737207 -12.012006939 -0.930127835 0.067799369 -0.260404587 -0.249909799 0.511681557 2.165221991 0.341427745 4.908770917 -0.310186688 2.197199109 3.672116526 4.377338999 6.736282095 4.339501295 6.629357938 3.215195884 4.560118242 5.834138105 -2.551499831 5.716187819 0.371160586 -1.479772255 2.403668897 3.528037798
13.452345606 -13.580849672 -11.114419353 0.914145569 0.047756057 -0.309511163 -0.257410329 0.905189496 0.213421194 6.108318910 7.726845346 9.167326051 3.151452308 7.009305298 2.666874545 3.747232167 6.574669599 2.750813687 -2.055983222 3.936474155 4.441286950 3.664284442 6.476747485 6.953013965 3.797900587 2.327977287 4.722346089
15.796870986 -15.848008638 -4.100267290 0.284138103 0.493180386 -0.495164515 0.656392221 9.569428841 2.117666390 2.033556594 3.762264182 5.039284199 3.499809772 -2.943490133 2.868888781 3.890963656 4.177466261 3.427347333 2.262780939 7.491151741 2.136405273 2.753042900 2.518024207 3.279233306 3.432541497 6.298512376 1.599552635
19.723655466 -12.946632258 -7.622002072 -0.614038527 -0.273624293 0.234981874 0.702046973 3.857227307 2.147366098 5.441407535 6.854006426 7.859907643 4.584443591 2.996980122 2.935377837 9.334726083 5.990527903 -1.066170999 0.006159978 7.735036659 6.706487543 3.581014505 6.650274829 2.622362336 0.560449302 6.959206907 1.643666149
26.955601361 -16.405123255 -8.909360461 -0.228675817 0.819666609 0.036186312 -0.523970010 0.866553174 9.707370470 8.831025104 4.131692659 8.861125739 -2.875114962 2.604373733 7.074155787 7.189333440 4.480476180 6.642803449 3.938514405 0.590853285 4.384221222 10.405916877 7.784920802 7.046185859 7.079544292 1.700847665 0.876375154
24.414782887 -22.031130090 -13.750070514 -0.550923853 0.225602683 -0.295054201 -0.747348216 1.846319778 4.746490969 6.538510962 3.209054115 8.058437703 -0.167345865 8.759497953 2.023209844 1.758307231 5.815102710 5.779679503 5.739724233 2.408980732 6.344128398 5.146789650 0.476829005 -2.088535576 7.678207871 2.007215302 6.739985007
14.464928557 -17.452534708 -7.798194477 -0.194899312 -0.281292658 -0.890237925 -0.300607943 7.394637896 6.906357863 3.430904141 5.479468537 7.593037621 4.168750810 2.948224745 2.913484109 4.911028180 4.523955872 1.894527549 11.359283611 3.949118455 8.204872196 5.173748153 4.208270825 0.451119151 4.737149726 12.080245678 4.380682007
18.931329389 -13.319922589 -8.080126345 0.210426739 -0.850757156 0.397582807 -0.271773362 7.606084892 -0.506644084 3.014989229 7.660971566 5.170828559 3.291818599 2.067964923 0.952888460 1.745228764 4.837722265 2.049535367 -0.576018695 3.423116648 2.334066962 1.007488794 5.613882856 9.904972526 2.136031822 9.765905293 6.659193815
17.048227105 -25.465650478 -10.971753651 -0.674385417 -0.345093596 0.645882939 0.094604168 3.109330333 3.033140536 3.166068567 5.836010539 -2.336121400 -0.838529265 4.693350048 3.802682875 1.152161832 10.006418704 -3.666000013 10.746105732 10.583997207 1.480606779 7.067164460 7.603404539 2.630331838 3.711564470 2.755726533 5.978060929
17.341340248 -10.107135424 -5.306956591 0.800787008 0.440135515 0.114192671 0.389847317 3.840545335 9.844702965 3.536578346 8.405798217 6.759375065 3.913074138 5.887824223 10.858461661 6.784323736 1.700840505 5.161238746 5.040953608 6.446965254 5.637814256 5.224408503 0.298742604 11.406456707 4.893827923 5.905049846 0.439329712
21.956345161 -25.314544359 -7.886489162 -0.004793836 -0.436751047 0.595123193 -0.674576851 4.947485766 7.499398079 2.002006995 9.417516596 7.946952250 8.758813800 -1.338206744 4.389847698 4.410521676 7.931876518 3.488678218 5.748524334 6.236980368 -4.649706343 3.105619195 0.085747224 4.530833971 8.158435453 1.219798403 -0.380034681
19.647635020 -24.768060182 -9.513008971 -0.678851314 -0.247031671 -0.035424635 -0.690565958 8.742392745 4.404134185 4.207217737 5.744535373 4.220978544 -1.091278534 5.373946827 1.948530892 2.908190712 8.104374764 3.074960807 7.850261121 12.258037637 4.110659152 3.654978117 1.778342769 5.979125725 3.568882355 2.758275714 6.441323839
15.017162456 -15.892818079 -10.614748811 0.980266636 0.068754991 -0.170144358 -0.073491296 3.232882105 5.712054157 1.358347308 0.677954051 4.894692045 4.969404734 7.047756555 4.792220129 5.029519721 3.755873282 1.435312491 2.524814077 7.811772909 2.967450182 3.872022860 5.313067644 7.320193464 5.291321748 8.094397221 3.322374989
17.971320212 -26.892278803 -10.921031852 0.357820553 -0.826959860 0.411970678 -0.135580241 4.608546232 4.122295417 1.439682857 -0.366888297 5.413871195 9.626681358 5.145505949 0.217414977 -0.077288051 2.180202400 -0.548109881 3.132740578 4.144481699 8.088927985 3.902658975 3.485988748 5.482984260 2.103390485 -0.845057227 1.729198674
18.369469677 -14.933951472 -3.803598671 0.138625022 -0.910850327 0.349121666 -0.171022946 3.511433868 5.870630767 1.385409277 5.772271816 -1.057108699 6.121184602 9.223636527 3.479613274 0.050505813 3.309367397 5.755661297 11.680330185 -1.054655612 2.542265529 1.281142713 7.525210220 4.504135140 1.628137069 1.063849686 7.224755672
22.281086482 -12.806008929 -0.232516799 0.402373533 -0.419720879 -0.576972436 -0.573613748 6.102780049 3.073896850 1.330386592 5.772332587 4.016449086 4.688576432 5.903334548 7.094706161 4.421553787 -1.056747183 4.368156138 4.547837955 6.260273831 5.716939701 0.239058680 6.650711470 7.656992119 7.835422485 3.421946433 10.896707425
29.058392253 -19.519665658 -5.757867174 -0.426747273 -0.508444354 0.505159190 -0.551529960 1.466565560 3.946534052 1.767925779 1.558564296 3.472648318 3.495911541 4.282044268 3.871108553 10.176586986 2.417660300 7.743900409 -0.589184914 10.653779458 5.411568337 7.789364678 15.167043682 1.904519340 5.555530292 6.899530804 5.073300104
26.119897285 -24.653259869 -6.707620833 0.415708214 -0.014864869 0.596129850 -0.686727689 6.978376105 6.167160793 5.926734796 4.946246807 10.334492067 7.609492541 7.241243855 2.625136780 5.820330687 2.555653631 2.381470217 1.442975151 5.529791112 -0.881049515 4.794135060 4.020397243 14.765320148 3.533867149 3.502721683 -0.794732931
25.221885134 -20.660072613 -6.606230244 0.825641236 0.400948035 0.392438556 0.059575173 7.488024378 0.158998926 5.052613909 1.225038429 -1.334250416 1.638588594 -3.195581984 2.932214812 4.254665677 1.395013120 2.019655505 5.117815643 4.474889667 9.815668121 12.344556400 3.618579812 5.215570462 7.045122341 2.947102247 5.965313936
20.781905738 -10.676572572 -3.855216039 -0.388699719 -0.769969623 0.256525027 0.436181405 6.208378085 -0.868131183 6.094958583 3.920564329 1.187719698 7.106729090 -0.083709564 5.514457186 -1.412057346 3.631253300 1.766731973 5.163287036 -1.487685117 5.415337344 7.757003265 -0.557994977 4.030806790 -0.816553433 5.011381130 -1.948175766
20.519506889 -21.572968061 -10.269810194 -0.058241176 -0.826019562 -0.054863870 0.557933333 5.427469748 -1.670720640 6.687840159 3.309073704 -0.327046303 9.213874397 8.392389430 8.404637549 1.595265987 2.227131813 6.262349872 3.343712446 8.436986653 2.831612461 7.827287856 7.524629491 -4.021228187 2.787080767 2.438604305 5.783720414
20.986739262 -10.322387044 -9.193357541 0.399674660 0.760238171 0.427363828 0.282237927 6.851605507 -3.012004003 0.093750667 6.056689563 2.422708210 0.156283924 6.680540531 2.535519036 5.364861199 3.803619717 6.587034914 2.976805448 0.465948207 5.957995518 0.749339965 -1.950860321 4.281995435 3.161582603 -1.533709415 -1.065201182
20.941594964 -26.887028118 -6.490031287 0.154991525 -0.813913458 0.167396288 -0.534322930 3.775879899 -3.068645953 4.535904861 0.277226061 4.828309524 3.889785900 6.022417550 2.601056410 6.533461842 -0.387739025 2.387294926 4.577854252 5.278322882 -1.549476345 4.433290654 6.803515596 8.323921964 -3.138472765 6.734308851 5.224328381
26.002898452 -15.590907696 -4.497192698 0.123462394 0.695201867 0.580558841 0.405466192 1.791055135 0.264194122 3.144865508 6.370503845 3.160217438 7.677254755 0.153782257 6.579761330 -0.369493137 0.862034649 2.770948861 4.703124345 2.187725286 2.622129622 7.891737701 3.286443838 -0.528352937 4.367513214 5.012790461 10.780019267
19.556691751 -21.557048158 -17.350285885 0.934052605 0.060845702 0.349938269 0.037238945 6.150895447 4.169215772 0.109199890 3.165801569 4.431516375 2.896609362 6.568659465 1.686061974 5.641035531 3.514226309 0.248652645 2.940001618 9.443546846 2.028090621 4.626730198 8.418284826 6.758330941 4.416711181 -0.724884671 6.475780361
25.692302497 -18.573162004 -13.421705074 0.488077364 -0.759691322 0.427264247 -0.045769486 3.255960352 5.700007884 7.489800680 7.572010729 2.268648369 3.198244087 5.643532541 0.330383719 2.997438682 3.597620720 4.880301043 4.011939131 -0.301042302 3.136173956 3.719968953 5.936477162 0.695941391 1.850872006 4.115539307 0.008868089
28.359993734 -21.258145034 -7.061348497 0.740423978 0.076955373 0.661096401 -0.093817649 6.283243886 11.867055498 -0.657419786 6.720267991 4.741716926 5.652435555 -0.844740619 7.485132045 -2.494910486 2.130368887 8.739146020 1.692271010 5.405591545 6.856890695 -0.466502205 5.111907690 0.818213933 7.864391015 10.958078110 4.288896546
21.113919294 -27.381885464 -12.835543450 0.322263491 0.482637507 0.707245522 0.403746271 8.337108885 1.721369195 1.484124149 8.833070567 5.774996766 2.614465756 9.690203531 5.083803078 4.336294340 7.335369800 5.400930746 6.157923330 2.839595496 -0.118216469 5.556236281 2.026959902 5.091849980 6.068761262 4.397847758 6.145275667
22.096607731 -20.507145232 -17.801988910 0.509230166 -0.348285259 -0.230781530 -0.752410727 6.651306334 8.035669315 3.313268206 4.488002871 4.417779291 0.212462702 6.419951414 5.253807052 4.896826945 -0.425901629 2.452978563 3.085035309 3.797859211 2.739603226 5.995344877 4.618125267 3.475417519 4.535377189 2.833917975 3.962425356
22.789450355 -17.756770343 -18.243226196 0.058688402 -0.099953663 0.851202389 0.511878335 5.440602289 7.467331906 5.398445158 3.616125025 1.512833484 0.550566147 0.862467995 -0.461064412 5.434453093 6.571228881 -2.695265927 2.724684557 2.183737981 10.838267571 4.167843373 1.537647888 6.461621191 7.380254103 9.446054572 6.418889249
21.484477095 -13.407665405 -14.632925791 0.488430043 0.837471712 0.222356962 0.103124230 3.700203753 6.735595158 2.335277795 5.425429485 3.649230620 2.823871476 1.132984439 2.621411231 6.073146422 3.929846863 8.030423578 3.724015770 1.458409916 -0.710408716 4.990662608 3.565636230 0.058017742 3.363224214 10.082647335 0.901652319
30.082172831 -18.601230332 -6.997330123 0.758104023 -0.421035245 -0.152789902 0.473986138 5.024911811 8.762451072 2.862951206 0.801247250 4.799685834 2.159613591 5.253610259 3.392205430 2.022293671 0.812282749 6.526744935 1.070546336 9.982259886 4.198756001 11.810475020 2.999445053 3.339372895 1.075664205 2.747189571 5.715804334
19.460886041 -14.924052533 -0.534352529 -0.321697094 -0.071146139 -0.482242399 0.811721304 5.054535180 6.738375490 1.670646557 6.598226371 3.715945013 3.438724975 1.905430177 4.817954097 2.416133881 -0.697750848 6.686704798 5.728633221 2.788088138 0.862923158 4.326918205 5.415616727 5.732334064 6.815124552 3.217681936 -0.268036829
23.386959659 -20.600877210 -4.350819563 -0.447393523 0.641433671 0.514466868 0.351746675 5.701899942 5.101066612 1.442744463 3.897880433 2.556417322 4.930822653 5.813121861 6.086561218 -3.736430983 6.322021523 6.076130918 6.371757667 5.453890412 2.156296576 10.187227677 7.796448900 4.069167602 1.955500032 5.522914489 1.846845565
23.777259313 -13.155062508 -12.501407058 -0.113858253 -0.098982964 -0.514344957 -0.844208468 2.879958743 3.374886486 3.047345753 4.735135934 6.038857376 5.530328163 3.632058598 9.596139224 5.417719209 3.164234073 3.838601882 3.340607006 5.977139931 3.478490674 1.272294954 3.614908697 4.443665676 3.624752428 2.881100267 8.032655462
21.715174627 -17.904049271 -14.436561877 0.640921828 -0.181150496 -0.710802123 -0.226194718 6.516176785 5.503168043 6.156852316 2.979701146 7.403413780 1.281943979 14.535773440 5.603223272 1.666329409 4.480742791 -2.907130992 1.854403329 -1.171541411 9.162480381 4.726829654 5.233027064 3.919854614 5.502021502 2.928776318 4.601512545
21.068242940 -16.913539983 1.123768106 -0.226431417 0.339734777 -0.059399986 0.910923013 4.263327814 6.748730366 8.604094384 1.252783635 3.325594686 2.128681040 4.939269339 -1.555573597 4.088350540 5.193802933 1.207020557 7.506357197 6.346359649 6.152707430 3.328333171 0.982435285 3.944497022 9.721841728 9.219869824 4.922335230
25.895678342 -16.230324867 -7.803344993 -0.125424292 0.018326167 -0.768576249 0.627075312 0.525038936 -0.504246143 0.108148106 6.206367918 3.544840845 2.248914118 6.304621544 1.284377295 5.948872314 -1.118176630 10.023595660 4.607522233 5.637021916 2.609518518 0.811676609 3.385095325 7.374686565 6.085835234 -4.691052766 1.039944598
26.720111649 -22.012009975 -3.414448859 -0.353835267 -0.367025911 -0.713063669 0.481282441 2.738161449 -0.849292047 -2.259841841 8.404849652 6.951130732 6.123069019 -0.153296778 4.767433121 0.548022049 9.141159702 6.432458295 6.230168456 6.691607472 8.012706115 -0.039877222 5.616635161 2.807583468 -1.678181182 1.689448668 4.859712683
28.061022960 -24.406664963 -7.281849103 0.285739886 0.379292993 -0.854932953 0.208756292 5.193131114 6.419008422 5.713000266 5.659339734 4.303668878 8.441277891 4.604102753 6.704963157 -1.772515227 7.071291949 5.870423937 2.896058648 6.408953743 5.055965866 14.264779602 1.158525727 0.760431507 7.119928937 5.383703789 1.171314394
15.132553703 -23.160413065 -5.961422518 -0.307631499 0.456961326 0.587722127 -0.592563844 6.663510448 -1.889363635 6.104422780 4.153037410 6.158703707 4.548097071 5.134013920 1.575873064 1.756387350 4.490593426 3.859859311 7.901520036 6.852400447 2.921837342 5.126390300 10.804390285 3.811189340 -0.069930796 3.969784874 1.310770777
15.810109298 -21.048806678 -10.378996810 0.338769683 -0.598106723 0.041647683 -0.725099249 3.556199905 4.736874715 0.441886727 6.977409606 5.904722130 5.237775096 8.124831572 9.097781483 3.626355785 5.600373321 5.192940457 2.611504421 6.002332290 3.873283213 1.286507709 3.250443902 5.053936786 1.144712854 4.420968995 4.063786722
24.168454511 -13.387216845 -15.254561527 -0.154743983 0.563415788 0.756052634 -0.294959937 3.449276344 2.241455423 2.755227582 1.087174237 7.069064532 6.332501863 4.929315338 4.926845309 4.112644214 4.960857854 5.889711524 9.844279983 0.565581550 5.756469906 5.333450152 6.789553431 6.395755229 2.339850892 2.307296443 3.418502647
23.454572325 -19.942127498 -7.320041389 -0.103546240 -0.492827666 -0.766130303 0.399303677 4.520377984 -0.750047870 7.948301805 4.441047318 7.457511674 3.409370334 6.726154545 4.310167748 6.235268257 0.970510185 3.175452957 1.308295636 7.415486197 0.662799885 -0.064532293 2.188750269 7.743431726 0.323203321 2.309764729 -1.693769538
24.714383945 -25.966719606 -11.505974602 0.921184761 0.274591231 -0.012916637 -0.275411425 8.055519276 0.449450210 7.429806566 0.385529287 6.233674752 4.200931157 6.943524003 3.742258920 2.906988151 3.109932003 3.187078751 7.641704758 7.878005233 6.923438342 -1.246814528 3.690314857 3.183734498 1.684368236 -0.291260039 0.803848673
17.629732316 -14.214996091 -6.124358142 -0.479750242 -0.308116352 0.119201047 -0.812831550 3.050458833 5.166923808 5.957590252 2.089520389 -0.960994307 2.731957379 6.501272318 -0.343711527 8.004673800 5.974517473 2.832676898 6.185379449 4.423615397 0.254821314 6.202038261 4.309366704 6.172516177 4.533504565 7.084538701 2.272420099
26.259965169 -23.579737858 -5.966091316 0.721157943 -0.655967522 -0.183102679 0.126930065 -2.017022594 7.146195007 4.473208071 5.916777162 6.623915230 2.772925462 3.854614951 7.777677857 5.775533624 0.312311261 3.502134769 -1.791764862 8.004181331 4.714403769 1.350076829 1.990921950 6.115388754 3.190656865 6.663833492 2.123679973
24.125490389 -25.347482873 -6.909285305 0.191632010 -0.814006545 -0.101137522 -0.538926450 4.171672718 4.269360470 3.213576885 10.250088261 3.103319562 6.035519855 8.867184814 0.449029160 3.192659934 3.845791885 1.849671826 2.263824000 7.698488002 8.340399079 2.030748215 4.585804681 3.787082111 5.979869846 9.508872763 3.826617475
26.204436764 -15.126089833 -12.753961914 -0.330944643 -0.678620733 0.100484227 0.647960234 4.902474993 9.060885668 4.521609657 6.523845499 1.850366310 2.762908833 7.162590586 -0.319165354 2.819335792 2.251873426 3.222798140 2.270890043 2.295573170 3.600958614 4.626451673 6.747057266 8.470554239 1.153379788 1.110707496 3.444600436
18.970722001 -17.576730777 0.481556672 -0.062698422 0.160905954 0.095600242 0.980325852 4.454012905 8.029329603 0.903148032 4.735222166 -0.310485747 -1.895179531 0.868117366 3.592328861 2.206162093 7.006636739 4.674322709 -2.120241175 -0.261167691 6.143343177 6.125482828 1.047517940 5.712073004 4.911415676 4.124008258 7.090121626
26.953985091 -13.503189496 -13.921518921 -0.389249302 0.885838593 -0.222772940 -0.118941938 3.020233598 4.178867458 9.274496520 4.635333951 9.043750857 2.189036258 6.665547283 5.202311429 8.119420408 6.257954723 6.113659927 6.036576288 0.398546599 9.249057231 7.345889607 0.649877178 2.736072603 3.035004849 4.033586757 5.992843633
17.803226284 -16.133376257 -2.304502043 0.085942956 -0.072745605 -0.375671208 -0.919887509 5.248612131 -1.949437021 5.021057696 4.700479881 1.040222393 2.821733232 4.727238932 0.484927675 7.220484220 9.559808627 4.864482325 8.870276569 2.889532095 7.504347811 3.997043083 3.290304348 5.457800787 5.187201172 1.072040818 1.669024937
16.075482237 -10.723429232 -10.806191474 -0.028543856 -0.644247079 0.313007802 -0.697249643 7.260138877 4.920680450 4.527230254 5.833928823 3.204102075 4.585964428 4.165809152 1.097815924 -2.880058398 1.546896977 6.779591169 6.577645451 1.291011489 4.629297376 1.023527111 5.874971247 4.724208641 5.332152725 7.380069302 2.773342737
25.536171666 -15.854678748 -5.487487960 -0.987216788 -0.144956631 -0.065991326 0.005977755 12.132404491 4.110166881 1.238198677 3.774591960 12.312101162 4.678442942 1.827976851 5.860750707 2.045774820 4.350346110 5.115141261 5.589918309 4.679777918 -1.486143874 5.585610562 3.898672403 4.216717546 3.940314050 6.653552636 6.120665432
18.576879913 -14.593348602 -8.895897933 -0.579808463 0.044056535 0.812619439 -0.039125625 4.868267772 3.376064392 0.017649168 3.319842334 5.812242414 10.585978841 2.949977029 -0.415730373 1.533623240 0.801757774 -0.059105842 7.589717495 3.618725164 3.088054957 1.514008402 6.918590838 2.336083060 2.238891650 -1.118095985 2.592415949
20.403755531 -14.908857555 -13.879950590 0.957162646 -0.058468254 0.146204338 0.242992640 4.524461305 7.361686188 6.212964351 3.119167575 6.146466987 2.576219062 5.757159870 3.401806991 7.078453182 2.168063982 1.201145535 2.243745147 4.333449963 7.665098375 3.056510989 4.244163094 4.142972968 3.882057049 0.606167518 7.592045156
22.380036098 -18.023369043 -0.281511921 -0.741822057 -0.482210704 -0.082368449 0.458681057 5.309047724 0.935051135 5.210419904 -0.964891023 5.460298701 11.505849045 7.701249766 3.476667224 3.440671795 4.594502207 10.567412965 2.771527500 0.969764841 8.906717594 8.024141197 6.463598866 7.516947209 4.202060371 6.083750701 11.630352290
27.357961252 -22.470374365 -12.635887889 -0.613674024 0.203184626 -0.599467004 -0.471974056 0.249590480 11.576914637 4.841293937 3.231774863 6.841942454 0.823428073 0.034397193 -0.691466754 5.889349588 8.265714376 1.941424150 7.826057351 0.799349962 3.341409969 4.170830614 6.700931132 2.968332978 3.667323155 9.086976513 5.516654234
27.560757916 -23.063971621 -11.475296894 0.372627118 0.839262257 0.208270681 -0.336765820 -0.635629827 1.938189166 3.013503081 5.918366473 4.855377461 6.730250542 6.591587910 3.320151569 9.316483224 1.743444670 0.552592928 0.147175239 1.160361673 4.529162897 4.583874920 7.953189182 1.730120847 3.812515660 2.341929354 0.396990039
20.300453839 -16.879714268 -5.811953029 0.580955622 -0.443252994 -0.681175715 -0.044910953 1.750146135 4.709716542 1.093894194 -1.045626525 9.112496842 1.187357877 4.132379577 -0.827415114 5.064731806 6.451281281 4.003924214 2.352531751 6.045031407 4.957276648 7.335651558 3.447774640 3.966493952 -3.018249309 -1.420169510 3.128267972
24.576176265 -26.731071120 -11.171375708 0.738973956 -0.117046121 -0.082744145 -0.658309277 2.867035569 3.823266464 2.556081515 3.351522633 8.895148196 3.577493566 -1.324908928 2.320161268 -1.758647226 7.854258767 0.883070765 3.035549361 5.326432499 1.441500313 1.603367052 1.765702543 6.186645706 6.365300511 5.287666164 10.551075690
21.395806298 -20.358786510 -7.163409667 0.287129163 0.014956881 0.364646548 0.885644415 3.630451664 6.533905221 7.492693883 4.747370819 0.621208290 2.664311648 3.364690045 2.986784902 4.543739948 6.252250905 2.949840744 1.055689193 4.662425957 7.099170399 4.380088075 3.266357799 5.682685526 5.374369490 1.474290175 4.303246627
30.392240389 -14.423228773 -6.506547405 -0.700148515 -0.626080479 -0.258138364 -0.226229695 5.200492547 6.831688148 11.833317867 2.509235280 2.987338524 7.159815573 8.304317769 2.772768369 5.273742223 -1.841844217 1.968912275 6.274191371 5.572381156 6.441172240 4.909221260 -0.474461799 7.151421834 4.031745267 0.211741105 6.920239675
28.049844576 -22.053386293 -1.775894743 0.112031401 -0.520035057 0.679984976 0.504611669 7.068332225 3.852967254 4.851746762 10.632388877 0.497790061 9.139489858 2.493795784 4.692085360 7.117608657 3.972269311 8.325265792 8.284140022 1.475737155 3.520048537 8.299253862 3.368540534 0.593934284 9.433079796 6.172282711 2.582308742
25.355931875 -23.634576479 -12.207669156 -0.248844011 -0.409940885 0.825807694 0.296760479 4.419800190 2.830950233 1.402282668 -1.164575660 0.945501531 4.655224351 0.126947096 3.663563640 5.914136994 0.708819396 5.476867447 4.229347412 -0.217807762 2.383896378 7.942073618 3.450411444 6.867805472 -1.240168003 3.871398680 1.526891977
25.453413993 -10.343584380 -5.453576336 0.491710057 0.023789609 0.870403557 0.007274755 8.347572536 7.234739278 1.897827415 0.222391312 5.663540121 3.497844450 10.877060645 4.660681132 7.085083319 4.429271912 1.611829541 1.854432823 9.468822563 1.132434969 6.981374204 -0.205784045 6.451361270 1.740370575 5.009825503 8.406949942
15.524103977 -16.041102552 -11.743866949 -0.550892293 -0.232185899 -0.643961053 -0.477411302 4.432812350 4.069613934 2.842669484 5.875640457 3.319900416 4.059202809 6.915002676 0.300304733 0.063237864 1.557293320 5.718925759 3.640504595 5.235300992 0.306959941 1.269737831 1.022393787 5.825878833 3.475557080 5.825459894 -1.067628522
27.435053333 -19.262743182 -10.892157787 -0.583413359 0.784297090 -0.127026146 0.168437777 3.149497455 4.084804649 5.185918794 1.111368621 3.459396126 4.118174618 5.617872858 1.970209984 3.245800643 -2.526009183 -1.913865478 0.085516421 1.532872321 11.744961767 4.063312627 11.957928264 6.181180773 8.385153963 3.084108281 2.082354366
26.592384283 -14.101984589 -10.137346886 0.803058459 0.248528792 0.479665929 -0.251497810 0.116710062 1.547903471 4.245043256 5.696887563 4.681289282 6.494533216 4.200655532 4.917314954 0.529628753 4.707538772 -2.637110521 6.796770083 2.020477308 5.170534193 3.157655320 -3.267598655 6.076942210 2.005161131 6.382727020 4.234238061
27.676465747 -20.271792489 -2.748853045 -0.604448669 -0.235770210 0.295010814 0.701443393 5.512599528 4.920228485 0.747275672 5.908714705 10.733460104 5.794427418 2.971752303 2.871562189 10.247444793 3.093708950 -0.903457940 5.567407607 3.653635390 -1.467630895 4.890473890 2.590468020 6.636841343 1.352444106 6.992975796 2.974424396
19.143587043 -15.524139487 -11.007819535 -0.180765942 0.122208126 0.799528853 0.559591335 2.695472297 5.273906868 5.657151140 2.581540205 3.705352798 0.606011605 5.466772527 3.675930797 4.886835242 7.240878780 -2.287007951 2.944608671 6.161659853 4.120776563 6.744227244 1.604748731 3.170526892 1.325485493 1.536783381 7.394441430
23.274204166 -19.530929081 -13.187662184 0.297530123 -0.165113418 0.714385426 0.611446521 5.461275307 6.831963856 6.264024588 3.285990514 5.558113561 4.981823403 4.421075139 7.666145990 1.039527471 3.331536696 8.588417921 5.019817144 1.201278326 4.978103594 9.646741414 4.705500468 -1.891887146 -1.804027854 -0.494215295 3.066535492
22.209103645 -19.721175922 -7.073185562 0.095512743 -0.960145064 -0.250190303 -0.080022403 6.923768616 2.690855486 4.512367632 6.100568255 9.077450362 6.906705090 3.937043419 2.968832008 2.004470220 5.077179035 2.995031048 3.915787040 8.733354642 5.955456285 -2.366023215 1.650013997 4.870620386 1.485962772 4.628872314 -0.685741005
23.701050656 -17.661969415 -2.235094460 -0.579092527 -0.172763022 -0.791500222 0.091280787 2.134453666 2.535598829 9.182423246 3.197801929 2.625640331 -0.100812811 4.261628595 3.885155522 7.428895655 0.854713017 3.500612739 6.718624319 3.292849081 7.444165695 5.351332941 6.390151383 -4.624110325 -3.892400457 4.731308312 10.300366662
22.900681759 -19.334001195 -5.627791253 -0.144711403 -0.587934921 0.791971987 -0.078558958 5.421124117 4.066049492 2.857472868 6.479866924 2.358182525 0.703739957 1.223519655 4.236402711 1.635350558 0.502032033 1.814244085 1.050311501 -0.384755121 2.238880214 0.937654335 1.807497652 5.185779112 7.183711788 7.873701485 4.693499513
25.086304265 -20.595132541 -8.088220927 0.799273572 -0.539098071 -0.072884447 -0.255387713 4.825667196 5.112683207 6.255482467 5.180392685 7.586691416 5.282626880 -1.389144759 6.083358494 -0.451116613 3.987564870 0.702063087 2.920444289 8.979898133 8.547149948 4.227727094 -2.002113241 1.287559616 6.019956747 5.923695858 7.416559825
19.690473259 -17.007816156 -14.583503143 -0.136807707 -0.371444340 -0.668042003 -0.630105257 2.848770053 6.879014362 -2.262856505 5.905378903 5.040667774 0.738213533 2.993859249 2.809740933 2.869528677 4.832368801 7.691727708 -0.025073423 0.165447373 4.804409794 0.631105646 4.483297187 6.118636805 4.373053369 -0.921884410 6.416112221
22.703247179 -16.981951022 -11.911940375 -0.090531276 0.223813674 0.172595249 0.954946285 7.758449812 0.310943245 7.366226893 6.830510988 1.520669381 6.742221595 -4.777806799 1.958945237 3.839798496 8.918683005 0.780797159 8.622246613 7.631841753 7.462420859 6.750769767 1.575057595 -0.421097146 4.804058700 3.338272830 8.926889276
20.081942615 -19.072603429 -17.574432502 -0.445150997 0.693535119 0.365800473 -0.432480800 3.671617721 4.721987137 1.095299965 11.675987365 8.702050455 6.128495819 2.383122158 5.875912116 -4.563136834 8.978847154 5.012246710 1.191088483 8.000388134 -3.449395896 4.640392228 1.391860295 -1.829385307 1.966276502 6.345464417 2.481502268
12.622029010 -15.174354300 -10.325883787 -0.609821431 0.735082728 -0.233401375 0.182469183 4.389582495 -0.069260080 1.969689266 8.703049075 6.693100905 1.699326956 3.771867196 3.342039906 4.465272560 2.209660629 5.800912617 8.862008964 1.045222922 1.121429247 6.201891331 5.371035684 5.079453769 1.142012186 11.470092322 3.306519262
12.810234161 -16.013855701 -7.648269062 0.049935798 0.664863883 0.095109287 0.739200011 -0.790968781 12.193971672 5.016491787 6.640202855 3.668433048 4.662668908 -0.635404912 4.459627967 4.509143166 3.331888333 5.970552554 2.560686896 7.020171729 3.578931538 3.689684580 1.274649623 -0.040291487 5.533546249 1.850814914 2.941660850
20.153204695 -18.225080433 -17.976442645 0.194821930 0.827979181 0.436923286 0.292562701 4.520578492 -0.129819659 7.547012445 4.127607481 7.199076786 6.852708371 8.253837572 3.734625489 2.139919065 -1.442721909 0.154575920 1.323410321 8.629098969 1.691350550 2.043553269 1.487036300 5.545166328 8.670824706 2.974846996 1.435976219
20.832856315 -12.826418462 -14.688005982 0.266192776 -0.761932541 0.339900012 -0.482771365 2.010482219 3.598189853 1.456560740 9.312615782 6.569814531 4.226742203 -2.315863217 3.328592601 4.803454980 3.211434247 2.602425312 3.816510887 6.739325871 5.450811859 7.002388613 4.265635550 5.300793763 3.994938250 1.095571254 2.711854247
20.887053926 -27.894790244 -6.716773443 0.679410520 0.056451460 -0.332252784 -0.651784217 1.114498591 10.481115898 1.278028144 6.498473679 -1.754350807 2.186518110 3.124562843 7.976544105 11.122534007 5.925462906 7.215391098 3.591727570 0.438882687 4.921816460 6.304968730 0.266244289 5.237300670 5.773432009 4.233197496 2.187732414
29.050651884 -13.879086386 -8.460324727 -0.029272537 -0.122145141 0.540096555 0.832177501 0.927600713 4.105608616 2.605238006 3.846059971 8.094222735 3.397549960 10.707767314 1.987788418 6.246428470 2.297658633 2.088296463 -0.107183128 0.892998929 5.310884723 7.039236774 2.461544120 7.171338093 1.649223404 -3.457544828 3.113981201
18.892170343 -20.850867769 -2.924325748 0.683965746 -0.638009971 -0.347298888 0.067213222 3.381009924 3.417615333 5.140473437 4.302919972 -1.185831643 7.938245243 2.159733603 8.478690340 6.689135333 4.242176697 6.496826826 2.937142609 4.590383187 5.537359143 3.721053649 2.123054255 12.496443055 0.919244641 6.779912545 1.566381452
20.277288138 -23.550000248 -10.070507395 -0.953187419 -0.224254472 0.198071877 0.043717371 7.234437595 6.541183950 1.395685472 5.612964095 9.494066583 -2.071106034 4.830857167 3.282824366 4.171375062 8.235460201 4.861133724 3.543270145 1.366452881 10.241246372 7.916287994 3.281201687 2.721830724 3.606572841 4.418008267 2.859468933
20.758808204 -17.846355218 -11.594253037 0.148006580 0.429443752 0.886291255 0.090332322 4.452990586 6.767812607 4.251761394 3.833468029 3.330911223 8.444909593 1.925704666 2.867721187 3.375930815 7.297400102 2.169496261 7.786029171 6.189960854 3.611179159 -1.836619475 6.282458719 7.107357441 2.447779489 1.734342210 11.743367230
17.106470523 -26.440719070 -6.103654472 -0.327815869 0.467009625 0.516707687 -0.638319616 6.059075313 5.695375999 -2.039167309 8.594810873 4.223145230 9.107159992 0.180461085 5.711322991 6.738723982 7.955978252 9.655973276 5.570052662 3.593295973 3.980132428 3.322290334 3.713924975 7.824504432 1.294657306 0.163931293 3.248557185
24.271386585 -11.720723857 -12.551019701 0.669237187 -0.086891815 -0.607889068 -0.418380545 6.724669400 8.391144789 4.578711289 5.782241497 3.870455974 0.387095220 4.354746759 2.740332780 2.725641911 5.136214209 2.097523542 1.468683909 8.852872717 3.902927951 7.148693872 1.674083871 7.708139590 3.151851002 2.311804125 3.970186960
23.607236807 -21.751996792 -3.653418204 0.574872703 0.272021672 0.400891089 0.659402699 7.153617470 7.532238088 3.250250169 10.232417617 1.341814976 3.622563854 1.313140399 3.942135770 5.157316080 5.095229227 5.910211610 2.835201990 8.876823439 7.662577327 -0.913195267 5.456463032 2.282635831 2.270496576 7.670972901 -0.783114267
24.792230194 -14.580482448 -2.084209746 0.798654737 -0.537588470 0.164483013 0.214696500 2.675356133 6.356764786 4.451577189 2.881127155 0.752148731 6.507731345 6.918836779 4.619461630 4.270994170 4.412445894 6.723551275 9.187188198 2.149185043 8.705340296 6.870555764 1.536160641 10.484749863 9.491285034 4.231405466 0.824829538
14.877091977 -24.252371491 -5.516676061 0.960083123 -0.017652146 -0.210385069 0.183485480 -0.237468707 -3.357053848 -0.284010166 1.724473185 3.092290050 6.196032643 3.069535063 2.213761822 -1.446003228 -2.513066375 7.267845362 3.443047929 4.959512595 -0.098150837 4.880375011 5.067820290 7.588212616 7.688203782 3.653770886 8.920883321
16.766342335 -24.140196219 -3.988476202 0.381682403 0.020470836 -0.694473330 -0.609595179 4.041361589 1.352715383 5.067557884 8.542569776 2.449013954 5.477139450 6.536059791 3.361078951 2.759867537 3.393362428 0.391712683 6.237064738 5.979743554 -0.001742699 5.042612440 8.198503750 1.240364746 2.694508292 2.991584041 2.201607290
23.036608670 -27.757903263 -6.459779613 0.048602119 0.305141148 0.605958686 -0.733035323 -0.278652056 7.314993056 0.313414970 6.305182284 6.974256012 10.203455618 0.957238626 4.451162809 7.499463687 4.811484498 6.853571631 6.185865563 -1.029181436 3.557849985 5.128881848 2.042134680 4.781133331 8.234503631 0.889662752 4.808089559
15.248222474 -18.532481574 -4.041179508 -0.468468130 0.596343378 0.489684768 -0.430256916 4.337647500 4.814879429 3.212409342 7.989107352 6.369880517 3.079532380 6.075613084 0.556030873 8.207611021 3.257847540 3.653866030 5.712953293 2.071697553 2.027466266 3.800517474 4.828777070 1.949681174 5.153224957 2.355124123 6.499208360
13.072928927 -21.559403722 -6.881549702 0.410267192 -0.684781882 0.476767321 -0.368031964 0.500353674 6.152891310 6.563471389 5.077471864 4.928767997 4.730395480 3.492229562 5.723537456 7.764363147 9.917614266 2.097651518 3.375151376 8.016040035 3.002942043 7.100674855 4.857045190 2.972938558 3.115158496 3.793637828 6.919075134
12.664770492 -15.822913415 -10.891066042 0.567493368 -0.531631706 -0.626403583 -0.054199245 2.513568272 3.501514412 4.006025584 4.362583497 0.714076874 3.664795988 -4.463043770 11.910748501 -1.459521323 3.005979990 -0.809465841 3.564113486 4.423379390 -0.618325765 1.249100900 6.339630139 6.898727276 0.037371874 7.653459710 9.468270754
17.493313702 -15.279055766 -15.902538347 -0.367131133 -0.867963255 0.287454414 -0.170951682 3.116467545 3.811372527 1.416286864 3.190758810 6.661327160 1.593345700 3.355911671 5.577391843 2.303384331 6.814433393 8.740106849 10.281186410 6.731968468 2.846027722 5.581693687 3.776438035 2.629095381 -3.178004515 2.588530893 4.459757694
19.474641876 -11.103434892 -6.335111149 0.829307341 -0.283552783 0.425441632 0.225491844 -0.782297362 5.575585913 8.318590729 4.040185279 -3.735339826 2.076438118 -2.543744037 3.729430348 3.160172318 5.341299123 4.086935594 5.157431415 2.350309487 6.203235026 6.265094861 6.276672098 6.683215772 3.481441352 5.614938646 0.815763672
17.175867483 -12.570838664 -8.210902101 -0.211994887 0.568648382 0.433045336 0.666459994 5.452356232 1.217291023 1.111948215 3.944028813 0.292363599 7.483651354 2.521657591 2.736563443 1.988291835 4.415269367 -5.201375672 3.132720411 5.117656302 2.408431713 4.858851192 2.504343945 7.625787794 5.361456386 2.995374339 -2.981864499
27.288505650 -14.111249025 -6.380061834 0.040425360 0.078559100 -0.962244563 -0.257448361 5.591365754 1.182528575 10.826015503 4.198955138 2.934408304 6.877328350 -0.210503473 8.779023736 -4.311100134 2.872686897 5.150089472 1.788438238 6.288271784 5.698297538 7.165723749 2.235326891 5.743031094 6.681035918 4.525776910 4.472671719
17.763739424 -15.926397233 -6.334311346 0.956375876 0.183861721 0.033963148 0.224469497 7.575066226 4.354040254 2.569210712 2.793488106 1.569609692 5.546550184 7.691631680 2.321509542 -3.594863586 -5.628707826 4.138684984 4.549194265 -3.443544680 5.842880314 0.123220563 2.338369883 6.982736736 8.124858793 4.037258696 9.884133432
14.165464700 -20.725908952 -8.472726729 -0.292652550 -0.300730152 -0.697680186 0.580653269 9.279372793 6.387174677 0.071633510 6.127241542 5.601751592 0.564761490 8.946015994 1.868228555 2.698911679 6.399559702 4.907797135 1.324680421 -1.252515565 4.960574599 -2.922009304 4.947077705 1.269204350 1.366773046 1.100591113 4.393745008
20.877092983 -18.712245234 -9.533572138 -0.672353061 0.297100113 0.054509515 -0.675797009 6.069831214 1.730096317 7.506774826 2.907432474 5.882901430 4.484472460 -0.570104923 7.721450577 4.923777363 2.749534867 9.228727783 3.349920982 3.886467692 7.270603518 -0.753990047 5.969385576 0.515989294 7.275113428 1.845996362 3.811413528
27.818303733 -23.208115302 -8.646246623 -0.860683757 -0.157791037 -0.459134030 -0.153366884 -2.800328485 9.151835968 8.607422480 4.339341990 -1.017279190 7.334391753 7.740956868 0.110382480 3.096258626 -2.352450083 5.916609668 -1.270042007 6.245081080 5.569118602 -0.161492562 -4.206953727 5.303860794 0.948440403 3.210119194 4.165558566
17.106447292 -15.244988202 -15.268668989 0.002074688 -0.392929235 -0.541438108 0.743267843 7.608418990 7.252203839 7.617848556 0.246660807 6.270340997 9.004757852 6.221660272 0.879967014 6.490182642 2.829688941 3.951586717 2.385636125 4.619147055 4.000602899 2.733126181 7.943157406 -2.783447535 0.270015027 3.923891395 2.640907790
16.093234605 -16.775904096 -8.690864221 -0.334201187 0.057350394 -0.717603651 0.608330091 0.949740825 2.975468752 8.402614693 4.878198174 3.097685533 2.069930098 0.580154914 2.391916248 0.978705243 2.639808733 3.243740449 1.211400842 7.589705706 3.877979824 5.414282762 -1.570386101 8.496915322 1.403930700 12.812519655 8.979967051
18.077538023 -23.387965321 -0.593357968 0.432400321 -0.142598001 0.795324630 0.400193086 5.143861975 1.967275341 5.518045880 4.460492296 5.467435886 3.091395599 -3.686017431 6.699431669 7.235565535 4.258854938 3.749654493 5.119004967 4.675708880 2.456509324 2.802300576 3.817002961 0.458208149 1.263081571 2.753992583 2.960913644
17.516394874 -22.903656798 -3.238737192 -0.432742431 0.696250326 0.268898795 -0.505631199 10.626647166 3.310044972 1.942830284 8.090292617 2.989232945 1.232737852 2.369544425 2.282234294 7.682878019 -4.068600408 0.016968071 2.620848778 1.185415240 7.615920182 3.290989249 4.582274627 8.143819825 0.941469286 8.775381694 8.371415508
23.778570562 -22.137386328 -1.426409042 0.350249408 0.820483408 -0.421450020 0.162825705 5.149002001 4.186113332 0.946578302 4.479063209 3.923158188 4.211886864 7.100087340 1.510643812 3.981839827 1.321934006 2.596733190 4.214241836 3.657232907 5.649523659 -0.373686012 0.983108763 4.906470547 9.375101715 -1.057695065 3.221100361
24.578000533 -16.509935933 -0.894950480 -0.128513670 0.821831546 0.263261948 0.488641273 4.599589346 5.750809286 5.115668605 3.739326557 2.312757948 -1.078068452 3.348604862 -2.813379281 2.957927901 5.903912607 4.231632784 4.301601211 5.027186489 0.072309353 9.390442105 4.115569805 7.380772566 6.610863460 1.621644592 7.270028067
17.558055866 -20.263761243 -7.157233131 -0.241666776 -0.484662600 0.794190127 -0.275610914 6.976323101 5.454802836 5.379233585 5.753363763 4.963313383 5.371966069 8.955081160 10.128806323 -1.076173366 6.991032144 2.968059072 -0.589476973 4.118061008 3.344019092 2.649682896 10.361589953 6.222753762 9.091268426 4.640275634 3.017483635
28.235092335 -14.770082294 -2.365170659 -0.066176547 0.802254256 -0.494135254 0.328388678 1.903009076 5.510265046 0.202636425 5.120781646 -1.693613520 3.122604021 4.201855264 4.736133815 6.409303484 0.660894910 4.406900931 2.773557959 3.591594661 3.596616487 2.280880423 2.391943575 11.603491934 7.907115264 0.224500622 3.585258658
25.477921112 -21.921090042 -9.562839593 0.333842000 0.688530662 -0.567698167 -0.303634382 6.514658724 9.192018285 7.169072632 7.300802642 -0.996206658 -2.231180042 4.730434219 8.400245184 3.226885897 1.925427531 5.050950252 2.905980579 3.596057855 3.640219116 -2.224621035 -1.146097673 3.542762629 7.100562143 -3.536026203 -2.757928120
25.026393500 -20.661263729 -12.307869920 -0.939953563 -0.107667052 -0.163553162 0.279545109 8.750979002 7.802144606 4.406357254 3.096179218 9.683013174 1.169376646 3.383652897 1.206579913 4.429885392 2.959007016 4.097772013 7.068531191 -0.501446532 10.711405990 5.373804376 -0.363754455 3.455200385 -0.699232607 5.541012035 1.767198755
26.848311456 -22.219934460 -5.531428561 -0.480534077 0.560486154 -0.672107767 0.056687051 2.792209397 2.405927008 6.024346343 0.802274269 0.387960560 1.444175837 2.872620654 5.403885230 4.366154859 0.647192128 3.123866117 5.504478145 4.328116587 4.344749593 5.751305419 5.752488866 4.945095214 6.377999509 1.326095902 5.310813858
25.395156208 -21.570923134 -13.089157964 0.899637500 -0.243671838 -0.146582772 -0.331345583 5.594814238 7.071091642 2.913458874 4.082160789 5.327940144 6.593570234 6.766300218 3.524030287 9.241640089 6.537079273 9.364263890 11.236885706 3.215789225 3.466321173 5.017468709 8.674366365 4.365573719 7.459159103 2.797412461 1.867635611
16.042185324 -12.336453989 -10.273458882 -0.508897655 -0.238607252 0.807319399 0.179791944 5.300737938 4.604059577 0.808823074 2.147971536 8.225330329 1.313759061 9.630934594 10.207317762 4.707669734 4.514769756 1.911355737 7.817652917 3.841617697 5.092716647 6.206359660 3.618876337 0.745362199 8.524778486 6.474569681 6.923971981
26.296405227 -20.593201930 -6.880693214 0.219754264 0.176346669 0.133800293 -0.950109150 0.925362825 3.713362888 4.099004708 2.183094344 6.301961385 -4.490346049 0.519082763 7.217157116 3.742401185 6.506795172 1.198009225 10.052952208 8.077293648 8.142026381 8.982801078 8.610314459 0.628563053 3.931976243 6.320856165 11.727054417
17.618328913 -11.252471326 -2.775935140 0.910522872 -0.405675158 -0.069593680 -0.039146973 0.470236840 0.936804661 9.294539352 4.488736663 8.431281975 4.416057042 7.299417634 2.286919379 1.606424742 -0.916887992 8.775828190 4.857919799 5.301457227 3.771269336 4.506453262 2.457763625 0.550786878 3.703534263 0.132681516 1.971784670
19.402789764 -23.874646799 -15.273116465 0.271314341 0.864753084 -0.420525753 -0.041817748 1.517670421 7.777917420 2.941689831 4.101582544 4.190925733 3.320940766 2.007146419 3.514705409 7.145504509 -1.189562754 3.352044510 2.064243403 2.784364385 4.454693140 -1.223600784 8.133396382 7.161602597 1.873115311 8.142998483 3.467174937
28.657179555 -24.063186033 -4.510410394 0.489510905 0.588024990 0.390144308 0.512243208 6.214763632 4.262006648 10.656474976 4.299429208 5.748975446 1.372544756 6.866980539 1.842072077 1.680344333 -3.753790035 -1.447853825 3.721142214 -1.764534062 1.937358993 4.942760174 -0.727500745 4.534718288 5.405053880 1.892417132 2.091877542
23.462747862 -11.002827465 -6.711757032 0.724281715 0.564104611 0.277762656 0.282930898 6.017677445 6.165474138 -0.744011986 5.429421870 4.919234755 11.338414040 0.139677014 2.311213959 3.568461471 1.310580939 8.798465813 4.602876732 2.156445667 6.548907104 1.568021425 2.224035612 3.041556923 4.949349053 0.650174339 0.253844059
25.482992849 -26.307527939 -12.493919932 -0.934618097 0.260455049 0.141987181 -0.196193325 2.834495863 2.544145986 0.998596279 -0.979336145 1.265705735 2.468566160 3.466361499 -2.830845780 5.578713142 -0.370164333 5.585843908 0.693420643 7.791667524 2.081631173 3.205002594 3.593318640 6.060786613 5.973393970 2.870597331 5.126502924
19.049906538 -20.414383265 -7.499385458 0.759815355 -0.268366084 -0.531688353 0.260706285 -0.360777592 0.105973109 1.253367780 1.210706999 6.197988678 3.294036922 3.632161291 3.752632479 4.396041136 7.606291769 2.051683393 3.084391121 0.874883520 4.813227161 1.898670778 2.649689667 6.909193307 5.805981503 2.689517031 1.915631969
22.248556864 -20.291097907 -8.715298514 0.212316026 0.092532700 -0.570871551 -0.787696183 4.289253965 12.501154258 1.110567613 1.166858993 6.178635162 1.070775349 1.965460909 5.296466726 5.738043742 4.109107943 1.759542457 5.047602282 4.688281720 4.453629865 5.921346057 5.737965303 5.106682621 4.607472387 4.879692813 -2.920225295
15.023131865 -12.798250078 -11.965976573 0.087895459 0.006606374 -0.963204790 0.253904069 5.834301170 0.634870145 7.957274625 10.051909550 4.225358315 8.026189826 7.736893118 5.593223377 5.148089014 1.376934275 5.764018717 -1.221437782 4.211146258 8.074006211 4.911299980 3.862500071 4.450525354 4.633469869 6.476926091 0.461959092
21.271106437 -22.770278915 -13.034703606 -0.516707581 0.532532096 -0.442399255 -0.503692110 0.963687200 -0.351019050 5.598312583 1.728002663 1.544528614 4.391657445 1.097181893 8.893377169 4.409715617 4.088541083 4.031560407 6.449158126 7.189627337 -1.759141312 10.576753444 -0.479350191 3.786587954 3.923358820 2.443872185 6.377355000
28.671275269 -21.424846034 -2.917531918 0.119683630 -0.108842351 -0.209316830 -0.964373183 -1.302352451 9.015933766 9.131216095 8.442461386 8.718147261 -3.253230519 -0.398655703 6.175633352 2.848735955 1.736741691 8.859853374 3.847555913 -1.443366494 4.874109557 1.753063250 4.055957579 2.963394808 7.555760770 2.476052158 6.121400808
23.595155165 -12.966383832 -8.768044015 -0.322640040 -0.275981774 -0.898199476 0.113908591 3.498661102 1.629361902 7.070346956 5.092353246 8.619542118 2.626041880 1.701361851 4.970138211 -0.575259809 3.858917411 6.350849100 -0.235920908 5.464568167 2.402728746 2.552179266 6.013718772 3.548104985 4.508951118 0.736626590 0.821775447
22.202303147 -17.893770445 0.536968476 -0.234269700 -0.138802478 0.164106681 -0.948114221 8.039114915 4.677752795 5.180966517 4.322744294 -0.338617499 9.633894532 3.609865849 5.144393941 4.210613262 5.670683632 1.571053591 5.264847780 2.978649202 1.733320751 4.186048659 9.135569601 5.876264217 5.866240816 2.385043156 5.693075849
16.914620780 -23.761092825 -6.609815569 0.150867309 0.791066823 0.406439768 0.431577399 3.230919977 4.609921047 4.663735434 2.517358681 5.544947012 1.391344981 3.221226100 1.494581011 5.641763699 4.550393013 5.236096137 2.047018114 0.099839003 5.953328620 0.292302780 8.623634538 0.043268415 11.916533915 5.016427386 -1.175546576
17.295689361 -19.611844423 -15.316690116 0.811024696 0.364735718 -0.132343834 -0.437826344 -2.121832024 5.334958555 0.163372070 3.268645288 -0.194805771 0.511619890 -1.709894738 3.470788781 3.811079343 3.572559617 5.830473622 1.181342807 1.135439752 -2.395507296 4.896207541 6.971416414 -4.021900704 5.756861303 3.816794052 5.199625140
27.707375169 -24.167028763 -3.232593586 -0.620309044 0.151146890 0.130460638 -0.758519169 4.267363236 1.950016327 6.879008432 4.935845735 4.246434843 3.489126120 0.061149349 4.807055601 4.302509206 2.803570728 3.854591394 8.027029311 4.938131318 5.291509556 7.885449092 1.346713118 5.276174496 3.634256781 8.685510660 4.201116590
25.393228644 -12.863658503 -3.510369105 0.956054244 -0.060660387 -0.240107993 0.156935504 4.992455107 3.119784936 3.420851825 4.919834385 6.275751670 -1.629030976 7.992311373 5.502725179 2.275908537 -0.831903472 7.119475330 7.209631022 4.876560003 1.739704311 4.764509876 9.234679528 -0.592458372 4.390527769 6.368966430 1.727674034
13.548780186 -18.606668413 -7.832639106 0.790487303 -0.196315969 0.236706539 0.529679034 3.518633660 3.212100405 7.178300538 13.037218369 2.448762248 2.850179445 3.384626924 5.542617116 6.131001627 -1.417859820 0.179590654 3.068396108 4.189534619 2.756565615 5.296699401 2.377848350 4.294596906 7.550127887 3.476301213 7.586507600
21.853964795 -10.160651470 -13.460363698 0.636015262 0.400436633 0.632183848 0.188357829 -3.431839440 1.247755921 1.340117815 1.592716020 2.933174448 6.313931216 10.066966728 3.809268528 5.839238415 2.111449508 0.074344402 3.789997171 6.339787935 3.321599249 6.754632863 0.893322209 4.317577901 6.867955438 2.451446668 8.086497826
20.307367324 -14.777595136 -6.331676310 0.774625207 -0.086207390 -0.176283505 0.601205622 4.025449496 5.210426194 4.785620607 7.676493027 5.150717307 -0.179249430 -1.241344916 -1.209710571 3.967382087 2.870790896 1.048396598 3.896525595 2.040973605 2.839371116 1.187229902 2.256477095 7.556204360 3.159037189 7.261074978 8.018423093
16.830169417 -13.276511197 -8.864168472 -0.758092028 0.306598422 -0.562058067 0.124034727 0.179601365 5.905871769 -1.085992193 4.701152804 2.294091294 6.739466888 -0.896007361 4.102814135 5.258403033 0.337495193 10.233047565 3.622214542 4.102393206 2.221606979 8.325918440 2.321591895 4.234221170 4.270901075 3.197964053 6.018368776
22.472174917 -21.365404299 -4.616220960 0.677428737 -0.149136207 -0.339975567 0.635031741 -0.610499045 7.674969165 -1.264968350 6.747164662 6.598489832 6.786820039 1.844289754 3.829948233 3.480261150 4.264008514 8.562073400 3.197671741 1.877658218 8.454226489 3.574189995 2.492379548 -0.591715853 3.226050610 4.269490896 4.195579548
27.968018036 -24.093278333 -5.308367104 -0.028085187 -0.554622992 -0.831138563 0.028517496 4.205178801 2.180355790 2.686028772 4.561927555 4.096712896 4.637302001 12.838045739 5.743443364 2.929430832 5.380827724 8.511843819 1.262403149 5.062882103 3.434693765 6.638195367 3.589991597 -0.663486797 4.686682395 3.036270239 3.658766927
14.770696140 -23.538658030 -7.055135198 -0.185021067 -0.772133260 -0.571184318 0.208148765 5.471590937 3.093171453 1.655865645 1.064085645 -0.302027489 2.914987211 0.512754468 4.922643495 7.869091248 6.124292830 4.037916947 5.970248370 0.313695531 1.792069847 -0.088760025 5.291315668 4.516374536 11.205002067 8.912224140 2.922322562
20.644479069 -21.668346593 -8.045337244 0.323926745 -0.450075714 -0.181463137 0.812141888 1.334620214 3.148914383 5.288571041 5.716161473 2.188300414 4.893540110 1.988524987 2.899769954 7.130757720 -1.828939529 0.944799971 0.627964940 6.148988279 7.079256372 3.670237900 5.176955972 8.591100800 3.217839074 10.085284088 9.202410206
19.972840019 -25.983568352 -2.109561015 -0.639221907 -0.291239971 0.037980750 0.710726456 -0.338193201 8.392981053 0.211617642 4.866351829 -1.674789131 2.370338382 1.656122680 3.433256727 4.523504119 0.619701284 1.772753662 4.235735339 4.422941628 -4.246368058 4.208870332 2.190894531 5.933278030 3.557568247 2.577986615 6.438351641
13.662306229 -22.427438317 -9.638552617 0.456415473 -0.266634497 0.848752877 0.014474657 -2.958830652 3.036441708 8.153135485 7.109105451 8.161311609 4.803587917 3.529382729 3.357392905 4.621172632 1.421341956 4.933047586 4.350412867 4.452559960 1.300066323 6.460347755 4.395997617 6.192331130 5.347010140 1.991581854 10.139934516
23.501052370 -21.635553488 -15.941264340 -0.153458774 -0.069303788 0.746477643 0.643753460 6.111368374 2.248787635 8.113709676 2.596690497 4.552941407 3.037488476 1.864316742 8.323432994 5.503948638 9.599512455 4.041834561 -3.522706530 7.435896729 0.869746490 4.903377992 12.098956227 6.019393507 8.434351136 3.445873164 7.971916842
25.174106318 -24.140496656 -4.337704544 0.940364421 -0.206235548 0.004252623 -0.270487653 6.358806933 5.283503230 5.927456643 7.760028458 6.678242969 3.019986286 5.478705001 2.318714081 2.804120271 3.876439273 7.167698739 10.248751265 4.154624895 3.753894223 4.689237178 1.227343971 3.347922585 0.571442636 3.503518670 5.532657011
24.564095277 -24.220284076 -4.220888379 0.567853396 -0.033591448 0.141731672 0.810139660 4.824246643 8.529069303 1.429043801 4.890551521 3.598710180 5.127378326 1.764391909 2.122966115 2.366379706 6.001339867 7.506445939 5.363692200 7.218726682 4.406262680 2.201263065 2.640579794 4.113573490 6.485001494 4.868080408 5.745505622
22.962144439 -20.393090793 -5.282357814 0.072154650 0.753694884 0.151855436 -0.635356322 2.550634870 5.006484434 3.487683147 4.621650537 3.319785639 0.136463217 2.326497266 2.532131136 8.538823570 2.988748685 3.687718903 5.203133186 1.683114712 7.566834106 1.314403934 3.375979524 2.810301981 4.808479507 5.330399780 6.199731028
22.081812369 -26.881380235 -11.913911740 -0.352451465 -0.021335099 0.917589808 -0.182624542 0.641397232 1.478373986 3.525131051 4.782606432 0.458190970 0.653610849 4.052965637 3.721408897 -2.790265899 -0.151678123 -0.005938777 5.113764341 5.921751564 6.310433008 4.325083490 1.901672177 1.500595728 3.679585740 3.281324788 4.953190190
27.635343763 -22.692865333 -6.732074171 -0.084870859 -0.666182431 0.723966971 0.157701400 3.269870461 3.162115803 4.499469697 5.230477032 0.644959199 5.251797602 1.540358367 4.828698069 8.924117946 -1.229779886 6.298586899 5.990625977 1.995657256 1.640946975 5.233184155 4.525889169 4.993055917 7.374311616 3.420028885 4.896714743
14.041709487 -23.292738332 -7.951391971 -0.686692099 0.510535737 0.298712696 0.422584841 4.174162033 5.102087814 5.203585351 2.743371205 5.610031713 3.447992115 -0.391877202 0.104256271 0.567068416 -1.118100051 5.586563905 5.038928228 3.781640682 3.922420153 2.122733101 0.051091287 3.729131132 6.976370951 -1.102812356 1.761883399
20.738154465 -17.820557273 0.330431195 -0.023646175 0.138593459 0.362199021 -0.921436151 4.149911072 7.348876544 2.936333462 4.376725355 3.576640804 2.916505245 4.846826702 4.344775701 6.827559325 2.974003157 5.372512348 3.618017743 4.433050502 4.732829909 2.896418000 2.787211733 1.261277630 1.913283257 -0.329701798 3.324478064
15.957005739 -21.133564774 -8.571592385 0.238103646 0.850059411 -0.264406059 0.388323432 4.188892912 1.060956082 7.701769037 -1.356302083 2.803277634 5.435461408 3.513136541 1.004747585 0.074007811 4.964803701 0.659742622 6.919598595 4.292065007 10.040077897 1.664094702 2.665601184 1.904998641 1.717077739 4.599880174 1.723859914
30.147202932 -18.275298667 -8.620305939 0.089709353 0.144947329 -0.188889481 -0.967090103 0.941820409 2.504025321 4.338811378 -0.189157255 0.185713645 2.114966053 3.488857680 4.380807733 4.924919368 4.801903822 0.687738391 1.373722047 4.651680339 2.069559649 4.614140403 1.039100237 5.508462841 4.988943308 3.506915508 6.653568336
