-14.666202678 6.662887493 17.851314350 -0.555658914 0.204601330 -0.777743887 0.210940544 2.646565611 6.364877935 7.072784423 0.304394033 0.979048880 2.594578599 5.168063762 7.520369518 0.630796973 10.267551354 0.308332310 3.533952752 8.006410415 7.777293656 -1.587606472 -1.118117700 6.521799215 2.464355537 1.850220434 7.858695648
-12.277787330 4.130180997 19.262862124 0.046140486 0.052972457 0.968233620 0.239976313 8.489853321 3.007132203 2.053842591 3.322688596 8.420462325 6.287937735 3.734910399 0.834000284 7.044484417 7.040253925 4.089535123 5.985963971 1.759465966 2.930302732 8.003763078 4.432686396 6.173275529 1.564297431 4.240865915 -0.744606697
-23.189891018 6.944693249 23.786501205 -0.851590510 -0.403088137 0.271298912 -0.196749731 2.200550584 0.610632694 9.325667626 2.036460980 4.000708246 5.419896128 7.194546952 2.191214651 1.110916485 -1.257790982 1.316401512 2.597654792 6.621240477 3.612468663 6.934889343 7.984483499 9.899239507 -1.452202722 3.503952938 1.865356059
-11.305740956 8.409934208 17.662438032 -0.940753745 0.037716064 0.035800342 0.335079430 -0.741678296 6.960705236 3.169294470 6.943197520 5.330605446 10.488514889 5.326700485 7.187092985 13.035976357 0.897346169 4.661809073 2.589585830 5.208860338 4.972086083 3.327936346 9.586783919 2.774218734 3.305709278 2.865241966 4.946595434
-19.618113049 4.471166715 10.543448194 0.906138446 0.173060821 0.319439575 -0.216613542 1.184067641 0.528144561 6.685259383 4.136553931 6.907474336 7.198633978 4.470645389 2.397575617 5.602979097 7.994598869 2.230201098 6.955056693 -1.216268081 3.830338086 8.010989031 -1.657002753 1.150722876 5.359775346 2.473363406 1.991697002
-16.968955526 2.033033106 27.265526935 -0.782544783 0.035971069 -0.299661021 0.544548453 8.531870208 0.389793798 6.207690993 7.082032841 4.367548410 3.513398761 5.946142234 4.725725243 2.469369888 3.743117028 2.518728321 -0.171961454 5.191126300 -1.940060797 1.997754141 8.594543594 6.211069009 3.421045720 5.347970939 0.420528816
-15.033978177 1.782311135 17.136724095 -0.762459078 0.466369977 -0.448374705 0.010738854 6.369422182 8.720173412 7.328267075 3.548072704 3.148100270 5.142467624 5.724424949 3.564548150 2.324189559 2.182988144 5.470079139 4.452853751 -1.794882556 -3.080585442 0.796821981 7.273708755 1.376004652 1.521042642 1.262313346 6.085738588
-14.569681307 0.164438645 13.355377033 -0.451964511 -0.494149767 0.075444669 0.738818104 -0.305377328 0.444410446 1.293348012 3.920223634 4.877255918 2.875167307 9.426116438 7.435471966 3.072922344 3.381022778 4.694022471 7.925271688 1.668254768 6.945923539 7.820316970 7.309734281 -2.935429321 0.642966588 7.962439390 6.750083804
-23.726469308 1.878309111 15.434117416 0.334088909 0.258831233 0.244243933 0.872774825 0.863966113 4.588918524 4.438180195 0.951644976 5.443214919 4.896330484 5.951069570 6.091680445 6.561593420 4.454017388 0.924872957 -0.615186925 3.214931652 3.958932201 6.938839849 1.231564778 6.312089874 3.174387880 3.733773136 -0.922399612
-24.147980935 4.007083301 24.415745322 0.594205189 -0.457917743 0.502158287 -0.430195988 12.134247886 4.171985243 3.649823431 2.659578863 0.952395005 3.367174081 -4.602709551 8.604879216 6.485893513 2.282100816 5.149955057 6.401696986 2.713328749 0.499657997 3.714185696 3.691124443 6.320696269 3.286590651 2.329362771 1.804261849
-11.201402838 6.684850006 12.060476684 0.362197881 -0.436812610 -0.706254834 0.423333849 3.280307264 2.862494469 7.368711671 1.946864977 4.438801068 2.748723603 5.169579873 2.652144312 9.731462877 8.913238530 4.865904409 3.570689361 7.955628867 6.043350083 0.461949069 5.485509074 0.962564552 0.018507460 4.873819408 4.783122954
-10.339595384 2.847476184 22.755212120 -0.583331533 -0.400223170 0.475878575 0.522575659 8.279796700 5.781029622 1.730981902 4.778510682 5.529798320 2.910067327 3.376218580 4.157339055 5.040682746 2.991209567 3.939415090 5.036591246 4.508071414 4.842024904 5.484172337 4.358580432 1.570066285 1.994396072 0.912156296 5.851368685
-19.867702884 14.592931472 24.538228723 0.398461029 0.138755028 -0.678230523 -0.601647080 10.944260760 4.255757772 4.244700370 6.754776648 7.549989338 9.906307440 1.397500881 7.652126182 5.815298155 5.239047839 5.369744310 5.883298584 4.330078114 9.444056342 6.558627209 4.394559022 4.569457011 7.148004347 -1.807662326 2.435804745
-22.112580307 10.326166893 13.345463903 -0.005483873 0.812303342 -0.568729502 0.129150925 0.615124468 5.651353751 3.221604452 2.305297264 0.895779739 3.339261901 3.580027579 3.993185601 3.880850870 0.987325277 5.469296839 8.246470013 -1.286034726 5.055347517 3.430478556 2.615184730 -1.485399848 0.824068171 5.052144070 -1.347279690
-20.530507154 6.230209456 21.662755090 0.365793915 0.918156699 -0.106982542 0.108341235 4.945414865 2.312916244 6.309804716 0.676732076 8.112605112 5.209452828 2.807248014 2.830009757 6.320405210 5.234286826 -0.888826850 3.066380082 4.699587429 3.894354628 7.807711342 7.165621617 2.193482542 4.663073945 0.456625847 0.517329793
-12.429259002 12.200704662 16.391443539 -0.048010706 -0.574083099 -0.187014695 0.795706649 1.048498009 8.366664893 0.357175437 4.841839834 5.695836387 5.630939869 -1.219508439 2.891480168 -0.168562763 5.527126621 1.255068192 7.472231936 6.384618239 5.278847316 7.355884659 2.512330386 6.976305354 4.847120205 1.108591005 6.933249524
-23.283452834 3.984844496 15.415290925 0.395003146 -0.760887182 -0.442960265 0.262315488 3.754937659 4.086701080 0.476086263 6.700777719 10.763356002 1.179197121 3.712690067 2.129613410 9.763507655 4.162103897 1.404623129 5.590609150 7.640073335 9.048183233 -0.040313469 5.527294749 5.359538974 4.617990791 5.458396571 5.755656089
-10.043922310 5.681416372 21.320423626 0.277768718 0.019806644 -0.698319281 0.659395494 2.389211859 3.207523812 1.697842932 5.361284937 8.397835912 1.715546039 4.466657477 6.277371297 11.514040144 3.491757632 0.696944140 3.250139361 -0.562496075 2.248321197 1.768629852 2.910993597 4.629298994 0.867640551 4.518468438 5.362574171
-18.797560971 0.877491335 18.927513399 0.573449570 0.033960365 0.378261914 0.725892697 3.831923429 8.984297511 1.396067547 -0.472407415 5.419432477 6.130577650 8.839624261 1.471383412 2.486708669 6.108750947 0.902233095 4.223265022 5.450871840 0.473973307 2.333389678 2.934610145 -1.646307618 3.931914818 9.955811510 7.829838252
-19.467917272 0.764117374 17.525817492 -0.110207024 -0.546930210 0.041708691 0.828843859 1.266501728 2.715866292 2.384197693 2.741572324 6.588823185 7.836638646 3.121887020 2.911455102 5.339351338 2.807185010 4.186111239 4.275913905 -0.167855434 5.144622371 2.857992435 2.049434779 0.163875972 1.596720573 -1.650867269 2.692230904
-23.001738926 9.734930229 15.693702643 -0.328302295 0.280083034 0.232167238 0.871704922 5.511555815 4.058148700 1.136465501 2.017667648 6.435671015 -1.529625731 9.127762270 4.345426534 6.214100100 6.357980480 0.188122127 2.868133554 -1.362165754 13.300794565 4.727887162 2.258086860 3.422198101 5.812985312 0.284923513 9.347828593
-10.476006061 9.075178673 21.828105058 -0.219412643 -0.225249254 -0.464549728 -0.827837191 3.150647449 3.746255917 4.270940458 6.387636679 4.991692997 5.283431359 3.444697523 3.737531787 1.635966146 10.804068210 5.465813116 2.279452995 -3.382383104 2.451893321 0.755756899 4.413861251 7.364814520 5.035145988 5.707354398 3.730035928
-13.580552156 2.299300605 24.076645909 0.408968275 0.038176408 0.865317520 -0.287250938 1.465313472 2.853883993 2.570724978 9.986926133 5.218424504 -0.914832234 3.822116163 5.467645743 5.373836795 7.447178668 2.347720924 -4.269457990 0.481301117 2.649226082 -1.214254995 6.835027525 -3.153849767 -1.666222886 2.520240611 3.292485275
-16.107479360 -0.085271701 20.228388976 0.283220807 -0.364125226 -0.084839825 0.883176652 4.060926259 7.927327765 0.603943011 3.096758381 4.204743590 7.259623382 2.091555373 4.801554090 -1.792179284 4.002366624 0.538238674 1.426617649 3.839507680 5.824227917 6.850724943 4.806172917 2.185073110 1.579767428 2.592662361 4.517208362
-18.538409516 12.216131175 13.003886576 0.451572969 -0.143512624 -0.146947916 0.868269710 8.080846463 2.778225520 7.483319253 0.691701191 10.960060540 8.018342090 6.569178109 6.163781866 4.050069037 5.245472015 3.971260806 5.966173889 -0.560067558 3.056329733 4.490547761 3.701822113 7.509978502 3.301964031 3.511214512 2.751025558
-12.872061690 1.819723318 12.270941728 0.033696378 0.480533379 -0.847838324 0.221635743 4.245628028 2.431540699 -1.531877530 4.265005305 1.400065253 4.564980830 5.565854369 2.342033679 5.511705266 4.693306550 4.024781072 0.225180031 3.231251879 1.705318782 1.831387331 2.710249387 4.887068564 3.522364565 0.124009024 5.386422556
-23.907300750 3.356247208 14.244365522 0.681122333 0.393261489 -0.161413396 0.596123716 -1.459634654 4.584329720 5.076288977 2.682644483 5.980911514 3.122419242 9.540476886 4.927960596 4.356546579 -2.857741544 1.067873086 0.206358976 4.035683302 7.189711974 5.468984651 3.527598706 2.431298956 1.530500765 4.133863762 2.752568262
-20.645712591 15.346633029 21.904265991 0.017038570 -0.974904941 0.221907226 -0.005217904 7.789309255 4.243756827 3.287459069 5.874279699 -2.438140890 4.601507978 3.362407391 1.959550637 -1.235632888 4.950835588 9.585886487 4.649259774 0.684421214 7.166888473 2.628994273 4.893235734 1.363309902 1.701494960 6.850847251 7.369356039
-18.341941979 5.698563740 12.078934447 -0.643000432 0.606242790 0.264571806 -0.386033526 2.664901921 5.702446415 7.126389528 1.691278308 2.205113521 5.293101092 4.021420218 7.962058690 4.376801830 6.124615277 1.100765707 9.471806072 5.912246062 2.386739209 3.751685893 3.013219561 5.591599172 3.876037654 0.884486339 1.395327837
-21.732939017 5.330415958 17.410455282 -0.750540027 -0.143069414 -0.409788124 -0.498291585 1.882079653 7.414658388 1.813497291 -5.134674432 -0.423962351 3.351716260 4.343612073 -0.800432485 6.503927245 5.598903630 6.302499838 8.864264539 2.439862130 6.470905015 3.658660502 0.206952453 8.826833206 -1.270806839 -0.991124061 7.887684917
-18.109918406 16.176668543 16.366789105 0.536839162 -0.516775279 0.467891142 -0.475210378 4.825134167 6.361089205 3.977345980 4.415132422 4.097804178 2.522890662 2.242184711 1.244030029 4.527727576 0.811269902 7.244261258 5.977066291 5.159192205 4.266347678 5.461363341 1.582627148 2.111544041 -2.584493396 3.978451340 4.868823901
-24.402330300 5.935801974 20.365576494 0.264970636 0.070230444 0.465486894 -0.841534431 3.746546787 2.926016589 -0.298861167 6.833955399 5.501425266 8.520619435 -2.944359019 -1.026910897 4.914371055 -1.733855311 4.579947688 7.387869786 2.880412223 3.188791282 4.674649788 1.798605847 3.187969963 2.585059293 7.152514266 0.434343891
-14.643470620 8.145107746 15.155236666 0.338794678 -0.335096362 -0.447206727 0.756924526 0.254751297 5.346206812 1.061863590 -0.954815760 -0.922070362 3.606596866 2.626741419 6.093339615 -2.799431065 5.721662371 2.638152785 5.955610528 0.201749671 8.366437524 8.600808425 3.731571331 5.604552598 2.499429027 1.682432449 -0.523666712
-12.014640898 8.673284462 16.576130214 0.335266214 0.705300301 0.352260210 0.515810813 5.390828189 3.465200485 5.584514160 6.072676858 3.211825853 6.180002745 3.691614691 3.917935617 8.577007248 3.834585211 3.317871174 5.590383893 0.083564040 6.451638385 2.149694747 7.252332745 5.967533592 5.556392224 10.446562441 4.117703139
-23.178957714 10.238552893 11.392059544 0.236453948 -0.160572427 -0.419665929 0.861502486 1.656694783 0.405222137 1.390546021 -3.332330597 -0.876554673 1.242740070 2.646743965 5.494268257 6.590729684 -0.756313595 1.988922696 4.292189281 4.756528586 3.064737940 7.084098760 5.791560180 3.824048929 4.708296951 3.898685096 1.854883561
-17.116526881 13.732835465 23.309216930 0.159617555 0.645347922 0.310861060 0.679274390 3.916973691 6.112097421 -0.333230292 10.999768293 10.322490734 7.019605474 0.280821616 4.732307854 2.979757294 8.487411161 3.388279236 1.145252877 4.702357105 3.683882318 6.187165744 7.747694485 1.501553043 6.850173461 6.763554497 5.553849804
-15.389987917 1.804083199 17.620397293 0.666449019 0.030702678 0.653763995 -0.357065385 2.321833432 3.185016584 8.971522286 2.669895556 -0.132643467 -0.393095632 2.503427638 3.310996032 5.558927681 3.538845049 2.454960213 2.115166536 9.261223950 7.776808468 1.561303609 4.801108282 2.114275842 0.327583327 5.720675706 1.074234253
-23.814441286 -0.253882522 16.631343325 0.969148675 0.083204566 -0.229361968 0.034941862 -0.549674889 -2.410623454 3.429882493 6.833820539 9.544158080 5.136209528 5.240396244 6.394201389 7.519461500 2.766407030 8.516912140 0.623604405 -1.212558833 4.837498083 7.079764540 5.287926883 5.417082973 3.933058262 3.202847622 1.708969539
-23.447110129 12.720768480 15.698124273 -0.339216041 0.654833630 -0.442088487 -0.510571410 -2.271922304 0.118542386 4.659485107 3.831638704 9.882698166 1.052227134 6.741962442 1.930493054 4.760431086 1.517658987 4.657509753 -0.119719974 3.661932746 5.101814156 -0.410502223 5.483542598 4.641146152 10.329933260 3.297674345 8.628780236
-23.712440118 9.586317814 20.446732984 0.433437066 0.896357731 0.091097614 0.019399807 2.350039867 3.316209900 6.862688916 0.400940570 0.990373841 6.390381485 8.964413187 7.213811554 1.952556380 13.645121251 1.402716735 3.174011030 4.326218933 2.181826052 9.722780965 2.562831981 7.596374868 5.241884817 2.253233664 7.953384233
-11.928718572 5.469995917 12.009381221 -0.388678176 -0.454322276 0.589800837 -0.542821810 10.686483240 4.886090361 11.503809779 5.058177450 7.562257815 -0.381641286 3.767851058 7.477905165 1.681232085 2.878905861 5.413012268 9.328582770 5.923980586 2.900729229 5.569829534 5.612341371 5.123295987 7.685619378 5.910064768 2.662650641
-12.334373460 5.374712120 26.219033196 0.649377197 0.355231313 -0.545457752 -0.393186738 5.381120110 4.190568133 4.226763909 6.465424246 0.249157081 2.979237014 0.641750121 -0.304489577 4.758244919 2.874769467 4.444220167 6.841936312 6.967744083 2.577333730 1.497690685 6.913502008 3.100556879 5.591769773 3.397440423 5.488514634
-12.493422337 8.407970064 23.471971094 0.522631283 -0.588594485 0.601653478 0.135743012 7.389125583 7.383597182 7.297381770 -0.802733572 3.374277156 7.634658184 4.937533861 7.845686853 10.239915030 2.611242200 3.489477007 -2.274308987 8.028392549 -0.408313570 5.346168466 -1.827670003 1.608117528 6.266811846 1.247698067 7.130255659
-24.654761015 3.717701287 14.421165506 -0.074673560 -0.659184193 0.174984953 -0.727516546 4.070107513 3.349500447 3.684293331 6.519774330 3.311196860 3.791611742 5.095634945 4.687714794 4.792322544 -1.858148602 4.255748823 1.403415102 -1.341172216 5.626558033 2.743705475 9.058347852 12.784773708 5.323404008 4.599397517 4.320266263
-19.032211193 2.896183146 10.924398368 -0.083461408 0.330794040 0.254940435 0.904773381 0.251990344 4.004633192 5.435787796 3.636058168 -3.736622351 10.738407313 2.289933840 4.272261552 5.914745956 8.075151942 -0.961864468 7.769784735 3.070528096 4.801995788 1.800506586 5.671519756 0.873223676 3.341515366 1.887928225 5.215399470
-17.778899400 8.328600160 9.811712975 0.263213555 -0.091018153 -0.636416558 0.719310979 4.312071788 -0.248504141 3.915052775 -2.318304929 1.686797638 1.468602140 3.009183443 0.008207521 5.380830470 2.857493413 1.388171026 8.131155994 6.930282630 7.531093922 6.825550456 5.296658154 4.868204808 8.635579187 3.787675674 6.917319193
-23.992558171 11.374259607 25.257816091 -0.749644739 -0.009702123 -0.647849029 -0.135019512 2.717779440 4.499923416 5.093823961 3.080005497 -1.202495314 6.424711056 4.077447885 1.893155384 7.448932822 3.511248194 2.378251657 6.233125667 4.026847295 -0.045416084 4.996300392 6.963559395 6.047262412 2.051194690 6.792539807 1.552843116
-19.871274593 -0.158796071 22.411884924 0.955295756 -0.160298795 -0.164084341 -0.186522503 1.913853936 2.348396105 4.775789644 2.741256012 4.311201646 5.275855510 3.846922671 7.346515104 4.209363903 6.202640535 1.506514821 2.251848148 6.333113355 2.463045702 4.275034606 1.940602209 6.372276247 5.066822030 0.836545876 2.232643595
-17.962495776 2.572065012 24.247582227 0.469340458 0.208617361 -0.829324066 -0.220045278 3.630561090 5.733226365 2.068107713 11.539751202 -0.693160843 7.165995927 5.633713007 6.570927307 0.495008730 3.275612874 2.691651807 0.711273712 1.212392282 -1.281505872 6.561774560 8.043813670 4.512864184 3.510448061 4.913346114 2.335196795
-17.965332968 3.439804958 26.017125774 -0.357508545 0.928836544 0.033405132 0.091292995 5.745358951 5.062221027 4.350853733 7.400428012 6.092822117 5.606214626 8.776636119 4.801491596 10.955577858 8.958001527 8.612866802 0.700585100 3.478279995 4.429195604 4.649533082 6.164037758 11.285529380 9.602417282 1.309347860 -0.343043927
-23.876900251 -0.896031757 20.300003050 -0.075149680 -0.015397415 0.464664199 0.882157938 1.075168760 3.708752744 2.273159129 1.018695066 4.220447444 5.763074453 9.451114157 10.927797559 4.294278812 1.056240816 -0.041271902 3.574219243 7.561424105 5.015242559 5.575320947 7.316893090 5.265180125 1.043750990 4.412478747 0.937795260
-12.982043969 5.867525354 13.008188009 0.372503163 -0.514301390 0.713971569 -0.294923843 4.631134366 6.298955338 9.163615071 7.688095740 1.172908990 5.030229790 0.452898481 7.391477511 13.692133765 5.617456404 9.816493694 -2.100798082 2.579764518 9.246723716 10.695007814 4.711381039 8.235903317 5.614133150 1.890410291 6.818806548
-23.135198964 5.896227710 26.830337463 -0.042483581 0.567743860 0.698451425 -0.433621566 4.812992072 -2.690894495 4.421588384 5.946999163 5.701981550 4.664346051 5.716883747 5.297510901 9.168288960 5.958542342 7.223099225 -3.190505113 0.658043213 8.068170470 3.144532445 3.466852950 10.186676992 1.901033850 4.131357167 0.170239395
-17.851105069 7.088422039 9.752882680 0.212028627 -0.500807331 -0.796828790 0.263248473 6.170872901 6.335804508 1.796510984 -0.358554791 4.392676711 6.447153258 7.850088388 7.431940457 0.463437631 4.617175805 4.954271715 4.646441257 -4.419983441 1.605947299 1.034165599 3.670764760 1.802008874 3.757069236 11.684935368 1.828348620
-16.024854483 5.306940840 9.522450092 0.138659934 -0.589272432 -0.287554959 -0.742188365 -3.383347319 2.939855060 7.078734708 7.730229677 7.878926576 6.794434350 9.159635871 -1.953286683 5.742905426 4.483717499 0.559766440 5.265350777 0.285757408 8.694966360 3.679835380 -1.944374640 4.036873361 4.415148622 10.715901404 3.180684523
-13.901205123 14.401820450 23.890820191 -0.362115305 0.764623787 -0.311747559 -0.432477085 7.153034364 1.758997496 4.571278301 1.426948695 4.593388876 7.603006901 1.860303561 0.208381284 6.833267513 -1.108285682 5.872229975 3.706744611 11.737814714 7.429961955 4.058089888 0.217572520 7.018719207 1.926485200 6.774827731 3.467753148
-16.079892162 3.960137492 23.393806119 0.397539704 0.894133723 0.191047438 0.077381814 -0.894001091 0.408991924 8.164120289 -1.674166889 0.427038528 2.524962496 -0.649947207 7.420285671 2.777553357 1.764435086 8.963228426 5.385393771 6.054814475 4.639215486 9.353336380 10.908353025 7.220904794 4.282888329 2.510133408 4.817161933
-16.938383626 6.937780864 16.082973485 0.112725616 -0.114745275 0.158795250 0.974120386 3.763918175 6.413252063 7.014062783 8.125777611 3.186293316 2.288316046 6.321057366 4.876084243 2.913012346 3.680475706 3.438169826 12.330004632 2.397794218 11.324947127 4.533091258 3.004894500 -0.118711882 7.238181673 4.246499840 3.406828133
-9.629673943 6.859991104 14.475635118 -0.128577012 -0.674897721 0.073339086 -0.722912441 2.208370991 4.182549510 3.308675426 4.681356316 -2.475796821 5.871004844 2.229990249 3.464553582 6.082292171 -3.385165568 4.502911648 4.781994852 8.206028908 1.062618538 1.061441473 3.627865455 -0.096860245 -0.233887018 7.896567654 0.501697788
-13.214722944 1.176654916 23.915832626 -0.726826206 -0.100775922 0.557068311 0.388899443 1.087141287 6.286841497 1.631124316 2.861134678 1.290043548 0.269521310 6.697532914 3.634163264 8.069113609 5.674811912 7.486888098 6.945545638 4.976835492 -0.177322381 2.305003706 6.231479806 7.949925340 5.917457119 4.056298449 3.259108068
-16.506318290 15.773077703 20.408382164 0.039331983 0.660374364 0.012936019 0.749794208 4.371060717 3.271654048 6.006008594 -1.860082568 4.607085008 6.867747704 1.452813479 6.777029592 -1.703639917 5.451296004 4.943135817 -3.433822154 0.572883831 4.764251304 7.962192636 2.107271273 1.031279808 6.939287679 4.807608376 4.055255301
-18.444315082 8.935671442 23.612829225 -0.083585825 0.757909221 -0.640949479 -0.088152070 -5.718934817 -1.584908687 1.007349754 7.488201420 2.873396353 4.249585313 1.236467439 4.950670443 1.652674492 4.698877659 5.667139379 0.409084013 3.928177718 7.600551947 2.744917283 5.520924120 5.179634151 6.585838099 9.419868831 -1.434102238
-20.968981861 0.133791295 23.484737377 0.147792272 -0.785689026 0.548921513 -0.243998712 7.893823853 4.436622365 6.717943514 1.507724825 4.994589928 4.307654803 4.322181188 8.157523212 0.955877506 7.501969358 3.327179972 4.756945432 5.234776200 8.484742399 3.490750544 5.430757257 5.547038324 1.558367700 9.505760855 3.789859951
-25.528036364 9.076029195 24.752090676 -0.696843967 -0.216069707 -0.614372505 0.300447654 5.251437156 0.765553500 2.078516892 3.096467426 2.385212638 8.365356872 -0.267392243 4.855921371 5.513992230 4.370577557 2.101161930 0.662917482 3.528878391 7.289495507 0.672392370 2.241449232 2.737884018 6.245757473 8.960514937 7.311031243
-11.967892810 5.719252212 21.850926315 0.773775214 -0.021122443 -0.189160152 -0.604188876 7.266667964 0.665786751 -0.502945696 6.528316633 6.947839814 -0.742696831 5.242221496 1.223201326 3.091057555 4.672930254 6.814392143 4.168391717 8.127901634 -0.960418252 7.293802121 0.864778397 1.757979337 6.560775145 8.618638754 5.393311539
-10.707959114 2.580848311 23.454053297 0.811098689 0.401342898 -0.409660990 -0.114981168 1.242780127 3.694269285 0.046223610 5.177515473 3.799422927 5.599959264 4.573892722 6.066533290 0.142362817 4.539163820 5.720842167 7.265102392 7.154059834 8.312535400 4.940705710 10.861117225 6.580415334 3.507294050 6.116118556 6.192621307
-15.462465737 4.687090489 22.175319068 -0.159924923 0.880599283 0.041567301 0.444118320 0.118346355 1.249362644 3.619543957 3.565419078 0.326886606 10.629060870 3.126007728 1.982738628 4.606108343 9.548534064 3.731119227 7.183704043 1.546893192 4.503730950 3.624164299 2.742407986 6.435552988 5.360823931 4.380730771 2.851965119
-15.579895452 5.293333818 26.269798639 0.254468051 -0.533019970 0.419000019 -0.689619248 3.424754531 6.523381629 5.486904055 9.005168191 4.238975166 4.018286420 4.622995813 4.468753914 11.136134585 5.301706058 5.710761652 1.670776731 5.073038592 7.090277569 5.773715364 3.083519582 1.758361291 3.322728576 5.451354239 5.606066752
-13.883074704 -0.275520320 14.773602476 0.212395992 0.496512489 -0.731283774 0.416638132 0.825786026 8.845125144 0.781500345 3.247531740 3.201460133 0.629345954 0.526220708 3.806714108 7.211608803 -2.043830560 4.749247049 2.928851401 -1.622540398 2.778713551 0.072092955 -0.855592555 5.634244790 7.014540150 3.735526357 7.655426629
-15.807618738 5.913382422 17.524534446 -0.191107401 -0.821648767 0.166088250 0.510672065 5.032595009 5.969741608 4.893441493 2.270410322 2.888069974 -1.314361872 1.881808084 1.214799568 0.627436307 6.196074657 4.115966835 10.384064935 3.956324146 1.338866880 7.355683194 7.679010332 1.807773139 2.101648515 9.794971209 4.980021227
-11.412684576 4.156802466 25.951430564 0.571692852 -0.007614355 -0.729253161 0.375897768 3.557574932 2.959409858 7.096287924 0.246602740 1.892407999 -0.970364067 4.523757575 8.604795290 5.365073370 3.183941297 2.874360747 -1.776374067 7.650739862 9.821605761 7.320805863 3.948284253 -1.320827898 3.255148822 5.408529565 1.348389828
-12.563397308 0.506554300 24.272325916 0.137728379 0.230177984 0.394504560 0.878871516 -2.167780510 -0.901954948 8.653399102 -2.062598663 5.276374380 2.714345376 1.177362573 7.393834296 4.878995892 3.848473436 3.352226894 1.414308667 6.687632558 10.262300601 -1.562805412 9.006591015 3.389108682 5.320241744 -1.609422219 -0.961858007
-22.848698588 9.202980448 14.974695780 0.939169452 -0.044616639 0.317061865 -0.124265316 7.725313260 2.738528587 3.390217203 2.713116547 5.100457332 5.403374798 4.649981639 5.932253601 5.190471016 5.247444648 4.884077428 1.534250664 4.229536484 4.150454289 5.796630194 0.681534233 3.326007030 0.507341921 1.485369167 2.035173720
-22.771737112 12.264859898 24.317881475 0.477426843 0.301073653 0.102224440 0.819126626 5.700692443 9.685848114 3.176189155 2.446342506 9.694072194 5.794844691 0.968451594 2.551735295 1.572329392 1.473782717 8.413506109 -3.348660012 3.457468649 7.860974751 0.158626501 5.450576867 -0.504976660 5.265929229 5.750992493 5.173518040
-15.905227328 -1.221390139 20.472980385 -0.864292897 -0.426505479 0.143698520 -0.224592074 3.858707178 1.928403487 3.576509050 4.158793574 6.041368536 2.047835128 2.128784845 1.667885601 5.172622964 6.271480689 5.619216834 0.944194002 9.645061738 -0.716698500 7.164657267 0.300438017 3.750373201 10.131531605 2.278892542 4.561231874
-9.658743057 4.399156082 23.677463933 -0.580159195 -0.527437844 -0.603016540 -0.146954690 1.707668891 2.869317692 2.904917263 3.211563707 0.839476463 4.958200692 5.558917287 1.228402867 3.412177419 4.299387087 5.831543236 4.763157655 5.071585349 7.735582307 2.681762272 9.260614978 8.573760908 2.621077868 5.796601077 4.824575487
-19.502297712 8.323432163 22.725946383 0.657614211 0.119653431 -0.584034795 -0.460575687 7.387064846 4.411097256 6.746139242 5.288876417 5.583848249 7.896268990 4.173910552 4.153776913 0.597780181 3.825250183 0.805353606 5.603374916 9.291070202 6.597194390 7.089770884 5.247128331 4.463279432 3.087893612 4.952469830 0.889318602
-19.398497745 5.773926104 21.044063844 0.552173841 -0.079233749 0.825199982 0.088718946 3.054678175 5.515785582 2.160565150 5.164348928 3.735774426 5.441845458 5.431803338 2.548755151 0.240991487 7.906496858 3.613135783 8.662784600 2.853968611 0.632911428 4.237505744 1.593562116 4.110299281 3.649741560 5.772670094 5.222614578
-18.067223499 12.826693883 25.020123588 0.787016215 -0.280474935 -0.338649362 0.432730745 4.537979720 -0.371049154 3.367147447 8.314764325 0.262127547 2.540308884 1.889255098 3.160255925 2.728490261 0.384230541 1.062482591 7.772967782 -2.482585230 9.076214897 3.716980073 7.285358188 1.287417261 -1.620734046 7.792221108 3.883375911
-22.520550710 2.677014504 22.036023504 0.948761340 -0.028261958 0.010121301 0.314564366 6.181353951 6.489045307 8.941340404 2.525107784 4.779786324 0.840779050 1.304599776 -2.494528754 8.867428905 8.244997799 3.309944631 7.886850278 4.734971738 5.560347641 6.426572859 4.869188634 5.401315630 6.371152108 -1.023849741 6.651519019
-18.122880306 -0.329321004 13.166721310 -0.405020110 0.320988685 -0.789324966 -0.331498224 3.695680933 1.212167623 2.547421922 4.298603445 6.576217743 0.348965200 4.806808198 1.783117569 8.411960410 7.480029199 5.558780860 3.566533226 -0.288143731 2.766958442 3.760592256 8.722340553 10.426016976 -2.872756680 4.195950206 2.463717189
-23.797522427 12.209188111 22.069744171 -0.791491346 -0.353744812 -0.355421685 -0.349401607 4.209326537 2.925359924 1.375730848 5.253084511 4.759784429 2.313586361 3.896716561 7.474653862 7.522448968 7.461464491 3.772275184 7.844093898 -0.357892380 0.082175017 5.990254837 4.950478078 0.195589096 3.069909254 2.717955849 2.762441303
-12.783260418 3.759922567 12.918225885 0.721313553 0.118591189 0.515335457 0.447294372 9.822031937 5.927950878 10.478376909 -1.956900537 0.537647271 4.811556768 -0.191016128 7.248697464 6.209911228 8.592824842 4.907395697 9.491796313 7.900979136 3.201977415 4.027340355 7.204689899 6.115196854 1.877148777 4.407836255 8.221936399
-15.640041446 10.244586591 20.824559383 0.157293830 -0.710335233 -0.533574331 -0.431255077 2.478956102 7.216323029 3.776564258 0.519555020 -0.333587030 -0.019702691 6.593394860 1.848327865 5.194344725 1.717718637 7.500187303 4.187871481 -1.919368353 4.758609573 3.542591609 2.724378426 -2.955216095 2.232936008 2.216469627 4.647076099
-11.390495001 1.388115871 15.565150344 0.545638413 0.834151472 -0.076116643 -0.026005774 2.977132626 0.361635049 5.848620576 1.931843806 -0.407981118 -2.101293077 6.361701658 4.643072141 8.582705451 2.698287000 3.341100023 8.255277885 5.920929605 3.408934582 6.079380052 6.189128763 4.559372388 -0.054453182 4.327479674 4.898473071
-15.663509546 6.099201685 19.481187676 0.162605349 -0.589207300 -0.516807045 -0.599420333 -0.181520226 8.038309705 3.314211940 5.327606310 1.718632278 -0.010732465 1.603641846 6.274263153 3.833317182 4.137642173 2.442848625 5.003544294 1.523875881 2.153282952 8.620087865 4.878451366 3.759034596 2.147423788 2.782782910 4.613142593
-24.134459261 4.975653413 19.444067207 0.508703526 -0.297157542 0.807814595 0.018806861 -2.675894349 5.968128117 4.207375687 1.019696249 4.967500954 1.733871047 3.644347832 2.305238718 4.073000492 2.077555665 0.671009373 3.159221387 1.607725665 5.587677995 2.463838071 0.698674050 3.219679581 5.602480388 4.551628918 5.193241773
-12.066566334 9.497349018 19.922505310 0.917828330 0.172552797 -0.263472682 0.241658507 2.907950183 3.366511237 7.077921456 5.074655677 3.075010740 4.525873370 4.371858939 7.892559224 -0.462642468 4.934689795 2.278023795 7.764084136 3.961917819 4.925173374 -2.237051619 7.207593583 -0.536879271 10.836894503 4.351994814 6.309093642
-24.184406240 4.484290144 19.139780390 0.141891930 -0.632214085 -0.129555423 -0.750591383 4.123294534 4.003970942 3.328655903 4.356112435 6.100263230 2.973087412 9.524156281 3.018942129 -0.962486930 5.240772429 -0.134404715 4.426423854 2.691636509 2.230629682 0.851386799 1.954282306 4.402391498 1.856383539 6.980780523 -1.544011022
-21.487130026 -1.500185313 22.234245855 0.344702486 0.428470438 0.817237384 0.172384274 3.698141442 5.046383052 5.454020783 5.808207849 8.505342214 8.215534601 5.405505770 1.259847907 7.854917095 5.662511366 -2.459653938 0.158972045 4.034666898 2.156890425 4.446484001 4.002083507 2.032132031 7.964468659 1.801016450 9.263916517
-12.825130585 4.615724085 20.268256850 -0.188469935 0.010535497 -0.522355944 0.831572218 2.143090563 8.503085231 7.173003585 3.470411707 3.315642086 0.181723261 6.719572057 5.406302008 6.737490915 3.630353079 7.014676458 6.847404731 -0.517109013 3.799447043 6.962362293 6.016305801 1.564275833 7.638442145 -3.948280421 -1.400456253
-21.093516271 -2.016064210 20.333738847 0.909998411 -0.235169715 -0.179044869 -0.290759407 4.553204790 5.110091049 -1.945491687 7.355314533 3.301581467 -1.784556909 -0.696896394 4.229903472 0.246930519 -0.161259819 4.898229198 3.509538420 5.339535956 -0.242021841 8.045639166 3.302307414 0.851130067 3.073976106 2.655497514 8.032012595
-17.372275581 10.301849350 21.446147721 0.231123649 0.662008572 0.567448069 -0.431658660 5.160898987 9.260174778 12.150059317 -1.403080664 9.710065477 2.246526852 7.760786909 -2.388183134 4.191136812 5.830681127 0.051106484 2.905819236 1.506450038 7.189617723 -2.407882840 6.060846461 1.582824821 8.283540148 -1.544284175 6.308677512
-15.940025006 12.120990997 18.660146030 -0.195025574 0.018066576 0.400860358 0.894957875 6.246799086 3.129789220 3.566566281 4.457608106 4.185314705 2.170610822 6.034557019 -0.849038108 4.248514155 3.488369543 5.800231874 4.402122103 4.043760284 4.661911149 2.866463865 4.081760905 7.518512583 5.789008344 3.073095212 0.843516884
-19.599970407 -0.839435151 23.962991451 0.311618204 0.503171890 0.756532255 -0.278156593 2.875615988 3.015892368 3.737949144 5.105593189 3.763195555 3.944314071 4.757460433 0.323947895 8.494864415 5.201864147 0.449242152 6.995641587 7.326283668 2.642918010 6.123434620 4.791876931 3.735688379 2.396139854 3.961838377 4.520020070
-10.082216045 2.395865509 19.844401883 0.405076903 -0.663215017 0.131365044 0.615468739 -3.955452835 0.182486113 1.455135305 2.887410637 1.918828937 1.300211705 6.316667851 4.109963807 1.566750627 5.281566232 5.589225070 3.019871612 -1.243050053 1.919822643 7.918739464 3.313919126 3.407160020 8.877567278 3.747446426 3.892545315
-24.408396092 8.512882502 24.609551318 -0.873681483 -0.227574254 -0.429980014 0.002795202 3.650826533 7.169395491 3.673521958 -0.381279519 3.766523599 2.698687437 4.419897566 2.839411299 6.406116090 5.590282217 8.910788961 -5.357149425 6.471399679 5.454498385 2.180600558 3.550261474 1.826581905 5.113436954 4.108932106 3.952511464
-14.542750641 12.108223039 15.554038236 -0.640912064 -0.459168757 0.501126538 -0.356746369 4.027562202 5.013009272 4.617379285 5.737941050 1.600589855 3.547708449 2.542137475 5.993528122 5.828520874 8.538673611 3.002967876 5.335410246 6.100650718 -1.176836046 3.781240718 3.783783720 4.999156883 6.392605042 3.172588990 4.789332950
-9.895871599 2.842267060 19.263654624 0.409057079 -0.800646976 0.308271195 0.310814409 -0.000761933 3.702655433 4.438322483 3.139544453 5.120726550 0.748359149 2.493556524 6.597692099 -2.315611684 4.995254967 5.198832918 1.932630505 8.469769344 -0.252142690 3.521605197 2.441894376 6.882816876 3.011221179 3.982587135 4.495779211
-14.534968306 12.334122331 11.758732905 -0.561741070 0.003926794 0.551404367 -0.616753414 5.391316892 3.391191948 -2.734222729 1.949527517 4.987320028 2.454858769 -2.317295680 -0.564720903 7.625882094 4.057124913 9.593802779 -0.540969271 2.003723688 3.620477797 4.281694083 5.363085168 1.673157104 7.473836308 -0.015056533 0.910101247
-22.327555693 6.741361432 14.025240359 -0.412563170 -0.713033870 -0.039683144 0.565508249 2.226914139 1.360066009 5.706295199 5.383982820 2.004516121 4.614545735 4.051462301 4.031803929 -5.298972049 1.533583403 8.664084244 -3.456238464 3.815844906 -0.989546380 1.538545001 5.361489425 2.474742940 -0.163750315 7.094446711 0.411105741
-20.581977836 8.323009353 9.887910348 -0.781998340 -0.261711322 -0.042050210 0.564107755 4.390936123 2.559563407 2.316201941 5.456253020 0.106368318 2.824536546 -0.093195251 0.947073325 -0.092672612 1.643188389 8.923167010 8.863211661 2.235132347 1.781191222 0.000007480 6.159295525 3.225982894 6.171326129 4.947657414 3.680069907
-27.175687361 6.791226242 18.273411440 -0.161383905 0.081628829 -0.853617019 -0.488497650 -1.797009576 6.489212019 10.752394308 9.164998389 3.549686036 6.682176227 2.367251830 7.182276495 5.129441280 -1.846619609 3.165084749 2.928875287 2.846617383 2.994703516 5.474771989 3.232484680 -2.137812532 0.657266279 3.169673694 1.075651104
-15.543590801 2.510766116 24.318871257 0.153272600 0.643591794 -0.076715975 0.745930139 3.325062162 -0.570966331 9.633663917 8.531217639 2.974862131 6.731562157 4.422689209 3.867339096 7.217917468 4.994673774 6.441745006 2.671247953 2.407969369 0.867347810 5.466459728 3.985698605 6.895850939 7.598294807 0.604308447 4.714895484
-22.651851859 6.526408580 14.808485851 -0.848630474 0.231190666 -0.466705033 -0.092539753 5.089266741 7.545585623 6.670390374 4.711087915 10.076800822 2.940275490 6.192612049 6.164647278 5.744974360 3.791405371 9.672911182 1.810816450 7.194914481 5.594856429 8.051661697 2.520504880 3.023044280 1.255412874 10.498566286 7.854395407
-21.569807253 11.604097977 23.946704137 0.526529368 0.829049300 0.112178756 0.151195271 8.320188496 5.016783760 0.617648159 5.827400984 8.601810539 2.800843940 4.353087004 7.029607214 0.277022307 -1.693989721 3.556643654 3.678269514 7.274752584 -1.179350023 4.963710363 8.304668572 -2.042945043 5.561276202 5.082224638 7.985316301
-15.306841784 2.086458014 18.391205369 -0.553952671 -0.294333629 -0.771997496 -0.102586641 1.947072306 6.211699937 -2.014661459 1.214033615 3.961549505 6.038808635 6.937997599 5.845362565 4.879145698 6.234628093 2.168931833 4.722935884 9.832891668 10.596059685 3.382754834 3.912358949 7.850922705 0.291160913 3.254240230 2.273738102
-23.442204802 0.295875468 19.919807890 -0.592982545 0.210663188 -0.312501549 -0.711572558 6.798093513 -1.909654580 7.486032618 1.073080588 -0.186605073 5.912166744 3.548901945 -0.552854742 2.524492676 2.579250718 5.720092903 2.848930435 1.828738957 5.171885103 3.651173106 4.785574615 4.633376354 3.128482427 -1.541709754 5.697905081
-14.373104743 13.712227169 16.668679116 -0.492990011 -0.159689230 -0.275994344 0.809498191 3.282701570 7.277963755 4.440657113 5.332702131 2.324745829 9.514593236 7.131649841 8.036392079 6.362845897 8.819055749 4.088552037 2.423605729 5.037479888 6.566964185 4.546398691 4.817591302 5.080021857 1.487456420 6.759674592 2.832179648
-12.160917253 13.324045013 21.700034591 0.891625052 0.412347320 0.176900988 0.060667075 2.807423255 9.434143862 -3.015066877 2.011634893 4.031651804 10.871629061 -0.530482172 1.748613113 12.564264423 3.380161979 7.861175543 5.080224789 -2.494968557 6.536133703 7.478704434 4.384281461 4.819408296 5.081770202 3.834885775 -1.645025616
-17.638425789 5.731171388 18.352360499 -0.610363832 -0.760035595 0.024778741 0.221783458 4.834928420 4.547520876 6.201935468 0.989547921 4.876076346 1.486828365 8.733762688 3.877735611 6.790572689 1.021298755 3.688039327 6.466584054 1.520724158 0.069825469 5.448416102 5.282748928 5.669654403 6.114909169 3.164598047 -2.100429739
-20.186902627 2.236905472 19.725110460 -0.646014008 -0.068530089 -0.240331029 -0.721256213 6.801524686 -0.580777550 2.866588025 0.580709552 3.638487062 8.078834661 1.270926327 2.222089197 3.240299219 3.671263673 -2.833816064 6.436640445 6.278155334 1.337367274 7.833603091 4.333037003 1.646729841 5.235802469 1.232641324 9.662199371
-18.260986081 3.689845906 20.797315639 0.821519891 -0.085155728 0.411532040 0.385350426 5.777147999 -0.927091877 3.720574791 5.556938318 2.356555749 3.648023338 -0.637370161 5.737245801 2.160016774 -0.146011388 4.964549585 3.157115976 8.029018249 4.079741917 -1.016885414 1.309129125 5.491824942 6.049615100 4.189849084 5.937992701
-12.345901520 6.896176846 13.941309603 -0.147686456 0.955511402 -0.253300921 0.032020546 1.690792419 2.047504632 7.359343263 5.819341584 3.295490118 6.771000411 4.972255027 4.415304455 8.827356840 0.701223729 1.609658776 4.001280623 3.586887142 4.108476816 3.370372387 0.653047580 7.566272691 7.194492225 13.294221270 1.482025975
-9.284579379 11.740242978 17.514195749 -0.771942077 -0.196391947 -0.281955363 0.534824089 5.413565029 6.098907307 5.406618387 5.193395580 5.615467531 1.556510933 -0.636600042 2.356803118 7.160499074 5.717340893 -0.414119448 4.209482379 1.056424989 0.949878250 4.257729031 1.776290221 7.490880895 1.408891622 3.909355213 5.182632254
-13.949751135 10.529057149 17.140931979 -0.511463617 -0.290542344 -0.804563122 -0.081659638 7.209464478 2.871841561 3.367784442 1.620160895 0.134822017 0.067043270 5.387414275 -3.279042294 7.060229448 3.735517599 6.781348443 5.655793423 3.890561274 5.698439682 -1.394190732 1.600402986 5.508887095 3.088576155 4.555756257 3.887519301
-20.926045665 -1.103610078 15.370872772 -0.270953597 0.699805336 0.660604229 0.021417134 1.682450296 8.715882535 4.884929225 4.466586915 1.571937385 -0.706549126 2.001685672 8.517018993 2.019681254 2.449777237 3.261271760 4.300320953 6.263921420 7.825307482 3.425651747 4.232651320 3.483118549 3.035151733 1.700276686 2.365946732
-22.441309736 -0.715140030 21.627858508 0.068206934 -0.903125634 -0.252692087 0.340380100 0.874835245 7.513206834 9.098391075 4.223190705 3.665946549 8.163802978 5.182420594 3.692717549 3.671411817 4.971684184 3.557747044 8.428431249 -4.571002847 6.416574840 1.694656755 0.684698970 3.288228541 2.573767413 4.526107379 3.370558428
-24.886193896 6.834728286 12.776551215 0.533451393 0.466393780 -0.173539534 0.683952106 11.290741588 3.030589898 4.385185289 3.626037523 5.406959727 6.444428314 0.382555767 6.390302631 4.940692923 7.674301951 0.172390379 10.674882025 6.449688332 6.161771328 2.346012885 9.100919964 2.588320573 2.812071927 2.969111245 8.346522130
-18.401713664 7.176306384 16.121105462 -0.862754453 -0.235278037 0.437550284 -0.094067783 1.442780820 6.569553813 6.546215069 6.337831259 1.459174909 8.423725872 8.183478610 5.506636922 4.269697611 12.212399502 2.753345234 6.802854439 0.915816144 5.753061034 9.084303212 7.858583334 3.107018112 4.150261273 3.276751065 7.656978808
-23.113668113 11.512732436 14.828617141 -0.435732953 0.487259088 0.737803390 -0.168408821 2.075961767 3.785984768 2.342168308 2.919473570 0.742948530 5.831084531 4.663315265 9.511554288 1.979087291 4.627769115 5.345116768 12.127002534 2.863292074 2.719792830 0.297562826 3.327523292 3.000155309 0.746845873 3.375134787 5.781777590
-17.083969598 -2.680900332 19.699073233 0.004633680 -0.544570345 0.001330938 0.838701315 2.297457102 3.573368156 5.922589106 8.614935479 0.642395432 4.400105992 -3.612923904 -1.090689616 -0.239533346 2.782941860 3.621365348 6.574067271 9.831873311 7.617041689 -0.007090255 2.218535726 7.329644582 -0.838163717 5.167497389 6.504986786
-25.035477001 8.652569054 22.864732901 0.532903937 -0.810140010 -0.067724231 -0.234733864 3.191287045 8.325398388 -2.784279464 4.047324338 7.888413641 3.229907150 6.028000008 6.110529835 2.710424460 2.671527171 -0.140232740 10.008941311 5.502180785 -1.606983340 3.293476952 2.801068574 5.942940643 2.999832972 0.562778360 3.409134193
-16.687664281 9.814503273 13.271185666 -0.891193195 0.241952676 -0.053284627 -0.379992552 2.109247441 5.952195049 1.696422745 4.046878582 8.906551512 4.983003967 1.800041174 7.665030470 5.242687626 2.389503261 7.516536984 4.360175617 10.550984958 0.062423079 3.341570570 2.615178176 5.535266659 8.859641302 6.446252254 7.580225724
-13.304114749 4.816876461 23.738527410 0.091906126 0.088381683 -0.626063622 0.769276467 -4.223370988 6.436815552 -2.449723232 -0.600419563 3.161846188 -5.943993177 3.027456363 3.763596591 3.279310468 6.303785032 8.243076349 -0.819037662 7.372263170 0.111988580 6.065059315 2.273117662 4.191336007 4.966210569 -3.022652531 3.300213789
-8.976575329 7.351627201 19.812420764 -0.185999046 0.369461702 -0.407097746 -0.814354856 6.191266231 5.821539254 2.033288262 9.451144811 5.252004281 10.467690661 3.730009570 -0.469217855 3.375275884 3.515582912 7.123130625 7.484519359 6.309520229 2.841878589 1.828180770 -2.450670979 6.852039846 9.046486033 6.388507151 2.161162877
-16.831638702 2.640748572 21.510788842 -0.832787585 -0.335871836 0.242237699 -0.367390589 2.025055372 3.798629696 3.053786943 3.362680210 5.965829341 4.435124092 6.120252645 5.408101028 2.215912646 4.774031303 2.757507781 4.043934039 -0.027954544 5.771301836 9.098288777 5.582361069 6.229249909 11.495786070 0.099654986 4.806243259
-11.181355722 13.737620449 18.994409613 -0.486031727 -0.691986581 0.122232268 -0.519602738 5.316194430 -1.824708459 1.510464425 5.722053176 9.875391925 5.915540916 6.030896171 0.984398699 2.169257295 3.540494206 5.378874158 6.646579804 2.174463309 4.145552544 1.348419192 6.887907074 3.228445004 6.319674045 11.476235192 4.131758178
-18.817504267 8.358025259 12.610072193 0.594235045 -0.606478117 -0.414831804 -0.327083445 7.157548293 1.337571616 -3.068621880 3.852109400 5.161500932 5.350290682 7.089837281 1.556399887 4.893056923 0.654656805 5.242699759 1.279087803 5.955042660 4.253973189 5.308475088 7.399266236 2.953726981 0.109283736 -0.359278131 -3.470626992
-19.331345706 7.266796809 10.868515672 0.017635070 -0.775072215 0.385721808 -0.500170724 -0.935704727 8.969698500 0.883171057 0.991965296 -4.290869831 6.199030030 5.016070381 4.649451818 5.560105197 0.513262057 6.814483902 4.213663524 3.825606045 3.640308235 4.241661840 3.474051435 6.030086494 4.932967739 4.124871046 10.049626042
-18.601237646 9.777202751 23.394350006 0.580856520 -0.137826032 0.756653534 0.266617923 6.462097324 3.235468339 9.018988734 4.679519470 3.387926797 4.696353238 11.356493452 3.901078113 5.452189928 9.031274028 4.488879887 6.083812377 0.376368261 4.948796736 3.889563756 3.388402160 7.114294493 7.907322816 4.687540014 -0.555275799
-12.385164740 8.021170313 13.711978540 0.119992457 0.547863019 0.489417945 0.667770917 4.020597589 3.811267301 1.525341036 5.983220880 1.810375225 2.201929930 4.791138450 6.814207836 3.049866004 2.709573168 5.685631171 -0.894100539 8.317135153 0.851012920 0.305088345 4.719485417 1.488779108 4.983481646 4.997452422 2.691265532
-13.608722951 3.755287370 16.611059496 0.892009735 0.423559456 0.087022285 0.131693364 5.172170506 3.774378090 7.717093376 7.214527807 0.858427156 2.748388011 6.722667583 0.697159928 8.397029964 3.892611172 5.699972409 5.532280642 4.060936302 8.739084904 4.475504977 3.263916095 6.507514509 2.353811440 6.790763947 0.116857356
-16.982779725 9.778670083 18.285725590 0.202595313 0.413078909 0.808900812 0.366060693 10.738664469 2.108002320 6.666459197 6.564309273 1.438246910 6.793435036 -3.427882817 5.535966044 3.867484337 0.181288410 5.771956615 7.690351182 2.449414732 1.454932033 5.757157430 1.026336594 2.014767021 2.755951569 1.253434808 1.046232983
-9.637466270 11.099812542 20.005740701 0.655145074 -0.650804708 -0.113553014 -0.366529505 4.362178091 -0.087802293 -3.430536564 4.287542672 3.575666936 5.898778364 -1.405488988 5.005303995 1.363600336 3.455687302 1.763291642 4.541281966 -0.977441887 2.645135747 8.055914953 2.331407865 0.852140859 11.038192204 6.075221401 6.282342198
-10.099155683 5.014563241 24.582026479 0.343239013 -0.813095629 0.447335112 -0.144754189 4.253301845 2.350363639 2.649783412 12.562216115 4.135264473 5.582633819 10.331373105 7.364952095 -0.626211794 4.763337493 8.642212786 3.887677469 4.557783228 2.484778838 1.187218484 -0.760616158 6.490330978 4.348430642 0.274423291 3.949981712
-21.772158588 9.049640425 20.969062437 0.405082300 -0.732100525 0.389974823 0.384521506 -0.667875857 2.558231922 8.811816756 5.975916905 11.226723885 5.344535344 4.003075784 4.732485424 3.717185055 11.043963576 7.002138409 5.371846196 7.659798068 1.074021296 0.667961037 5.273733004 1.894562025 5.207255925 1.709637294 4.520229368
-11.156050580 0.736201330 18.993757590 -0.822238909 -0.351997229 0.017731554 0.446885578 1.379632351 4.364281078 4.065408278 4.087728759 1.265764397 3.186517094 4.473441552 3.293764132 11.885515863 6.383509905 5.063321884 -3.654100636 3.335319244 2.153802635 8.858170454 6.172331931 9.449734704 5.835484488 0.779112978 -1.174733375
-9.960685177 5.674098181 22.084090040 0.667525928 0.568385393 -0.052689755 -0.478090964 8.126134805 3.361335316 7.305804084 5.606180524 5.244401491 10.988625245 3.258178987 2.695176999 2.900622979 7.879318682 7.208138190 4.275367022 2.668338649 4.774056385 -2.027678648 1.513603347 -0.621895681 -0.047745971 5.791971694 5.196130055
-12.372678191 -0.665925743 18.412101919 0.279980927 0.681823238 -0.571638076 -0.360496412 2.235451782 2.693318724 3.908051077 8.711532038 2.957919311 1.987406765 5.407904802 3.682030271 6.148684480 5.254618692 4.368023063 6.874548071 4.277964879 1.772669633 3.220528073 4.060864053 0.759476222 1.961367624 4.420220173 2.469069513
-18.238908378 12.996288322 26.431593045 -0.538295648 0.661308974 -0.375341264 0.363355434 3.084977625 12.356230584 0.380963296 3.623216325 4.210700709 1.437731354 9.364296884 4.491764005 11.055743583 5.436883830 4.878772441 5.254141378 4.640036594 0.273279673 9.051671129 5.176359427 4.019348039 7.561913941 3.418306158 11.915513279
-11.744996689 5.319917638 22.827295875 -0.382091297 -0.273718134 0.854177271 -0.222409113 5.411428709 11.053083557 0.707037838 1.354400303 5.407127163 5.406891154 -1.761788565 6.854742171 2.549880432 5.378265542 5.405264532 3.410277870 2.978337886 8.279464333 11.011064990 1.526829545 9.523434170 4.542791452 2.585195368 1.804050176
-17.508771300 11.714978751 12.748552100 -0.904044355 -0.086089163 0.115162294 0.402529633 1.055817372 -0.042292914 3.055710592 4.214659967 5.455545118 4.236159067 -1.872384781 2.578377817 6.780718917 2.891373967 4.958030766 -1.742202794 3.690760515 -0.651609027 -4.173007692 2.192293589 7.428017312 4.275247471 9.966461422 4.612578434
-24.950613116 2.643083363 16.849431878 -0.292698358 -0.183982359 -0.931162109 -0.115824390 1.722172233 5.029822171 6.448070872 3.059706978 3.594623894 2.895966985 7.773344980 0.242743140 0.256038648 4.545058827 7.488975449 3.093984011 3.248888975 3.355189907 5.294901743 1.360325890 5.014946152 0.151193387 1.588771079 1.489515636
-9.900162736 6.534703580 21.232763688 -0.415403229 0.671834484 0.248353918 -0.560712863 4.052743401 0.500872193 2.431143406 7.286366625 3.216358611 1.868502003 5.722666451 1.787006419 0.168576471 2.868095090 2.972168486 3.654797228 3.505082200 5.777026928 5.437453642 3.712300683 1.767489681 4.821056134 3.106749650 0.333694364
-27.652806868 8.008836495 19.702417440 -0.380844030 0.071486527 -0.906709769 0.166507944 -0.650811899 4.208744963 1.889761824 4.787635793 2.552504511 5.194057091 -0.742312376 7.231279340 0.761914857 5.209133699 7.815952398 4.866115355 -1.383305260 3.515413414 4.372231601 4.558797713 2.168249444 5.114980291 2.912314969 7.192170367
-17.659875008 9.670421818 20.310962137 0.620790465 -0.378252020 0.190864230 0.659632817 6.133199719 7.117782670 1.943864138 4.552706616 5.753430677 1.313126278 7.249798008 12.194053664 4.019279211 4.527859824 1.457001872 0.939258425 1.736621664 6.607329606 5.025039595 2.438436744 7.863727058 5.853391595 6.368034191 1.852499518
-19.039912226 6.695881139 9.357955436 -0.543660898 0.715352080 0.326963544 0.292914784 5.983519823 4.374932184 4.192842923 6.298017706 5.045238335 4.818296288 1.504879841 4.101752027 0.344355221 7.905679049 -2.156847842 1.020385885 3.785433842 5.799726020 9.081026871 7.225513696 5.853917570 7.557437421 1.881343287 4.529145007
-22.103953076 4.116576613 16.922774930 0.160916208 0.674477482 -0.294838435 -0.657462089 2.421784544 3.297365560 3.996546684 5.206218680 7.922603523 0.089301006 4.846900078 -0.585622691 6.200621421 3.414721602 3.337058181 6.334694475 0.405991865 8.111720312 4.087361429 1.550159685 3.931065205 0.336015208 4.114853069 4.390506375
-12.686521146 14.222561545 19.729120217 0.241736809 -0.965855597 -0.088730978 -0.028514804 2.183729008 -2.065896387 2.521772757 5.170158303 3.909475243 -1.775963227 4.047804640 9.093513711 3.381710318 8.683707400 6.666494326 4.263646699 6.961140450 2.756641324 2.898294130 1.682171072 1.797657083 3.853515864 4.690384145 1.492518349
-19.890625344 13.868546328 23.661046137 0.419543963 -0.842433607 -0.108712796 0.320109370 4.145618535 -1.272239205 2.203135527 4.443404168 6.799767073 5.638969775 3.975276584 0.316914793 3.955709374 4.184539304 0.724907563 9.112602660 -1.362172182 3.293159768 2.176292787 2.290758893 2.913744897 10.353456675 10.123619694 5.224134394
-9.525273962 4.657322892 21.589389296 -0.387468380 0.884406162 -0.253146805 0.060089023 0.851905108 1.805967909 -0.005297369 4.125515768 5.666048041 4.289712504 3.390599567 0.654254669 5.167448160 4.741043067 1.380684577 2.695678853 7.492693529 2.647124529 5.549252983 6.490542075 5.100400446 10.161238354 5.849378814 3.753085787
-24.031931516 -0.129960849 18.369801636 -0.522484690 0.090334532 0.579067990 -0.619297735 4.345096244 2.878748098 5.607061033 3.704315871 5.486564258 4.163800014 1.341380156 3.748855373 3.050183402 3.154760021 4.066259030 6.948823909 -1.683658552 2.118199541 9.225257992 -0.083010651 7.863019716 3.758569967 3.817406358 2.620764126
-15.928363945 12.145041729 18.751677888 0.186510778 -0.305373528 -0.915991829 0.181437889 -3.157522767 1.058858512 -0.913253665 1.747043907 8.171102395 2.408822026 2.750779111 6.957612214 2.739050186 6.269302363 6.258701451 6.240812976 3.443078335 0.819002729 6.614144240 -0.809462541 -0.728447957 2.207525067 4.128608607 2.820637692
-19.301524309 13.775304146 25.729738080 0.077993643 0.975778152 0.073873851 0.190569264 5.189338999 2.159318244 4.539205647 6.448890317 7.337575668 0.614279713 1.683625935 3.141109779 3.033358991 3.882848559 4.694520238 -5.537076886 4.994148437 2.245493599 4.377533488 3.303667127 4.348780102 6.069887391 7.167975934 4.159451866
-24.055776483 10.532607977 15.920220177 0.207156393 0.775715681 0.457769162 0.381836097 2.673771255 8.092609304 3.305420540 8.314210818 2.827554261 2.000827757 8.434955165 3.597741895 3.700363697 2.039066996 7.239120027 1.670287681 4.134756707 6.865813828 7.211206174 7.204131827 3.430137716 1.091160727 -2.557147723 5.292282496
-12.908873218 12.785853402 18.448960529 0.177441779 0.489465774 0.616465186 -0.590684641 6.444894920 3.325773959 2.433843041 2.750995928 6.293382605 -2.260232559 4.941837782 -1.298176614 7.617738032 4.927206030 2.061355248 2.134260797 5.888313240 3.496058859 -2.701738758 1.129618824 0.881725859 4.451292944 5.380650884 4.094790670
-13.628854604 -1.066161239 15.700632208 0.210913092 0.745250112 0.258395672 0.577364370 -3.053333951 2.016020182 4.152284215 4.328062039 3.226227065 -0.944052569 5.731075811 1.276646441 5.089249134 2.336921468 5.363407648 0.688819719 4.267800487 2.068366303 10.338744669 5.937010407 2.796035205 4.979599764 7.784581552 10.005229176
-22.315216367 6.722419275 20.230689329 0.636399773 0.298778423 0.109196062 0.702711180 -1.087602217 1.169712458 -0.240993566 6.862108780 3.724057368 7.142861079 1.940754435 -0.166276440 7.286922663 5.029225651 4.952765076 6.693295112 7.904468731 2.616004582 1.815594946 6.269737583 -0.573722578 -0.210694151 0.698585885 4.237738862
-13.356727330 12.819358173 20.036997285 0.002138907 -0.828992284 -0.124142652 0.545303420 0.571059535 -1.484973695 9.302548564 2.578072249 10.088440561 2.660244214 7.839223796 9.522837256 1.921208387 3.386392138 4.665714715 6.381719134 11.007323702 3.644843405 0.184708466 7.908281670 6.789115963 4.112008234 2.616026082 0.459641207
-16.470356630 11.049014797 17.531015337 -0.224018758 0.911477874 -0.141567336 0.314614639 4.275672203 0.588002510 6.596723193 -0.784120200 6.646227387 10.383110958 6.060694299 2.518804111 -0.695226442 2.045866618 8.208330296 2.675519573 5.204884053 4.528652506 2.505509110 1.653579840 1.397215767 8.999654314 1.483307517 4.557971797
-17.007796609 5.574431528 21.216115804 0.518380187 0.255158079 0.520552802 0.628650234 0.484440769 6.389979551 3.024316273 6.001963400 3.163313970 6.211725648 7.533329594 3.454816655 4.701981967 3.227103996 4.513524918 0.460537667 4.816165256 4.650235994 0.357790555 3.271043948 -0.154526671 1.160673745 3.082891324 5.060157704
-19.552482461 15.123098727 23.570288199 -0.389121240 -0.081950270 -0.716969892 0.572558283 6.823229944 4.382095273 7.051818109 7.559433846 1.962151101 6.107513475 3.939067515 -1.162340918 3.252988463 4.506244413 1.692863158 1.709882967 6.676314259 1.312037873 2.878447892 -0.464102449 3.868876844 4.335478236 2.447460602 -0.776019775
-14.592437550 0.834276520 15.154426114 0.263519002 -0.509250707 0.571900291 -0.586644279 2.196823836 3.104114107 0.803297019 -0.991615761 8.269086455 4.294390897 5.525589745 5.536858635 5.456865287 -0.618797186 5.985260805 0.642084197 8.507472336 -0.576937293 1.094257633 4.585968199 5.582828250 6.057730387 3.668444382 5.743136464
-12.241535923 6.701754408 23.816076443 0.433599167 -0.009267225 -0.900821799 -0.020638975 1.766072654 6.294368344 2.078996503 3.476580538 0.622388189 0.219565663 -0.289543167 5.278684968 1.341957445 5.598220731 0.081702202 2.142380228 2.910281616 11.051119877 7.361103015 5.196368894 1.795723424 8.951267531 1.366896093 2.458790837
-24.976144384 7.082015846 20.563465694 0.566253181 -0.594069357 -0.373964079 0.431960417 7.648333649 4.477520373 6.102426048 4.295201517 3.924188584 1.956441098 -0.204025593 6.270687454 8.082680803 2.825736660 4.773297972 6.520309673 3.164304802 7.272029391 3.457733956 1.933508193 1.645970170 1.078676455 5.022206361 3.089277093
-13.384584830 2.389194099 13.498666434 0.551976953 -0.051048433 0.500568546 0.664941074 3.479884348 3.596864677 11.899127382 -0.358663423 6.513970921 2.009711501 2.297657514 0.403176950 6.580812864 -0.186709216 6.188713696 -0.773559252 6.264902036 -2.576979139 5.050722268 3.158429395 7.077129761 6.942451979 8.082363024 2.587461841
-17.814975124 1.972916080 14.922595251 -0.265029286 -0.465025369 -0.158706481 -0.829652419 8.245790173 2.725929276 10.863153362 3.884023547 3.777707267 1.997887203 4.373865471 4.362189544 5.702738055 3.379338360 -2.129475177 5.522402664 8.535729558 -1.012193611 4.327101506 2.907771219 0.840330323 8.920832503 6.315450143 2.625272928
-19.541187536 12.995556743 16.718497040 0.121450262 -0.691851419 0.709726825 0.053658943 1.580475243 0.313030603 1.572883370 9.964240111 1.187115968 2.504374407 -0.395546426 2.811651192 -0.520303862 2.578923594 3.562255156 -0.928138970 3.569621239 8.361379959 5.539540138 1.213938715 2.829606831 3.354140245 1.683578902 10.747468410
-9.964505747 1.985704346 21.961257984 -0.216680162 0.178666340 -0.198974340 0.938902156 7.813926135 2.030995039 4.590582922 0.466670675 7.510164750 7.254316531 -0.425364510 -0.192530231 6.780905960 2.224387569 8.977371694 4.788413362 3.253338240 0.726749242 2.251289927 5.761832945 5.759352612 6.474072442 7.846177977 2.714320322
-22.053830822 14.979557360 17.841958080 -0.447789025 -0.254531536 -0.856165055 0.040988846 4.212252355 7.258353305 2.587164830 -1.027651104 1.400582774 2.274486692 6.025169170 -0.052153076 8.036125454 6.777513380 5.689715485 4.011695213 -1.584973228 4.929874851 3.233190354 8.270554772 2.975229725 4.073494181 -1.986753287 3.501243319
-21.147353569 13.275845666 12.448028163 0.740981779 0.200785362 -0.623111039 0.149545561 4.826496348 5.402981029 4.463276654 3.148328140 1.429929122 10.672418910 5.110036425 2.125156017 4.569611384 3.939267324 -0.520366927 6.915622592 2.850145665 7.049606062 -0.286169200 5.126203191 4.449622387 10.276533716 4.139767434 0.219353365
-24.960872985 7.257502841 20.111709155 -0.086523441 0.918826138 0.044329440 -0.382501142 2.664740512 3.418103621 4.089721635 4.338157229 5.730069821 3.450237317 2.355793617 0.656434027 -0.467236937 2.575555641 7.648091857 11.810220948 1.570149390 2.840199346 5.371166475 7.137771479 2.469553211 -1.929344398 2.538101008 7.528094137
-27.307093608 5.756498266 20.189535556 0.249759346 -0.843420915 0.473981402 -0.040038237 1.937880576 4.733416044 9.549240087 3.798962985 2.975468004 0.520507283 10.206990758 6.779362956 0.883069368 -0.720592354 5.012616015 7.920403199 1.632200938 1.886354958 -2.587728404 -1.478789673 7.880569901 1.477969199 1.967227947 4.395516917
-20.431174165 16.176925444 17.127042939 0.139705537 0.793930262 -0.589792020 0.047984104 2.033479667 7.419138084 7.822221034 1.363481586 3.795617312 6.432340900 6.681044446 0.545501413 -1.102816630 6.812611740 4.232335167 3.291331297 6.361449532 3.354337296 3.039547209 6.892796101 5.833965491 3.086765975 3.735294043 4.362275616
-19.425006012 12.906370141 21.019511309 -0.093750101 -0.447113780 -0.596603560 -0.659821475 4.226645953 3.533933120 6.968106188 6.839367522 7.110958598 -1.773850379 3.503766903 2.596537876 0.919529134 4.125191115 5.389266595 5.453460527 6.560403204 6.636258812 6.394934655 4.237725558 6.612470154 6.503494601 5.524281556 6.307106514
-15.351175633 2.093636309 14.643129781 0.189237674 -0.445170281 -0.079056346 -0.871643630 4.273382231 2.702739421 9.003806813 0.503895270 4.757564278 2.971749790 11.814935340 6.754815998 4.420221101 7.691491400 -0.101832044 6.527677612 3.367688144 3.081961661 7.737867370 4.606480073 6.997978762 -1.179041222 5.288025808 4.455971457
-10.618952875 7.442404264 18.799582255 -0.408307669 -0.050210812 0.845015240 -0.341632794 7.719328676 7.623252638 3.839432614 8.808851934 8.672887546 2.770445084 4.547008639 1.583846411 4.370052642 7.639778967 3.864569202 8.589648046 4.046368586 1.743738218 6.234773756 2.902155700 0.967557518 5.576970147 5.208009174 1.563134981
-22.271195824 10.704476160 11.587073921 -0.657292336 -0.392747280 0.614426292 0.190254283 1.072977230 1.516030841 2.133900521 4.895500820 3.652781876 3.403833439 9.186726796 10.529937322 0.758960307 1.169494853 0.239787027 -0.596989053 5.990156371 -0.411181099 6.968987974 5.219019604 3.765896113 3.439844338 7.241756517 1.858668603
-21.690848360 -0.268741871 22.692950081 0.295465884 -0.666169435 -0.649646997 -0.216510910 7.917470755 -3.760925750 -1.098892277 4.824743430 8.314400947 0.733640931 0.546915093 5.583144195 -2.108376477 2.355296948 3.566116981 7.055901004 -0.330826544 10.738791057 -2.177102935 -0.448948808 3.006866799 6.212845236 3.624666686 8.686346557
-10.668227150 1.328855768 19.183632414 0.581162689 -0.412871605 -0.030901343 -0.700594086 10.009218122 8.916060604 5.404311304 4.776500879 6.802307175 4.466464486 1.880313785 3.900854659 8.949752349 6.106875197 7.269567972 6.707357583 2.106479338 8.358122633 2.756403033 7.606495652 6.197370706 9.681511113 4.772162682 6.729577720
-27.142416637 4.903008007 16.669407989 -0.550459130 0.638733491 -0.453168229 -0.289227990 1.429468939 -3.465434072 -2.122475207 3.506654539 8.357058114 -0.082616765 1.995000887 7.915194106 3.056567457 3.159320673 -1.507047386 1.804423078 2.894517884 5.761348444 8.353027103 9.040142000 0.045712336 6.515334147 3.305428119 4.649890420
-15.160835850 5.054269833 11.863154604 -0.730646454 0.162091704 -0.493834439 0.442729699 5.588196882 -1.689520044 6.254458401 8.280579685 4.449489797 2.183336350 9.938785493 -3.518624931 1.151279135 8.864036510 8.304117740 8.340360103 5.358262793 4.236244344 4.432417187 10.761391077 2.212188454 0.775046915 7.375955158 8.023184128
-21.255947177 7.887050337 21.732859992 0.607646457 0.349404927 -0.570297461 -0.428302214 3.606524310 4.042119925 1.588870500 3.785323116 8.300165265 5.258716325 2.443864003 11.800174903 2.702414956 3.929574358 3.871492995 3.020082896 2.842990632 3.631314970 5.590068312 1.979186595 5.887102468 8.941597725 9.626868720 2.067029894
-13.068947143 8.228310086 24.557862412 -0.648187333 0.727784742 0.124908214 -0.185958298 2.918317340 4.983324216 2.740576416 1.769204977 8.654855950 3.635841957 0.061073473 4.433997450 -0.284567795 6.507756916 2.619262627 5.718317725 6.132426339 4.006336062 3.023408045 -0.187095666 4.244494923 2.508637720 9.216527014 2.785655445
-14.522034883 5.401568932 23.603731147 0.733669609 0.204132471 -0.593823578 0.259677489 6.015017495 5.825208409 0.541476057 -2.028375039 2.001222249 3.871138657 5.294095541 1.218826294 0.372611977 2.717794378 7.512281148 8.494582996 4.592948364 9.476727478 -1.210091984 2.328430350 6.999301041 5.914377574 1.731445218 7.350375593
-8.257771269 9.034589958 18.230965117 -0.538259088 0.028465976 -0.597596287 -0.593586995 4.032447526 5.878119685 9.299144454 4.249967195 6.514784348 1.945391502 -1.409678681 6.177035487 -0.422479724 5.278625914 0.564718162 -0.940112041 3.553463464 4.473551971 3.526624130 4.162537364 1.702581330 0.824496631 7.445615560 6.271834600
-20.218206963 13.039000179 22.135664407 -0.780362749 -0.068596641 -0.043662913 -0.620017767 4.032395092 3.124266499 3.812706370 1.398247005 2.079420819 10.059108575 2.621428554 4.868230174 1.578705194 0.231408685 2.767347139 3.191151733 1.531472407 -1.962557060 0.400406357 5.403977812 1.191656920 5.387408518 1.705955247 2.375222513
-13.529240934 3.591180182 11.919812438 0.876291038 -0.201802714 0.405841686 0.163346895 7.250225576 4.885995607 4.375202029 5.490129980 -0.356703144 -2.013642363 -1.314191421 -1.073446270 4.720997681 3.978265812 3.030509941 2.996821178 4.498858942 5.475769659 4.053936507 3.378327142 3.857349019 4.866790298 3.619099973 3.844449882
-20.493649726 -1.425410195 18.653337663 0.291697780 0.563563978 -0.660342442 -0.401566815 4.937160617 9.642257526 7.112557443 0.163217738 5.307539692 6.423796663 2.497546698 4.174595662 2.331633461 3.803483038 7.204659523 3.966081955 6.277566622 0.849260678 6.581005361 3.922993462 7.821535997 5.482517913 3.333944719 4.737309521
-25.294161624 10.480731000 14.962214576 -0.012988210 -0.401726629 -0.913836135 0.057883849 6.670890067 1.521024385 6.263272925 8.570914169 8.908419698 4.289131609 3.595548008 4.005762451 4.694580318 8.434931664 3.971413914 2.286949191 2.592914573 5.786480474 5.669043969 1.215642264 3.050808251 -0.199347005 8.346615663 0.969048541
-11.782531386 7.637772373 20.372607287 -0.220647287 -0.851696246 -0.427271473 -0.208248330 2.277921545 4.776611607 6.590755208 6.336907517 -0.178473131 2.536630439 7.638389270 -3.009953286 3.356634935 3.056758287 7.452316573 7.251633115 11.478594739 8.388956126 0.931335048 2.140811286 4.192564175 3.775053195 8.289569562 1.523270472
-17.822351725 5.889154125 22.457776813 -0.323734301 0.445458086 -0.817512194 0.168632759 -1.001893764 6.526740259 11.490603781 -4.246166772 -0.266903075 5.886215203 2.570591154 0.804725140 9.913024494 3.567097912 9.165023132 6.506965559 6.445711437 -2.474625084 1.960507622 3.396287645 4.008675597 5.898793437 7.886693239 2.670624076
-17.812667086 6.865639294 15.437990775 0.625901203 0.388100181 0.406677292 -0.540591818 5.939109306 -1.320379411 5.665271414 3.350426810 4.109367079 1.519732753 4.506761220 4.173545465 7.407328793 4.734517870 7.360417821 7.293997958 4.579401932 1.258057801 3.070236870 9.509208357 3.658401275 0.947206443 3.141889905 1.036153475
-11.564102471 4.104596897 19.571049252 -0.787642131 0.505981153 0.122312780 0.329609663 4.040432782 1.303840938 4.032150024 3.200303604 2.426233562 3.757095573 3.683941754 3.796464786 4.652533976 7.816114935 5.405311846 1.276629106 5.824878728 7.720693118 1.521563554 1.318261567 5.272516259 7.289544699 2.189374123 -0.571445151
-13.503063805 8.053941509 20.331185606 -0.820489472 -0.067914688 -0.558240034 -0.102726265 3.237155189 3.965232350 4.640036190 4.977777754 3.982351726 0.215454727 4.585526930 4.586008518 0.933516121 3.612737795 9.690712816 6.532939740 1.206904437 -0.019801456 6.271676301 5.845195282 2.587148704 8.744669855 8.243357960 -0.581445141
-14.802811860 2.659782893 22.965844860 -0.207952008 -0.550564853 0.472681804 -0.655901073 3.749665850 5.564897638 7.469097366 9.544612173 6.607240349 4.548958963 7.904940807 1.981317176 6.238403919 -1.181899221 1.511904438 2.560661434 9.493582369 2.601133334 6.472785850 1.904558186 8.794360907 -3.788816495 6.091028877 3.414389424
-19.396600236 10.571757372 22.839755230 -0.868107324 -0.014875557 0.436340839 0.236167451 8.076105680 2.447227761 4.281949917 5.534096394 7.059187511 5.606612374 4.622951276 3.916313912 3.598155134 7.797074032 6.940406519 1.035004920 6.583542463 0.228458823 0.176835297 5.578491203 7.008048735 4.817393685 3.944437161 -1.684993315
-16.881137190 8.875884667 19.439072173 -0.643257409 -0.538228040 -0.204241448 0.504792941 1.951837500 2.635398728 6.619866735 4.556488062 5.207469817 6.467620345 8.814398711 6.000407863 1.586107514 6.152173744 9.614549820 6.714784555 2.469788035 3.963663992 7.629462018 5.779190533 2.216227144 1.297831165 7.107555621 8.594280410
-22.378298896 2.285625786 20.518646783 0.762508665 -0.203659299 0.404711522 0.461857132 1.942813153 5.292214503 1.769968904 4.195268642 1.548285324 6.328149585 1.969915655 3.316172428 3.875437730 6.822373772 2.423421035 1.187995738 0.901403978 6.030996461 4.647385017 4.594565357 3.930483253 8.335804217 -3.275339563 1.378206884
