-13.582584938 -14.933643054 -23.018203454 0.477102578 -0.568132698 0.509114818 0.436349024 1.676193327 4.867388143 5.789842149 3.828741413 1.224859260 5.092801299 8.671001516 3.819142689 3.123674189 7.183282867 5.848211846 3.302491748 -1.283608550 5.930165220 2.077376405 5.800201604 0.378617025 5.125394712 2.575724178 0.818170271
-16.861842756 -20.805747997 -17.630120331 -0.295016380 0.095664600 -0.713556574 -0.628212253 1.718453790 4.130739735 -0.734613593 10.356141371 2.829619415 11.474618407 1.747441356 3.792833727 4.681143471 4.041603850 0.060578124 2.807625240 5.829158093 2.029559234 3.246524344 6.411320999 5.146287280 -0.491640218 7.125158960 5.308533324
-10.526993139 -21.150693559 -15.007295046 0.941788467 -0.335638797 -0.015147864 0.012313535 4.176378144 1.953021298 0.094074218 6.037214650 4.294944978 7.343771159 0.692997028 3.450413774 7.808363294 0.806776442 0.393840217 2.222566439 8.045161385 10.176675551 1.951698461 9.079014286 1.281354779 2.486343807 2.966552836 5.594999473
-13.878208071 -11.509016396 -21.497824834 0.515492831 -0.832795509 0.126375179 0.157315274 -1.671366645 7.127135832 1.899818114 2.291951356 8.042089289 -1.759683250 0.384650169 6.958300008 1.090795053 6.335511970 1.637176956 5.780714498 5.436573250 5.350023263 4.994557154 3.568384915 3.766829455 4.563869380 4.530378468 -3.784509939
-8.154553218 -18.186496450 -18.467071693 -0.441088994 0.270530779 0.704774408 -0.485331465 5.287520166 4.198323255 3.104756311 4.192348711 8.959136791 3.512056489 5.479264555 -1.073201442 4.312596201 8.024256926 5.892222027 -0.839015129 -1.194031495 3.299983438 3.424667370 8.093784209 0.954484532 6.718057463 2.520226118 12.155415503
-3.990108844 -15.168034332 -20.737837029 -0.534438314 -0.809626645 -0.186243126 0.155543827 0.421642647 2.611321821 4.790507262 5.746120600 7.543115539 2.433914611 -2.762109810 3.097736032 5.250638888 5.044364552 7.764051182 6.294043609 5.373192296 4.947274649 7.061952328 2.892655533 -0.319803664 3.502329554 9.349007328 4.839390000
-11.182697241 -18.965161385 -23.797133677 -0.445938722 -0.171314949 -0.857263437 -0.192065729 -1.404107980 0.527032850 2.139790110 -1.240372149 -2.183733070 2.732385249 -1.125975552 -3.027106722 11.008606232 5.493411599 6.528332832 1.711469980 4.196933005 6.544665675 -1.129804521 2.656766017 -4.061593793 6.993970010 8.864726506 2.652413033
-7.394989333 -18.001031278 -20.659631658 0.526809280 0.057284723 -0.709650381 0.464313235 6.780351599 9.737354879 2.839341254 7.230713162 9.234285605 4.910639149 6.117007150 4.944240089 3.482628778 2.492517954 3.565811015 3.943186250 10.720493673 2.431009630 4.149495753 2.118975175 6.456842468 0.482401616 6.922501954 3.913180365
-18.396191484 -17.290302945 -11.769883787 -0.398012794 -0.364471715 0.082134397 0.837854478 3.206640355 -0.447640850 2.802388397 1.852106938 4.942739012 5.832803444 4.874750365 5.744657447 4.378387737 6.016566433 7.337315751 5.363682268 7.847386421 1.396897808 1.767820079 2.131719514 2.201955407 5.845590802 7.266503002 2.934468770
-9.980852857 -11.417716617 -12.789541627 0.112757595 0.203379843 0.963831265 -0.130198530 0.040835236 3.597505833 5.797832473 6.283289503 6.450681870 5.955794447 7.170485561 0.345683593 0.870198073 0.649426581 2.928571530 8.025391984 5.331543636 10.192979292 2.470664895 1.614310797 6.363588738 6.559558583 11.170266604 6.229855217
-11.079812051 -10.042840982 -8.355987264 0.038963718 0.544191203 0.340245942 -0.765878882 2.145853978 -1.201457313 7.152548189 -0.990482479 3.770285340 4.590250306 5.530272758 9.919241331 1.179901152 0.563470207 3.873866166 10.573995823 -3.212348796 5.101799386 1.847483573 8.029993712 6.872699632 -0.089899204 -0.670007618 4.413715695
-8.560254023 -12.954791197 -18.470166713 0.924849569 0.052324799 0.206850328 -0.314846521 1.522052964 3.240411484 4.535881981 0.647485343 5.422216296 2.106695362 3.341696961 -0.295792094 4.924974621 5.462578090 5.691855083 0.687309778 3.377103479 3.679206119 0.083036868 4.119751233 1.409465645 1.193704796 6.961116306 2.232155867
-3.137287959 -17.889106093 -17.664106745 -0.594920036 0.098223525 0.634977567 -0.482934550 1.347253454 6.654794308 0.102390576 -3.596051464 4.769677960 6.126279594 4.735895151 5.261289843 2.104744698 5.284723628 2.115836751 5.677508030 5.693232399 6.064200317 4.340191914 6.628616894 -0.378994579 -1.309593498 2.487553878 0.377928709
-11.361849659 -15.851300571 -9.811244910 -0.864963948 -0.393304059 0.304548716 0.066327706 1.476050965 1.599351671 -0.392066370 6.076990324 5.918878763 2.094547290 7.787300011 2.042887936 9.361359869 5.306194433 -1.635682794 6.635123095 0.823163806 5.960582554 1.718835475 5.574449272 2.976070758 -2.549144937 7.567511268 3.873714463
-9.468691453 -16.316046736 -12.634529087 -0.815994125 -0.004631103 0.498063559 0.293368083 2.538577257 2.031773291 1.629982319 3.226145014 6.716852262 1.912781863 3.161675570 8.180857031 5.228939570 -2.106093760 0.892801199 4.096990356 4.645950549 9.858879588 6.040166713 4.541279332 -2.868381562 1.165974836 8.092915837 7.577208789
-17.704582695 -21.054582637 -12.425584570 -0.630254810 -0.667201500 -0.156598610 -0.364825860 -1.928808261 2.329709365 1.711781144 -2.129359917 0.685493765 6.622860301 6.396519980 5.382319879 2.867416188 5.640835245 0.736506095 3.274231507 5.342613108 7.502851632 9.915325085 -0.447090775 4.839822679 5.087328186 6.726815408 1.201339737
-8.915006437 -21.468030105 -11.038297797 0.765046099 -0.087821652 0.403741457 -0.493948034 0.725937808 6.695220890 6.673732085 3.736001422 3.532937534 0.533823792 4.038982010 1.877545849 7.983046013 -0.090546659 4.549354591 3.885958267 0.060097911 2.773524653 7.800647360 5.508533406 7.285372523 0.704484560 2.563646725 3.539711128
-10.894318564 -18.491863902 -18.321556958 0.641401820 0.288561907 0.566010032 0.430079498 3.664784457 5.021162299 3.615973881 4.703519631 2.669618286 7.079630130 4.730525986 5.717459940 5.147203042 0.082938879 6.047589910 3.894298360 0.656992468 3.351072308 3.826321981 5.962010775 -2.140792338 5.876891397 1.744787102 8.374623806
-11.059262250 -10.113842582 -23.617163755 0.043988383 0.086373492 0.584249104 0.805765243 3.655195517 1.954750383 2.374969763 0.293908776 3.269571012 0.259851786 9.522104120 -1.330969255 0.489814258 3.847882670 7.210533790 7.643045802 7.074645441 0.698719751 6.059668717 -3.712225300 7.106420683 0.842778022 4.323803145 9.553823739
-14.351238587 -7.898590443 -13.405842095 -0.394792571 0.103795056 0.838777362 -0.360302579 0.646199493 -1.227793379 4.243049323 7.049291525 9.767165939 5.842059242 5.847513864 7.964186374 8.036535386 0.668461589 2.591807082 9.927394488 2.315024985 3.825271874 6.578972593 0.658346621 2.719597015 -0.100413091 3.853757247 7.032548956
-5.094414023 -21.395828612 -20.474215207 0.029312638 -0.402290287 0.738071349 0.540882591 4.936104678 2.999694922 3.596203708 5.549092256 2.688774487 6.902476799 2.895692147 5.704451208 7.557394470 7.000826866 8.521431147 7.077207634 5.532052013 4.112114042 0.321239903 7.321732651 1.087345458 6.034595497 1.548563232 6.373274049
-14.926492361 -15.400576595 -20.366175237 0.550232018 -0.517250523 -0.355513680 -0.550732826 4.879722045 1.631405764 4.277755846 5.011375513 6.022808142 8.065666478 1.999080757 3.549630995 -0.047774349 9.148303872 4.174128444 3.336655935 2.150378267 3.388576760 1.590452292 2.467823805 2.799767758 2.721589639 2.945185634 2.781120380
-16.637376305 -11.895329177 -14.535249047 0.581465313 0.740684019 -0.108862267 0.318487489 7.113347632 6.390339687 6.075795306 8.372127870 -0.341210647 -0.576681905 3.726301441 2.259466701 6.033274105 9.505159452 0.339153236 3.026523536 6.001725933 5.236137118 5.430562668 1.968390446 1.262162575 6.318768110 9.424100000 3.515992364
-6.913363110 -15.133197474 -20.419643207 0.072057388 -0.981201733 -0.108271651 -0.142576790 6.628084679 2.979906350 2.474788248 5.715930208 5.149046523 6.685878203 6.292112806 0.135856633 6.190917400 4.470088889 6.841681542 1.108799190 6.322742480 3.888618265 2.636277873 3.679898849 2.933446594 4.342269086 3.567369759 -1.190358409
-10.451681573 -10.668513968 -9.274444763 -0.605656377 0.334074749 -0.692829844 0.203865700 2.368941925 1.148514016 2.681235499 7.435961153 5.981085063 6.414957268 7.361147895 7.022141282 3.031949025 3.970923064 2.514843764 3.404125434 8.565068362 6.183892404 3.735261663 1.340636821 8.776570950 3.892425022 5.032058063 7.217891995
-9.206448019 -18.340160348 -11.572629917 0.076169414 0.882114932 -0.006672978 0.464786982 5.993813253 3.192058648 1.033594827 3.791647065 5.489818697 1.060412952 3.738035324 1.956617784 2.446906310 4.128350417 1.450653943 8.505372503 1.120912909 8.629680646 9.921639680 7.177027075 3.500241233 3.560702623 2.395607964 2.554094257
-10.972620410 -23.616383997 -15.657371299 0.615720118 -0.501467983 0.277329771 0.540838974 2.780857016 1.360608334 5.026897367 3.882246495 1.014503763 -4.458175195 0.989514131 9.699263328 1.442074463 0.766573225 10.511505442 1.009735287 3.481863779 2.515876368 2.639713976 4.536261585 2.333378676 5.948754448 5.926108467 3.093027074
-6.886700222 -21.275160739 -21.408697265 -0.581100262 -0.756044622 -0.117719353 -0.277238469 7.820941128 9.561453377 3.161607801 3.629906338 6.603816961 -0.980570861 1.447756122 7.464042523 5.510875075 -1.315312558 5.930941470 4.947194408 6.041817556 1.703474339 -0.732800030 6.802840091 3.075828766 4.942625172 0.682754848 0.127410450
-17.100620316 -14.510707090 -19.249796920 -0.659051352 0.476223016 0.428568064 -0.393944628 3.611949304 2.535138329 4.446921650 6.768778498 1.245704062 3.979089122 1.244654590 2.025682591 4.071870718 6.661675492 5.476143962 0.908107481 1.523220046 4.894880695 0.690179636 6.348927057 -2.381559987 7.869138104 5.756878715 4.010928564
-3.912381175 -18.925274982 -21.998366173 -0.660835658 0.005230285 -0.030924416 -0.749875028 4.079292118 6.771454941 -1.747823857 7.384185486 2.634614331 7.630002674 7.593508011 3.649665351 5.508138454 10.473620459 3.674320920 2.420774559 3.698542528 -3.137638015 7.174030003 5.535290311 4.653212886 1.618003401 3.135295106 6.548804361
-2.396866451 -18.713158386 -19.559005882 0.551083277 -0.361657788 -0.605014845 0.446618298 4.476029154 3.703127036 6.071306337 5.207270802 7.236535404 2.210210610 1.040994364 0.000796984 2.422395064 4.357369415 0.610347011 3.154877941 1.156926093 5.635892435 2.303762916 3.754659780 4.540625545 6.913358547 -0.782716177 5.750388522
-16.509318511 -8.198917662 -17.016625471 0.484403779 -0.246818614 -0.199234927 -0.815315273 1.842287977 3.670650209 2.878848447 6.230673727 0.604792086 3.520432902 1.574824935 5.394498587 3.261458529 4.811960221 2.321935008 2.449576557 4.265051407 5.312851950 3.387118445 4.520675680 1.238658622 2.951323829 7.941562544 5.444654998
-12.173442778 -20.439928738 -10.880815783 -0.094823016 0.014343001 0.994697003 -0.037158398 1.575461362 7.445848429 5.118991439 11.949667553 3.232276194 5.195136454 3.430617564 7.460331573 4.501303076 5.401630894 4.397236097 9.239557331 9.211956167 3.928790245 0.421775849 3.566166843 6.563507886 5.732268877 2.246284560 3.500013211
-7.702448482 -14.289914182 -16.619479864 -0.439566541 -0.816868314 0.247898566 -0.279380949 -3.501159934 7.328255863 2.580746414 -0.952208587 1.825316223 3.088053483 7.325610433 4.595948587 1.537708875 -0.230095373 3.058309235 7.281100282 0.914643583 4.846252549 9.531832813 -0.934387970 1.829522830 2.443650869 -1.319014162 3.230091618
-14.018192131 -13.962778836 -10.576430704 0.158487739 -0.606680477 -0.151965463 0.764020245 4.373318903 4.362500718 6.178619168 5.281593726 7.306035856 7.872048931 2.014580087 5.085318431 6.347260962 2.118415163 4.744285501 1.307086155 -1.579775527 5.069813732 1.049638811 6.185695069 8.685665754 -0.472389764 3.366700514 8.300356364
-11.687121584 -16.574873345 -24.227637726 -0.047124431 -0.372737271 -0.841825226 -0.387526132 1.830012528 1.563921142 7.800035285 11.090069251 3.463791327 2.841892709 5.276099044 1.930271960 3.318031095 2.364063914 6.482092610 5.155832351 1.275980606 -0.100987961 4.213085359 6.144255420 3.787987522 3.297817448 6.102991381 4.350490664
-12.017950801 -9.040930136 -19.674143029 -0.335598831 -0.845020617 0.314311787 -0.272986597 7.724048860 5.509448139 4.886282739 5.985790966 4.586921609 8.231771927 3.625904522 4.569302532 2.400809893 5.036269698 -1.263036820 6.157920727 3.611800484 3.007864021 6.034587104 0.979503391 7.284017600 8.127336799 3.770275902 3.465793039
-6.421953199 -22.026373075 -22.061410746 -0.234213485 0.254350713 0.191937217 0.918482370 -1.706084248 -0.993446867 6.503302541 7.562837962 6.596430132 1.270820068 5.537341658 0.883148657 1.444793502 3.749170345 4.097717421 8.503893477 -0.753115424 0.459424434 2.620367690 6.262582890 5.431858312 7.489564656 0.807037041 9.090390759
-10.873631211 -10.717052931 -22.494794437 0.479334933 0.136981661 0.709369213 -0.498266361 4.753252415 2.925958904 4.796895497 3.702922011 6.142250683 2.751787449 4.079143813 9.079688223 -2.394317307 -0.653285470 2.426401383 -3.729369456 1.725615891 4.927848001 2.572616744 3.462191283 -0.072332984 -2.615085101 1.795669035 5.138398651
-2.680120551 -15.836072607 -18.652376769 0.099031993 -0.943958436 0.299657415 -0.096646624 3.633352180 8.150927554 1.805303561 4.161195615 6.749969860 -1.034303433 1.482776745 3.342879406 0.586891377 3.197689357 9.958193877 1.877421847 -4.163781722 0.150995410 7.316927292 5.417513070 -0.534232822 -1.028006941 1.703157867 3.090016375
-12.321356690 -7.296737535 -11.155543538 -0.241971770 -0.019938415 -0.294191582 -0.924393550 1.562294323 4.025353115 -1.082915318 6.470454177 0.311763841 5.049405653 5.758906536 6.267452516 8.764441162 0.899054862 -2.845471230 0.977636658 -0.703428236 -0.141127144 0.182694366 4.633819859 8.748307931 9.024694676 -0.740113701 0.408282548
-16.080976876 -13.662338437 -14.198793418 -0.475125803 0.318540783 -0.775528167 -0.267101672 8.726297556 -0.832822999 -0.626681874 6.236443229 1.699123455 7.594290386 7.877508745 2.698551829 1.013953657 1.303072691 6.912503388 11.985465571 5.264111993 2.538082346 5.865526927 5.470289708 3.935299943 2.334962126 3.566411913 2.190112279
-13.843780934 -13.691766036 -8.879462946 -0.152927746 -0.407393425 0.316787024 -0.842786855 6.431332136 3.400127068 -2.533419113 8.460530305 4.663728595 6.741382219 0.104930523 -1.105641009 5.092520612 6.965266238 4.268523896 4.634986987 4.537369012 6.772611185 8.454430002 0.971340098 4.986540651 0.136077201 4.476203317 4.225478165
-16.825427264 -8.510239637 -14.930236353 0.152848018 0.455556800 0.604880279 0.635000263 5.472393678 4.157770316 1.354075792 5.887462389 6.828903988 5.478865728 2.815143383 5.134604604 7.627697374 2.133134095 3.816056570 8.277708581 9.099706586 3.560633579 0.977269779 7.968849232 4.751664783 1.793374818 7.529973990 3.320853677
-11.628389657 -14.343293219 -7.087109511 0.474638255 -0.738196004 0.370884275 0.303693993 0.420655111 3.684020290 6.574202046 3.528714082 3.266006437 3.180217315 3.404137412 4.108756815 3.459193752 0.529558266 3.522066028 3.235724305 3.672659673 2.901651783 4.111768070 7.647860736 -0.219180690 10.797269653 -2.013114676 8.182044172
-3.162618193 -19.946469631 -10.316276805 -0.224248127 0.037101813 -0.543510728 0.808042277 9.082642832 4.274170226 -0.839520096 -1.684954807 2.247455619 1.056560011 5.744378635 6.133783947 7.205576236 4.574968018 0.825219013 -2.179792707 6.947342558 1.573972032 2.367541749 3.701761893 7.316982889 6.293075155 4.941452585 7.716312094
-10.270569927 -16.391973053 -17.500968441 0.934459274 0.338914497 -0.048415250 -0.097871304 7.855598392 2.297292362 10.739815128 8.412974781 8.521460366 0.801924637 5.929245563 2.895355699 0.736228154 2.965713355 1.201827162 -1.422212007 2.180986858 7.307018601 3.661277947 5.052910051 0.959198987 1.707677089 5.309022365 9.701986167
-11.316677739 -19.294943771 -18.619482251 0.328372333 0.362560844 0.707447956 0.510135899 7.009752351 6.982715918 2.548196388 6.094579650 7.125172365 -2.724355942 4.981058086 -1.319096951 3.017722381 -1.039430947 10.904757006 0.494738210 9.009229279 5.964984991 4.485267085 2.966892889 3.260166009 0.468608538 6.427468938 3.518753751
-13.166347439 -7.770363091 -10.729998751 0.597613246 0.134155819 0.309247620 0.727479577 5.882528573 1.841197496 4.973064500 6.611148447 7.749181446 3.359181154 4.445863375 4.942879287 0.836581189 2.601314493 0.223302382 -1.735700443 2.443369728 6.964615611 -0.783033692 11.662302496 5.716156122 5.002941177 5.404801495 6.639022298
-11.152232337 -20.667742709 -16.330814607 0.661719657 0.122801531 -0.112753654 -0.730981185 -0.134076435 1.941563197 0.558128498 5.308790192 6.036103507 1.542369171 8.316232106 5.139341392 1.748404320 2.591911997 4.485954942 9.685028387 8.096967555 -1.322692551 0.993156718 2.655318223 6.427283581 4.784309242 10.540371376 1.839209536
-10.880965489 -11.203620389 -16.852562152 0.653785504 -0.072829243 -0.089991266 0.747771348 6.801431372 2.934396106 1.081703362 4.908557111 4.832735443 -1.988004251 -0.106385708 1.291206804 2.545451536 -1.523751935 4.754824843 1.673959468 5.824769486 5.230179326 6.704259757 5.434616484 2.975664682 6.298180919 5.907483938 4.750168498
-8.747221679 -11.002315986 -11.746323787 -0.101901311 -0.313909893 0.852365139 -0.405648090 6.196202810 11.419918595 5.782589022 2.572270388 11.204243393 6.139289883 -3.719396035 -0.757875282 4.864991886 7.821021432 5.773298756 6.103338096 5.044569028 -0.194785000 1.585435300 1.359188043 -0.126023096 8.104480445 8.005171760 -1.817697808
-18.321194245 -16.088483342 -21.561800128 -0.234393071 -0.120953931 0.734316862 -0.625466851 3.132671659 1.886365105 1.846088465 4.981843831 0.517766948 6.666806937 2.449675340 3.532062397 -0.158175494 2.028374760 5.058557066 2.909536498 2.838476349 9.341610052 2.321901513 8.930944153 2.311653166 4.542577035 4.572996088 1.861943247
-16.032975217 -13.818549444 -14.399082815 -0.307624573 0.617276773 0.181977010 -0.700871511 5.805328444 4.347140731 7.566336483 5.862895127 3.053908418 -0.068545614 4.921891062 5.623228107 1.194103978 3.949805371 9.378310446 2.398479156 0.025032436 7.168503223 1.965496529 3.104240741 0.945267632 10.569365769 2.818624085 3.219408020
-10.038637252 -19.469560759 -7.040598910 0.118056784 0.775027799 0.151735638 0.601972428 2.020651061 2.315647698 1.975020129 4.047647778 5.230350423 3.635273259 -1.778181704 4.321109765 5.345250241 9.563416756 2.410124254 5.538496007 6.010262096 7.370666141 7.984673516 7.397170734 1.829424751 4.320985072 6.411797042 1.785685709
-13.826847131 -18.695099221 -8.687091693 -0.581503408 -0.405271209 0.698194300 -0.100666540 -0.124762987 5.117005764 5.288133076 6.039366816 7.998575884 6.409628505 3.903906191 4.801507042 2.814232513 0.321805257 2.814864757 4.475235061 8.465840664 5.382985934 7.843745342 4.020865332 3.268187120 1.125045496 6.300454519 5.564295508
-17.816004325 -18.062343144 -17.202856020 0.294488557 0.920678009 0.137643717 0.216061797 8.913151226 1.058404249 0.402178307 1.776727530 3.072098480 6.007892375 5.734764714 6.230240057 -0.143732820 6.601313726 2.712731875 2.491497399 5.119636488 6.948270250 5.789979957 3.085549653 3.281028298 2.241029959 1.830457261 5.984536765
-11.074090585 -6.522219575 -12.954791019 0.120443582 0.121852617 0.538552658 -0.824988678 7.069291248 0.125826565 -1.165317774 0.430134028 6.107390666 6.248756587 1.385696367 3.046806711 0.905933704 3.603713532 5.718031020 5.231497816 7.404845710 5.482993520 3.399788274 6.741691927 5.045358104 7.542186371 11.474781360 2.738512020
-11.441622183 -16.551729711 -20.986331470 -0.433396030 0.598801750 -0.366859121 -0.564817431 4.215445335 6.985476966 2.351506198 5.007270568 5.147050654 -2.671989699 5.495835559 5.979584704 6.244014057 2.166463860 2.597754849 5.774707141 4.254009240 3.537199705 0.699183766 0.889148363 5.071104630 9.403330066 1.146444048 3.705298029
-15.176395170 -8.174130425 -16.274175293 -0.045565688 -0.162265391 -0.674882200 0.718420300 3.698886749 5.577343770 6.867873314 2.762857925 0.176503620 3.442928288 1.882387616 4.765468898 10.345878384 4.058505378 6.704002855 2.707988543 5.069081653 6.023610006 1.016678996 8.446962974 8.608843549 3.151495338 1.205527420 4.351742033
-17.310050409 -18.391031844 -9.691876916 0.170519886 -0.045271354 -0.549067917 0.816944242 3.214216968 -3.821481682 5.768230377 0.195159344 1.446516105 2.301495123 4.860558666 -0.410369803 7.198215828 2.562570460 4.292371923 8.776017557 8.197782962 4.399791013 13.994149647 4.343574781 7.691367644 5.021811014 4.636322711 0.039794307
-8.442434741 -12.608635056 -24.817500995 0.750452086 0.155415571 -0.625353991 0.146969563 -0.086844398 6.022640107 2.706933332 11.230836173 7.601347043 3.089127555 4.197211456 6.629963112 6.822305545 4.887978774 3.447162324 4.699271207 3.898935614 7.835967836 7.077634466 7.543778728 -1.212943374 3.143510990 2.707716799 -0.080855435
-11.534170786 -22.272453137 -16.860536647 0.880183689 -0.115373747 -0.022912965 0.459826673 5.665680372 2.116897528 7.712196068 0.961522195 3.570874875 6.741381061 4.939616759 1.626014863 8.035847709 1.580985191 7.464579567 3.947334417 3.509571631 7.105782419 7.061104110 4.247743640 4.352763622 1.077146952 -1.822414100 5.502083325
-15.369500785 -23.825710236 -16.422104668 0.820990019 -0.158217254 -0.384523759 -0.391259721 3.499944276 4.018156185 9.738404122 1.049746518 5.271416570 4.488917263 3.832922569 -1.463340183 -1.570663287 5.884370293 4.362161276 0.458086725 5.862458880 -2.888936505 4.465284289 5.899523583 2.731291973 -2.116885327 -1.425584195 -1.175765617
-16.790292476 -8.819969552 -12.568055908 -0.591797588 -0.757239734 0.020865777 -0.275550757 2.542078596 0.833597622 8.652263351 2.173396981 1.927368234 2.172730729 0.565931693 2.007633059 4.762162397 4.913059957 -1.400738934 -2.210491757 4.766945434 3.966614752 3.295992043 -0.608753091 3.616718838 2.525145333 8.509511292 -0.578700587
-17.591134230 -19.510612605 -17.725266306 -0.071195571 0.653062652 0.529515138 0.536706699 1.815132054 5.368233039 3.287696964 3.371756355 1.540732197 0.127309138 3.281771698 5.475201091 5.524927664 -0.326585412 -0.602330930 9.893761489 5.335978465 7.849218297 4.543844659 6.116849045 3.517282607 0.571943646 16.112283035 6.005063834
-8.185834058 -11.952366103 -19.689271030 0.094738161 0.797420944 0.136358210 0.580130121 6.688151903 2.912486719 7.423567561 8.538283284 5.863948422 6.176466276 2.762764931 5.377607091 4.588298932 6.947732626 3.920101774 1.442747763 7.223637809 0.520866917 2.897620379 6.004998480 1.978902164 2.874764548 5.171889112 1.023261810
-10.935198691 -19.587843232 -21.038365537 -0.111733246 0.649876791 0.576795852 -0.482164270 3.665356990 5.623475337 6.006046203 1.950536670 2.445730492 3.762510673 -4.247658698 5.936838646 -1.258110981 5.534891456 3.899750888 4.043576407 1.960668626 5.751084671 1.588403140 9.462467270 -0.772686228 2.601519420 4.661603150 4.112679294
-7.014133330 -23.293690947 -14.143216072 0.678364558 -0.460309002 0.550030367 -0.159385523 2.431330151 -0.843462186 2.275247184 0.126079449 2.118033779 3.163054921 0.598680170 0.904975857 3.995607147 5.403837625 4.717743620 8.002687634 5.785586317 0.092169406 6.285600773 4.000616907 2.863573776 2.797336996 0.539160750 9.090300935
-8.329716308 -13.903998745 -8.052856313 -0.445710289 0.848866131 0.233952487 0.161353227 3.358296823 4.953407146 -2.451863666 3.071003455 3.714502208 2.647636691 9.192032514 2.983594555 -0.821441828 5.271202423 5.564365998 7.785818943 6.208429831 8.885406334 2.664080733 5.732114783 7.499007292 4.499562671 3.141995275 2.290153049
-16.062522894 -16.999296613 -23.623777498 -0.634514425 0.309794061 -0.638880546 -0.305369830 6.551590825 3.786003812 5.259090071 1.019500243 4.716123615 4.662426011 2.552587736 1.984309053 2.399545163 0.592213306 6.928126380 6.019759917 4.213419250 8.145333232 1.369452932 3.314837216 1.938886868 3.179404805 -0.441638382 2.954797608
-5.766780327 -19.267367621 -9.399380469 0.183969521 0.056694465 -0.896614549 -0.398777261 0.366504116 12.135298520 4.404166620 7.594165568 8.568830433 3.154733082 1.681743277 -1.721849050 3.707710071 7.567228507 1.579568843 7.333024807 1.356495944 5.512988109 0.408425958 10.462120914 4.302359890 -4.167302877 2.610618504 -0.735222093
-12.765275611 -14.472787968 -9.259505835 -0.114744112 0.424278456 0.242134331 0.864981241 -0.958032362 11.005322588 -1.657778958 3.761378526 3.657843724 4.163278370 6.749301682 6.212314377 5.198723255 7.406147354 4.892395148 6.003632024 1.107241491 5.475253955 4.980999222 4.861692451 8.467898294 3.233548933 4.987005516 6.550983707
-19.709353292 -18.692542865 -16.869644507 -0.273264885 -0.409309104 -0.361644545 0.791836841 2.975648344 1.475149115 4.294986956 9.205615462 3.117386973 2.227665793 2.995825533 8.877331561 1.782596660 1.861675500 11.636633342 1.569802337 7.420093189 8.915892864 5.345136009 7.834442972 5.200305289 2.117296546 8.342521462 3.508906660
-10.484005271 -12.528757720 -7.574572230 -0.446416178 -0.267305308 0.843831087 -0.131185232 4.178478154 -2.118671580 5.750543716 7.191094427 7.454571487 6.833031241 2.383886236 6.125467720 3.948234167 5.329196596 4.534944463 0.120616214 2.006488144 6.697227821 6.923779537 6.186759664 7.423315663 4.005203679 2.739797611 2.066188264
-19.875962224 -17.506237274 -13.475263324 -0.558038557 -0.424515741 -0.107695468 -0.704826958 5.443465164 4.210533639 0.342232326 6.591613266 4.239756120 8.551157872 2.889807464 8.615117937 4.942647550 3.760099479 5.790010108 6.301455842 4.069396385 6.466351900 2.207475396 5.125995361 4.004142397 3.540135792 5.274298556 6.591283255
-15.584034611 -20.216994278 -22.216570600 -0.477849332 -0.493753213 0.025177374 0.726108725 3.793312314 2.297170846 11.055561895 0.654926123 3.614615892 2.715266230 4.186098765 1.378769979 0.377661434 2.381117102 1.200654708 2.120428821 4.403689225 1.231808886 2.289333283 4.145889926 3.570707131 2.656328025 9.445623180 5.184390295
-1.540006246 -19.293695072 -18.006839746 0.272594401 0.373475524 -0.017256879 -0.886515948 4.422961004 7.950539230 7.388783189 1.127303949 1.770238296 3.988700933 0.517043285 6.572286112 9.904680583 8.907407170 3.131087602 3.841604932 1.446686364 1.063155971 1.798707608 5.704671745 5.219017455 2.933563393 4.852577034 4.509908820
-7.108465309 -20.954255768 -22.431197227 0.595570157 -0.744928105 -0.216895198 0.208170075 7.432132162 6.061214196 1.984825046 1.759738384 9.620065506 -6.267377106 5.011370412 6.137807046 4.270836109 7.783365808 1.977213016 1.079622830 2.262827004 -1.006572110 3.247184936 -0.216141271 0.256522444 10.376132454 1.584808589 3.368514010
-16.720528166 -15.812016617 -15.607725283 -0.261036855 0.884428796 -0.062772390 0.381713363 7.294842889 11.715057761 7.652751195 0.362782565 5.919594992 2.969108070 8.748000916 8.662610820 1.916569330 8.837518542 3.665054813 6.335082700 1.715278171 2.863625673 0.897108905 0.794989810 4.068132593 1.170584809 0.721216439 5.993218520
-11.560748860 -16.923433412 -21.977461930 0.804422208 0.481046072 -0.076369590 -0.340098917 1.601804752 4.598862812 -0.777669126 -2.252951655 7.270634700 5.085276125 0.257442693 5.552797129 -1.690038694 2.864686276 -5.008402550 -1.370656394 2.096749472 1.165022888 5.258202559 7.333720317 1.627856197 7.308524756 2.863572934 6.008577535
-2.532023260 -15.924129869 -15.286679887 0.392919116 -0.864601371 0.120030572 -0.289260609 -0.238056839 0.754521718 3.521325390 2.138943577 9.426322664 -0.164016270 5.661033350 0.213543804 3.993179871 0.491751875 6.774178625 0.694910813 0.615670235 7.818040432 10.674608422 4.288858512 2.604741919 3.679625048 0.657320323 -1.550054163
-11.770863246 -16.641616071 -19.308971955 -0.285233010 -0.013270373 -0.940953244 -0.181859892 3.400911409 -0.321848743 4.543935070 0.628931907 3.803809646 8.680937223 -0.868033182 4.645810647 4.563324230 7.411674273 4.308312068 8.753930449 -0.335609229 3.507936138 6.460772309 5.160671529 1.383691628 0.146805833 0.779169656 2.192872820
-10.510347660 -13.421106144 -9.882376031 -0.091820479 0.752248149 0.610149857 -0.231103600 4.372639431 3.860801417 3.460288186 2.263626909 7.340704765 9.001451755 2.394675895 7.142893751 3.255395681 8.604806085 8.335980792 -0.747139492 6.405103182 6.335863420 8.271795652 2.606686438 6.976481133 5.891489196 9.125623873 2.854824396
-7.532116642 -15.412577208 -7.944032881 0.442330307 -0.488172623 -0.347181700 -0.667455060 5.640722342 0.631873825 4.071066739 9.152001342 4.336177810 7.167613551 7.394441560 4.620044238 3.883097627 4.431982963 1.762315463 2.406415956 7.850292847 5.584016520 8.796031719 4.503964700 -1.245430451 8.609423012 6.207466710 -0.061954572
-14.257300770 -19.400890287 -19.518485212 -0.880108917 -0.187941810 -0.369917887 -0.230752956 7.594408679 5.101960021 2.938002405 3.263874081 -1.434500310 7.020108138 5.270104166 3.818560262 -1.192518544 1.808559615 1.785840176 4.356382776 5.743164098 -0.386984176 6.489074289 5.417226146 4.367079494 1.628784722 1.437452065 5.302437817
-18.181136863 -12.276354360 -11.473337611 0.360428060 -0.610067434 0.279093113 0.648086702 5.382797142 2.354049452 5.573724891 5.665478242 2.244066571 4.786110363 0.343254079 2.133559597 5.243389646 1.077190589 6.289801659 8.027987235 3.327056321 6.764205650 2.503359949 3.387718278 5.366221821 -2.312820746 6.519217703 5.388814954
-13.616143967 -21.684242908 -20.328615417 0.783467789 -0.418530457 -0.356223843 -0.290025955 4.476166985 4.738161290 5.390693105 1.794386298 3.067521053 -1.138035485 3.783706552 4.187064248 5.600461344 8.144912458 -0.803486555 -2.222596067 3.657751632 6.610435660 4.870636154 6.149096168 1.196821782 5.527492042 1.997950734 2.937248701
-19.582671406 -12.066902634 -15.933039052 -0.262550918 0.854844117 0.330274465 -0.302038620 0.476071226 5.808368420 7.037795703 4.200533682 2.907565369 8.398284401 -0.731622214 4.066220032 0.717363047 2.807563621 4.048385661 -3.029336181 3.182114994 3.760612595 4.387646712 5.509305325 6.149872870 4.536774649 7.372653299 3.594831018
-10.789986006 -16.364182547 -6.122683799 -0.211948586 -0.216692603 -0.846479138 0.437715868 3.884500299 -0.293058978 4.658440565 7.941092783 5.026322104 2.553093023 4.424290926 1.806887848 3.839301328 9.577465374 4.127761868 1.449472786 5.884093585 2.968890443 2.358033833 7.012710932 3.531171824 5.326807617 5.374868613 2.590167150
-13.102984042 -6.649578138 -18.657374504 0.629526798 0.214832945 -0.745643121 -0.039486104 3.168452458 0.283748079 4.315276696 9.226057961 5.076742286 2.506211431 5.091665747 0.996236272 1.316486816 6.533611219 4.325266283 -2.176377273 1.190444283 4.756977299 3.315120874 -4.454163261 8.098043284 6.093196771 6.457034479 1.017992246
-17.513999909 -9.859160268 -15.018816505 0.365616845 0.156966864 0.622661316 0.673779349 6.998207107 0.011483140 0.825445160 -2.363356131 7.473027412 9.952997726 6.014770366 4.362463711 5.331378001 -3.478379543 2.566583112 2.113668870 1.123229892 1.851844857 10.200454591 3.060946048 1.662971936 1.399345910 1.746034000 3.530504513
-12.144513602 -24.911096760 -18.052002110 0.479082992 -0.863336425 0.154420705 -0.035832244 9.045924291 3.849669436 6.572705049 4.356020970 5.601911196 6.004523424 1.286689655 6.303951564 3.930862168 4.950534854 3.276654887 2.372418070 2.731533247 6.668788410 0.909739325 1.461878731 7.810855193 3.335789501 1.559014552 4.907800685
-2.492872828 -20.031359224 -15.457820811 0.985670539 0.044230076 -0.146636871 0.070674727 3.986532290 3.134905824 2.970473957 0.957560143 9.008198558 2.711441024 5.121953533 5.023267490 2.755296072 3.092666616 4.192173570 4.034220910 4.233094304 4.361733488 3.729376217 2.708889047 3.847059011 3.240080174 1.125406119 0.762885464
-5.913001416 -12.853216434 -16.507348293 -0.373594193 0.749070544 0.468123377 -0.283162856 10.104059855 -0.197062475 4.355466152 1.692441329 5.665160463 5.766447260 3.558904250 3.828990802 1.688154988 9.577071605 4.309820024 1.627176462 1.845768856 4.958037368 -0.458882598 7.103441450 4.812773957 5.026082495 4.771779328 0.662149816
-3.373385229 -18.107764991 -16.214940568 -0.140070307 0.256534871 0.122451411 -0.948459710 -0.042819878 5.152302588 -1.033919549 3.026741563 -0.155277572 4.233442894 1.606185441 7.299703493 2.268117976 1.458845633 6.305302662 7.460289229 6.646451297 5.839431534 3.324188625 5.637366511 5.583807507 2.444291493 6.283305851 2.842189350
-6.677806955 -20.248329350 -18.355095076 0.093654558 -0.595538853 -0.414062908 0.681992820 4.109410709 4.505430496 4.263150856 2.973026710 7.398158050 -0.071761017 2.246766456 3.653077948 3.822150277 3.456748679 1.398426035 8.405052336 3.121055347 6.673277807 0.755610920 -4.102382968 2.520723548 2.508305958 0.069937322 5.689001384
-8.214982229 -22.844987768 -15.980754729 -0.882489065 -0.190762262 0.417711253 0.101686367 3.853644611 7.298709793 5.508074862 5.936905276 5.345399357 4.615099627 0.710446438 1.542638243 3.629920066 3.296456531 8.676611192 10.149632865 1.077868331 3.800594857 6.896592800 4.651880575 10.430609010 4.582064403 3.294527179 8.999638611
-18.648057119 -12.803857517 -17.740779279 -0.374462055 0.496087184 -0.731922714 -0.279221804 1.506750142 8.111626076 2.330430862 3.257204563 -1.586428261 -1.680648948 1.517166157 6.139198080 2.639947074 2.346342426 -4.437791698 -2.038643916 3.686950505 5.731512842 2.106531612 1.423958781 6.143835596 0.492896661 3.195156767 7.576573425
-8.699864014 -12.069464977 -16.053212572 0.732346882 0.426405482 0.487134278 -0.211060664 5.953315338 3.598911573 3.929007723 1.578872439 1.692696199 0.784756581 4.284738469 3.683902040 3.954489413 8.062488856 3.721645613 4.426365447 7.991910291 2.959146759 3.284815611 7.046184963 2.618263985 0.057209386 1.591516160 8.270006927
-7.045455808 -16.209268196 -18.101658163 -0.029587595 -0.291248058 -0.691507623 0.660391059 1.682058290 5.353987587 5.719461719 8.072507800 4.346375543 2.996238506 7.715151780 2.716008553 6.419249168 5.025059415 0.002051269 5.890954443 0.336132015 4.392133760 3.321952811 5.424126932 5.971670740 1.906906798 4.153149073 3.555204370
-3.331110458 -15.575346248 -9.235111284 -0.428601255 -0.078713678 0.161402872 0.885468370 5.630126324 4.874219000 5.615500624 2.067555405 -0.143279565 -0.199899959 8.120817688 8.307814459 1.072998385 4.548573312 7.876529702 0.222451290 1.739631711 5.605296519 2.200836746 0.746781317 4.313138014 1.886459956 3.799835574 4.212355411
-6.596396570 -17.413854472 -20.428241565 0.399134961 -0.507073145 -0.485085172 0.590135988 5.209701898 4.008092371 7.948877756 1.560486840 8.046098417 3.546662575 5.138080167 3.119960880 1.604179469 9.556209751 4.132093425 6.072734055 5.737783217 6.119972735 0.236206833 7.178558444 3.025857711 13.641705999 8.356688419 6.944777515
-14.239952415 -19.472823024 -16.530240197 0.541613022 -0.661665312 0.428584823 0.291837968 6.418113005 3.292537248 4.580943182 4.032027302 4.037096455 1.364010784 4.400201697 -3.204511049 1.720865644 4.064059182 7.377752853 3.137299661 5.744963896 1.518033483 6.340458667 0.745556702 3.016007791 9.238263956 2.414529727 1.757467931
-7.561797094 -8.525122797 -11.314605452 -0.114354168 -0.341034046 0.910287384 0.204928727 8.646889133 4.169767727 6.465148930 6.260830185 5.487644591 5.324107301 4.949720578 1.446950810 2.448137269 -1.845525991 8.845981416 7.172330207 2.580110993 -0.745565268 4.508282192 4.689760876 0.232981184 3.810727439 1.446941969 6.184759737
-10.031129826 -11.331409873 -17.459646042 0.347432202 0.079401920 0.576376234 0.735375168 6.096024302 6.800071327 8.755358619 3.435798579 1.666009741 2.204380130 11.371035853 9.887922998 6.995709402 -0.773713403 -0.386581484 2.422247151 3.841868875 6.993752297 -1.868442352 4.451516082 -1.957872241 -3.649463087 0.091830712 4.518749273
-5.064291025 -14.772262337 -17.580168240 -0.381753074 -0.246044287 0.869537795 0.193986656 1.093102592 2.833671255 1.902558369 4.481242317 5.102950946 4.956434970 6.332343312 -0.248854540 4.575712252 2.528679088 2.039832419 2.450458042 3.563113124 1.184788102 -0.472967159 3.046547695 7.600219912 9.095174167 4.775109132 5.494707260
-9.485978254 -18.372688734 -15.859566952 -0.165031680 0.429008055 -0.170031665 0.871668438 0.325141761 -0.075995411 2.016418189 5.015123064 6.432410583 4.958073562 3.556512358 3.744257252 6.336035026 5.975334963 0.353146582 3.561007256 -0.857647003 -0.894196266 6.079381575 3.368436144 5.716929258 7.299294151 0.607326215 2.124536978
-11.867305072 -9.838771054 -21.617621009 0.056938988 0.748088404 0.641606776 0.159569535 0.023719411 -3.184882471 6.376373703 7.345859333 10.012735903 4.573088191 5.332614631 1.260790425 3.077015927 0.177769696 2.977770404 4.652784612 7.156857366 4.593107560 9.886010013 5.373749276 10.033260310 4.791497230 4.521584789 8.634269814
-2.908895870 -19.988819833 -11.852381049 -0.263111094 -0.041856608 0.587835035 -0.763852438 2.331199418 10.610803883 3.802148977 1.495765239 -4.031948268 6.918798526 0.759922779 5.588650396 3.736545237 8.650702166 5.240067596 -0.980569183 6.074477675 3.985107328 4.262510631 1.896480197 4.279743694 4.036983205 -3.626230572 6.183217746
-17.420360497 -16.575301009 -21.587282392 -0.280542419 0.607627190 0.065804596 -0.740104658 4.561826431 -0.271225546 2.140940829 1.912390508 4.893220943 2.809193971 11.838062671 3.113365274 0.862673692 -1.645111389 8.174576883 2.227887689 5.021865932 2.731394360 0.820421673 4.305433781 5.492879459 9.875417663 6.120445808 1.358906799
-11.956126542 -8.795626365 -20.349838068 0.294012903 0.684153511 -0.120568046 -0.656470664 3.703960425 6.192388102 2.863007489 5.823050706 4.409705039 3.694646574 5.735501311 1.998080303 -0.262310912 0.852496358 4.215188909 8.496014006 4.946939670 5.780754714 1.366210519 4.834734577 11.109573345 4.697993750 -1.080578650 4.401650396
-11.194512834 -11.704536357 -18.066140119 -0.756941510 0.244924925 0.267343497 -0.543671580 5.530354847 4.187780977 0.947535257 6.582082143 -1.425996539 2.947187439 4.286483987 9.294214967 -3.480109870 -0.890648030 4.925518681 6.761883212 9.170698531 2.631455432 5.234644832 4.632862589 5.295689036 3.035674010 1.842690077 3.517582846
-17.681497606 -13.212299135 -9.358649055 0.515091936 -0.299505443 0.782794430 0.179470519 7.495068389 0.818109179 7.230266858 2.663956819 -0.711337829 3.249560827 7.345235488 7.918893768 2.602499938 -1.241120859 9.203379707 3.950433357 10.056768561 0.849403912 1.690043155 3.384157873 7.268109402 0.776453665 -0.327832556 -2.622534401
-4.871778167 -16.934166768 -23.483438555 -0.657744379 -0.216712634 0.034405354 -0.720572160 6.262732076 8.930810901 5.690439643 4.526243996 8.286195814 8.348645456 -0.329875076 6.087810746 0.017792913 9.712216190 0.465385398 5.521433681 4.309671571 8.358558519 2.196185923 7.343780917 7.106810552 3.982911755 -0.971959597 5.463926599
-13.802647253 -16.020668497 -12.154954654 0.351477008 0.515198072 -0.718788338 -0.307210327 9.058949711 6.996769956 7.637882008 9.574304431 5.460782942 2.410096798 11.078099041 4.417532305 8.255970012 7.749111115 -0.947777274 5.746381270 1.135665455 2.743896418 -0.932559966 2.947135804 4.555534389 5.354173288 -1.545371710 8.723430365
-12.238939960 -22.657438667 -18.407018323 -0.470535574 0.572944211 0.646375029 0.180362210 4.743294038 4.297232626 6.439021502 2.392610686 7.553405693 12.033431747 2.388046202 6.469172278 2.353049660 -1.988889184 1.931214061 2.136064015 4.110903269 5.999875611 7.784166361 2.898633975 2.730893621 2.075972320 1.715022059 3.842822089
-6.305660101 -22.434560346 -18.432553015 -0.479966376 -0.675833571 0.471207258 -0.301405013 3.108465263 2.970961893 6.122966833 1.811740612 6.422814504 6.122639917 3.072856985 6.490530271 -0.997200000 1.110539869 3.507211847 4.921107885 6.166051081 4.015227032 4.011809732 -1.784724543 2.783967564 2.821170197 4.302923543 6.352161200
-2.392056032 -15.140283813 -21.042376107 0.107400302 -0.110219744 0.467634066 -0.870422405 5.775282795 4.972088132 5.688082045 5.559276680 1.701464858 4.842712765 2.172691083 -3.598050686 6.336840819 3.436420676 -2.197467817 6.353322138 4.517930648 2.645689550 0.774438673 0.883069772 7.022157168 3.651082461 4.242963718 4.741606776
-6.282642828 -14.493929700 -24.646687765 0.001439650 0.227467171 -0.365075812 0.902760358 -0.352808746 2.671379272 -0.352840960 6.339129468 2.569227491 3.449644334 2.606845852 5.908663252 10.891681400 0.256415981 6.004888271 2.739308085 5.695331231 5.806179948 9.769819962 6.548171576 1.375312121 1.030380166 8.321020269 4.963918730
-10.158780601 -9.070880055 -15.186206718 -0.491357734 0.374277439 0.477289691 0.625042820 4.740433625 -4.208616442 5.505295179 3.335029365 4.755458323 2.722012835 -0.140147792 5.287836919 7.391870635 7.640395049 2.103661794 0.115938685 6.594915370 0.549359058 6.967389785 1.252775347 6.378266771 2.650261352 4.798349693 3.642655502
-3.966072561 -19.460994354 -13.225546620 0.206284353 -0.667962340 -0.065315389 0.712044224 4.683719502 5.707639338 2.596098201 -0.641797594 3.178017769 9.486624416 0.083196045 8.184560677 2.616241224 -0.930421474 1.787520432 1.114879267 5.849936894 1.307165264 1.540133068 4.123231567 0.666325103 0.843753023 5.702689656 -0.068381924
-6.346531048 -15.384475852 -15.030050764 -0.381677608 0.487847578 -0.388191293 0.682374138 7.412956610 5.060255001 4.097522747 3.000125333 -2.291959417 5.846556391 1.104114467 1.978133926 5.182642596 0.613420331 -0.096046244 4.745096797 4.992730278 0.617403046 3.245961867 5.850420237 0.618363086 -0.154742473 2.680410807 4.095945226
-10.619909305 -15.672013996 -9.332408279 -0.263126106 -0.642885629 -0.714578511 0.082705932 5.419394009 -3.209948556 5.598850784 5.143573469 1.880819565 2.404872899 2.997109479 8.869826524 -2.363549456 2.093902756 3.183878330 2.417455141 -1.075646723 2.917017030 0.491313514 3.405163502 2.620751929 4.973357928 6.242151584 2.818992268
-6.170909162 -12.273729410 -8.116614907 0.853867214 -0.137752833 0.454650000 0.212669499 2.193972108 5.155113761 3.653776677 2.016840486 3.702839361 1.874102661 2.063085862 -1.201754061 8.080003752 -4.287337465 2.008647619 3.885543960 10.717175221 4.283360224 14.656631299 6.508570616 5.403602496 5.671874010 -2.363639650 7.478374190
-10.775740096 -7.647471969 -19.381205009 -0.470036419 0.202436231 -0.345875603 0.786419356 5.841495278 6.012361378 10.538502844 3.105434929 8.519921471 5.767681714 1.467920950 6.639867260 6.046375984 3.991881877 4.203010894 0.718537564 3.619063727 -0.388114442 2.046971120 3.822247811 6.933808377 7.720445265 3.686456800 -0.685702643
-9.279258437 -11.411305812 -9.997213703 -0.495156398 -0.629894185 -0.161544097 0.576157063 6.335293060 6.736503755 3.848490796 8.700973482 4.446318224 0.784391168 3.552371763 5.510645912 -1.056461750 1.172672353 4.954627277 6.245958985 6.526645200 5.692208413 5.847211522 4.032857152 6.129065101 6.264998902 3.098134925 0.693193178
-10.390890462 -12.921422831 -17.750380615 0.364807561 -0.326534331 -0.624572164 0.608440947 4.782922801 5.614329970 6.119795148 3.073334936 0.864155048 4.821802663 6.220124098 5.196886031 2.174623367 3.309849318 3.477572597 1.928707629 -0.378783067 4.330183053 4.267969485 3.193386584 5.829662162 2.081045493 5.956444081 1.546073300
-4.728943197 -13.790774860 -13.088486375 0.119745097 -0.802483648 0.527591044 0.251652134 8.730074190 4.589013935 2.723718927 2.629323105 5.971515986 7.191619212 2.297364834 0.591648095 1.929492785 0.450417333 7.603174708 7.110378240 2.574724638 2.856410992 0.501218723 -1.083869199 3.782878524 8.004282749 5.784202571 7.181678136
-8.686574338 -20.589826585 -16.163935926 0.414575817 -0.376266831 0.730395785 -0.391244375 1.896158091 5.494938058 4.352885787 12.100186648 10.805746386 3.783040771 9.107586972 0.237953303 3.080080577 4.115219948 -0.211985174 8.343722038 1.044676402 4.196962899 4.464170659 2.190192298 5.831695479 5.693931913 7.604226785 -0.258266560
-10.144359252 -13.413663194 -24.956787684 -0.832950043 0.125227848 0.489279826 -0.226091714 5.645542062 -0.771857695 3.974047399 1.714547956 1.943685184 6.149517540 7.482700510 4.710079389 -0.333054302 4.799221332 6.752000024 4.880516631 4.026601028 0.986436607 3.293132984 6.676254906 3.298829808 2.607257616 7.815033319 1.047590234
-14.416945702 -17.633934438 -17.559841832 -0.028145524 0.301688025 0.444570909 -0.842940610 8.138161660 2.571612230 3.712917629 1.670932039 4.440893052 9.423305419 1.532122848 4.431055957 5.157884095 5.393790035 11.091859109 4.903496462 4.707895323 1.779018313 4.730428886 6.508603184 2.078738756 -0.218078502 1.789389557 5.453960689
-10.569843593 -14.876140512 -25.407087123 -0.469945296 0.693814833 -0.216291507 0.500989402 2.378309359 -0.619336212 4.210791184 10.516315969 0.370470127 6.711904613 -3.511486574 5.807588961 11.134768771 6.183619906 2.855987137 0.836600197 2.819310248 1.113892856 5.365493294 1.982014009 2.709413952 -0.915410466 6.052795435 7.948768763
-19.459719676 -12.952148021 -15.577437943 -0.474234689 -0.524419833 0.707161472 0.002819751 10.439548217 5.218786540 6.792911440 1.990340501 1.876865621 2.957075284 6.886373746 4.401428885 1.602793593 8.396813625 4.047080865 6.186992761 -2.027037126 3.505786074 8.430579553 3.672229724 3.698331819 4.878823088 -0.967426705 6.152619528
-3.652563070 -18.747157629 -13.070456507 -0.516933399 0.221384821 -0.619676241 0.547512536 -2.445239358 0.265711421 7.032509229 5.681195739 2.760774301 0.975873717 4.147941565 1.117386469 1.410870046 5.524617787 0.409388179 1.546429671 6.853132696 13.101928853 6.835819206 10.200504815 7.429282043 6.145674767 3.192204088 6.613022977
-5.175075018 -12.244747274 -13.054429479 0.788750014 -0.550309312 0.243432520 0.125593334 0.736073046 6.314079978 5.882773623 4.522260313 3.322433764 6.461956061 3.810106372 -0.013591471 5.763522095 5.317209005 7.614921902 0.850955075 3.769000312 -0.694038248 5.394380546 2.720335598 1.933129859 4.839411934 5.719157770 3.769923048
-1.237495471 -16.964812625 -15.322882040 0.081778294 0.741011506 -0.460277732 0.482035961 5.348988408 6.785091978 1.087748847 6.132162646 2.862864820 5.733944307 4.282355050 3.957159541 7.341527344 2.882132982 2.470510721 3.039936124 3.174806973 4.421675659 1.528083777 6.423953247 7.222330975 -1.762471224 3.137212358 4.738884728
-8.868520540 -11.542420004 -19.570428007 0.488388120 -0.337176058 0.796073057 -0.118562378 6.892723344 0.868979300 3.869975753 7.155251027 1.000377935 2.431933702 9.672155904 2.905661291 0.580588831 2.531173787 5.592444262 2.619992445 3.401278729 2.699421137 1.410723521 3.854152195 -1.793779402 1.383984866 -0.233062587 11.922532030
-10.464525867 -8.735603596 -10.666497741 -0.936081529 0.159918897 -0.120147614 0.289381874 4.068143441 6.210803360 2.163810041 1.178591338 2.149013047 4.270887218 4.675183550 -1.422114596 4.676536792 2.304817149 2.733676016 3.729529250 0.688404438 6.356831452 4.512808198 1.098629913 0.863238725 5.934257357 5.239246800 2.448484651
-10.451449300 -8.110613494 -16.192950834 -0.208930365 0.920859970 -0.315530019 0.093839361 2.550230386 2.469795193 2.049330431 -1.019222657 8.643482890 3.695846519 1.468750593 2.592074925 1.777253001 10.119483202 0.777497444 5.197396431 1.683114742 7.666620480 4.081766752 0.469895406 5.395010991 -0.090478998 4.114986595 3.738613726
-7.161667785 -18.274596278 -8.507066435 -0.415220777 -0.837415565 0.212754150 0.284714858 6.126258504 2.102306522 10.197027199 5.261042638 4.187060891 2.803409960 4.285757849 4.859836468 0.987079849 2.083505406 2.188134164 -0.385636569 1.507661556 6.037239539 4.101273837 3.277679294 5.320842084 5.824460742 8.622545212 -2.198883479
-10.632702671 -20.508079057 -13.865988754 -0.272288071 0.065510969 0.631634073 0.722914876 7.465045089 0.459265630 5.767671793 8.983293775 5.902099483 5.337631875 2.571155005 4.815106861 0.597038855 2.648843329 0.993389850 -0.918407824 4.368044522 4.723378254 4.109540212 6.404643798 7.451997579 6.950943700 4.474976872 0.670186477
-5.564350873 -17.342532712 -15.048603823 -0.774446500 0.406478518 0.422528964 -0.237649128 3.985091591 7.285904128 4.314878057 1.138788316 -0.870565936 8.189594589 2.199610725 3.814556790 5.163820156 3.378493185 1.061368874 -1.737391431 3.760427720 2.015163153 1.308818969 0.938740421 5.571704078 3.115106354 5.225745987 -0.372605780
-9.296943257 -19.647046976 -19.721099231 -0.303010087 -0.133919347 -0.039103680 0.942720212 2.268754828 5.542430683 1.756384753 5.274485496 -2.721988127 2.872429021 4.365984366 7.224825680 9.053126517 6.668247129 3.089969913 4.700168450 6.399490462 5.288509925 5.143515780 1.775228605 4.220281024 3.431799297 5.585718166 6.235860732
-15.422365256 -10.234341741 -17.778649543 0.191384783 0.812665091 0.450917287 -0.315627811 10.921804320 6.638537411 4.452334904 1.060725305 1.416473836 6.840419805 2.263343599 8.265232884 5.609259816 4.741588314 0.904310974 2.837932845 9.768415771 4.306451333 2.366674328 2.919190085 2.464314760 6.697172855 5.940909362 2.065964891
-17.154676312 -16.586732335 -12.292697176 -0.585827984 -0.776584856 -0.080057304 0.217514052 3.027667462 1.352485642 2.781430153 2.078269593 7.038068811 4.142041317 -1.412197112 3.676220510 5.231709536 -0.584730105 5.842270501 8.533528374 6.214653167 2.463748711 6.927463974 6.106659815 6.629364388 3.631092138 0.149483321 5.366771653
-7.340293110 -15.159873120 -24.434015110 0.014419750 0.079676085 -0.927380940 0.365251126 9.113498503 -2.256433156 -0.956687427 3.641758699 8.752545016 3.444903247 3.775176312 6.023717823 -0.559079765 3.855525128 6.143780240 -0.409365942 7.632902660 9.375447948 4.329184049 10.483890122 3.352722705 4.469740371 5.806377957 4.897450303
-14.220205318 -17.707393295 -11.883964695 0.867317249 -0.037208278 -0.044825062 0.494334954 3.760874446 5.652171811 0.238751260 5.877852318 1.284515998 5.316926352 4.678015620 4.973827910 0.055178951 4.239660683 3.307377538 5.957713622 0.237318979 8.778176413 7.470285782 4.275977308 2.041151373 6.284197127 6.575544701 2.780895358
-5.880017619 -23.999141857 -14.283495093 0.001631580 0.966469747 -0.059447426 0.249799059 3.480500125 2.125532327 5.001758481 7.426734920 8.065813682 6.292909258 8.367590670 5.172177952 4.192171054 1.264379201 1.333111107 1.918223157 3.691746036 7.740654091 6.795886576 3.371416867 1.885240151 1.893736320 4.808186040 2.417078775
-8.184944748 -16.448386340 -13.954266054 -0.395657630 0.835412422 -0.193131373 -0.329000606 7.445037396 2.402716093 3.686227718 7.721899287 2.955254877 5.539579156 3.150114733 3.900921731 8.934633320 0.304470735 3.196794150 5.548935749 6.670866878 8.468746959 4.084705507 3.540670036 1.789586612 6.975456391 9.238564704 1.785720149
-9.185524226 -6.306928934 -16.798177443 0.064904600 0.392839226 -0.415227728 0.817955176 3.104323000 5.315532654 1.606174745 -0.862284531 5.858542560 4.120091194 4.399891485 3.474514485 2.195445219 0.244672995 5.499138678 1.675313850 -1.925527041 -0.504809531 4.761259506 6.237987361 10.036880676 -0.091210886 4.915062853 5.788868889
-14.181461790 -24.343260883 -14.959145896 0.664754496 0.116808286 -0.735961227 0.053088196 4.439018893 -3.448345806 -0.290578779 3.933955972 7.905748262 6.770112475 5.553085441 5.503328471 4.783517874 3.779043546 1.313576319 -0.537579701 9.384437022 3.337557043 4.713102418 4.801893617 2.102167797 7.930663594 2.034506828 2.860294465
-2.717125559 -18.728437912 -15.726708434 0.153395132 0.119925584 0.699004209 -0.688099487 6.583935808 5.526944897 2.891137885 -1.445278831 5.195122762 9.782035153 -1.222814637 -0.063164375 4.130282550 -0.464199939 4.914115365 7.298313701 4.457924941 -1.849025600 4.007923927 6.763961122 2.098776912 6.210359543 8.771484084 7.244474712
-11.035119485 -10.870096002 -13.017935028 -0.016035571 -0.729699712 -0.548055842 -0.408553527 5.750704185 2.080907240 4.389455777 5.246720965 7.989839448 6.476118262 -0.970430674 8.529609706 -4.157470330 3.841168047 9.515501522 0.663512041 2.898018018 0.478230022 2.793222674 4.103235929 4.760323798 2.373790162 11.589956240 6.228218619
-9.774452405 -19.796647942 -10.513605564 -0.199160349 0.446918553 0.853554211 -0.179008855 0.378536779 2.244175932 5.398842554 5.966710274 9.187042029 5.185877225 0.952880193 5.081432006 3.572466051 0.441957078 0.697209035 2.911105719 2.344277410 0.726614575 5.020384272 -0.811857548 4.897558996 8.298690053 4.782756366 7.971884453
-1.750198319 -16.073230137 -11.609156914 -0.563260840 0.685889972 0.349668609 -0.300040056 -0.874983443 2.894338694 -0.839860570 8.453067686 6.167801160 4.132008383 7.606125455 5.177195540 4.541323254 -4.406547654 2.305176316 1.841983774 4.426104512 2.599077197 5.988433959 -1.527529592 5.936680072 6.863771517 4.487720412 9.031235451
-15.007445956 -22.479652067 -20.620407030 -0.309930085 0.571780629 -0.559592621 -0.513679232 7.253587719 4.439993403 7.929962830 2.270486928 8.353093209 10.726877459 -0.715910604 1.870735969 5.274208072 3.003149319 4.721149531 1.387581241 -1.650810783 7.429923835 3.756619669 12.551442379 2.385392801 6.860298009 1.055893952 1.632550255
-14.954147803 -10.644659351 -11.205971823 -0.538020590 -0.521587302 -0.612133413 -0.252533592 0.996388688 6.911234127 -1.740606192 4.894806820 3.030250422 -0.950359662 8.580019196 2.371011958 3.512738888 3.508444037 9.700381853 3.708814395 5.258705376 5.748629839 3.040858308 3.693603114 2.646985757 2.846538607 1.713051649 2.794726752
-14.319394258 -16.846687700 -23.809479891 -0.824326844 0.003633587 -0.345086306 0.448762179 8.448734873 -0.949320636 1.083822329 3.164329866 2.821520264 7.182250502 2.873472757 8.465749343 3.116412640 4.576420800 2.452384712 -2.348011532 8.280003240 4.317193878 7.743315998 -1.124433499 12.400301106 -1.164304842 4.605070573 3.202927397
-12.346434773 -16.555972728 -18.426085796 0.087430362 0.677465245 0.695641118 -0.222441474 2.811394253 5.290203594 2.076353958 -2.836018372 2.313922908 6.113860919 6.997385846 9.001573637 1.679180521 1.911321669 4.262862703 7.014717477 4.260685820 6.119022809 3.140760154 3.696712815 2.657939010 2.552392348 7.200353140 9.342584646
-15.934797849 -18.131946902 -9.558689816 0.124736784 -0.235459981 -0.254113934 -0.929744825 -1.116301332 9.821112088 8.041707123 -0.080504134 6.489620679 1.540665712 7.676530800 2.193767803 3.856099149 12.194924581 2.416692285 10.653150911 2.381812458 4.885466142 8.977339953 1.060838551 0.581163745 -0.556097783 4.842781934 1.103536242
-7.345203555 -15.112076317 -17.902521256 -0.685629667 -0.278057132 -0.603879913 -0.296521910 -0.920082221 3.245277806 0.737873504 6.380017558 5.464791811 1.967024887 -2.401271432 4.629320730 4.699556719 4.010996006 1.402282246 6.897009640 5.470617281 5.706056429 -0.770236780 5.266347853 6.331420637 1.660117683 8.538112548 9.299919228
-16.864388340 -14.304692066 -9.966363816 0.090377330 0.969763278 0.139081793 0.179017814 2.271815344 -2.863753169 11.929484768 5.573277346 3.371945289 1.575417853 8.395836275 3.558816928 5.910731793 13.063224133 0.646547350 7.326836850 3.429416683 2.296461345 4.165026910 3.221863000 5.083391890 5.582654175 2.418233145 6.258156695
-10.318028490 -19.429363148 -10.161896164 -0.654767517 0.259390547 -0.696113234 -0.139364300 6.621850488 3.008028566 7.904637450 8.935287771 4.521190875 2.407372010 3.462401446 3.648846954 2.618005613 4.155630587 0.675452710 5.608932279 -0.324486206 5.258845345 -0.715793306 7.022454404 3.948177723 7.442219338 7.555122006 9.440754241
-13.683930476 -8.762056135 -15.682304395 -0.548215843 0.292419835 0.645866726 0.443628450 3.290007240 0.908125921 3.654618585 1.405575516 5.781620360 6.291069378 1.200076321 6.670315978 -0.974029425 1.073148514 7.651750603 0.687278117 1.706167816 5.615446160 -0.757898639 6.391854440 -0.035405563 8.396407295 -1.079547257 6.577258563
-3.623531086 -11.801058098 -12.675237709 0.683783210 0.693791579 0.080990052 0.211031698 6.122057297 8.600772914 4.870312231 2.362852710 6.369450490 10.245836606 3.827805327 3.732153161 1.445654657 11.461760940 5.404421569 6.041595898 9.126264085 1.712264393 5.212740936 3.719139517 -0.611200360 0.646538398 6.065266371 0.022307995
-6.770755513 -10.439629724 -10.409872922 -0.185598144 0.871931569 0.337852090 -0.301901695 9.849947566 1.295608022 2.875576070 10.112149182 1.864377169 0.114316130 5.273608223 8.037786325 8.413221115 -0.906001818 1.864707868 5.019540022 9.756490080 1.669432440 5.445571934 2.312065710 -0.004239986 4.610986639 1.314521851 8.087039953
-4.013001616 -17.987180193 -10.378516695 0.333513729 0.364149289 0.868562550 -0.041987912 3.666238983 3.778748557 7.552456269 7.468692517 2.315433980 4.818721872 8.055712103 4.214477824 5.070078631 6.882760794 6.415208843 8.483810265 3.446801032 0.367276615 4.740522857 6.055462116 2.250470807 0.812757730 2.192122004 -1.723642795
-3.058122584 -15.135266406 -18.580255383 -0.481727107 -0.068510785 -0.833570585 0.261544156 0.225320973 6.262988247 2.698124079 8.076761385 2.059535184 5.486835979 3.310368316 0.695641900 3.903011661 -0.108886447 1.675695871 3.014042633 11.088777170 9.447859439 5.410303170 7.504380788 5.903947657 3.369524829 1.269528015 3.943712740
-19.316555569 -17.355046490 -18.279554582 0.060796458 -0.910038428 -0.159827591 -0.377609575 8.672081764 6.479188656 2.170835505 3.416133108 2.906757349 3.046034593 2.436761342 2.495270759 0.733241296 2.634324634 7.726925553 7.438283376 4.290395207 3.181809613 7.023325833 -0.338424005 3.743402932 2.838457909 4.521512625 2.186078695
-9.916762437 -22.044989875 -21.101275029 0.337686399 -0.236219864 0.421218621 0.807925086 2.258821899 4.879121652 6.764009001 0.298740105 3.034072963 8.055314100 6.680394661 3.564640763 3.325535087 3.886398530 1.284561329 6.135852768 -2.325400855 7.144016323 6.463504931 3.317475926 7.296277878 -1.813969128 6.548776695 5.821469684
-11.869297621 -10.259465353 -14.247481905 -0.084552898 -0.897477117 -0.430870440 0.041668878 3.680330596 2.373364800 6.118771724 -1.067614741 2.024987656 0.883071986 3.945114122 6.384276589 8.324245876 4.984219198 7.069611205 5.791060548 1.167504499 0.357044374 1.933212240 -1.424885549 2.179787481 9.065908196 3.666933018 4.426042576
-5.007391692 -14.301834970 -9.657436470 0.734956816 -0.481456859 -0.386465998 0.280502772 1.678969673 6.957586827 -0.257184948 6.412580909 -0.456805118 2.990649483 4.580664127 6.869500371 3.275395767 1.411461757 6.543100784 -0.599291395 8.880747702 2.289273626 4.617922816 0.352673107 3.696264397 2.341529747 3.115489523 4.438758183
-9.194954227 -13.107536669 -17.127230687 -0.151115995 -0.271039872 0.406586502 -0.859295502 2.290399792 6.789808643 8.591514066 5.917458839 2.045447860 6.781251072 6.740519974 7.886044155 2.312923613 12.089300005 0.174286765 3.123646004 5.823990554 2.979222750 1.586485518 3.228900096 3.872122699 1.011314795 5.463755874 10.774386536
-13.159948173 -9.660759988 -21.541620869 0.661719881 0.604087291 -0.416955384 0.152818687 2.037425437 3.436042623 1.547489847 5.495372257 -1.916392816 1.491822596 6.061300853 7.469118910 4.684673450 2.149687948 7.327227015 3.921629437 -0.641958456 4.280702695 6.441770968 6.622085602 3.229939687 7.019086817 0.271374552 4.376476492
-9.490336919 -15.952880847 -14.337371889 0.152075511 -0.970602696 -0.174796693 0.065188658 6.761775196 3.225005821 -0.691785634 4.148135801 3.458307650 5.098566040 6.301875935 3.863928315 1.711495779 6.813973632 7.044641150 1.800399512 10.470841070 4.117659529 5.970371069 2.734625631 2.132668573 0.062311049 -1.240428598 -1.314627276
-6.947538016 -15.522612255 -11.898659124 0.731381948 0.581556779 0.127143578 0.332726119 6.319917512 2.965908207 2.096210161 0.681582108 2.070822913 2.489779464 3.995793553 7.470745885 0.088675607 5.136648723 0.835886995 7.210462596 -0.622832508 3.003718758 2.004545617 7.798750704 7.506272211 0.991377667 7.159914629 9.467652417
-16.781300260 -15.512724999 -16.027940872 0.458420629 -0.581392631 0.378712680 -0.555346596 4.732017814 7.757743950 7.910079973 9.004375885 8.252310801 6.775724236 9.364428711 2.246197772 -1.649028758 1.707710451 3.310245505 7.004422754 3.551436929 1.747838827 4.205331615 8.588263867 3.738352784 6.532037244 5.203009699 4.610128363
-6.069612513 -11.823863573 -16.694179001 0.655760101 0.644634700 -0.195043344 0.341149362 -1.894266461 2.062622259 -0.171580531 5.979340746 2.679935475 4.356420337 7.620982553 4.427307510 3.733091523 1.032162804 4.559199447 1.194635282 4.685923346 -0.111971340 3.292918681 5.431195716 1.244658240 -7.773579173 6.258465545 -2.090706748
-16.311007859 -10.863471151 -16.430039080 -0.441611409 0.163492812 0.505169184 -0.723224418 0.778201064 4.784203404 4.948982215 2.631327674 1.210095994 5.446224749 2.426280689 3.907391425 7.117168324 7.786358996 5.658716071 1.352999144 5.275270384 8.330791572 7.620262512 8.949841252 6.579089912 2.487106900 6.468559921 8.780584481
-6.130494757 -20.981396305 -16.733414840 0.205326827 -0.353294988 0.203287537 0.889773973 2.890871536 -0.906244209 6.698260570 7.374941595 3.769148280 2.006684660 -2.072662917 3.414919710 7.534007254 6.970912303 -3.236898661 4.626607064 3.153079675 0.186481053 10.026204300 1.082480193 -0.239867655 8.351824182 2.372843540 8.142275957
-2.428389542 -11.942808412 -19.408884213 0.107235519 0.769284651 0.373973714 0.506799103 3.070754430 8.335781025 6.053059518 8.849853063 5.957950975 2.152328314 2.468013620 5.409972661 6.580364610 9.373244026 6.510560627 3.335192269 4.700782360 1.888057469 3.742341880 6.569986521 1.998888656 6.851101004 3.290274302 6.460992923
-4.876840290 -12.915368106 -12.329987124 -0.353664430 0.705450674 0.430892769 -0.437712508 7.310482490 5.758785952 2.905878279 1.312494969 0.096556049 -0.377082864 -0.572282671 8.571717526 5.816534111 2.528630855 6.999540144 6.288676549 6.235831670 7.777361041 5.539767811 3.769450155 0.867729984 4.875417735 5.760892756 7.214074541
-12.264801602 -11.478468744 -11.624177136 0.041702197 -0.324519033 -0.480831639 0.813479723 3.323393218 5.707635185 4.110007657 3.936603999 6.805912026 -1.855209491 3.649424210 -3.356297757 8.175525316 5.003478557 4.517887290 7.152893005 6.449735298 -0.137647385 -0.612146000 3.381250060 5.170518917 3.687471909 5.186361436 2.988708726
-12.228882566 -24.208187582 -11.387371383 -0.339548421 -0.829690259 0.296596393 0.329167925 5.106699260 2.825351511 5.548149853 4.859386457 6.196820567 4.420009303 1.752854769 1.641334967 1.328743447 1.896397723 4.710889810 5.972015851 -2.221478063 4.304282489 6.695619047 -0.154522957 0.128133153 4.312056795 6.855680733 4.801714277
-7.974285360 -15.833778767 -15.424308726 0.274866065 -0.356063634 0.861783066 -0.234514992 2.465872174 8.423197414 -3.628905018 -0.148268258 1.651324479 -0.022607198 8.063311955 2.011861745 2.482381095 2.696283052 5.149132783 9.075657517 3.174622336 0.232658186 2.515145512 5.983435688 0.151775353 3.674559710 5.767728983 6.471738108
-3.245143391 -15.024753344 -19.875561476 -0.233764795 -0.563925751 -0.066221595 -0.789275914 4.490521221 2.243597086 2.003446223 3.565042452 -1.098091195 3.233568671 3.597197875 9.247895635 7.799870108 4.824986819 -0.423157018 3.897066653 -1.798768133 3.140199130 4.775206257 -2.784712556 7.001333053 2.547364511 4.830544063 1.072240418
-11.066351970 -14.458840797 -17.063552498 0.596928861 0.187992001 0.379804357 0.681236811 3.622634733 4.787776621 2.505306009 8.116525453 7.139962241 7.501820006 5.738952368 4.393411256 6.368363973 -0.743786111 4.927448607 4.106254703 3.988787894 5.501238323 -0.157489584 1.288660494 6.760915687 4.589225815 2.614855035 5.345662888
-16.847422886 -14.435513448 -16.331787135 -0.335749524 -0.436647033 0.659461240 0.511588211 5.277832350 8.612260579 5.279817542 -0.639107986 0.178951135 2.869866670 10.943263020 2.385734805 2.842287039 4.643685820 4.238605408 6.119631977 8.456951452 4.380628197 3.731835987 5.432718206 9.923966546 3.837416335 3.778656601 3.467177175
-14.822740539 -10.835577017 -20.619492757 0.506705192 0.404865126 0.251171901 0.718503134 4.379857819 -2.473299288 5.374270489 7.725000814 -0.437059313 -1.281523933 7.658570902 6.803175740 3.740871399 0.614483841 6.488889443 4.610180906 3.445602585 2.709021791 0.275601982 2.667562718 3.613050083 2.573629955 5.110819504 1.902422956
-13.098603704 -9.879554280 -18.403254238 -0.294773679 -0.813452558 -0.319724285 0.386238005 9.494444881 7.993627417 5.045338739 2.496208934 -2.554632840 -0.247614717 0.783755635 5.074714649 6.052773091 2.261563656 6.060054122 1.354093062 0.614358643 5.842193268 -3.033592418 3.093359411 2.023605866 6.032054251 1.118905126 3.710770137
-13.739494121 -20.662280189 -14.147603975 -0.181895794 0.325468718 0.228599012 0.899292236 4.818206839 3.821501526 3.439444998 -4.220552693 1.798657524 9.117567631 2.624925953 6.604809549 1.358936053 4.725132929 -0.329485750 9.246918281 2.831691606 6.897305743 8.427804564 4.542972349 3.616295436 5.766621597 3.175529883 5.107334743
-14.155485241 -6.498296957 -15.794339629 0.588495907 -0.483239634 -0.065759344 0.644847061 8.170069207 3.700719515 1.287895795 6.796896616 3.921046486 4.531619354 7.920696704 0.735122241 5.091378612 7.991741185 2.935805984 7.306617161 8.110564709 3.283018161 1.252528211 3.897541059 4.769981282 2.208951957 6.357747216 6.125187577
-12.175102442 -8.917168863 -15.746277964 0.058728104 0.914420801 0.220272259 0.334463361 8.831659861 -0.577529906 4.252805635 -1.167076620 5.338264333 4.804755874 0.736529090 9.200101434 4.270068604 1.667863149 5.048330211 4.413240696 10.640740140 4.246896707 3.765017159 4.659405224 8.327511241 4.994838520 6.811757217 6.476452685
-6.583915629 -20.479828481 -10.046549957 0.182990035 0.685870124 0.331652723 -0.621372103 2.280002063 -9.605695795 6.700039810 -1.293133127 1.327298563 -0.347329164 4.466754166 0.386990485 -0.206422245 1.017056893 -1.713141476 -1.766666075 2.848788010 2.393050821 -1.947967982 3.212264538 6.909586128 5.003343339 2.751514415 8.396031536
-10.292439769 -17.110139830 -22.258518697 0.792312829 -0.031025928 -0.241185151 0.559560091 4.260594200 3.868062425 4.360994564 -2.496048582 5.641662304 4.737493485 2.621987585 2.941145911 0.081019137 3.198038099 8.067858510 1.157992593 1.282649312 8.604944113 7.047067389 8.578999687 4.665460823 0.661898733 3.169041924 4.971792552
-4.321726298 -11.802849391 -13.600704134 0.362084178 -0.799632061 -0.477984508 0.031850045 9.093758943 3.269671137 1.967359874 1.487486294 6.452701798 1.218864040 4.016864481 3.041846286 1.485106955 3.897092889 8.821263476 2.717309316 1.429701751 4.680116769 4.269196970 12.319057444 5.089488826 6.934431623 -0.466739553 7.636988923
-13.825177008 -21.345319232 -19.985864660 -0.318334514 -0.040844178 -0.718482458 0.617071996 6.211075231 3.282017681 2.353691634 4.788027456 -0.831807660 3.170577515 2.905440080 5.997030875 5.873429129 6.648938031 1.884146067 5.764323171 2.706952438 8.628440622 9.272044279 0.964554267 8.358918241 0.869013606 -5.606862204 10.762352017
-7.636551794 -6.360712563 -15.072738043 0.320403133 0.735809466 -0.089050106 -0.589912147 6.386341316 4.934477773 9.330612209 1.842104711 2.933328709 4.629603077 4.242920339 6.063278396 4.100427432 7.399696042 -1.228664014 1.864940303 0.321486895 2.424643658 5.381687615 5.204192713 0.325221470 10.479034516 3.561589271 8.776120519
-5.544878024 -17.824945677 -9.800936763 -0.912369750 -0.218862653 0.275816268 -0.208820413 4.740710700 2.198319978 1.492798849 1.640364324 3.194096412 8.894307007 -0.472278272 2.680872956 4.023998712 3.556084331 7.262738174 2.342186014 3.339477591 -0.766968537 1.731909829 3.909303740 -0.098391242 1.367921136 7.932522998 2.192184154
