21.096761700 -17.325133032 -11.746317346 0.199274617 -0.111191351 -0.116164657 -0.966660169 2.056705592 2.881268237 1.029887754 5.746099621 -0.220190892 5.387251416 5.829535805 3.150623451 6.928754219 4.843698647 6.364446255 2.835804507 5.160079097 4.291895292 1.823516236 5.428921529 4.587281720 3.812353620 2.974906529 1.350207197
18.261554699 -24.013220519 -16.056341670 0.823227172 -0.533041571 -0.179803903 -0.076382343 3.076474974 12.073361514 1.794286793 2.811121091 3.860568238 -0.436847128 3.367388462 7.210392481 4.427923143 8.262286843 1.802867783 7.174433727 4.314187705 -0.515709382 8.490721436 4.971911113 6.816355578 3.986713150 4.889283433 3.102588431
19.123744501 -15.407256807 -6.325815038 -0.492656265 0.122103517 -0.628150714 -0.589751826 1.615183813 2.048018521 3.251577005 2.984845064 3.957340944 6.655043498 6.422855012 1.330926597 2.193116845 4.182329320 7.169294664 6.113181582 4.377052720 4.550446487 2.818930951 10.183819099 5.576901890 1.278568646 4.371584676 3.786296640
16.651590003 -23.515540460 -11.399740897 -0.412337459 0.528797220 -0.079130464 -0.737624355 0.229131613 1.287054830 1.244157359 0.862065142 3.622035485 1.680523585 7.775604593 0.803806454 2.295400726 3.593198609 4.816417238 3.277701103 5.659838586 2.824919989 7.527938729 2.686738029 -0.253461078 3.264904802 3.890005188 5.409614166
20.026083066 -21.761522103 -10.835896277 0.682043321 0.015797220 -0.719504275 -0.129926729 2.269123387 5.200833271 3.695082959 5.099151964 3.697642527 6.223324339 6.848199662 7.476438600 3.953427435 2.837835979 3.775260307 2.237205691 5.544279459 5.597876912 1.736972319 10.111285569 10.600938788 9.489230896 4.181305239 2.897255246
20.492047022 -21.300443385 -13.203775641 -0.224007730 -0.620308912 -0.018885133 -0.751452422 6.153312058 6.704788233 2.975388774 5.880412908 5.670954217 7.149494283 0.282541206 4.055181369 2.480587602 5.307744091 0.138763766 6.724300314 0.776296304 -1.619691224 2.220787557 4.438045192 12.057773490 5.485404569 5.141336668 1.603937796
18.357432566 -17.544056099 -5.801037630 -0.035640771 -0.644268546 -0.507585967 0.570967829 4.455273285 6.680832729 2.990664766 1.632798496 1.659070750 0.053854657 3.848126715 9.191637914 -2.967124518 2.539463331 4.819501876 7.009274868 4.717459558 0.981475368 3.296480701 6.449618944 6.760931907 2.567238850 4.703443185 4.426868294
12.667338221 -25.299575745 -15.791008361 -0.264884025 0.813029255 0.272972829 0.440801224 3.753052443 6.003737885 4.954254462 8.014964913 4.109562302 5.780107224 6.591064511 7.326743882 3.341531547 6.266355663 3.269275432 1.737288162 2.833154906 4.488744193 3.439826499 6.359501275 7.987978707 5.011562934 6.715675438 6.252723968
8.402387031 -22.177008766 -6.062558376 0.133489138 0.976590710 -0.146034615 0.084410467 3.897541631 6.851499251 4.283740743 5.580763451 1.457328761 0.416530714 2.849420494 5.239117270 3.980483112 5.960780091 4.481546439 0.171181819 -2.589258538 0.097661775 4.808807782 6.348333739 1.071609002 1.618166542 7.925782312 3.487766960
16.651558620 -27.245333660 -2.420325667 -0.503090495 0.035345200 0.688113843 0.521679989 0.073763501 -0.520260611 2.100034017 6.196038260 5.809727394 2.373471373 7.063608615 6.618358617 6.172437372 0.256092424 6.277426000 7.052546839 6.479399181 6.374815821 0.336530641 4.132727071 -1.975689133 3.658856980 1.491226925 3.827987766
11.390374570 -21.135708442 -12.942064576 -0.366360016 -0.587959224 0.351202009 -0.629874145 2.093640944 8.705178868 0.622784356 6.617994454 4.700560711 6.447913321 1.133761185 6.521289787 5.230727314 2.392118544 3.929555340 0.240719171 4.531500022 10.277306355 2.722370822 2.192054687 5.067659065 5.067993305 0.235092958 5.941218285
12.167248406 -19.575494813 -6.034850928 0.584096622 0.778492798 -0.022441863 0.228640466 0.397754101 1.319020182 5.623220382 1.075092108 7.512693253 3.108035427 4.810550096 4.177593157 0.615003757 8.438748779 4.022792744 2.601501879 5.770342080 3.929682035 0.688474544 3.031950481 1.280681458 3.293997919 6.678831520 3.826053098
17.023054509 -14.429722074 -7.021757172 0.566016508 -0.233235095 -0.529280373 -0.587442754 9.713227694 1.798168708 6.191655375 8.293845753 6.135152583 3.824503639 6.486006444 2.650715950 3.798441442 4.470519070 0.991178518 1.290382071 -0.553365803 2.830094905 3.514367688 -0.351710692 -0.568169557 3.977889465 5.491279330 6.023334651
16.814074830 -24.976985992 -16.387964029 0.673690698 0.734931538 0.023565167 -0.073899676 5.985583572 5.681498785 5.452827010 -1.530148964 6.142315145 11.040518500 4.560987278 4.661566128 3.998818870 3.668267775 6.722735031 1.914923994 3.665413555 8.633056269 3.924535733 5.102071830 3.371283598 4.588633617 4.638475879 3.788509862
12.181881013 -21.410964420 -10.277674705 -0.118665887 0.120328065 -0.874096547 0.455406181 2.045614239 0.831535189 2.903909970 -4.190313500 6.296660232 3.199570327 3.451577403 7.089130252 5.875767472 6.817142318 8.759081497 -0.433186579 2.793236080 10.997430663 0.614371465 3.978856192 8.441857051 -0.191166045 5.285527120 10.540681510
10.632073330 -26.926295546 -14.154780621 -0.104793130 0.310122046 0.872698765 -0.362270040 2.795447549 7.260022807 4.247071611 8.510843546 2.298668157 6.942846069 1.138218894 1.232375983 6.147531336 5.601950547 0.440230215 4.373618315 -3.947011728 3.997065564 3.087384757 5.540166797 8.619497331 3.344318303 5.936303267 0.650047842
14.326749833 -28.154569385 -2.987472922 0.524027523 -0.156095131 0.770641927 -0.327323213 13.726514962 4.303505541 5.570467101 2.579232320 3.190083796 6.276819378 1.280769304 4.722797319 -1.439447227 9.587688103 7.503346871 11.181954478 5.834091086 1.622525473 7.110923018 1.439641354 7.841557589 2.204309357 5.151901121 8.019518985
20.905152201 -18.246204512 -5.540368838 -0.710811842 -0.543603879 0.224432246 -0.385838716 6.106801179 6.191951115 7.725491136 9.284520502 5.896564357 12.437703570 5.344493216 2.979341777 3.405094694 -1.486979157 3.759361556 5.896626620 3.311062195 3.356135073 1.067492015 1.552419179 2.356849817 11.244407963 3.637182957 4.804409005
18.524540408 -22.550460995 -16.602292679 -0.627820618 0.125724248 0.304746191 -0.705098889 4.655554073 8.036095456 3.734902856 1.007672099 2.392679562 0.937912383 2.099117733 1.187277627 7.685773434 8.009570682 8.311456815 7.580332323 8.118839304 -0.655850918 0.457565236 6.997852698 1.257972427 6.366348073 8.846998304 3.907432291
12.903017028 -19.915540162 -10.460503636 0.132554611 -0.344108503 0.877019828 -0.307985122 1.902487498 7.119436127 5.459425823 4.874523183 6.074520569 4.884868476 5.902994409 4.422908129 7.488942655 5.774206069 1.105295519 6.648317449 0.596641221 1.567816217 3.433691874 5.005373199 3.589247954 7.571664513 3.330888968 1.431086180
16.138149388 -24.413708803 -8.469587475 -0.434546512 -0.738191859 0.440921078 -0.268012522 2.123625544 5.061321373 0.093068945 7.839913804 -0.307804938 -0.230861657 -1.023014342 -0.747586193 6.083952545 6.112782392 1.619409713 9.861921135 2.741833603 9.598979628 2.409694362 7.565066263 1.870953611 0.009401393 -0.322535978 8.557854039
16.823259986 -21.490344837 -14.175834810 -0.778984606 -0.212208789 -0.442965208 0.389784861 6.478057572 0.824892192 4.844511105 10.725655534 2.200058103 1.790112083 7.289194886 7.795721133 5.430352108 5.732903489 6.520076616 6.116266565 1.381025224 8.553442628 8.013178116 4.189839608 7.993117521 3.985126312 4.560704487 9.285061467
21.670116586 -25.556772801 -11.926723847 -0.481982565 -0.815424677 0.318785497 0.033929482 9.304011794 0.719795157 3.709690928 9.546075287 9.392612115 0.547184879 9.091261026 4.026479799 0.124386966 4.858530842 2.349139396 6.570259114 -1.926585182 2.317807849 0.393572216 0.516930124 8.582098089 3.800455105 -2.083744934 5.080396987
10.247653706 -24.424919729 -4.270291990 -0.108375485 0.036766199 -0.517348665 0.848088061 5.489758211 0.238672675 5.831275424 4.748217032 2.169979602 2.830396109 10.623020111 -2.297574991 8.818200952 2.353974735 2.627834227 8.381872258 9.828152786 8.302192153 2.616870380 3.537414343 4.183078659 4.972086863 3.762792878 0.449859120
16.220657787 -23.708007909 -20.498433773 -0.663900564 0.363836408 0.467932061 -0.455959095 -1.580906849 4.200127220 7.246706345 8.593101210 7.540672548 3.745501734 7.863504748 7.404001290 6.044268193 5.598540904 4.444457778 6.134111582 2.370212488 6.750925382 4.720829431 2.339172416 7.831963097 3.143196191 3.961689443 4.657924377
13.540716512 -21.569302265 -7.915723379 -0.360510877 0.622742341 -0.557269277 0.414336624 3.705083345 4.337056876 2.425977965 3.211546587 4.093126717 9.572205533 10.695225927 -1.884209776 1.988314819 1.456631566 2.270679697 5.977555103 4.114389137 6.599272129 6.086036482 4.484433028 6.076510758 1.925407731 4.527566435 4.216295521
14.257284709 -30.814185622 -12.439002872 -0.300314517 -0.208048827 -0.598443689 0.713016148 2.391770839 3.704435781 6.492632929 3.169760150 8.623719791 5.257924366 -2.055634231 -0.124797054 7.474394896 6.771742499 5.419915490 3.504883401 -0.181584215 10.605737533 3.416189435 7.014102504 2.623366965 1.091024504 0.501007989 3.735152348
18.538557683 -27.738305165 -5.552338575 0.587662942 -0.655175436 -0.064285718 0.470387884 3.970911766 5.672043358 8.894756041 9.452378055 6.133725320 7.588938077 -1.802250421 -0.123774823 1.615190094 7.216642413 -1.020123196 2.551980139 7.129591574 -1.325863418 9.764307916 9.009046642 -0.864429308 10.523020848 9.291286006 5.135809452
16.590347826 -26.080254953 -6.592202549 0.159017465 -0.348243712 0.816748735 0.431695803 6.999505270 4.996756344 7.055159115 2.628679447 6.184567559 3.684160639 4.819579395 5.249889293 5.103784988 3.395582402 6.434886873 3.639936381 4.478030617 6.984275127 -1.082782962 4.140789739 3.362051590 9.991647034 0.853246290 2.479807544
10.563065820 -25.062120156 -11.227203337 -0.057133703 -0.585081834 -0.193893916 -0.785378977 2.958069722 4.287145188 -1.248211748 5.120778957 4.639350365 2.646689230 4.088474213 3.648748424 3.757501451 0.505232558 3.576017650 -0.714398258 3.711429928 4.155584471 3.781363002 0.313633918 8.696537392 0.383832367 6.693588152 2.502455612
10.451210040 -25.808102146 -16.648773103 0.917691515 -0.359458918 -0.045661080 -0.162931385 5.132911393 5.103508028 7.496041299 -5.757530865 1.960474566 0.035716909 5.593026913 5.728225392 5.589788778 3.641586562 4.432812107 0.907712957 5.964801868 9.934306202 5.473876644 1.857978492 1.259471047 6.984627074 5.298605969 4.315829723
12.454920481 -24.446572700 -12.711024421 -0.920598482 -0.379385458 -0.073500907 -0.056238122 3.095156466 3.254004632 2.963422487 2.668580925 2.806137445 2.131522154 5.458837682 4.572243286 -0.670646047 5.558209275 5.939128267 -1.726888491 1.957419806 0.611038139 4.178867686 -0.680530252 2.946634904 -0.179343615 4.810366961 0.749348558
10.626891433 -23.911691037 -14.344888848 -0.121908192 0.752754017 -0.646787721 0.012861827 -0.155451569 2.968571473 3.697622410 0.867791710 6.047522174 3.953021290 2.759715216 6.493093213 6.412674541 7.446907859 -2.502701905 -0.953060771 0.517001920 5.209460303 6.110322501 4.822202527 -0.900759613 4.586939394 7.084472111 9.475113321
17.702188613 -16.464055847 -10.843324816 0.576060578 0.701217647 0.387479446 0.162196490 11.191455735 6.282824131 4.869047206 3.272870401 3.076709918 2.157965518 6.569189795 3.263655535 2.605979779 0.768208044 -0.090758775 1.055891295 2.750256968 1.886743246 4.037372795 8.235254978 1.679891883 4.237624178 4.551204934 11.535399379
16.020418748 -20.450103172 -18.818372046 0.003504359 -0.557058939 -0.686313631 0.467596683 2.248324892 5.635579624 0.900483959 2.814482000 2.318168035 6.558508555 2.715708098 4.099318032 2.273351265 6.723615901 2.807452752 6.566231120 0.976587651 7.237303699 6.612845072 5.154941314 5.356874311 4.897923533 0.313612176 6.042646342
14.583312717 -18.320150210 -14.216280900 0.338333541 -0.910395276 -0.113134923 -0.209550341 5.518077939 1.637794819 2.540707032 8.647828066 4.868908132 6.278208913 7.577487816 4.051439970 7.429998620 1.306864857 3.548549424 -3.511192825 1.061930641 3.209207340 8.865719304 3.696506821 8.692997132 2.673718204 -1.089322005 3.505896580
20.025631546 -17.106588228 -12.805988343 0.541205093 0.822651265 0.099406856 -0.143039230 4.291723563 -2.121743973 6.793307162 5.238818650 3.803519497 4.618360515 0.805200235 4.723444235 5.337939466 6.917940897 0.823995819 6.240558274 -0.410114844 6.175272885 6.997612038 1.487829334 4.691693819 2.347216676 1.952537504 5.064457993
16.528474603 -17.072863463 -6.841551080 -0.417668751 -0.456784167 -0.477562525 -0.623566415 8.279600078 6.332810825 6.794611623 5.295649155 8.772168719 5.412023579 5.079379904 10.597182479 2.568970869 1.754242224 4.894031875 -2.718741254 3.039176831 5.786967432 2.417482093 3.450169454 3.834007423 3.622179603 7.292945556 -1.866997819
16.656963175 -22.098193915 -4.925714373 0.604204584 -0.475896423 0.261676220 0.583082302 8.364301395 7.331087135 3.120650112 1.576033443 1.707542249 6.826564526 2.711061812 7.840331722 3.448560911 3.367941705 -1.019750564 4.779560828 1.127820600 1.042588037 1.784979897 4.711523254 7.914272371 1.231375408 6.066984730 4.400761645
18.825801582 -21.328201478 -3.144979197 -0.348156460 0.183561788 -0.339287173 0.854386542 -0.166966817 7.980706370 2.167134962 3.210894254 2.862065244 -1.954377973 8.104814638 2.765295405 2.501375000 -0.307226264 2.359503978 8.305813484 6.056641309 5.761864526 4.550814200 -0.341531957 5.040664449 -0.002771070 4.037119583 4.895407324
10.514618096 -29.992009466 -11.458719283 0.531260759 0.242475449 -0.804131746 0.111084640 1.884672982 6.536562116 4.825765884 6.279896544 2.590856757 -1.074346128 0.814546239 5.167474603 4.378848892 2.582430126 6.307560806 1.839149134 2.418494712 2.062448654 9.451914613 3.939956927 -0.370419435 4.035782111 3.714735540 5.150079272
20.325182709 -20.425011479 -19.028003101 -0.080031530 0.262112273 -0.402672201 0.873354000 8.500897239 4.806329179 -1.844570909 7.425509204 3.520663391 5.465695095 4.639830018 3.831369003 4.423035484 3.703572821 2.116116937 8.860957722 2.834155649 -3.261486622 5.992125614 6.204897406 0.339398551 0.839891518 1.587899776 1.155261234
18.493204739 -21.631953536 -4.459088698 0.662409692 0.247749428 0.589930617 -0.389635071 -4.664400310 2.237853275 0.921452122 4.818518550 8.568158086 -2.013394755 6.812218795 2.853902830 5.760550566 5.208855793 7.291668394 6.436714549 10.184349228 5.020824755 6.419855468 -0.925197980 7.765213187 0.952176937 6.756205216 2.019456579
17.727686837 -27.967727518 -8.768893713 -0.790516236 0.182879842 -0.131114697 -0.569603354 2.739103618 4.406635240 3.452348634 11.221007729 7.063432618 10.398552042 3.438596129 6.184562661 0.424017886 5.995919647 2.776123198 6.685267682 7.526994038 2.704790847 5.593522982 4.732749088 10.767803233 9.684745748 1.577195233 3.871808835
10.689939195 -27.214795997 -5.061786492 0.481635173 0.552994395 0.121560300 -0.668915430 2.296325783 3.237997147 6.106134858 2.867507520 4.221766852 4.788614474 -2.372255573 7.475661821 -3.144351158 5.981551019 4.754446046 6.346491843 4.363396605 9.824003501 1.037297262 1.262939741 5.506772770 0.376069068 7.767617930 5.898520346
18.417208502 -25.145340299 -6.806115869 0.296075624 -0.197372650 -0.132569828 -0.925099185 6.624782918 -3.842327453 5.916812636 4.606639410 3.066394654 1.823774390 5.815809954 3.449117850 4.093121239 3.428185670 4.101141154 7.270931024 5.638663675 -0.626551723 -0.375996419 4.872686547 4.238348311 4.310262885 7.785488416 2.286741887
19.042413518 -18.078248783 -2.625713917 -0.126573970 -0.543851477 -0.629147741 0.540719632 1.178601467 3.043992120 8.054724956 2.521966645 5.114243979 5.976573769 2.990472109 5.682067300 12.633716998 -0.135680932 4.112725880 6.828559409 0.948186881 4.650984417 3.238036775 5.113332359 10.336138110 9.137234033 6.461453148 3.630331298
17.843119017 -22.467719390 -20.450661444 -0.744261657 -0.096197977 -0.558827900 0.352890795 -0.364005700 4.488309794 3.918685784 5.474510615 -1.887598779 7.059708457 7.895181881 5.007722579 4.410238754 4.639471344 2.850322528 9.057104547 8.057471181 6.269857470 1.128397111 8.335246968 6.797785618 0.776331973 3.928612570 4.020346832
23.939686370 -22.734864344 -7.658098012 -0.330372675 -0.009128747 0.936412503 -0.117907530 6.962568749 2.256969466 2.135953053 2.962765248 2.911856037 3.587310198 0.891220042 4.272488126 3.694042287 1.307704432 3.377291979 5.582193404 3.998187387 3.407223761 3.122215851 2.665768779 -2.992281535 3.178015537 -0.048010331 -2.126845076
14.007781669 -14.474911048 -11.695972492 -0.691329926 -0.229268937 -0.523467598 0.442131612 4.561893778 -1.490032701 4.407608497 7.048407798 5.170595217 1.909274639 1.558456553 2.729917458 4.706313271 0.880223685 7.445993822 6.829600812 3.706825490 3.008182671 2.641888596 -1.655222286 2.133198203 6.249995493 1.877834467 6.338594604
16.559840213 -18.587769219 -3.429130041 -0.133191067 -0.733652431 -0.635475778 0.200461433 8.915483442 0.484975994 0.752424041 0.866904056 3.525825456 3.613930881 13.469565973 2.843875174 3.774013075 3.734645757 2.292894103 8.315443413 1.490036435 1.609758171 6.746525718 3.622210670 5.705772731 2.601349419 0.959045005 0.511269963
18.113767013 -27.091738123 -4.804715142 -0.926540470 -0.168479206 0.209585930 -0.263080315 4.708104149 6.844521798 8.165596313 7.590310848 3.067594272 3.766964792 5.238956800 8.198109597 10.510315089 2.117451160 5.390479276 8.377743818 3.784544156 1.084959922 3.342994292 6.340202060 7.795116729 4.100804429 2.666699586 2.678078696
16.804531224 -15.892938169 -14.152842670 -0.241703654 0.707605819 0.631023185 0.206598860 7.269627308 2.495492146 8.988942076 2.148493785 2.030882502 -0.929861233 10.054472421 -0.517509265 3.036453380 1.865658601 4.190726952 6.550123341 5.128600231 1.639031748 7.439304848 3.128371720 7.555542326 -2.834413220 -2.066722000 5.844995661
23.780504524 -20.953989895 -15.819575664 0.838255096 -0.291759433 0.356587502 -0.291633642 9.280596289 6.895717175 1.009674826 1.674757638 5.383028747 4.059522564 1.226743215 4.019402733 2.273943455 0.725646156 0.790042459 6.307891243 6.810544609 5.752195713 4.701332902 8.973658419 6.024291791 -2.130978261 5.600229059 4.749231873
23.200448459 -17.495895654 -13.589945929 -0.838523919 0.247117169 -0.476874638 0.091658726 2.752229940 2.070236987 3.567162936 3.770461422 -4.027760485 2.320183182 6.711019468 3.817277050 8.970193209 4.292779477 2.283359424 -1.348812255 -2.207544497 3.034783075 6.179450109 0.863269313 2.828955363 9.071088465 3.763991370 4.774889821
11.633479080 -26.062926483 -13.375458943 0.396142090 -0.460254929 0.766343686 -0.209652568 5.156368718 1.360450907 1.520706058 2.696938309 6.677559108 3.874555293 4.629760341 2.982920678 1.643936750 2.800497044 3.322901090 4.974264777 1.033581514 3.316485888 0.520991174 7.410688395 4.672966669 1.143968421 1.919320591 6.093429804
17.908955141 -19.267235937 -1.668811944 -0.334690159 0.852573742 0.177445705 -0.360018796 1.769020461 -2.880951846 3.806333467 7.884334848 0.217195530 4.129397484 10.564132211 6.084351706 6.252950239 3.744583202 4.960266951 7.469733733 2.173245296 3.289326465 2.100599396 5.448326130 0.061655990 8.242849051 7.167311484 4.208378609
16.563327396 -20.843287386 -9.498448886 0.710330173 -0.456374941 -0.535034515 -0.029850078 5.684187669 7.592518883 7.822508147 6.133139101 6.133775633 5.592217375 8.786088289 3.281741416 5.240076236 -0.055844842 4.798266652 -0.006067029 3.808104600 3.522731604 9.395779557 9.958081431 5.234849033 4.579787731 0.583432929 1.734795850
15.811641442 -27.357179090 -3.418602911 -0.310302111 -0.434926788 -0.169804251 -0.828080797 3.728898369 6.107389837 3.395825427 5.719409053 7.732302183 0.948457753 7.197621907 7.556176078 4.766127065 0.604326998 3.766478701 4.570447215 0.723408012 7.625832527 6.391395698 10.383004526 1.141996086 3.379143081 5.546233124 6.765494363
16.052740238 -18.889068333 -10.088439709 -0.183839582 -0.187119703 0.596000786 -0.758928381 3.676818080 3.311993925 5.244060145 0.383325497 10.215455410 -0.495393268 4.740856839 4.433198279 2.836443374 3.504998112 0.789847125 2.151118128 4.681781243 -0.437540651 -0.515647689 2.110311509 3.284028518 3.230567517 3.320273424 7.848611294
15.003534728 -16.754653745 -10.697912501 -0.605882501 0.143658082 -0.277445371 -0.731637079 -0.022862119 2.852722771 1.030460827 0.614567712 6.487816357 5.214602648 4.933899120 7.050357467 3.220947017 -0.139013675 2.453327592 5.183014501 -2.785930375 7.915634331 1.267698990 4.701340109 5.464290418 2.728053710 2.523674700 2.360232576
23.891748505 -19.144712927 -10.483935287 0.346314105 0.346824839 0.857306739 -0.157493580 5.347033026 4.052138912 0.756279131 2.463466034 2.804908754 8.699602246 5.577669017 -0.501620594 4.216657896 4.528392329 0.307728911 7.818846916 -0.184829196 -1.310248398 8.828165369 0.004456800 3.936919907 9.741671854 6.269227085 -2.020121344
22.220938448 -29.040741292 -15.262397391 0.758773588 -0.267405598 -0.436733256 0.402518262 2.634564942 3.652465753 4.384633240 3.875636548 8.702757942 8.154047707 8.623691762 7.267459530 9.026642747 3.352781091 3.471280595 1.547265849 9.271021488 -0.544118171 1.636881392 2.786489603 1.251659974 2.711106311 4.781450202 3.611507383
10.534798317 -16.428154222 -8.827330986 -0.847945265 -0.285631837 -0.341734424 0.287438455 4.197931101 8.493526052 1.423719681 6.416063489 2.390489471 -0.908492444 3.397519100 6.565558892 2.243013068 3.981469714 3.866282249 4.213105097 -3.471352062 4.436289615 5.354114894 4.118888584 8.049236867 5.652377458 1.588255382 9.747281291
10.071199490 -27.216618755 -6.398187659 0.102193585 0.387759609 -0.470990368 -0.785727071 5.090521717 4.196074067 3.326017734 3.762541674 -3.260749340 4.415753562 8.554740868 2.556401412 3.701260694 1.616556742 1.009642871 8.237190827 2.431776458 10.836730409 4.585082582 2.531828737 0.835353005 1.401738061 -1.497395283 7.183115434
20.779153079 -19.980438738 -16.470017499 -0.572548432 -0.403767883 -0.542021385 0.464082545 6.370073760 5.317506429 1.500225027 6.100754982 -0.881952992 2.333452792 10.286984342 7.955252414 6.631184117 0.244179971 1.611394093 7.512629497 6.129289670 1.704773969 3.014238541 3.159587714 5.088009041 1.451595765 7.021870088 3.853091862
16.922292010 -24.595958906 -3.965931797 -0.175387258 -0.656586630 0.719719314 -0.141906365 5.691813929 5.493932889 6.865171902 2.107065262 7.060028526 4.558387750 4.098924557 4.628199329 11.494030203 5.627806142 7.793725283 3.001242866 2.769241927 4.611473499 1.525651101 3.857078077 5.160421510 4.224443236 2.765992166 3.897440404
11.046653257 -29.673270712 -12.149806331 0.698519637 0.695824595 -0.147140455 -0.079045147 1.592030865 3.789922011 8.986512665 0.708591763 5.051504271 4.715765400 6.673645232 1.681286690 6.462998182 2.454790218 1.225823639 4.118546538 7.801341880 4.431722243 8.456861984 -1.367574464 3.136238023 2.752793052 4.462192161 1.353899704
8.584449810 -22.481075164 -15.475539238 0.553613411 0.540943175 0.422008260 -0.472018750 2.763427213 6.726309731 2.988769587 4.716131344 13.238267191 3.145239825 4.031746265 2.792539488 3.194049534 5.518639279 0.668884524 3.782901028 -0.732186694 5.278405805 10.013989959 3.952047105 3.158746230 9.521623777 4.008166356 0.132569762
25.194748788 -23.216780682 -11.251126413 0.449465737 -0.164831481 -0.668123376 -0.569580801 3.181866738 1.349501083 0.251312157 0.992920327 2.199918944 5.396343863 -1.702455076 0.700579651 2.346341412 1.128525832 5.896524868 7.943476327 1.237417707 2.853604454 -1.839564422 1.539293099 0.638268217 5.518931495 1.628747888 1.429079209
15.124653763 -27.703430284 -11.283800615 -0.389278973 -0.733057476 -0.489879680 0.266658052 9.878101551 3.035614303 7.191590870 2.460064400 4.397275081 6.059680751 3.660121024 4.469023812 3.330642936 1.167967477 9.952544659 2.180419706 5.534507319 4.162565461 2.101742277 0.508031933 5.126514989 5.934178894 8.708726711 -0.770648073
23.736118227 -23.234554258 -13.826166302 -0.440923274 -0.250928681 0.446746697 -0.736911699 5.887774675 2.201709284 -0.675425678 7.293381375 2.347106610 9.057637210 3.380359300 7.011572544 0.777452618 4.525555313 7.728122552 0.956001231 3.833161958 3.760349942 0.800400856 -2.315310802 0.961300930 8.001438244 5.915110085 -0.182629762
17.073628942 -21.388202501 -4.855096302 -0.594283948 -0.052882006 0.780278801 0.187603508 4.600494869 0.901179522 3.227519614 6.247911366 5.084258171 8.006352826 6.590534429 0.877838160 -3.348326551 5.680946369 2.978796993 1.624023971 3.403543767 4.450692838 3.634049307 4.575972120 5.792074778 10.811329609 0.510382072 1.975207784
11.500368752 -15.351633700 -15.086944000 -0.806120384 0.092074807 -0.564779264 -0.150720067 1.579643604 -0.458649907 6.825045106 3.906268012 3.774796258 10.029616051 2.206468367 7.574562319 6.236469600 6.748553410 3.473411127 4.913216756 1.372495098 8.093922713 5.796435957 -0.968448511 -0.862182196 2.054960163 5.070795911 3.910034358
16.666516593 -31.403804549 -6.684003641 -0.911856890 0.354911644 -0.206286564 -0.000768320 9.606837132 5.327457343 6.989455549 2.277753397 7.699166777 -0.808389799 2.727939670 4.709493941 1.873959951 6.069760249 7.178767279 3.038761125 5.502762175 3.328157282 2.789056549 1.165671726 6.763499854 6.942991590 4.665089773 3.752184051
13.796154848 -27.559216869 -9.122115015 0.039803124 -0.267418418 -0.659914027 -0.701011111 4.441843890 3.054466739 3.428546316 3.207304748 4.670477463 5.070080351 4.187649792 0.085092200 1.125970980 8.033672172 8.660556249 5.271559573 2.674469039 5.966264261 -0.674373383 9.327036488 2.823297424 2.908270012 3.837015571 3.091668991
15.650943320 -16.257974213 -15.542668899 0.691943672 0.548747027 0.255856381 0.393227882 4.267792578 1.539189585 4.943430785 -3.933265740 5.210892689 7.107125892 5.438222371 4.457462773 -0.149084630 4.821277087 2.768003068 3.176144298 5.070836319 0.686033320 4.810256808 8.935309141 -1.429640757 2.002827345 5.420082617 0.074468724
23.548759761 -22.689770549 -5.804989260 0.070153983 0.897600505 -0.248503337 0.357264390 4.146667489 -2.414419965 11.711318117 1.766773507 10.460522489 7.979336343 8.964739709 9.184091367 1.022434699 8.556407332 8.101870800 5.258166247 1.733468553 5.396430216 3.391666326 0.235787635 -1.016891570 4.213955710 9.691070185 6.369032509
13.859839815 -24.294180736 -5.925909082 0.066006248 -0.971516444 -0.183238907 -0.134990657 6.801141799 2.525817717 6.572273970 7.207413538 3.826294649 6.405131403 -0.530878095 6.493847117 -0.203371657 3.793322066 6.438708720 3.451290616 1.860136555 6.154436757 6.493330628 4.660157822 1.845804582 -0.832791883 2.840792718 5.002919781
20.979492074 -23.236109448 -3.924809593 0.622425408 -0.170936359 0.463653205 0.606953933 6.025070208 2.751551263 4.165716026 4.137707222 4.521667172 6.363103215 5.872088259 8.651685983 8.059086594 4.030579678 2.698765939 3.308799887 -1.328144178 3.644313060 3.800691794 -0.087361406 3.790610432 4.261783029 6.337031586 0.891915480
22.156347576 -16.984690969 -9.012601694 -0.208832246 -0.227494602 0.723759442 0.617096078 7.463255795 1.347770923 2.592591701 7.760095585 4.320726741 6.250909867 2.695587414 7.746771176 1.141106245 2.986130009 3.324480072 7.641643816 10.689963462 2.332344391 4.348899657 2.692761620 4.450859195 5.510376727 4.944040369 1.816054970
21.305261338 -25.300839258 -6.969105709 0.238662906 -0.057634705 -0.655437418 -0.714226889 0.386248386 4.009167076 4.662945893 3.169447657 -0.060019993 1.332030463 0.246543459 6.478673067 7.669038556 7.731969033 2.727367894 10.484646435 1.314621478 6.580929284 7.613069061 2.716020020 8.377065822 1.229323800 5.963915735 5.455655307
22.008030562 -22.692942144 -5.353314191 -0.731943443 0.399094133 -0.314055466 -0.454259653 1.381514481 3.036511915 4.245761914 5.641846232 1.692279258 4.130093262 -1.329144049 4.161875593 4.266999910 6.892409844 7.889605116 4.150835140 -3.524382568 3.120452100 2.568897511 4.755832848 6.080824858 9.732789872 5.000365897 -0.131423341
23.471244808 -16.845397074 -11.726708604 -0.314468812 -0.418804261 0.628673176 0.574875982 6.107314706 3.682261963 6.103761207 6.013429824 5.983344750 0.542756292 0.621098158 -0.038482717 3.067914800 5.220672699 7.782983211 8.980128272 1.450883085 -1.070093650 3.182740553 3.879333242 7.376209864 -2.350814845 1.774055342 7.363375489
21.105208444 -20.651768446 -17.655865073 0.828194666 0.360410415 0.410708832 0.124563974 7.562390244 1.487492235 2.737890120 -1.033144476 5.182724822 8.235748929 1.871322896 1.190463970 11.591102489 6.580990944 2.173542449 7.780387155 5.969480221 3.108735943 4.492574088 9.321065355 4.680416998 3.806800687 1.800002647 9.833066694
13.725922742 -17.539851329 -4.490049148 0.796737477 -0.166792292 0.304557118 -0.494605586 4.054607796 5.203378461 5.967151382 6.571557021 2.670674028 5.375053090 9.764650616 2.040047112 5.345859012 5.186899929 2.230922107 4.124209102 1.694312715 7.985897258 4.298191910 4.520488817 3.944481137 6.669884847 0.065501911 -0.288130773
14.412499881 -28.277859844 -16.027274877 -0.786203992 -0.592005026 -0.137995981 0.111222487 -2.149910611 1.498544527 3.754914046 3.483767611 0.213677689 9.724119245 1.565542543 3.592198777 7.144749133 4.068375154 2.239274016 5.808675469 4.134136721 7.336459054 0.897060479 0.135880330 1.897575090 5.877168557 2.236942421 1.998670609
7.953093171 -20.485278662 -15.497725321 -0.512092381 -0.131225210 0.419957719 0.737683436 1.481466634 -1.200626276 1.027672600 1.381398265 0.912311245 4.976362411 3.905810379 3.975998746 5.161554174 3.955181162 7.388281766 3.301537990 -0.115342837 3.675500111 1.564224908 5.095875072 -1.821512663 8.157020527 2.600326504 1.516552594
21.456906723 -20.172570005 -8.500333066 -0.527149375 -0.341185567 -0.504720615 0.592421341 0.963842720 -0.668031064 9.548723278 3.195430102 4.793115540 3.290542034 -2.701802646 4.182648669 -0.801742430 1.131167142 4.511755346 0.416531457 5.046933117 0.026450212 2.449020337 0.178044026 1.721702934 1.427700612 0.438216008 2.502592773
16.300516011 -26.384571158 -2.381971841 -0.490855831 0.066832773 -0.818210582 0.291762537 7.033475004 -2.246834095 7.338366579 4.783671715 4.735330862 1.700006013 4.730736552 0.788749393 4.652549562 6.443103439 0.641357656 2.626678733 1.236622113 4.310830454 4.202032064 3.072588209 0.093474257 0.687034194 5.409976586 6.354882417
21.818396183 -26.852462018 -5.145372811 0.770701164 -0.240516223 0.398120864 0.435512847 2.513397186 1.555073700 3.265918319 4.289719105 2.939740770 3.497261474 6.121970519 1.635984413 6.668839995 3.804588859 5.147713391 0.920186960 2.427299000 5.498969315 7.285640420 -0.342205132 7.307762211 4.542737520 -0.867348362 2.431309688
9.746994314 -17.002421739 -9.565385800 0.076176325 0.355838977 -0.742000667 0.563037121 2.911282825 -1.470643096 9.719143710 4.386522848 2.773048881 2.864526831 5.209876793 6.908452975 1.577298985 5.152758889 6.245534896 4.157522338 8.644764835 8.629008021 4.503845082 2.216704112 11.522978028 -1.803382327 4.743226813 0.453267795
18.101324474 -28.445415283 -9.192410132 0.483839648 0.094537089 -0.323155052 -0.807794991 5.913287753 9.909964530 4.740504814 -0.154705016 0.179630299 4.177432829 0.408301421 1.791416622 7.915777846 6.312777928 4.144535766 5.164932633 -0.341317943 -0.618741603 4.868584474 2.166168261 6.966152743 4.779459449 1.239426692 7.361511841
21.162754768 -31.203347971 -10.518593416 -0.384962572 0.111716424 0.912933526 -0.076652695 5.723712321 9.288802390 0.900065593 8.184001132 2.350961687 6.363843087 0.321178040 1.881971828 3.614732966 6.878424130 3.249874561 7.779486418 4.122676965 3.053290284 5.900779854 6.511074079 4.472736984 4.588546552 -0.863767160 6.031379560
10.704835607 -28.828582494 -11.743689081 -0.028131456 0.242151035 -0.951361452 -0.188369011 7.011203537 3.876871185 2.777338215 -0.566249570 0.395849415 2.302731790 8.324822455 -1.753168724 3.291750735 4.108485401 7.098134077 6.872031243 6.177098156 2.338920163 7.212605893 5.941121819 12.946359497 8.384099798 4.820605032 2.646003323
8.889043448 -27.833271742 -8.511873988 -0.242907131 0.668058399 0.667476136 0.221742438 -0.381398279 4.864859734 7.559014496 -2.686471427 0.379077222 3.789548433 -1.695207965 4.176893760 6.809179311 4.773229348 6.132095456 5.840209955 4.059751915 3.502926020 1.581980334 3.992029700 1.299404148 3.899647823 5.759995354 3.551302866
21.738468279 -22.828669387 -3.325857472 0.081687848 0.481579904 -0.442636954 -0.751984321 5.607865382 1.904845776 5.057190986 6.763228510 0.069943866 1.252286588 6.083113760 5.534721371 11.779049776 3.716377909 3.151451948 5.047831956 5.628208689 4.016075489 10.349858483 5.433453610 -1.480767907 2.956385190 2.905250116 4.471936120
19.804337920 -23.585429245 -11.057746953 0.176749841 -0.068710648 -0.101618490 0.976581806 7.240527555 4.078538211 3.609961754 7.273104563 1.387094411 -0.407245525 12.428456668 4.118575355 3.248991394 2.777334940 -1.605674776 1.624724769 4.172961149 1.376910611 9.206724606 3.097462100 2.746099594 11.144751474 7.335213006 0.500991250
9.475465804 -18.769785446 -9.490170675 -0.115734167 -0.438694554 0.675313332 -0.581467621 3.286324808 5.330942546 6.002383374 1.275442646 -0.084542701 6.710955223 8.416947475 1.663867257 1.052168047 1.450077252 1.903178232 4.032960566 3.632786605 5.521485285 9.719640585 5.437838548 2.093847536 2.863738038 7.156960450 -0.922555238
13.555193060 -20.177650885 -17.270192513 0.486829210 -0.577136375 -0.655059638 0.028421754 5.162307696 12.888698463 4.650984212 6.387336576 4.158878000 4.096673030 6.070239331 -0.711420069 5.227987763 3.687355831 5.595835833 4.375370998 -0.908662877 4.387785437 7.040021130 3.006070767 2.976462524 3.158993325 -0.774844901 10.411177987
14.368988073 -15.009729609 -12.245511192 -0.033372270 0.806528881 -0.326961579 0.491419964 7.254946939 6.117266219 1.849609446 0.048066689 3.648545794 5.069509519 5.273497625 1.457434429 4.805659022 4.528264122 3.165920413 1.129021952 9.643920685 8.014109960 5.186188691 2.678540727 8.939942136 7.664614599 5.351399399 -3.916779495
12.050544365 -25.503740220 -5.345632311 0.459500626 0.068541774 -0.706583176 -0.533761571 5.023811226 11.218013190 4.524434434 5.688990684 -0.942979017 10.606152640 4.900095331 1.222833830 6.564483282 5.369251314 2.792548298 4.683285060 3.372697257 4.502925021 -4.170987254 3.219180313 -0.593578105 2.707992366 5.205965334 5.795477040
18.854707175 -18.546313577 -6.146606280 0.347610247 -0.316657706 0.603417474 0.644035996 2.275453320 9.780358035 0.972957717 7.138461712 3.464367331 2.405394811 4.294175333 -0.717914620 2.865104673 3.253925891 2.508583830 5.703674138 8.018894080 6.126909098 6.076709336 1.641677389 5.360180833 4.340277125 7.817002555 5.456257472
11.254880527 -25.649348597 -15.277586878 -0.573933155 -0.016853849 0.737047099 0.356480373 2.205223230 1.692861589 4.722084699 5.973896051 5.830262996 1.249826026 0.773218231 6.237290880 4.025857457 -2.141566341 4.055947867 6.199950398 1.704768756 6.208531708 2.075272715 5.479252600 5.503175475 3.357046737 9.362155619 -2.995452358
11.004336190 -16.605699995 -14.548486425 0.353366663 0.671828532 -0.634327065 0.146313362 -0.444778753 4.403166481 4.886834444 7.655915469 0.839070409 7.251531829 6.620736880 1.034589235 -1.985920686 -1.078939645 4.979532988 7.358408566 3.788828527 -0.130554015 3.297372582 -2.077515287 7.527357311 4.630717880 10.753295118 6.512631516
10.397307013 -19.357869427 -10.207676726 0.514148856 0.173714913 -0.839922512 0.002063236 0.369125627 10.132783521 4.194504274 6.212525093 7.002498619 4.245652602 3.612736150 8.946422750 3.248286992 3.679571594 4.213289999 6.323303956 3.499696402 1.717378489 5.990800618 6.138902267 2.937419651 7.071042115 5.415967428 3.993601444
21.998537586 -26.155824066 -8.163228256 -0.157626173 0.715153085 0.516407492 0.443884394 4.654086026 6.212476055 5.053183223 6.937300149 3.330043918 3.890776807 4.767962504 2.290905840 5.246782226 7.125600600 -0.831607046 2.089555950 3.749623189 6.781663672 2.640960683 7.554917000 1.997514569 7.645726181 3.439660758 1.781524282
7.821989584 -25.390889569 -13.786924038 -0.014993413 0.607943731 0.744326423 0.275967014 5.100508275 1.674655610 9.429314133 1.611576242 3.289679522 3.971073267 6.013012211 5.911793017 1.095075137 4.495025729 -1.231337632 6.285305294 1.616892208 2.658064093 6.378464748 2.040790903 10.263928264 9.889761398 7.001277964 -1.552485344
17.323840328 -20.088840399 -18.595311986 0.803339714 -0.048753091 0.210169017 -0.555065244 -1.104423066 2.628813189 4.518005538 -0.285481016 1.623162493 8.041430970 1.687160418 6.553755664 2.822511172 8.388469768 5.174474450 8.909610974 5.635722108 8.104854688 1.443813452 3.840396811 4.154775327 3.636032750 8.261185657 10.607066801
20.739420491 -16.487723619 -6.545282310 0.595301862 -0.576596983 -0.552544836 -0.088576619 4.617625012 10.564370834 5.078384983 5.072754329 -0.986325130 6.498745783 3.555150860 7.400777651 -0.075027868 5.398772525 4.596542366 1.675050367 0.355789212 4.784028195 11.281585392 4.732234062 2.574628142 11.223917884 5.555157984 6.251097408
16.421080230 -28.278067081 -11.824346378 -0.425457106 0.648605447 0.625708293 0.082379350 4.980908884 3.744514897 6.049634518 2.962824453 8.704134244 3.398705967 -0.771647937 5.118361767 -4.179589863 6.348628450 2.177138719 2.861296182 3.146071243 6.984777930 -0.378537897 3.167327144 5.553503705 10.789027541 7.373858911 2.350290307
19.217953366 -23.963352527 -7.991736513 0.623379463 0.419123668 -0.312236412 0.581585607 0.585829586 -1.762607966 6.955532213 4.964148903 4.341429746 7.682496799 6.040465976 5.815005319 4.242041619 3.093436921 1.795731722 4.007393996 0.488021988 0.788797146 2.586771040 3.484860160 1.444323972 5.168708902 3.296559308 2.563236653
15.667537289 -29.977156541 -11.618820867 -0.497237803 0.761440515 -0.399106719 -0.116947574 4.067112855 -0.165174995 7.557642613 2.360902867 10.161209049 5.551382431 6.182946065 -0.649102566 2.787769816 7.457752459 6.761952108 2.042968916 2.234087273 5.604354715 2.775595889 7.476544223 3.905950819 -1.556904267 7.087245708 3.425039402
12.542316045 -14.871203351 -6.289517899 -0.041511059 -0.723279382 0.547678389 0.418559614 4.791496439 1.395534574 5.257956644 6.825747454 3.638850524 6.442774801 5.679065608 1.701018464 4.979994934 -0.212644879 8.164369611 7.425699565 0.127840579 1.374762809 5.304092328 9.054661342 3.541796289 6.394713652 0.800493757 8.353021106
15.229036411 -30.807863948 -10.990659775 0.789959994 -0.548706345 -0.221893238 -0.160149758 8.312434360 1.358948196 3.542820598 1.310931921 -0.076229653 8.401474880 5.554526644 0.163334614 4.499258908 7.593890759 2.280455872 5.534497788 3.015620391 1.363334653 1.822288062 6.869934755 -3.967791542 3.400319635 3.634157152 3.583328009
13.072491938 -25.214795962 -16.716062999 0.292034126 -0.728830746 0.489928924 0.378802669 -3.304528862 0.848949238 2.389697212 6.133232359 2.710564750 9.307879937 5.147801834 3.216275003 6.790897276 2.581673081 5.347058166 0.248131758 6.484234499 -0.222119714 5.067381633 2.610745620 1.804204624 5.205830213 5.723187564 4.618376944
10.596108366 -21.393409022 -14.327701461 -0.126814143 0.737297274 -0.648691840 0.139677485 4.771593143 6.136264101 0.553464181 5.972524276 0.286486516 3.829376427 10.959905291 5.997787680 7.205746123 1.768839962 3.743854668 5.159709425 1.369207190 2.736981867 4.277800419 2.783723602 0.799717743 4.433749939 4.873564890 1.285350461
16.533802591 -17.705585265 -9.378992889 -0.601027399 0.492531805 -0.612762358 -0.143877654 7.193146096 6.195621030 4.011020426 10.028939523 -0.016622892 1.999524886 3.079620416 0.349376767 1.984909298 4.812723855 5.319562572 2.753601765 2.755162834 11.778769307 3.522832528 2.363542731 2.348211006 5.419347456 0.297931537 3.748050418
9.822013010 -16.615613644 -14.524406798 0.628732061 0.380029703 -0.403027574 0.545749205 3.751404752 3.211152066 10.465957370 2.036616407 2.564317742 3.657569873 -0.601213671 3.124416636 -2.096047718 4.524235236 4.213105701 4.120532135 0.477715938 7.478290850 8.494577357 5.646062811 8.721883015 4.433603593 4.941101640 3.611449921
19.918349154 -22.574859522 -19.088377955 -0.111505463 0.883022881 -0.190409206 0.414223922 5.519571580 -1.643362306 7.702649475 7.823668055 0.025277523 5.817632406 1.519542578 1.689324509 6.142248809 0.301148728 7.945878763 10.612921147 5.154668484 8.689438243 3.317306599 4.587441149 3.144622195 6.283153330 4.188257841 7.707367671
7.558779167 -27.293397567 -12.906103026 0.129390787 -0.008453339 0.036869685 0.990871935 -5.452740053 2.546126172 0.313425333 9.476097442 0.996045759 4.741817508 5.200913553 9.656817891 9.573019983 6.010393133 5.905625133 10.779461626 2.418760802 -1.178329109 6.655362124 4.252620469 3.367255539 7.318275614 4.747214047 7.564164659
16.514928002 -22.596036294 -4.398892880 0.121111253 0.194552723 0.555353138 -0.799414907 2.190390000 2.523114196 4.059038513 5.669404220 4.789395441 2.563410472 -3.135388442 0.459644177 3.013354456 2.824788186 -0.064013682 4.438892242 3.898025608 4.383886211 0.968098863 7.170542958 4.803738817 3.247351538 1.789125945 2.602234760
12.880523968 -19.423775900 -4.401890557 -0.835003220 -0.284240311 0.128874579 -0.453175916 -0.233554764 0.730425238 5.651934720 1.907345814 1.204683621 4.999195919 4.603823051 9.415032424 1.900686143 4.125847764 7.091882076 -0.835761080 11.161992601 9.485526821 2.198925450 2.821325318 4.011124106 6.103590876 0.442406451 5.307882416
10.996751943 -21.547724826 -15.319884331 0.174212410 0.855200415 0.004723432 0.488118812 2.849172059 0.800756682 5.674497356 2.451966556 7.844727606 7.071702526 1.198235669 1.285096508 8.454512514 4.015105859 4.498506748 4.247662349 8.334263301 3.355223381 4.081242673 1.287794319 4.785138702 0.874683816 7.287404620 4.808757193
15.250890213 -14.642737924 -10.634904396 -0.547091749 0.127606302 0.763217317 0.319228095 9.549144592 2.386977335 5.868384829 -3.610099850 1.887570417 1.005271113 1.924336914 -0.851665917 5.454199817 3.692387435 -2.882043898 1.291064174 3.869293804 2.845821171 5.994007938 1.511310630 8.220419632 8.406128953 6.547436971 4.609141638
20.965839326 -14.538263167 -8.768366149 0.387197515 0.332105258 0.850837133 -0.125937902 6.628698357 3.574282683 10.166396846 5.089134026 -0.356741427 -0.491556211 4.412528330 7.314373680 1.406489160 8.881349719 3.162009818 3.925537820 1.115016176 1.296187556 -0.737933719 0.042207273 5.981830189 1.571658005 9.712005277 1.887524475
20.875265438 -22.447373779 -16.099767416 -0.352119397 -0.137525548 0.857106227 -0.349953667 1.615816577 2.372581595 5.742040939 0.592489042 6.426226438 2.346809668 6.555135684 3.822237894 0.699926825 7.559933568 3.589710082 3.997764407 7.781819430 2.461074229 0.195553496 1.859823217 5.003974471 7.773251334 2.990388256 3.118190668
13.676702259 -31.050956997 -14.824495550 -0.994403581 -0.045425803 -0.041926092 0.085675072 3.650577187 6.441362884 5.736955543 0.461434013 -0.300213879 5.672271946 7.097938761 0.051292911 5.587111483 5.848155191 3.406077606 3.771997302 7.048550430 3.037382654 -0.561429898 9.488446086 7.218555295 4.687740975 6.612394508 6.234067442
19.949762229 -21.452673223 -3.863829434 -0.459551697 -0.816298093 -0.337742323 0.091650338 1.634748908 5.313218035 -1.547469186 1.176705862 -1.728329935 -2.202387773 5.383988384 2.497857265 0.710196836 4.781090411 3.148908186 7.251810834 4.310457769 6.997512316 1.275594767 -4.126452480 7.246105184 1.568967532 4.998489494 1.807520510
22.685828578 -25.166148841 -10.628375963 -0.862857379 0.034322723 -0.423986571 0.273010039 6.671444209 2.979861530 -1.544827840 3.304478900 3.321430154 -1.160371003 5.310468303 4.042386043 4.247212779 4.222450037 2.407989993 4.795666910 8.219647360 3.229874064 2.614290012 4.660801100 9.918044635 0.766755443 1.985143394 -1.009739868
19.238072877 -29.388021771 -14.115729344 -0.007652652 -0.063441772 0.957284603 0.281997815 8.450154399 2.690902752 2.413988581 3.010469568 9.075493051 8.154959138 3.435581724 1.221176258 1.160820535 1.780621035 3.718623822 0.893020986 7.442947387 9.699709359 3.380465068 6.998275240 4.878839179 5.498967241 -3.022880821 7.777789637
14.414874472 -25.235496464 -3.239962296 -0.149600223 0.046855522 -0.794735981 -0.586360857 0.265024027 4.004151614 0.599000126 7.084122649 4.451807636 8.746079871 8.536725331 3.710234252 1.281389063 5.646099455 3.579391140 5.837286200 2.456948624 2.162037794 10.693446626 -3.797288309 3.571885297 7.265542978 2.946510983 7.991859743
10.483077001 -20.483267862 -16.515988393 -0.972686109 -0.040304339 0.061790306 0.220089192 3.132129277 2.664653078 -0.057426885 6.792978200 2.668589804 10.197563679 0.977154182 4.530979957 7.167166478 1.077615495 5.171068803 5.523054289 7.900215416 4.174400337 -0.955336310 0.451346259 8.276721220 4.969458192 2.504153600 4.935333111
23.044979102 -25.904480198 -11.807095637 -0.541041729 -0.375467531 0.384402537 -0.646941009 2.243103215 0.045694219 -1.908724183 2.535589164 3.198387746 5.449362119 -1.341043468 9.023264790 -0.853894277 4.695497648 6.668607576 6.270990531 5.984887553 6.371578338 6.711462510 3.664138260 4.321767995 7.547597136 4.427087883 1.867854825
14.926595365 -29.752171999 -12.989426564 -0.667729460 -0.246522321 0.526442280 0.464997462 2.190607359 8.578020485 2.989221399 0.412376680 8.660553965 2.360238023 10.344322216 -1.026725031 7.181964021 4.047374839 0.135572758 2.412634344 4.866509713 3.468851575 2.913334652 -0.132399157 7.879103385 5.032390523 7.356666224 5.661294563
18.699606900 -25.130229786 -7.544225419 0.518050077 0.307855836 -0.001178244 -0.798027264 7.220066583 -4.006557321 6.649802435 1.584017922 4.321615316 1.929843568 7.049770455 4.472235738 7.127599731 2.938352167 7.254117341 3.908461236 7.695338863 4.188423502 4.654269323 3.466963451 -0.719392963 4.512495183 4.696220286 4.978997281
20.614490294 -27.004883765 -4.615236901 -0.353827361 -0.367583224 0.739932231 -0.438393734 3.974445289 2.059554274 2.403190482 3.500792515 5.143411036 4.008391150 5.284959507 4.862513711 -1.057682175 4.521994188 -1.056260514 2.731770121 4.867882929 -2.567466340 9.416834453 5.880814701 0.801530412 8.452559069 4.559308197 2.330642972
24.195338531 -21.910749075 -12.509514799 0.092215354 0.823218052 0.309960899 0.466618268 3.826771698 5.574904793 3.031159745 5.707241602 4.043835467 4.879409608 3.985443983 -0.396245782 -1.058900179 6.273034736 0.823683479 4.047113465 9.105001387 6.763644654 2.614053472 1.324398886 0.341922573 9.410083268 0.975016293 7.772692894
19.743334425 -28.151372819 -17.738671055 0.883987056 0.439315562 -0.086914996 0.134218126 4.697127315 8.319158576 7.960505156 5.091986752 3.427941302 8.731160535 4.637355854 2.884335471 3.181602133 2.476438580 4.605340352 8.230384297 2.362547860 3.938498651 6.183576557 0.602160996 -3.742345939 2.808296351 5.981722422 9.128850027
19.033197490 -18.522656642 -7.051660795 0.047750267 0.159427609 -0.915708430 0.365760604 0.269127039 3.689820212 3.456712061 9.814758370 3.906195640 3.812922892 7.903502923 2.893581265 3.499036614 3.944356873 3.299465196 5.011836585 0.016974607 0.626518911 6.169338538 1.002682048 4.855371573 8.157762205 6.406991774 3.597661275
11.867403035 -23.065932175 -18.547659027 -0.573489013 -0.143841845 0.801053382 -0.093452422 5.752866485 0.451438895 6.261576043 8.486176029 6.645811789 -0.237349201 11.117025140 -4.896579096 -2.087705815 6.099093298 0.368820374 0.938993490 2.874092817 3.641641680 4.813063867 4.041950395 4.792807813 -0.310488438 5.005006960 5.347295645
19.482675706 -17.717835975 -15.552400013 -0.052187456 0.143594166 -0.623388288 0.766840419 9.058935179 3.829922083 3.496633695 3.080946067 -4.462719204 5.056359864 -1.553656060 3.384703784 2.749395471 10.765274360 5.555064876 4.670953844 2.517519215 1.310997392 6.279171450 1.686058892 3.701446593 9.065970294 3.282755025 2.756800399
19.836271256 -15.450566537 -12.472666429 -0.106474915 -0.760407168 -0.548117130 -0.331680032 2.251554341 4.850348321 8.935375187 5.436647860 3.759328564 3.055307385 2.506748025 5.605355717 -1.040815932 0.378806863 0.356709809 4.482308334 9.214718208 1.322507562 4.762996921 3.003255075 7.552477747 1.220514956 3.366279353 1.069826368
15.996500854 -19.495393500 -7.861422100 0.420941690 -0.003842867 0.795258266 -0.436299915 1.563313305 5.635761263 10.105609605 9.951792205 7.598993144 4.918362628 5.361616408 -0.665293390 -1.246198304 2.200027687 3.922331190 5.548491000 2.050852344 5.472800630 6.406283772 7.039616865 -3.025353191 5.664588912 3.463355453 6.855964240
15.729949415 -28.039842420 -8.551264416 0.451130153 0.056364934 0.840351749 0.295149991 4.155383630 4.815005150 8.280983041 7.610287222 4.902116183 7.815938159 1.134731236 3.909278177 5.075721493 3.873737262 -1.497903886 8.498062529 0.387241197 8.087500154 7.587504493 2.698039747 8.934861842 5.537150979 7.145690980 2.357016681
21.648116218 -17.747635901 -14.230371981 0.681741190 0.531746836 -0.478348983 -0.153806705 5.350162265 9.563180824 7.151428287 1.079439512 5.706113105 5.408993848 -0.295176470 6.109976433 1.183654920 2.383297355 8.678387985 -1.391167788 4.001518367 2.778067795 0.607311753 6.190000675 5.459177429 2.452320819 2.058304389 -0.852904133
21.273843893 -20.560334374 -15.322476952 0.668751780 0.726447957 -0.073652626 -0.140070385 2.068625518 1.339282011 6.485838772 9.414125572 4.428098867 -0.416104535 1.187751876 5.274730245 1.136006487 1.014772887 3.227147569 3.537664183 2.749548209 1.421464898 3.364124296 4.745907550 7.376779635 2.141670405 -2.396410520 7.670734602
15.371861303 -22.150315168 -5.427739552 0.382838635 -0.848158061 -0.190954751 0.312408011 -0.890665292 3.543805797 1.048328087 5.595944622 4.724082869 5.808767180 2.111999248 2.400583388 1.236257473 5.195038797 5.752945159 7.348371586 3.805756359 1.216274332 6.627493877 4.381148208 3.158426516 6.924038261 7.318974026 3.730173835
21.513244583 -16.241791256 -6.968294181 -0.224934328 0.184848058 0.953995255 0.071615616 2.323805848 1.782852039 6.087179475 4.520761509 6.417900046 2.301858634 0.125456962 2.322245586 2.322290992 2.197611253 -1.784007758 0.385388522 -1.344890058 4.480788519 1.004589384 3.683690772 4.629331735 4.161044210 6.225553888 3.079553507
16.270307944 -28.472470577 -5.360798965 0.582348047 -0.385677424 -0.035522051 -0.714746011 2.975495520 0.959432558 0.777517230 4.626411310 9.117922236 2.154719107 4.547742450 5.226610770 -4.330007367 6.665906605 3.172170677 1.855044405 5.339190335 6.828082337 0.740350350 6.185620086 -0.574117678 -1.017318030 8.102881707 4.131990897
19.487500118 -19.677783884 -18.823185532 -0.856970159 -0.266774483 0.040532367 -0.439079319 7.606223986 4.017645821 -2.055000455 7.491218642 1.926979342 8.658841887 7.549902899 4.402460492 4.028699769 1.964089152 9.932685098 3.434688688 2.740650851 8.312710389 7.152075113 3.092396327 5.945066940 1.889099227 10.060703860 4.639994999
19.463337289 -18.606423325 -2.635322283 -0.551298974 0.833179905 0.029351393 0.031924650 6.564416181 3.175365610 5.885338240 2.846847062 4.415933961 1.932257384 1.947821337 6.475425753 8.728154818 4.695664829 4.236742137 6.252549402 8.459733633 4.384554792 9.891316562 4.485902457 4.222536068 5.052110485 2.177624662 10.707612612
11.938981977 -30.164284633 -13.696805995 0.351880689 -0.741885602 -0.567875563 -0.057472417 2.712179005 1.015454804 4.571385970 5.307127948 1.154363126 2.112300335 5.468186945 6.856882750 4.219692466 1.886148881 11.389628932 1.692828444 5.059369073 -2.191220698 5.641930925 0.726511503 1.272050168 2.571646686 6.251499613 6.402137470
14.087800342 -21.123944882 -3.225849682 -0.237974570 0.487603511 -0.798058362 -0.262133116 5.767494049 8.322824621 0.462632738 5.342979362 5.583064248 5.809236521 5.466697125 7.775350601 7.052547698 4.437186802 0.566975417 3.367299730 6.032251672 4.864010171 5.670418613 8.232512448 1.810124779 10.289710099 -0.828840149 3.903938551
17.080151768 -19.792444465 -17.861809247 -0.690274820 -0.722190530 0.019042921 0.039985979 -1.480575560 3.140485253 13.526912615 3.068071338 2.357532877 5.907145222 2.491103709 2.259991670 4.297997490 2.355465772 -0.903749581 2.778993853 5.120345461 2.436090355 4.623857004 4.609176467 2.355372945 3.602340121 2.145158941 8.058739913
10.200172513 -27.335227702 -16.241488184 0.026694295 -0.629709651 -0.120177733 0.767014004 3.519168939 4.433396509 1.836481672 7.080846892 3.908865847 12.141473838 2.579197826 7.686615146 2.907575001 5.048056996 4.170561137 8.835554991 0.547266603 4.296102006 2.373025064 7.877727591 6.398427588 0.285756850 4.765534146 1.912347188
18.260944586 -22.877909905 -6.997065362 0.346134909 -0.639661894 0.631350447 -0.269109456 6.975630321 6.153298965 4.183365467 2.560050699 1.322280490 3.717589712 6.636571375 5.081101852 4.042605036 2.641581023 0.603493923 4.953134405 4.700008946 3.533389555 0.703277836 4.969155509 2.680789193 1.390640600 6.965379788 3.699183267
11.654694014 -25.851598467 -2.672118033 -0.696191069 0.337973087 0.618564331 -0.135905687 3.305799116 2.533110480 2.222351773 4.194472081 4.365855899 0.990327238 3.232374166 3.169442513 2.519421568 -0.847905372 -2.413650514 4.984144899 8.961283275 3.661813705 4.675350127 2.917402233 3.847614204 -1.103619506 4.480866355 10.128485525
16.894993832 -26.058062392 -10.462137771 0.754173757 0.087986291 0.061979916 0.647795375 4.069538227 6.126863685 0.465403990 5.292653357 6.123744958 2.251776124 6.167920011 1.792716837 6.980161955 0.399303266 5.332379511 5.133609235 3.500056307 2.945308603 4.785918639 -1.163969629 8.599213470 5.505115620 -3.204327171 -0.243552849
20.661390415 -24.193025779 -8.326207558 0.090296226 0.539439841 -0.551375183 0.629949726 1.193084517 5.431758648 4.713668160 5.505386210 2.691559852 3.992761582 6.907276145 2.127209760 6.091742536 -0.357202892 7.727585433 -2.405242060 3.166160880 2.007266674 6.887292586 -0.798603828 4.732956909 1.621916598 6.042299855 4.973697679
18.169664214 -14.085563781 -11.421997080 -0.031874637 -0.360637581 -0.000814397 0.932160865 -2.438376981 5.284895494 5.971783352 6.531152499 5.148958671 5.926639038 6.681857580 2.751999221 0.400623965 1.564888904 7.117994677 5.729603235 2.116769595 7.734353822 3.390309642 4.043440098 5.262352944 1.628100942 8.434380653 6.408949492
11.016644189 -26.722582660 -10.688977404 -0.077510520 -0.031386912 0.672067742 -0.735752629 4.066561412 5.809626818 1.250808666 4.528117190 3.101565135 7.044376651 3.734459306 3.864859845 2.627367762 2.824855273 4.184214028 4.465518483 1.284527247 5.638758399 6.341992097 7.206811712 1.364061071 6.147619499 8.234127504 9.277910741
12.632175399 -19.125365456 -7.890222040 0.372517926 -0.100702743 0.920910910 -0.054885772 0.123187574 4.421595100 3.732765379 4.794710251 2.454872851 -0.325145763 4.383306231 5.773443386 0.021165457 6.467715524 9.014869672 1.428807052 0.707326235 3.183876075 -0.537836603 4.672151289 3.226750964 6.269487461 0.927333885 -1.768084791
11.191117972 -22.958847218 -18.905222680 0.593651478 0.658225737 -0.151576201 -0.437425945 4.101061564 7.274034731 -2.648218850 9.687108690 4.802012458 4.246869859 3.173803341 4.879210746 10.118606591 6.202550157 -2.698763288 1.058422431 3.808233619 2.512331545 4.312668465 6.872645749 7.843452573 3.043607044 2.778998560 11.760775774
15.518896995 -20.640671894 -2.561508253 -0.204640528 -0.563903431 -0.233943136 -0.765118150 1.138660132 1.405761679 2.857870697 2.838258395 6.597143866 8.350953382 6.439003761 12.449961901 1.328258905 -1.450801498 2.737164450 4.350645509 -3.610670114 4.040558894 5.893020888 3.065424704 2.122445746 3.037088313 13.239592522 2.433418773
7.008164228 -22.430080729 -6.691754642 0.266723705 -0.879165247 0.255296725 0.301248264 0.493103042 3.442800080 5.901108812 -0.592527185 4.080609387 1.612660183 5.851323907 3.810039909 7.319059954 1.435169384 3.600223453 -0.233237085 5.290335722 6.100298687 4.346693924 0.223390495 4.083758460 7.858071405 8.691164489 2.287394695
20.956261041 -17.183816000 -16.370581440 -0.200998476 -0.667873903 -0.682091670 0.219761270 5.852227126 10.181735321 4.575906346 4.031121451 5.717209594 4.901546394 3.421024637 2.482023498 3.449761267 4.635077952 -2.438875905 6.537080061 5.464573500 8.122466801 5.494945678 -3.189105478 7.405352948 -1.117935449 3.505575850 4.801972255
12.221397425 -24.360528239 -7.211978590 -0.016229529 -0.931627357 -0.004121718 -0.363029037 2.065421677 8.818586577 5.952770708 3.247039509 6.984773462 2.553266860 10.441985450 8.969285037 3.254633557 3.325427755 5.593941822 -0.307098201 3.382588978 -1.418930866 8.297989059 3.377240058 5.600177393 4.624651607 5.157810091 2.504743018
7.920288694 -27.806878313 -9.114962297 -0.425495134 -0.815340157 0.386003688 0.071940749 5.068731828 13.750122505 5.385816006 4.601690971 6.786756273 -5.187034340 1.986414662 1.768515568 6.455295588 -0.458974628 5.181665817 3.990940741 7.857657982 -2.030709949 2.213583470 3.973294621 4.097347679 3.534319260 -0.317392919 3.690549806
20.145700769 -27.710545484 -16.153431775 0.578878104 0.707345405 0.113352615 0.389504561 5.598204438 2.538510981 5.151996342 2.418598592 8.091176825 1.736593043 7.504954449 6.213971099 5.691577248 4.417531232 6.595102138 1.079667459 5.722501412 4.957166171 -6.625995603 3.630235908 6.854719296 0.505383752 3.237439011 6.213925010
7.995865273 -22.774067585 -12.902976146 -0.183080126 0.149898287 0.628641571 -0.740825179 3.724039070 6.178104359 4.275563660 -0.638406354 3.670005838 9.852741644 7.277503065 4.767443263 2.459264984 5.307638068 1.125332362 2.762564552 0.667247965 0.628285253 1.345828229 0.252891468 7.122135266 1.884389244 -1.406483469 3.176026201
18.487552717 -13.952132003 -7.477562140 -0.309903465 0.481542557 0.761190531 0.304410223 8.617781433 5.457777982 3.430590883 3.056032732 7.330107560 3.765799817 5.988304433 0.952064013 6.232816381 5.273003450 8.190169370 5.507968513 4.490711047 3.520081562 2.293703372 4.271130709 5.619690912 2.384579422 -0.058742470 7.303098575
19.306169730 -30.538845214 -12.610482338 0.308279903 -0.860573008 -0.036182249 -0.403817340 2.436437744 6.150064946 3.383901391 4.413296363 6.270793399 7.579081503 5.509111697 6.598769425 0.740830086 0.342689193 9.608604638 -4.152699721 9.473294160 4.725717959 6.350671022 1.042827231 1.896515616 2.299992374 6.218515027 1.609574718
10.895387047 -22.885509149 -11.823181453 -0.179959576 -0.791117682 0.534813432 0.236054989 3.024950261 0.490097872 1.602150379 3.572766287 5.521041344 4.611909790 3.650219379 5.746489687 2.989094219 -1.036545095 7.064699588 5.215807854 2.313375150 2.941091857 10.285935870 -0.838202968 7.061700689 7.367176869 2.725657289 2.279869662
12.340370268 -30.134266467 -10.024187403 0.284463653 0.911168273 0.286776431 0.081314740 -1.360892597 3.197855094 1.708757830 5.146807628 8.915062525 6.392318752 1.357828691 1.576045777 5.509790900 3.523639389 4.733019968 1.875417855 6.252745119 -1.105709839 5.989191084 3.469531440 1.047946121 8.275742334 6.148687242 0.238830192
17.193587466 -17.919424938 -3.449561339 -0.778612286 -0.537877284 -0.152160576 -0.285128207 -3.373512335 2.872974035 -1.647744967 9.067652183 3.024744261 1.204584032 6.416067213 4.515525297 1.008815833 9.822078030 3.460863578 4.232332917 1.798950843 5.245458028 9.545773322 4.203161327 4.042234886 3.618204702 5.945773149 5.778455607
20.580315889 -21.455085302 -12.305924536 -0.304775117 -0.602004090 -0.564887114 0.474979738 5.812151113 2.452984685 3.783728148 6.135509024 9.336531259 2.391277510 3.438266752 2.063047679 3.989770943 3.484523267 1.545301418 1.500277055 3.432165330 0.620543827 11.509000062 3.655426898 -0.434128282 0.752596220 5.828400465 1.313457804
10.634270042 -19.892579609 -13.175023542 0.880033927 0.240149134 -0.363885288 0.188298110 1.388479657 3.671053207 2.768254867 3.264599139 9.845736579 4.455298720 3.595774883 8.418951998 10.191842678 3.282343018 4.875623145 3.188833089 5.983220058 4.838583060 1.193769232 1.098835252 3.724716351 8.584207800 8.193831972 5.922926772
20.154996137 -19.141897735 -5.488455881 0.132115633 0.892860846 0.065864624 0.425448964 2.344057330 5.070386819 7.172964708 4.187811474 6.488497871 2.400351618 3.789714561 1.457288467 2.821397446 5.835792956 4.044221876 5.488347397 1.007547294 5.120507213 2.124329270 4.725507606 6.409425465 4.173701891 3.813642937 4.486825422
13.839993561 -27.681480978 -11.163909555 0.612615185 -0.551071978 0.520461493 0.223924415 5.106887748 5.535838538 8.567025740 0.695978564 5.635887844 6.936279185 5.557735632 3.823175509 2.717741493 3.476573947 4.259118229 3.437062724 1.971919709 9.632477620 5.949350816 -1.405585856 1.614618109 1.770146854 5.771661554 3.797144565
12.471821632 -20.715938327 -10.473132075 -0.588750349 0.247778945 0.562550538 -0.524895717 2.056476532 4.091712565 6.712496960 4.198149066 5.095336046 2.980685326 4.063950460 4.560126952 5.355298140 3.705785548 2.295606316 -2.772137710 7.483141988 8.916433820 4.524075148 10.399194536 -1.435123761 6.416120938 2.419453918 1.361169132
16.281627479 -29.950498803 -15.617185829 0.114021879 -0.690866572 0.713825555 -0.012468670 5.774028000 3.140280863 1.747617737 3.297970696 2.851198889 6.079763037 8.735374251 3.668083069 9.611354620 6.743322025 8.497898824 2.473813617 6.649267151 2.284493771 6.288935738 5.023283665 9.864475692 3.590379842 3.850962505 5.493107544
15.535725956 -19.017148678 -10.944627932 -0.579158802 0.080163572 0.247692182 -0.772526677 3.745818421 1.756826098 2.419688874 4.125039783 8.121912393 8.648483370 3.064226848 -1.095177000 4.222042549 2.782183592 -0.016576502 5.759697150 -1.002348663 9.601712527 1.844568425 8.958939634 3.028587949 6.801938661 3.584156487 1.516874208
23.293194638 -19.256575508 -13.728328221 0.361971243 0.546808789 -0.565493743 -0.500193757 0.721550118 5.854572117 6.743821719 -0.444995507 0.802463149 6.133123989 5.521711253 1.389442993 3.975032047 0.609270747 5.326753432 5.089015470 4.080654095 7.749434474 2.645446158 3.335487115 4.043607012 0.293603829 1.584879867 4.134795773
22.108926946 -25.290237402 -14.038984651 0.459420073 0.563517229 -0.062146375 -0.683753871 2.942823721 0.694447186 4.960639550 3.213670173 1.350183640 8.730643057 0.512872891 3.543615548 3.773887634 8.369135130 3.000980540 4.345868200 3.560910319 1.552285479 0.761555503 3.738835432 -0.767526920 2.040093088 7.201779413 3.263231671
11.452389681 -23.759951729 -9.818086752 0.452113796 -0.625072314 0.420734005 0.477347477 4.741987213 2.359385517 2.210110708 8.394292523 5.534956925 3.118096190 2.452004982 1.872485972 7.550354633 6.885780241 3.308936944 4.350845113 4.153181732 8.639203211 8.547285249 7.438705111 2.653265913 7.625669014 3.393321700 3.475775026
22.973065640 -20.860639306 -6.266696678 0.318069724 0.856953868 -0.285245886 0.288264641 4.235479111 8.621779866 7.946288621 8.814523102 -5.597988774 3.168271350 3.269319017 3.797038372 8.911360246 6.921808998 5.409014499 2.887528981 6.199438695 8.483117586 3.053922090 5.546324427 2.799876525 4.584234559 7.065290925 6.202119999
11.332776252 -14.386132654 -9.181693162 0.556259030 0.090250014 -0.810503544 0.159733626 3.863990916 6.357186409 4.188026898 4.784286790 2.520123804 3.948515501 4.661281640 3.577221018 5.498127393 0.100807602 -0.333327104 7.721784184 3.227637094 4.428941654 6.299310683 5.057865792 5.009437092 9.517467133 5.206491674 0.088359400
15.476950464 -29.948727581 -11.578228141 0.248513686 -0.834016822 -0.059255721 -0.489025203 1.944042191 8.590372948 7.271876687 2.194154994 0.584946910 8.572774607 4.388867427 6.033416658 1.745495695 5.556431620 1.807072553 1.610372341 4.650611004 4.895871843 5.695666880 5.908396723 6.548474933 3.641496474 -4.157871712 4.904945633
20.257032604 -22.608084573 -3.398568332 -0.215332827 0.393306256 -0.893549851 0.022597058 5.874478975 2.531294718 2.114317805 1.071180809 5.071525409 5.346671622 9.441047542 8.557459944 4.247163715 0.184789281 2.877474229 2.525226753 7.228838157 0.287308659 -1.843231868 -0.685257509 1.010758128 -0.105547997 1.970807786 6.173285446
22.160314310 -20.164768273 -3.246362888 0.345472349 0.598156937 -0.462049377 -0.556208151 5.053137892 -0.396569410 0.375605821 -1.689449887 0.397689804 -3.554750969 1.176241666 2.734597234 4.600254024 7.441678955 -2.486922452 5.335354197 1.695949711 2.423732291 10.367877203 3.628753377 3.607191764 -1.260592284 2.907298954 3.291456659
14.698850325 -16.553423581 -14.115660903 -0.589509750 -0.769916213 0.243328200 0.022330835 5.158410277 3.018819468 10.867605243 0.434792926 -2.561144162 1.983505166 -2.377284054 6.705469194 5.118287640 5.639505382 4.029002879 6.817494239 -0.474620407 5.666089340 -0.150771121 3.519844121 8.615296683 1.613718038 7.305931250 6.368030588
14.670319904 -20.730998102 -11.076209255 -0.073286441 0.636384838 -0.209769658 0.738674574 7.652565297 1.125016828 10.372006540 -0.701732998 2.337729653 1.341752189 2.837369412 7.950362988 4.217899466 7.109432297 3.556901942 0.702101989 2.527316862 5.018674335 2.176587739 6.243102720 2.897463361 4.289844918 6.770098522 3.665446042
11.007937611 -22.567249754 -5.899440396 -0.068151555 0.122551874 -0.980105840 -0.140459767 8.915662309 5.613727354 3.537275260 3.345023864 2.062726932 4.966847890 3.305638348 6.823597610 5.616860465 3.743059470 1.515908936 2.767704727 7.824761584 -4.160229885 0.053132494 11.069571956 7.067491120 5.178732796 0.296701819 3.722024424
18.004820421 -21.967058468 -1.458673962 0.529594587 0.732961158 -0.402071738 0.143651770 6.357265072 4.320910424 5.539630761 4.585856251 4.307101967 2.180307961 8.834372880 9.464653428 4.604894962 5.567322639 4.092680428 -0.373901370 3.732767116 4.082113169 2.876084710 2.856344784 1.779454887 6.849928161 -3.236577475 7.465490198
17.845596477 -27.453243749 -9.366354336 0.898981986 0.048063247 -0.427384446 -0.082848340 -5.330857794 3.610873215 4.680018326 2.946551746 5.191004478 4.938612177 6.741874234 3.503466214 1.919589341 2.568989076 6.972209000 7.606151103 4.305549715 1.498072101 3.154939833 1.554536010 1.121304375 0.617555854 6.278323546 4.767884007
14.054462400 -23.764482253 -13.043366479 0.132856276 -0.105675034 -0.968398123 0.182721298 5.853880201 6.241272440 2.419626218 3.022196463 5.410888583 5.945410117 2.796979027 -1.307398334 -0.356270997 -1.110845648 6.566939377 10.295997720 3.629682184 1.967091460 5.637765376 11.653224808 2.287212135 6.063220905 1.493267296 6.419917260
14.119595674 -14.912052945 -15.604746635 -0.679304703 0.385200760 -0.154268260 -0.605282412 1.092176704 4.845915979 6.805146816 -1.058256452 3.600061222 4.084682218 5.155956183 -1.302180681 -2.574237165 7.920562190 2.183108887 7.016036024 1.364211802 3.002905136 -0.029203174 5.034528765 1.075781112 1.346892262 4.019466264 6.394758208
17.364913967 -30.401116991 -13.729085392 0.715254770 -0.511974512 0.032441743 0.474594824 3.477521221 4.265057050 3.295504508 2.643331164 -0.173470704 3.745828350 -1.039189684 -0.550958679 3.824945932 4.842922969 3.852818139 2.948976497 7.293535780 1.323862878 5.912522943 6.999633304 7.689805794 9.774567815 2.371476368 4.136704066
14.031703620 -22.823359686 -5.127820257 0.512716060 -0.072602977 -0.704926731 -0.484695115 3.033778869 0.888486857 3.334620910 7.989164781 0.448731455 3.589071701 3.647628626 0.538460467 3.184991862 -0.062154866 4.187128555 1.214139235 1.335644594 5.627854556 4.511116579 -1.332910851 8.067883508 6.911423873 2.808483352 8.329641298
