1.450142221 24.012610552 5.719355665 0.738816001 -0.563067759 0.243536857 -0.278918295 5.873388108 6.026667678 0.162128234 2.597026081 1.671628775 6.276339299 3.832956207 5.743515509 2.526816148 3.152961271 8.173792718 3.040158892 -0.067832354 1.290193860 0.878009602 4.367819495 3.008746826 -1.490928608 8.951988408 8.052831744
3.933961885 29.768527338 9.034884889 -0.118235916 0.903282395 0.034228423 0.411010459 5.036679930 8.072748514 3.426706763 7.161871847 5.514001251 4.428758315 7.131707310 -1.525667042 7.781270649 3.682001938 0.206546066 3.802045908 8.489189611 4.306411918 3.397561018 2.136580718 5.847366360 0.669585705 6.573691100 8.691866709
4.190153451 24.873330037 7.686717619 -0.470023500 0.127961274 -0.033660178 0.872680247 5.464904205 2.709733770 5.453221555 7.848760948 1.104610651 8.761805916 5.887750505 1.161873288 2.278525142 3.234336305 4.390886855 4.158682951 3.454060089 3.159991273 0.192522200 8.144780609 1.260196569 4.130016018 3.828584412 4.580158042
6.298705155 16.938254609 5.522620588 -0.392514483 -0.391076508 0.691255909 0.463849990 1.708445570 0.553295360 5.375641997 0.138962025 3.002658764 4.183448213 8.786182252 7.764892136 6.753235271 7.750991844 15.056208434 8.301804206 7.647108170 6.897940767 3.387223872 3.044552809 1.932753547 9.601135087 4.132096151 4.953202931
8.086617490 17.178054584 4.809201711 0.239411071 0.142150868 -0.866182289 0.414974352 5.863382337 3.066252485 1.469607692 -0.411223754 9.556882262 3.871572311 5.686368226 5.359422680 -1.205967854 0.508592897 1.227240008 1.543573864 1.459778523 8.258731457 6.965954935 7.900538198 5.198796310 1.199896759 7.511527171 -2.734006890
17.211853431 24.594594368 8.537996274 0.230531570 0.005797556 -0.656673678 0.718053803 5.748093001 -0.031135263 5.735420367 5.514451463 3.728556835 5.318000871 2.459943481 1.872616731 8.126629018 -1.778896447 0.574639168 1.750099668 5.906099829 3.047351809 5.498367484 5.987738930 0.023488151 5.926607390 1.592832904 3.925154313
5.321733541 17.248170675 5.215198969 -0.261829606 -0.611960756 -0.644480240 -0.376290461 7.904430623 6.523136249 3.860069058 2.639230156 8.827126686 4.839049816 6.930733636 5.903583941 2.170905471 7.812480256 3.450101307 8.265897767 0.915798926 6.579276939 6.238882891 3.693461224 4.396748644 2.499650074 -2.074848570 6.963226803
11.991059073 22.214501484 -0.372419986 -0.561492289 -0.597661430 -0.552568612 0.148980380 8.097442710 8.996013727 -1.777591266 4.367837919 3.826487726 4.461955034 5.147054353 2.126374027 8.934407077 1.997878982 -6.423777521 4.484639761 0.602318440 3.463411336 2.862607995 5.728070629 6.667787828 3.439174455 1.767753732 5.134988595
13.569320068 16.273758584 6.717926276 -0.062690439 -0.974673872 -0.128679903 0.171820357 1.621238226 1.552058154 3.740136285 4.275990447 8.592669462 1.222049386 10.662449200 2.929706468 6.704162984 4.967762578 6.160968736 2.251623578 4.385310750 6.995135956 7.177780820 5.105558923 -0.818404085 3.290038774 5.832002650 6.474718175
6.390849590 20.232767460 0.153939520 -0.718619104 -0.230854816 -0.099738691 0.648340058 2.827561630 6.034039504 7.399382822 2.734021703 6.253764726 3.222588980 0.011154084 5.176868558 8.151745695 5.729107606 -0.919155490 7.503792176 2.285077773 7.750501095 3.338172771 7.183169713 9.120673857 9.900832862 10.340408346 10.467286931
10.202580345 27.752513182 8.117453060 0.726570365 0.000694981 -0.651758624 0.217498776 3.791005505 -2.669634208 1.673734179 8.073150096 4.784324262 4.817076631 3.090856770 9.823897112 4.119199875 4.337794791 1.190109753 6.110818658 8.275477879 -0.292081772 13.984494185 8.872100301 11.446051335 3.624683468 7.810013159 3.004521729
11.495938549 22.516887769 6.684305949 0.122258347 -0.791705687 0.437593401 0.408371176 1.781561701 13.453476439 7.344295499 4.074316307 0.139758066 3.556598904 3.823886568 3.675105878 1.253346630 1.433291265 8.312359104 -4.127364295 1.323751945 8.274306966 3.902345361 5.978247699 8.731744740 0.047797421 0.827566996 2.090479702
8.575065824 20.586036573 10.410647375 0.822153191 0.164190061 0.061333784 -0.541612335 2.158873528 0.825022443 -1.401102314 2.241914110 -0.587398003 9.214277092 1.910903856 9.805462392 6.041521668 4.616771844 0.189364287 5.357784863 7.190344484 0.071052885 5.182487695 7.166819832 6.623074253 4.716271800 1.356684631 3.488750462
5.860876884 21.797948753 -0.422273987 -0.817812545 0.166379810 0.211316367 -0.508768900 0.024744136 5.136449850 2.131557945 1.515430392 1.486019982 1.454053406 5.622313708 6.901698498 4.472148554 7.302013129 4.343525855 4.617743892 0.609562434 11.070994524 5.184612777 4.083443121 11.112117628 2.195300171 2.259936159 6.960458968
18.218369255 28.142520719 3.592456273 -0.750342322 -0.412892115 0.451995315 -0.249412782 2.833407931 3.159775390 1.127207803 7.609356515 2.275164176 8.300335752 0.385456708 4.565632026 4.897345160 6.704885491 5.558562806 3.839843730 6.587831205 4.589630479 3.617916561 8.681797569 7.497133904 3.257186687 7.764319373 -1.301073690
9.293493104 22.337765214 -2.269166618 -0.644061127 0.725071726 -0.188047263 0.155223979 7.104299133 -1.004646801 3.263179197 2.774809504 1.737659381 2.267364878 3.629128211 1.388394977 7.767840517 6.589387061 4.445613365 8.837615286 6.035420408 1.627887488 -1.162916327 3.239653552 5.030162823 8.801757094 4.655957558 -0.563721603
13.741625458 26.198182101 9.818979659 0.623985622 0.067417842 -0.778474305 0.008633331 3.448305561 4.424557595 0.534896010 5.825106315 5.249089765 6.369250702 -1.127116752 3.624097512 2.539299759 1.983770586 7.684684534 7.717692878 5.664891591 1.172783673 0.563930857 4.308679713 6.151846535 5.646170988 7.767438672 7.743590100
6.308275692 16.968963681 1.305538261 0.103117112 0.619392797 -0.588090889 0.509773018 -1.370433497 2.832193958 5.122980085 -1.219664575 6.200603403 5.960606175 7.943558395 5.405724653 4.544140975 6.742691639 5.026285203 0.565604105 8.191776029 7.916399278 3.209173182 9.572961237 7.770386993 1.936578396 3.798171488 -0.395237655
13.051829108 25.204212868 6.751173843 -0.650236868 -0.457065941 -0.301232198 -0.526822460 4.202210034 5.112710822 2.395080110 1.179772331 2.314019220 0.399472651 2.710892093 3.748371823 3.293019729 4.918675392 -3.221972415 -0.234689448 2.511647918 3.561827561 8.825182931 6.161346357 0.379611369 3.692283138 2.837494886 4.933513740
5.789025384 19.346017868 2.804668510 -0.446372579 0.549053734 0.533753389 0.463032221 1.790798850 6.642366206 5.526834812 4.729131339 2.697889022 3.066688107 1.382330198 3.021177202 2.769150597 5.355679790 4.012842537 7.175999256 6.487353247 4.840621863 5.076171498 3.842649881 2.366596584 2.894046558 1.906740540 3.166889792
8.523322635 30.425891355 9.030686976 0.754736381 -0.453109057 -0.206193869 -0.427257844 3.179048861 5.751222768 4.737261440 3.722727914 -0.311245928 4.404392782 2.873030162 1.906107057 6.657303132 2.000663626 4.687158438 2.674226652 4.755569411 3.937857588 0.241704735 0.770116818 7.221716557 5.731694341 6.668804588 8.632888389
14.594588094 17.775628473 5.827328233 -0.254294625 0.535820533 -0.631044545 0.500013383 4.540070468 5.453759337 10.607459364 1.754753229 -1.080787023 0.846328231 0.866412741 1.670020642 3.441474701 5.312920779 -0.253298303 4.690919026 5.175543247 2.643971631 3.393345948 4.784088476 -2.180654314 1.325138684 7.990360047 6.840931436
16.776772739 20.465210174 10.356426097 -0.514101677 -0.088189999 -0.356784200 0.775001306 1.290209605 2.329937709 7.082456141 6.663699311 7.371195312 11.733794496 7.165191887 3.590924327 4.069507013 0.748423420 7.271891769 0.178020986 2.066030495 7.177456821 4.896051498 0.925464915 0.721325995 2.048796307 5.153702610 7.114347951
8.328422752 22.208064756 -0.014135482 -0.045163666 0.060912225 0.298126177 -0.951509709 9.952034433 3.688238391 2.590377967 3.402322914 3.442427038 4.504195292 2.391454492 9.331389687 2.197033079 6.753983113 9.105389128 0.125877595 3.012516945 1.192980188 2.648101641 5.392589485 -0.319210499 7.504670661 1.584552821 2.018838380
5.435928130 22.136192911 2.272425969 0.678091301 -0.599643318 -0.336486580 -0.259609053 3.423141528 3.343299138 3.132201205 2.499059617 -0.263436018 3.316066099 4.543172213 1.298940611 -2.523008280 -2.326544722 3.442043694 3.052534998 2.378208893 5.350781960 3.566695075 1.917020634 5.912967556 8.936843207 7.482726276 3.950282740
11.508718678 21.577925579 0.259791978 -0.877571810 -0.004604916 -0.296737521 0.376554587 0.499277012 0.693538116 2.046282614 -1.500140678 4.596223404 4.574794229 -0.958926753 7.320682071 0.586150758 -1.265296129 1.676288504 3.346086617 2.288104142 3.667684963 4.734319530 3.649850819 1.423879651 5.638714265 4.855961758 -0.734061895
0.792014370 27.209625261 7.132403207 -0.766800483 0.442926788 -0.456605713 0.085697742 4.559698326 7.388018551 3.421114881 7.032458307 2.862031392 0.433873480 -1.733483259 6.401361329 -0.481565451 7.904415330 3.650175401 3.112776753 3.001550088 7.952238913 2.196208125 7.390420386 5.740058398 9.203265806 5.443106615 4.104004219
8.500098887 15.854001904 0.104649530 0.427300704 -0.002362152 0.673040932 0.603675767 1.554118004 8.487543028 6.030553439 7.274069279 4.693933086 2.188497250 4.652757698 1.662442854 2.509997847 4.038491233 7.221456759 3.508819278 0.780860654 7.453267063 6.039496863 3.744648823 3.585380419 3.152195233 3.783246073 5.394569443
18.214866992 25.172833014 5.282011856 0.746078735 0.039932377 -0.663753685 -0.034683891 1.269612642 5.886660420 3.330713170 4.006876692 4.981628376 2.359894737 1.271650649 4.618240619 5.188129963 1.477107730 0.851006841 -0.014721516 3.424041915 6.511906613 4.396520074 2.861122651 3.002459038 -1.367061349 0.535263168 0.190171393
2.454819613 27.012164914 0.970037287 0.768914410 0.092546791 -0.245082567 0.583215446 5.655817982 3.188169100 7.442279710 5.127204187 4.788176230 8.964887603 6.193698845 2.423448060 6.394725149 6.885222226 3.765471709 7.125505934 4.301515509 3.154158303 -1.065679208 3.881118417 6.277093948 1.075981467 7.750831244 4.295342966
14.485280312 31.359967530 6.698538434 -0.904062990 -0.201904044 0.020993147 0.376117210 4.872827235 1.067592486 3.723942648 5.864295386 6.391879032 8.776086045 7.213706100 5.646921954 1.729267875 -0.621379021 5.540068462 5.054916213 5.299067410 7.385281020 11.470891428 2.661630319 0.385646149 2.570705405 4.734993475 8.232699399
12.652907238 29.099909428 0.345541076 0.926484628 0.108811401 0.207227294 0.294691640 4.548607274 1.356872762 3.247003975 5.424183486 7.412195799 0.483627780 2.134682137 4.410226357 1.993019342 2.979149834 5.363892193 5.477094181 -0.204883721 4.175324772 3.507311764 7.886891207 7.845006924 4.045722526 5.903036751 3.776389193
13.309003280 18.485190020 13.153866363 0.896305633 -0.326192359 0.070428945 0.292018016 3.136672459 6.450191417 0.696047958 -2.016280048 6.617786091 5.747195849 4.476628881 5.651196146 7.501225597 -1.967870141 2.529863831 1.093244161 6.481001075 0.641893221 4.741209102 1.727385483 3.758671204 1.427125825 1.866120103 8.867306470
6.073721513 25.280453102 5.544594804 0.070700429 0.202713285 -0.484321884 0.848139780 4.941083924 8.807327828 8.039911657 4.174501180 2.941067873 6.300182889 4.559059079 2.799702300 5.850447236 3.264652859 9.303034798 3.460293909 4.781315649 3.594590270 6.914168318 7.496224170 4.658366198 0.702988561 1.083758229 -1.403350357
12.557117227 27.249945044 9.669201198 -0.156008606 0.794181215 -0.274660866 0.519132855 4.275760044 4.064304375 6.774908691 5.576844550 2.026415194 0.544819475 4.124331571 4.765936503 4.942774032 9.565715018 6.935405582 6.467985524 2.498146005 3.544515598 -0.388254600 -0.150856649 1.615533785 -1.022379231 1.916318195 9.090888598
18.662418458 24.267108118 8.895052303 0.739594891 -0.280582897 -0.255090010 0.556059099 4.374978762 10.094108361 3.645137065 0.531777193 1.561148174 3.167084429 4.566841638 7.045739885 7.288138738 4.529637704 1.150925847 0.791492733 8.012232767 3.851644485 5.658178373 6.729123639 0.825228932 1.486623498 4.057718427 -0.250097890
10.365108694 19.592716227 10.632195654 -0.220227823 -0.174271260 -0.334682601 0.899509194 2.097122562 1.310108125 3.257107082 2.275272132 4.516856098 4.493094832 6.031536522 1.365817899 1.346940678 0.828931546 2.448900133 8.320351519 2.412111888 10.437281570 2.583580994 6.118977310 5.824661986 12.511231161 0.738429250 6.635665330
11.742928345 27.029296902 13.288751589 -0.173903365 -0.765337657 -0.026307553 -0.619131491 5.009021989 1.972915812 2.169290372 2.389685784 2.433151107 -1.454890075 2.113231649 1.903731173 8.091877165 3.080827071 5.388464521 4.988501989 3.200377491 0.693620654 2.682310254 2.505040206 4.288892917 2.319922664 3.489442287 12.599230524
18.494290245 24.238677641 1.806388794 0.422523094 -0.255891780 0.480168546 -0.724866746 4.275722433 9.237511527 3.896326497 6.286749138 -0.821859553 0.407739175 7.215236003 3.977500096 3.731502432 -3.090911921 0.930037769 5.267538662 2.176563444 2.014909371 4.908573459 5.747376956 6.659853912 2.844036424 3.760586464 2.210997586
6.108063354 20.242258388 -1.673050003 -0.812686974 -0.538114310 -0.070285771 0.212209286 4.157163842 3.764742268 4.496376866 1.564973026 7.465732183 9.604916562 1.802933609 0.051982312 0.973364822 3.620485114 -0.667675215 0.714368362 3.862538619 3.894443594 9.457151853 5.516719770 0.622282249 3.750177014 8.396876342 5.597205021
4.946807890 27.301166779 12.701155427 -0.122287228 0.357758571 -0.411126678 -0.829475433 1.794072129 5.716904397 0.393943942 5.245044712 4.937127341 3.226144092 2.931280137 8.304029255 1.871103262 4.678819704 4.148615359 1.673714626 7.679798344 6.556963102 10.377557135 6.673556765 6.792273510 9.083995904 1.515439623 7.001457611
10.205130005 21.975726986 8.018160131 -0.166063137 0.328292043 0.864619398 0.342170522 5.808786540 5.564097304 0.422582068 5.850737647 7.043948397 7.527545507 5.117508951 2.684133227 4.405331156 4.984709255 6.337916611 3.574587824 8.154707966 6.713309144 7.968278447 -2.039685558 3.280718291 3.953949656 3.168052523 7.756654868
7.839146902 19.743384680 7.568810327 0.088916490 0.878149397 -0.403716519 0.240749802 -0.021114486 4.824082559 1.530744177 4.508320635 0.619884321 3.287224264 6.301755369 0.587649537 6.728091884 9.528947044 4.183623227 6.523048541 -0.783390426 3.652991873 3.484967327 4.252042340 6.479711734 0.615307623 4.380926039 4.573110686
10.894077358 20.160663392 3.399162735 0.148125327 -0.331529718 -0.810753835 -0.459157002 2.527259786 -3.556513653 4.655587346 2.973901883 10.492986791 -0.969080287 4.796879855 5.593878793 1.614733989 9.689845357 5.628210265 -0.952835273 6.317533598 4.112336880 7.553088727 6.900481667 0.637538404 -0.192144277 6.376771246 4.397595651
10.949634214 18.119680315 5.032691606 0.142967542 -0.765065166 -0.239939177 0.580228201 4.236947304 9.489945197 3.792735661 3.327126437 6.271909114 2.583973420 -1.631796581 5.347713965 2.609162172 5.750605341 9.488366309 -0.108281105 2.616757541 3.841699029 4.115378498 8.438184745 1.962779931 3.594396490 6.034538895 2.482140093
14.767045043 20.916079440 12.628238007 -0.004788994 0.014723409 0.105766065 0.994270500 4.971779846 1.522103985 6.298773360 0.430553678 1.581237898 5.091997998 7.492828338 4.860660876 7.849458125 7.150582863 5.983695457 2.939207262 5.442084251 -2.352910397 8.161329432 9.569242949 0.142770097 4.987079463 5.445675555 5.501476737
10.369143554 29.405004245 6.236492791 0.705560653 -0.517896833 -0.406514858 0.262131084 4.568376664 2.443960099 1.594694058 5.947072293 6.388687951 3.893805868 3.093862879 -1.525347880 9.251023078 4.554557841 2.457410675 0.447029710 5.966145382 5.636908012 8.671954492 -1.046959701 6.442162659 5.868962810 0.348614759 0.331305552
13.525837618 25.392029449 3.006014516 -0.453209613 0.881939244 0.128882221 0.013175350 3.852094676 4.165599200 1.210436742 5.902121055 3.835496528 5.515569498 5.199886835 4.237303820 8.136814231 5.567726123 1.062487970 4.533643033 8.386473987 8.457101252 -0.834786879 9.032400316 5.917434692 6.598885161 -2.268757611 4.328827210
3.125280722 27.976724314 8.765146144 0.434425950 -0.111523326 -0.734974234 -0.508575969 4.886141529 3.480568965 7.442600333 -0.146102298 3.385616218 6.905664889 3.425010722 4.111120342 1.849652546 5.637552006 6.917485371 0.865745443 10.037746115 -1.327818362 -0.356484921 7.056736737 6.143123693 6.174312071 -1.243320859 -0.803143521
13.505397818 26.934605040 10.566372587 0.688132868 -0.072193809 0.478620225 -0.540540369 6.619470572 3.663690709 6.445934881 -2.323181947 -3.640733831 4.535853251 4.945233150 1.513067330 0.620068877 4.783020661 0.123867027 3.391361130 -0.754110765 3.445808121 1.284403248 7.191392798 1.059129839 4.163992736 0.274297909 5.465782937
11.388448295 26.948036519 13.436820096 -0.220076183 -0.447201330 -0.480217472 0.721781562 2.158255451 5.834871105 0.496599013 6.845844104 7.009672215 3.027025319 5.715918804 3.893411805 2.588216853 -0.900192445 8.143927319 1.296600576 3.820478664 0.990772556 -3.048997522 0.489570534 12.311657806 1.734691207 3.077240859 9.654149699
11.159586133 26.412986146 11.969015654 -0.362825324 0.846089650 0.010553403 -0.390357161 6.983504354 9.853318096 5.307716169 0.926746245 3.554739096 5.226446173 5.649186618 13.213457081 1.222036444 4.334186845 -1.330108422 4.809010087 4.233532474 7.264219926 9.863086489 2.487637444 6.026992744 3.741176656 4.781900146 6.950935386
17.661458459 24.981391368 9.335865140 0.410562283 -0.425699970 -0.764954697 0.255073439 0.229188489 5.992129904 5.344981098 3.641427195 6.217310817 7.888600337 7.813965909 2.723474389 5.135276071 6.296169230 10.269998396 -2.211605615 1.699125155 -0.414130508 1.178391199 -3.797117047 3.380997557 4.789723856 8.416118410 2.846033970
18.500247241 23.559171903 6.096972205 -0.677119705 0.576642054 -0.177929543 0.421110347 7.513854661 6.629722673 5.698646986 3.974892188 3.091182265 2.473554427 2.986006039 2.111496842 5.852353019 1.671142480 2.970035240 4.030857362 -1.508499711 9.909065405 -1.577990387 -1.103246661 2.856154190 10.833000452 1.613895860 5.642752840
10.291114904 31.132271606 10.984123847 0.061110480 0.871009830 0.425054491 0.238612793 3.344805993 2.085057893 -0.942049681 4.251586655 -0.216559630 5.445285446 3.987818445 7.255697063 7.587136522 1.737055027 1.615313916 4.283044791 0.322513731 6.507158140 -3.758118038 3.513568346 3.454774712 2.721223354 3.582510964 7.769270971
5.104503168 27.902969804 7.471706706 0.216762446 -0.877622925 0.024616420 0.426832607 6.054122994 7.867084672 2.158971696 5.460164479 4.876957589 11.074279480 1.050207745 3.885064557 0.377079366 0.425076237 4.158371415 4.315253290 3.510567100 0.367993313 -2.022847860 5.712180027 4.335936244 -3.948259067 1.654578295 3.405091892
9.419144909 26.216681959 5.593278723 0.957578103 -0.053023378 -0.001307549 -0.283250752 4.233518857 2.625907901 5.151657047 4.934553475 7.286324864 3.633939372 4.017043494 4.859475007 6.783866034 -1.302934346 4.119880102 1.612627380 2.419402784 7.602297272 4.771692622 -0.942938961 -2.637904077 3.290350479 1.603633571 2.196465517
7.683547868 18.725469167 4.916108938 0.675558662 0.122681432 -0.333051954 -0.646255488 3.614234290 9.870270665 7.558703561 7.260625717 2.333795845 4.067622339 1.767760514 0.793151958 8.425577106 3.234041935 6.573148412 0.276635272 3.250065038 1.293934675 6.364714847 0.663706588 7.898679144 2.761505864 6.732201082 5.493530006
4.891460348 19.742558959 10.578590185 -0.495990581 -0.415686293 -0.333959615 0.685324175 3.637898825 7.630336929 10.264424255 7.112004231 3.871691166 5.635006491 2.135848563 7.095323676 3.450816713 4.940218058 3.965247431 4.919448488 8.326235500 1.079991042 7.863986407 -0.835701239 4.327737602 4.194106489 4.890963764 1.460410694
4.733371664 24.608343264 7.536176143 -0.702048791 -0.494757384 0.506151782 0.078441061 -0.310433438 -0.914229702 7.664860028 3.642660833 3.547933412 2.989340725 7.424859008 1.389035392 3.810163220 5.734562275 3.548618157 3.020499163 -0.874005336 4.046816407 5.616325924 2.673277166 8.145970506 0.232834286 4.196592069 3.279875463
13.179980006 25.291301771 14.868287661 0.660396364 -0.524591561 0.060355777 -0.533889049 3.474192757 5.867518083 3.964344694 0.127380215 2.993529319 13.943132887 0.375982378 3.527509937 9.817416984 3.605207229 -3.768565935 3.591558996 8.208943570 -0.527666488 -0.481408098 5.158760455 2.746087811 1.205684795 5.058748143 3.226937526
9.438918717 22.506974012 9.016865748 -0.321575802 -0.703106655 0.104846159 -0.625489663 6.690837048 3.065249406 8.477042685 5.063270687 3.624823033 -4.366018842 7.107921651 2.914963549 5.793853990 2.675441983 8.118287740 3.827613525 3.636418383 4.477857336 2.307035962 -1.353798865 4.077081096 1.622967789 3.078292665 -0.926198369
10.304064514 22.576137439 10.155509605 -0.619742583 -0.156054786 -0.574754021 -0.511100627 8.916177122 5.471753535 7.501486035 6.967093452 2.898433284 1.606518307 5.202071170 4.524798495 2.858830969 7.685747974 4.738827292 5.869639507 5.839202069 3.574035322 -1.280997102 2.398330287 1.264122205 -2.042279582 1.797820311 7.047417607
11.212726807 19.733243354 6.476711086 -0.370701187 -0.505138423 0.674113699 -0.391134919 5.998485102 6.526209459 2.463046617 3.670804761 2.978089983 0.675463730 0.702973768 2.975576313 6.758308876 3.549781227 1.596513545 -1.843952615 1.225476212 10.005734555 6.448873415 3.188480510 4.894533365 8.744519437 1.974184817 -0.889285707
16.179461414 30.043167204 6.829359029 0.676193467 -0.703822900 -0.190578311 0.105240805 4.102260398 2.824352138 8.150442325 4.744982047 -2.405045044 3.716314142 8.668369704 6.218003494 -1.328522239 5.947236003 1.895748390 -1.746226208 1.885575718 6.249153188 5.014090566 5.890394861 7.289892157 6.585491829 0.360201760 2.935359264
6.515658216 23.685958288 3.184004983 0.463776927 0.039073603 0.874674530 -0.135383464 -0.983090496 1.120697408 4.390620722 1.283839560 4.742760660 6.850745096 -1.187353432 1.308108739 0.775271956 2.542875375 -0.490958615 -3.152228486 3.426618432 3.181205295 -2.579009248 4.081151840 6.411485836 7.552349444 4.869703277 5.043817274
12.382175894 24.617889566 4.315893659 -0.100473230 0.391529048 -0.399124240 -0.822988442 3.082666009 6.117919242 9.167872716 5.563654754 -0.670813063 6.327865771 7.177601369 1.151911153 5.874718546 0.564330201 5.238599541 3.981971093 3.346236524 3.597071235 -0.006156880 1.423393836 1.523570571 3.863583268 0.792782070 6.353363235
16.927674415 27.196103076 3.102594595 0.018468932 0.786593104 0.572938361 -0.229503424 4.365070034 5.929270887 4.101155796 4.227879304 9.230771766 -1.490108000 4.394547947 -5.125960779 7.056090793 4.506619901 5.760337476 2.400637231 2.499252703 1.162402569 -1.164671713 3.513048112 5.508587301 -0.140070529 2.745967397 2.584779229
2.228017769 21.147018903 10.913335450 0.059708672 -0.729043601 0.123465719 0.670586697 3.200548969 7.549962196 3.632818043 3.503008221 3.690822076 3.209344337 5.192838142 8.036673670 9.056732087 4.113093011 5.041879471 5.287620738 3.384051709 5.588638472 4.954139763 3.828858992 0.342779775 4.487431548 3.211577712 -0.496407823
7.237101149 15.286359574 5.344945836 0.913478776 -0.267855353 0.185173580 -0.243968811 3.690589518 2.796813019 1.737288130 0.784213921 3.690127128 2.981198239 1.675815032 5.477019043 5.177983444 -3.330028034 -0.832996948 -0.458748588 2.791140805 8.262804819 -0.661001180 3.320354531 7.004680708 5.680270719 1.440542090 -1.730981802
7.137081159 33.059929897 4.193317434 -0.479901939 0.486399594 0.728006634 0.055820298 3.172596393 2.818367997 1.628711294 -1.454235374 6.117021589 4.673155453 3.363522458 3.550813772 0.494568380 7.079452236 1.358317123 1.491418047 6.397285851 6.623662655 5.918309197 0.775332141 10.850154806 6.398569454 3.386644949 3.911258476
16.847519176 25.449011386 3.765226120 0.546212646 0.506364678 -0.648807038 -0.155871692 6.024812637 -2.055064750 5.798848963 7.299602061 5.041594478 8.394924907 2.152853688 0.904544377 0.860418000 5.059693239 8.793177224 2.614675630 -0.019503418 3.495465883 3.291752383 4.914572076 3.330691025 0.984113816 8.732357995 9.033542630
4.937375762 19.441757535 11.013610600 -0.258537347 -0.198732589 0.873931458 0.360426977 2.990483446 3.526628902 -0.665448813 -1.542254899 2.644681644 3.551862712 3.015614415 -0.003256454 2.661559673 6.711563554 0.857991962 11.264384596 7.283581388 3.952509354 6.402978889 7.553549812 0.249259812 1.598998858 -2.246628204 6.692084521
15.550226674 19.218576404 11.252080017 0.514154548 -0.716683984 -0.035556239 -0.469834994 2.206786298 7.208292814 7.354302774 7.197950677 5.713200926 4.099555413 -5.738829305 2.136723002 1.702749266 3.593602884 2.757349305 8.018813525 6.113889504 7.231896978 -0.113259974 3.984852892 0.003347091 -0.181309492 4.199545310 0.567647387
6.373559395 17.750900993 2.266702559 -0.261910166 -0.931481028 0.154545513 0.199654311 5.306212310 4.938684094 6.071715130 4.923668475 2.194134771 3.380487467 -1.959458260 6.832079148 6.775601710 4.311372350 3.318125766 -4.584045753 7.932695314 -0.779913975 7.168179543 2.033600304 0.555580450 1.110020216 7.679362188 7.155705349
12.273444619 17.271401245 5.385331585 0.627882894 0.706414985 -0.274703481 -0.176858527 4.342147345 3.705224168 4.179966740 1.482532274 4.129797296 4.038699959 8.670102807 3.843526660 2.458128342 3.141922284 3.996170162 5.286016877 7.677154416 3.636006140 4.292402185 -6.371989055 0.612128116 5.010757728 6.316252212 4.695215694
10.365187903 28.097720889 6.829334329 -0.560498042 -0.518930966 -0.559571206 -0.321609489 4.775716508 4.338676258 5.912170802 6.441878836 2.660259692 6.731940370 5.594076001 6.566758014 13.063466763 8.443294704 6.052318286 6.793823001 1.263947882 8.008249616 1.488518429 1.855595046 2.591910524 6.997904045 2.290985474 7.544858481
11.503089711 18.727032195 1.623931988 0.216505646 0.564105060 0.239684132 0.759909405 9.296584706 6.630739759 3.569342808 3.358874807 0.847237231 2.694961274 5.326971946 -1.384018426 0.778353776 4.291818123 4.217169892 4.369688447 0.016276777 9.094563176 2.194689931 0.677696626 1.461437350 4.264744296 5.550321831 4.641142430
11.920914107 20.824497541 3.332730430 -0.873845789 0.349427456 -0.326203820 -0.088797844 -2.497947869 3.981016772 0.262475900 2.857135686 5.807440043 2.581210317 2.095367308 7.954680915 4.048791091 7.143590469 3.054628606 1.750879514 4.776055834 7.454548345 6.746992958 -0.636416237 3.465161619 2.134332661 1.426497701 5.559795252
10.638741628 16.134096465 11.749944624 -0.137052296 0.635894523 -0.723082027 0.232394506 3.447906220 6.050044919 4.267889332 3.514250215 5.192654910 5.324075516 1.323104865 5.667240661 6.487095728 3.881914816 10.285867299 3.168303167 2.915268821 5.057490296 4.976087558 3.156023261 4.105564976 4.679151319 5.477182186 6.326529454
4.973927580 21.486296904 2.581254738 -0.459006869 -0.518295793 0.721192059 0.023752451 6.166526523 3.426947277 0.145052625 4.797746673 5.764925970 3.614495057 2.413431545 1.432760952 6.092148465 8.405147413 -0.657316820 8.989681535 0.834776249 5.837646235 3.070385071 -0.630472779 6.656609117 5.560521769 5.656680284 -2.054738167
14.302366107 28.369928417 1.809918607 -0.251864107 -0.813965985 0.015007027 0.523257715 5.667161805 2.151375106 -4.104481775 3.918252865 3.964616684 4.052319621 5.226023345 -1.011927264 5.073649728 -1.425879711 6.431003280 3.963776445 1.294636568 6.826046418 3.304996737 4.315833710 -0.651646661 4.085051771 0.065823568 3.646416401
13.669452392 26.107265721 1.913854469 0.219335126 -0.721915866 -0.654069073 -0.054066931 -0.576247750 2.758400068 8.702614769 4.046601965 6.211049545 2.555212608 8.558738639 7.014727722 2.823519833 10.497549180 0.767631013 8.321245883 7.792902819 2.984411053 -1.433075627 4.885457528 2.309562990 5.874595153 5.440516314 -4.216012343
14.140841118 31.207490351 8.270068360 0.337736543 0.395211789 -0.805955800 -0.283155291 6.223733326 5.205326950 6.060981451 5.146356634 -0.624116338 5.174336654 7.835834862 11.107012583 4.820536890 0.415078208 2.739122459 2.190218045 2.684913228 6.194568991 2.904439360 -3.330029467 1.064723257 5.905954771 2.245110226 8.101971997
8.720648953 18.759296618 2.123881647 -0.617781774 0.084437074 0.261810214 0.736662387 6.070046097 4.906124543 2.786408094 2.759124925 -1.939308804 1.456996087 1.007978076 4.930421252 2.185151886 5.777699086 0.004680914 4.832924135 5.619317615 2.026906068 4.819543320 5.836212417 4.899908802 1.041491421 -0.382621436 4.093170255
9.112013428 15.436319755 8.269110093 0.022191810 -0.851735025 -0.501851129 0.148998039 4.607340598 4.128467481 7.985678079 7.125848755 9.587650010 9.143196546 3.167599195 -0.218478831 1.678103862 4.011810183 11.503225704 7.590944861 2.262024530 8.884648833 3.834633969 4.690308225 3.380475657 -1.842620959 3.183529542 -1.745212168
17.838984183 19.271330565 4.568221998 0.731579322 -0.209239289 -0.613716225 -0.210625284 1.228518655 2.592520276 3.237948925 7.610906589 1.863328301 4.032848205 7.925364438 5.448610791 4.857074043 6.943737676 1.339519320 4.667694192 2.374838280 1.502933389 5.688397705 11.911304702 2.034846093 1.504473035 5.823067653 0.686266509
13.866721690 20.518709877 -2.528821068 0.122233430 -0.643163935 0.752873537 0.067679970 7.150591408 4.569127471 0.568574277 1.062904531 3.368364756 -2.709574255 -0.310919805 -0.088936573 5.446061836 2.646765386 5.185866132 0.045492253 3.366403958 6.887717874 4.813191282 1.181038377 4.149628494 2.565410845 -0.327841943 0.456126047
8.397824446 19.319886190 9.698333106 0.322336556 -0.552731120 0.014169992 0.768366231 5.280996142 4.994298642 4.012302629 10.132884699 1.297776831 2.173333052 4.808089236 1.710803099 2.838666812 -0.436689665 3.297427063 7.868173057 0.762225747 5.833746024 0.847171855 2.095928969 2.460054263 6.033315595 7.261964344 4.076995096
10.874878465 24.540230553 -0.995669006 -0.092157180 -0.649903375 0.447052582 0.607681369 5.152132127 3.091171611 4.121679448 2.364194790 7.038486442 1.103204593 8.099112429 3.781415841 -2.808831999 6.946833730 2.044687966 4.929630456 1.613929995 2.923009760 3.411461365 5.552272379 4.182294536 4.121074394 -1.204314292 1.899111667
5.254214295 21.415461051 8.815286035 -0.197367770 -0.034363901 0.353288371 0.913812023 1.873417273 6.127650778 1.472283816 4.529699459 0.963742043 2.043961438 -1.625149365 3.336273139 5.705175511 5.885066899 6.219922170 3.557852347 7.227967619 4.242177581 2.956914341 -0.327318302 2.643072812 4.683775032 3.257217844 6.665964609
5.521492901 17.523984004 9.525005574 0.299040484 0.093720593 0.925858148 0.211134861 -1.989824759 2.662769111 3.545201555 1.271118139 5.532220313 6.365063902 6.573035199 -0.092270773 -0.588578932 7.261506459 9.290951508 7.356227698 9.880234566 0.421713465 2.428035992 2.916107057 3.291760302 7.638292331 3.561604610 3.008959143
10.908905592 33.343903279 4.432753600 -0.719372844 0.351310611 -0.479877453 -0.358888834 2.281489996 5.403211052 5.285393533 -0.785190398 4.055388731 0.554519229 6.389552565 5.478732492 2.799022683 4.342400706 7.360148345 4.894652846 0.311277153 6.832947608 6.825662188 2.181595271 3.102114147 5.881827137 5.886889560 -0.243745235
9.407857733 33.024277945 7.571525632 -0.170254803 0.740742872 -0.642731379 -0.095967046 10.548235025 8.249601378 0.759343732 4.657823549 2.362771692 1.399301452 6.010843866 1.032435125 4.626268179 7.639909406 9.510779808 0.506187314 4.908378671 4.360765589 1.349032489 6.852069795 3.651006909 0.292138238 7.396936634 0.659294373
9.812053644 25.118567152 10.321877390 0.182890261 0.606322338 -0.327146688 -0.701355416 3.160881757 5.957128080 0.022572043 5.770117243 1.289202200 4.230347544 4.211835337 3.609002078 1.651278078 4.185632555 -0.316592675 7.666238257 1.999948158 6.007351648 5.696655334 5.637930106 7.077917351 4.591874748 1.133361952 2.947135618
13.540376081 15.376525492 2.408051088 0.832917895 -0.097603340 -0.459697132 0.292232639 10.298038519 5.253465952 1.599561223 3.336466752 5.127305554 3.569143329 4.136794994 4.811346771 4.170877134 -0.019772813 -0.896947996 1.083170102 1.568069823 7.174909852 1.059827200 2.819698118 5.443142029 4.163714062 1.775234063 7.507566013
11.475218660 27.330049151 4.304373515 -0.071701370 0.095643876 -0.958487753 -0.258867514 3.760158503 4.089319296 5.140167678 3.018676909 1.099671760 5.265472066 5.728905735 5.789284382 4.044291546 4.792860954 3.819591526 7.559100316 5.737184088 7.374084469 6.049070009 0.726459006 2.176816109 10.088111233 3.216812144 1.370938575
16.022545893 19.902044937 8.018746665 -0.750891072 0.544055575 0.369413894 0.060823554 5.731657356 6.791571977 4.101797100 8.275526310 1.236556753 3.592348377 3.094645767 2.682271550 -0.067853873 1.295128293 1.258155227 4.199022853 0.654042170 4.744047497 7.977208040 7.235026979 7.012403938 3.898562069 5.262018782 4.145943929
15.196529815 19.286111188 5.644041095 0.906489376 0.158647398 -0.335625427 0.201155631 3.551989105 5.531526153 5.588385177 0.490527777 7.729839353 4.014655737 6.975728683 4.652547941 2.887915248 4.685881750 1.871149999 0.973805954 7.456970946 5.532802871 2.728916149 4.219082980 1.763222454 5.987926630 4.365976529 -1.362090265
6.339493515 22.756775063 4.766741099 0.829127883 0.474041716 -0.172694347 -0.240848642 0.638862159 -0.864924552 2.826722130 -0.266497517 2.719919313 6.555717702 5.708992599 0.222449747 5.297763657 2.965871834 4.995722779 9.536338117 3.261235601 -0.146383228 5.961005595 3.068876471 6.341449952 4.077478447 3.720014824 2.138089042
8.577324812 32.561088804 4.771165867 -0.286693228 0.483486122 -0.706291020 0.430350041 6.238539737 10.565690772 2.573268494 -1.818839517 5.514786487 7.376366678 3.378116069 4.684586772 6.073422120 -2.332535629 5.387668468 2.951454492 1.879174753 7.780761094 6.645216468 0.702886042 6.116581853 0.264867513 6.688791468 -0.510157892
7.026752145 20.648094416 6.795737176 -0.232359675 0.338253654 -0.903333912 -0.124825040 9.216556316 7.133705392 5.637203749 8.639327190 5.227100419 6.953764300 -3.301691633 2.338482128 3.254231633 0.815628088 6.073249532 0.625963182 2.057214636 3.314058466 5.968793274 9.376436775 0.160081207 2.189169164 2.943921376 3.495879276
9.693692424 27.998449684 5.635057351 0.746629008 -0.145585343 0.598262681 0.251856700 -0.624956233 2.975815988 7.414516982 7.500215681 7.747499981 1.667320006 7.887250483 3.921545902 3.912540602 7.125799702 0.135946208 5.476364802 2.948604323 7.332177382 5.348214545 6.567308890 6.141811609 3.936344634 7.481677036 4.256459403
12.377437519 16.413336333 11.379242754 0.020101817 0.687710490 0.404640746 0.602425154 -1.951261982 -1.087928585 5.740209780 3.610402658 2.468642444 6.475931607 0.774954172 3.687639260 3.738928058 3.550041560 4.839952182 5.074748889 4.631259196 6.884751184 3.003862880 6.650930163 3.335184941 1.293915644 5.738468579 4.775413657
13.518511611 19.569533117 5.258839053 -0.948337458 -0.013907951 -0.306731820 -0.079863792 3.337414416 8.464254545 -4.396889893 4.806421120 3.923961904 1.201221073 1.642962828 -0.184730210 5.262106440 2.186268108 5.591267030 1.910248730 1.850168190 3.681267642 1.436120543 7.451666610 5.667210649 6.152194728 4.667635836 -0.146755964
4.981472971 24.554260018 -1.940702617 0.253758734 0.850005458 -0.449155290 -0.106568064 3.804397606 10.830085047 8.586027755 2.263927894 9.854875968 5.348273718 4.914665260 5.952651532 6.829376112 2.063056943 5.546830379 6.551692143 4.355793839 3.993198095 5.165812800 -0.456906215 4.899172867 0.406103929 5.840719220 5.271860929
17.137702417 28.179113940 9.137428362 -0.301886086 -0.506300542 0.753516853 0.291096038 4.106484174 11.999540432 1.164961517 3.380005691 3.088054610 -1.469816336 6.652000581 7.486663446 3.093161748 6.094340957 -1.262131107 4.752801220 4.839625779 0.475747875 4.393732950 1.544165575 5.419207014 5.407903559 6.396025450 2.339880549
8.543395411 25.563624213 -3.278127406 -0.558079115 0.310513652 0.759353650 0.124543194 -1.576221179 2.862309270 9.849704612 3.811592657 7.981837784 5.748773318 6.830879099 7.494466681 4.381364792 4.015325834 7.486100536 -0.768772996 4.014532292 3.461239720 4.187731616 1.292117666 4.298054323 6.340418296 4.058468515 3.516341276
11.403226249 22.441575122 13.481034063 -0.795467347 0.253566375 0.217128811 0.505757721 6.397922834 4.128177677 1.594009839 8.985036294 3.185246249 5.350352216 6.729302916 8.742898779 1.485235077 1.101881076 3.912959556 4.984557003 -1.754221267 1.393433953 4.890222675 3.568509582 0.156045329 4.031984206 3.690937788 5.471385251
13.868051179 28.409993256 6.966869056 -0.726240719 0.356522866 -0.471628799 -0.350759376 3.837528271 2.139865405 2.432851930 5.994023594 3.174344746 6.925293465 1.268224491 5.870161304 5.432427967 -0.509683807 3.960081638 5.098892124 3.107188508 2.695947872 4.733906897 1.035851646 5.487695562 9.597560715 11.659857430 8.020646027
12.495932776 26.632715133 7.123245077 0.219851476 0.625585609 0.247913968 0.706290761 2.291114082 5.954669887 5.129870189 0.347032024 1.925449176 1.446193848 1.235020804 3.786313393 5.182924099 8.905624977 7.139646860 4.470044517 1.996273787 -1.201304922 3.872126944 8.668240069 6.626883332 5.036550183 6.840571441 0.444523725
15.086279612 27.692096228 5.396454730 -0.406439490 0.598763070 -0.287401933 -0.627447094 2.258549840 8.154302090 2.446400828 8.275561925 2.583561220 3.920072743 3.626794849 2.952154300 6.256005974 7.889551463 7.014019424 5.869357058 4.345706260 9.344393735 8.549228520 6.557434976 9.459258910 -0.004928686 0.889924840 3.964789102
10.962064629 20.608421451 12.052744459 -0.155190947 -0.656397252 -0.592340895 0.440670717 -1.222094782 4.767670410 0.124323726 5.866657365 0.221852232 3.104843684 3.703062580 -0.441926695 -0.128783111 1.126743885 5.961796247 8.082964915 7.275752780 5.066259410 6.016425707 3.958566509 4.605050474 8.664783646 0.390904888 2.981871457
17.633067118 19.479176011 4.847500075 -0.803489033 0.211445339 -0.042419107 -0.554884548 4.058046072 1.828093479 4.046840421 1.939303127 3.064518360 7.540792702 7.641612610 5.326466641 0.536335782 12.065613705 9.430309003 -0.957468408 3.702158116 4.817597115 2.739242114 10.030706902 3.422944167 0.299062652 4.945228034 -0.830109495
8.256484077 19.302605783 14.201161097 0.504179901 0.506772300 -0.502040496 0.486764628 6.993012580 1.479253250 3.386184361 2.913300217 3.529298035 -1.329625126 1.832640568 1.510876079 10.187799793 1.260027309 3.568630354 -1.224426667 5.143029545 2.262724495 4.819332451 9.045291358 3.553419432 2.616514425 1.170408826 10.907665100
14.375017541 14.774351467 5.448403540 0.609708214 -0.502524746 0.529136379 0.309417946 -1.039408035 9.633836937 3.814527757 3.734652270 7.546717134 4.733978267 5.961520125 9.334026110 2.309085425 -3.788217235 -2.039750565 0.538818714 -3.885375064 6.341654307 0.890703167 -0.238700809 1.093049701 3.639050337 8.297274289 3.787638678
4.710111849 25.054457164 12.996347041 -0.515038294 -0.142715274 -0.520024487 0.666290056 0.384421271 8.691893896 0.859138447 3.231219675 0.441663421 6.601020607 5.881765289 2.212666664 4.055766100 2.372283568 -1.413334736 4.416016460 3.905792897 6.906210772 0.440830530 4.289153173 4.379901263 6.158146541 3.524845746 6.562542010
5.896012594 19.055608146 12.239624959 -0.641554470 -0.559419765 0.094360876 0.516288111 4.584501215 5.282793224 0.763843078 5.612881027 2.582285353 2.214468389 5.573341525 1.819242035 2.126178001 6.861732066 8.997758911 5.080745062 3.729670353 3.179776090 -1.937248045 -1.074962828 7.733105793 0.866411091 4.420413741 6.212097339
5.012205506 18.769322369 5.030669343 -0.039678684 -0.584389532 0.196109477 -0.786419449 0.685540690 3.368437105 4.026151669 1.512525850 1.465975129 3.120191383 10.298887143 0.804946248 6.450788618 6.086690206 6.952793489 1.294595120 3.559898486 2.038591592 1.231192729 0.437914795 3.475805731 4.418118145 7.436992206 -0.465171378
18.056242984 19.998789120 7.353264625 0.009203034 -0.921302673 -0.045572965 -0.386056724 13.065958022 6.377947397 7.080612624 3.770295738 1.130696690 8.724292190 9.538459477 6.634806531 3.955320945 9.978423789 7.562296573 2.863181621 7.684546664 1.137413383 2.476105688 2.823701695 7.466508307 5.261547202 3.623536926 1.743925697
3.899393133 30.115506569 6.603611558 0.836091612 -0.472091059 -0.279289792 -0.008835225 3.182009528 5.559084452 1.525582219 3.930009876 4.794406609 2.696427376 8.488171032 2.224791829 7.365380043 2.914126892 7.785320715 2.615863679 3.381827124 2.594910515 4.189977566 3.306833386 9.039624296 2.146102228 6.252058065 1.297652885
0.446353179 20.714842753 6.502739666 0.210573862 -0.440635236 0.787423599 -0.376116090 8.358864046 5.304939498 3.915851048 0.986140292 2.043468905 2.827941045 0.540952093 4.752777229 6.887585087 5.857216836 4.519447099 0.566147418 -0.644305664 7.206349858 6.939708404 2.693476416 9.435848629 0.139114811 6.546887451 9.904294768
13.491873156 20.374455434 -0.639546358 -0.263699203 -0.904283782 0.172950218 0.287787757 4.024774800 4.438939857 -0.464992714 5.056237276 2.927805723 9.196166382 2.815039983 4.435104381 1.770122442 6.583135144 5.094937315 0.039490493 7.512006315 1.032211047 4.163676211 7.555066930 3.753090321 4.171420096 3.456360405 3.353560218
12.773192199 27.937008283 2.119302893 -0.314558766 -0.056980960 -0.813828791 0.485271730 8.127274334 3.340144394 8.154020568 8.732886245 2.707997776 4.459282952 4.126243241 0.224381162 5.461251425 4.164983578 0.879836944 4.933631731 4.068595022 -0.143737788 4.656730939 9.498068353 4.928333953 5.568375743 2.106035640 3.296534918
15.870810764 19.520832698 10.651621138 0.821457978 0.104263325 -0.375805347 -0.416060440 4.854822228 5.497022638 8.999079638 2.684017249 5.893581842 0.213757252 4.267555553 2.942249078 3.022721776 3.896481365 9.941325660 5.637893162 8.436929172 2.925636999 -0.876178641 3.449656444 4.631828640 6.213498540 7.099098873 10.295441634
7.313765096 28.190761399 3.770615920 0.472609860 -0.082417308 -0.877363074 -0.009019119 3.515157657 0.843427066 5.640645778 7.714875268 2.998291153 6.792405646 2.367406584 4.779946520 4.401578418 -1.776285405 8.525434636 -5.463183319 3.092334978 7.862760269 2.167249035 1.684583202 3.634099501 3.253847904 1.758206978 7.653591508
2.241031191 23.815701118 7.230094866 -0.976624315 0.061057802 0.206097754 -0.000779834 5.122980038 6.871393723 3.751060064 1.436982561 1.513613845 1.511917823 2.385455098 4.581168772 1.430230953 -2.621838683 2.977193285 3.334125541 4.070913117 5.462840619 6.747247185 2.985579881 7.734193069 4.641931217 1.624501963 -3.032546574
14.574499134 28.624178519 4.920151582 -0.347435147 -0.782086976 -0.114292536 0.504545337 8.149250879 3.127608700 -0.509303322 2.633975713 1.564354104 3.261924813 -0.047335867 -0.382222497 1.443072461 3.117632590 -0.088761755 3.048904340 1.748915453 1.177961270 3.055852186 2.420752938 5.008638148 3.740914848 6.843247508 0.682952715
7.665452473 23.790547017 12.595808604 -0.207050443 -0.754522726 -0.517919967 0.345809888 5.751740695 7.415914213 0.628565791 2.811582150 7.361345265 4.918514071 8.167487266 1.794406728 4.404525896 10.375715591 2.657163640 3.982548737 7.046272784 4.011270301 7.918442565 2.638596369 1.578141196 6.248872109 3.814853578 -2.058991079
5.965471804 30.759683402 0.813293796 -0.497347131 0.667307068 0.521514874 0.188067393 5.572347372 7.528186998 9.275730544 9.268055603 7.041394820 2.790965924 8.564760766 3.487925452 7.828879093 2.218077001 1.024558840 4.078867158 4.646383309 2.927749975 0.718075727 3.203755066 4.190879046 3.198968156 6.057256148 2.497554406
3.029102819 23.249790180 3.974454577 -0.329185401 -0.586425555 -0.159657625 0.722669691 2.441017284 -0.893598178 1.899854329 -4.892958584 9.960276779 1.977526091 2.371571960 6.400756908 2.353145809 4.079705641 7.686553632 2.571745705 1.222023389 4.249960880 8.029817323 0.964340070 5.079260897 8.893398438 7.136314302 0.497823242
10.044912688 14.707151719 1.328054569 0.494547350 0.792398222 0.355672969 0.032011186 4.007902397 8.686325990 7.853041356 1.808329927 5.330400382 5.125109526 4.042392226 5.193174597 -0.389335445 6.031497988 6.228524971 10.578027357 -0.546022659 12.504493439 4.660622133 0.733240899 2.846990772 3.904440109 1.865299619 5.865888493
3.456545005 28.583239776 9.035458505 0.281060626 0.847457686 -0.418006663 -0.167603178 4.401481626 4.019119651 2.718993313 4.701283863 5.338636754 -0.285521235 3.126447747 1.897823022 5.717414668 1.757700829 3.801980562 4.622241629 7.120547633 5.802042330 3.867958937 2.943281499 4.302099756 3.491776637 6.675504331 6.199557898
2.756501605 21.661814239 9.978651319 0.562051243 0.728028584 -0.118107135 0.374330717 2.336974780 7.454791454 -0.501247447 5.146259883 4.335079305 7.219134117 6.002120711 4.751351174 0.775196397 9.700890164 5.713052342 -0.608541764 5.347534889 7.397834411 -1.127050420 1.768335852 3.461705666 2.299553566 3.532702212 3.884484279
5.459772124 31.697512948 9.221684616 0.551258124 0.180912511 -0.681388003 -0.446201225 1.537177190 4.756052377 2.835373341 1.667369391 5.929797903 3.763587350 13.010911045 4.126407911 5.197141837 8.334972179 6.338957070 6.755756027 -2.714989155 -0.637260820 2.924302113 1.448052618 4.966529151 7.950779829 3.966932608 -3.891140426
6.624953285 21.362210538 -2.937626710 0.057211043 0.191045059 -0.979191982 -0.037573192 1.934009294 4.332320725 0.362187259 3.410215866 1.187384906 7.594197162 11.613172686 -4.585969931 1.477393891 4.943901197 1.719761941 3.700965075 2.360088949 0.843589717 6.157178143 3.728424118 0.362728137 4.623794308 1.480989348 9.235066402
2.446428293 22.531453634 2.522956738 -0.199445321 -0.688244574 0.635131923 0.288354662 10.391929669 5.484820785 -0.363090714 6.893596815 2.802571875 4.065904620 5.489981393 6.769054548 3.448684222 0.891317253 2.105299052 1.288826754 6.638708780 2.130782878 2.833574036 1.376163403 5.223457513 8.349839287 4.505278789 7.140621000
10.183592100 18.580131710 -1.696858666 0.478405447 0.687497542 0.152000334 -0.524758284 0.437336530 6.746854532 4.364354417 -1.346400035 2.766450866 7.774825679 4.686643031 5.376769175 4.322281018 5.673154993 6.464887055 7.753666582 0.927793626 8.206769030 3.878425729 7.804726823 6.574241843 7.556284632 8.739786486 3.942369961
3.518858471 17.667148240 8.599384208 0.178673383 0.176343651 0.602542570 0.757575865 3.382492109 3.511314611 9.058293928 3.533099560 -1.616393030 2.511063440 4.952788418 4.488106192 11.952456608 4.418160360 3.915411272 3.085525306 1.925770712 11.381356821 5.876191042 8.710234776 3.844365172 1.992711152 3.366990445 7.610585431
9.539718317 18.750227315 11.081230859 0.780840925 -0.065261051 0.486103746 -0.386951667 2.989530653 2.098987575 3.579183564 2.368459889 6.593650926 -0.004887968 1.731135084 -0.016233080 4.942887097 0.926574609 5.532549575 4.895153847 6.602666908 1.648712621 1.356263629 3.507647094 1.511597542 0.274246166 2.696685645 6.440943221
11.390033434 28.344180576 -1.323786031 -0.594074755 -0.507347268 -0.410312454 0.470444071 4.911165636 5.741944116 4.578642133 2.489145440 3.732752790 1.659910463 8.419060136 6.794578307 6.331666902 7.830905535 3.917874831 2.456624722 -0.949606879 5.001125336 3.247992476 5.399907525 1.426062530 6.229754133 5.858259900 3.626411658
14.790623495 17.284359003 10.929661572 -0.373554858 -0.537840591 0.581921466 -0.482236119 5.335786522 5.731162806 7.336598368 4.942513371 0.950889641 3.813285949 1.494964810 1.374917873 5.426048611 3.939054205 0.469571768 5.229511197 6.169637105 9.243807002 4.578369468 2.159439777 6.826507597 4.121819949 6.906572496 3.025367242
7.701599050 17.695528844 8.795310598 -0.395137831 0.167941228 0.903129079 -0.004439079 9.267091692 6.201198039 5.495531022 5.212122844 4.747635484 3.377320828 0.732892651 8.697653391 -0.965630177 3.308931725 4.488001099 1.636727772 3.884996633 9.009233187 9.987001579 6.416164394 3.426527199 8.000308645 7.410002197 6.207489290
14.308173902 29.549079294 0.146132866 0.339849884 0.161180570 -0.906328822 0.192590102 2.417529437 5.554068791 2.880927971 3.036409538 10.823854692 5.126759973 3.972814492 -2.155717197 7.790086553 3.310606665 3.710325091 4.144793079 1.555099167 4.465878971 4.435000777 4.457791780 6.019711802 1.296386832 7.509677528 5.237386991
13.439102837 29.824303439 8.900642688 0.869228070 0.307919422 -0.363061121 0.133472150 4.932221448 1.584751921 8.371538208 6.592596136 5.674943735 3.721001265 1.415063498 3.061169580 5.492626369 5.208305112 -1.375093593 7.116141692 7.818593614 2.009237823 9.503256172 6.603008005 -1.365869469 3.249750028 -1.436185129 0.948994233
12.967080101 23.314407843 6.364362253 -0.613068411 0.642152536 0.161506126 -0.430932727 6.108409059 6.598668329 4.462841917 -0.074535358 6.961882400 7.353517625 5.970879715 6.286762305 1.231273291 5.548264777 5.348449176 3.535804542 10.329298513 3.147660089 4.893555736 -0.382647037 0.940378204 3.649268829 6.113223181 0.176443389
16.314584781 27.652055379 8.097094505 0.139172117 -0.604806581 0.195854195 0.759263628 7.099452430 8.328620855 2.661914404 4.686559474 3.151242753 7.696201269 3.148285622 9.227209999 1.940531516 6.424962856 -2.113444583 2.465984488 1.993664239 4.041640028 8.117314940 7.891919559 6.621978750 3.598538335 1.046176437 2.802708440
7.582177478 21.506914183 14.693765524 -0.195197670 0.560524856 0.799021859 0.096300693 6.461867684 1.854186937 5.948410567 7.276560609 3.930555655 9.236666909 2.857677942 3.864659673 -0.835573310 8.539756817 -3.058288232 -0.472939667 2.195788678 4.194942859 3.342553854 6.128568967 9.944679352 8.668295443 1.419885190 6.482069154
3.724446410 20.592624553 3.171036743 -0.645439736 0.476174039 0.269240704 -0.533080927 5.541037963 10.022205018 1.130043078 1.574862375 5.754539935 1.509636741 1.541813415 2.991317506 3.008673080 5.198826577 4.456567423 7.607356687 1.659451174 4.901475860 1.735151305 2.750345301 6.543930787 -0.521600994 -0.900512380 4.034498470
5.656008256 22.415255073 3.852318570 -0.457917742 0.494685280 -0.639691503 0.369313682 6.422348652 5.029506243 2.127029598 3.624413219 -0.646052257 2.798924137 2.066004735 3.499741651 5.152228294 9.326787042 4.649184010 7.893233025 7.870821421 0.312033253 3.288276388 6.659004575 8.038608953 3.012645958 1.150935729 8.009411519
15.400306445 15.354027890 5.138571482 -0.229330315 -0.114128251 -0.914206949 0.314019112 7.443335421 -5.087826346 7.964213650 6.042220379 5.842955627 3.709954541 5.323652923 1.725186473 7.033828199 -0.106114835 6.146202873 5.455898004 6.855689350 4.748649442 3.303840732 0.524866682 1.364475422 8.592327867 7.925094450 5.464301269
9.157295925 21.303319980 -2.843253208 0.817128790 0.209519875 0.510612673 -0.166363040 3.353140339 -0.135381879 4.109110565 4.998002171 0.960705116 2.829853263 7.687460976 7.893617959 5.610074150 1.168419255 5.441714055 5.068102304 3.463724985 -1.005887094 1.407479726 3.789521328 2.558063148 2.376863627 7.016513342 3.026328232
9.086376765 18.815143517 2.927481436 -0.077359816 -0.098301871 -0.343362822 -0.930835202 5.858660847 -1.169365798 -2.331928701 3.841604031 -6.076425976 4.002047332 3.861144391 6.111767552 4.642607621 4.446071643 3.478115806 5.611156635 1.506680642 2.174283937 4.717558383 9.963822458 2.212533022 0.784928740 8.796455758 5.922056151
4.985916394 25.027702685 11.177768808 0.092001465 -0.574122982 0.763936718 0.279855719 2.157650865 1.256430282 3.548311956 3.607480985 1.258427974 4.183051826 5.751679284 3.011805836 5.420780264 2.760454640 6.495232522 9.192523555 1.677120122 3.236749503 9.377133137 3.565106401 0.892445854 5.246223408 0.465395368 3.365500538
6.048326735 31.335486159 3.852771342 -0.015909445 -0.136143228 0.071892693 0.987949063 8.831102473 1.985486917 0.203826832 5.537797275 -1.292560040 9.944166021 5.726388712 3.890568890 3.155407661 -1.829108291 3.735927468 3.228926706 8.274675148 3.410649071 8.748379967 5.648489413 5.987513719 4.602172965 4.646380609 5.134866256
6.214878269 24.900885606 4.394391084 0.073822534 0.459104522 0.706329488 0.533733947 3.587844924 8.019642269 6.363138568 5.778853943 10.397598208 7.532124328 0.668150630 8.613989285 3.361414766 0.410469796 4.737226909 3.326080751 8.086968350 0.275579406 6.341397204 0.340286508 1.322123293 3.253737496 7.803918171 3.380412779
7.257291485 25.513077076 9.520936694 -0.873639133 -0.295670358 0.375890656 -0.089665593 4.833336263 3.653459368 5.487493381 2.039542818 8.534830792 4.967526211 8.277045469 7.285411237 0.314374650 1.304191108 -3.515835273 2.609308831 3.299928275 4.533699068 4.965154917 3.982572947 4.493442144 4.976501560 5.477471531 9.452442042
13.335808672 27.734326761 8.290945819 0.902625342 0.418353422 -0.080094497 -0.061909433 0.828031868 4.179427070 3.670885018 5.512942768 6.323944501 9.611382542 4.698346015 3.165286870 6.236222733 0.855789369 4.722575815 4.960050150 5.114629774 3.019919589 4.006463858 3.609576466 7.502062007 0.654760054 4.518139610 7.619019835
13.847670778 27.356394818 6.054624829 -0.689094507 -0.026474518 -0.393221264 -0.608132303 4.631007915 -1.849184046 3.391165322 7.987782428 -0.779538406 5.248385006 3.953509115 6.066082607 2.493131932 0.072885631 7.788907189 8.671172226 -0.093860077 5.531553322 1.903699160 2.752902488 3.141153376 6.370229752 -0.501076621 6.123933511
14.326319079 24.867421532 3.739553864 -0.489466579 -0.425817586 -0.400074492 0.647334730 2.941527128 5.168308282 5.128165747 2.804713254 4.086522883 -0.443230180 0.837711504 6.589261933 1.375969910 4.136929419 2.577194129 1.857633169 2.156256443 4.843459854 4.975832127 2.753649156 -0.250420419 6.961883703 10.672920514 2.967226275
3.409756033 23.005780235 0.058432070 -0.385196552 -0.187402581 -0.050005426 0.902221340 6.562758733 4.336492511 2.741984678 4.172741503 2.820890331 2.846891664 4.558267593 4.388519100 4.580424518 8.106480218 11.325297612 -3.511828506 6.801306975 5.068009922 4.739162694 7.160748220 3.912744739 5.407197371 7.094783426 1.199714566
13.214808525 22.318168346 -2.435775278 0.069379028 -0.466345074 0.208999282 -0.856754412 5.827404029 3.138396947 5.812004255 2.853616263 -0.807353643 7.237980109 0.500099423 7.452362956 5.721127465 0.456517633 -0.343585887 0.144405894 5.008585580 0.663698783 7.650252750 5.669621085 5.698855300 11.390018443 5.636174417 -1.256462022
3.246159881 21.118057101 12.073176495 0.458764633 -0.010559358 -0.064499366 -0.886150858 4.373837238 2.964768996 3.542987280 7.070825459 1.331736069 4.510224706 6.367547408 1.601089952 1.066699677 6.027449422 6.491882191 4.045093278 1.332228323 2.113986285 0.525169970 4.102839143 3.200104686 3.729122708 8.589091509 2.436783527
12.618531017 28.800997527 5.944656060 0.774260893 -0.576308281 -0.068424188 0.252402390 7.107438499 4.778872939 3.843454643 5.366524082 -0.181720651 -0.627579687 1.410865795 5.576541551 4.543996232 5.020985826 3.638936316 4.658651477 1.210794219 9.650997848 5.739679575 3.052564403 1.620757009 1.561314588 4.643681935 -1.374939125
11.433704743 24.118484037 6.103563258 0.784718320 0.174676616 0.584962728 0.107349168 3.921495910 1.404521355 4.178177259 1.384438660 4.373105256 5.763221570 2.399031150 2.655048571 5.488781530 2.659977010 1.495685715 4.751939512 7.546915387 7.858796503 0.503227283 7.793827767 0.289243818 -1.069645366 2.636376969 5.801007954
8.152564760 32.315300650 7.461541131 -0.129391665 -0.413001367 0.570739601 -0.697813711 3.560822401 0.760390124 5.382772496 4.384251116 9.291248185 6.534759710 3.908118569 6.434637311 -1.402763894 7.416389958 -2.416419959 2.852847828 5.778324413 2.221417763 3.859708094 3.744862885 5.304556369 3.243486664 2.662005942 5.477371281
8.638129371 27.808760449 11.364466794 0.595826055 -0.324217060 -0.405168881 0.612954148 7.730104074 2.165705377 3.704305147 3.160319328 4.060986069 6.123669391 9.248187148 7.849374486 -0.699150483 3.406354820 0.460167349 11.660045515 7.126520512 8.479322911 -0.093552943 1.286427888 1.370981297 5.055616664 4.678419644 3.652877738
9.950308073 18.829520189 6.642828396 -0.290355852 -0.534981505 -0.670973419 -0.423418161 0.587700253 6.114012710 0.406197366 1.661097743 0.354097069 -0.894586554 -1.037822517 3.622316759 6.935251119 7.186294601 -1.092135946 0.108248958 7.287143697 3.377448578 -0.065220094 -0.230164060 4.764689702 5.499352606 6.371113004 9.336010181
8.735145374 31.343989888 5.342487391 -0.257412671 -0.364068616 -0.865525605 -0.228162631 3.291794734 8.796183520 2.318302970 4.858217314 3.366193495 3.904339374 4.749309536 8.510368830 1.035826842 7.578988279 5.339748491 8.335819437 2.894437170 10.736453680 2.541000421 6.833947442 3.298098073 7.257855640 -1.084253237 7.126100431
16.788147199 25.364412784 2.823586915 0.849648981 0.016112092 -0.008921495 -0.527026959 -4.317318609 2.831752489 6.554647529 3.606976209 5.230535765 8.711454040 2.832405545 2.420695249 7.894289188 6.375794408 5.909597451 0.857573271 5.757450259 4.872264063 4.778960312 3.399011309 6.431888607 1.927799748 2.705868460 11.657079460
1.991849970 24.771285844 1.628740266 0.029746037 -0.995795707 -0.064507080 0.057835287 2.848498936 5.983274457 -1.095486944 7.865595804 -0.928571979 2.674717412 3.351582807 3.797772966 9.205010686 6.493425541 9.095046606 7.373290514 1.364361177 6.230666208 2.192259683 3.672294950 4.488352161 0.997921026 3.652522529 6.190717719
11.388866304 22.672579806 13.389383534 0.200350938 -0.797711468 0.189214249 0.536389675 1.812420614 6.256959518 6.232558047 4.277974546 1.449172213 4.569555575 6.794353627 1.801728047 0.117180677 2.773971910 4.689314962 8.053201907 1.868812879 4.434371227 8.708310791 4.366184615 6.520930028 6.830040220 11.781899007 6.946470139
0.783254134 23.068081263 5.441705301 -0.362045891 0.045848579 -0.639141080 0.676992880 3.222286735 5.807239462 5.374401969 0.447628669 7.134015611 5.227731182 6.507933761 -1.084809882 -0.264795291 5.321083286 1.979200171 5.696720238 5.390162148 6.544353115 3.127938991 6.317464804 2.146211526 2.118954728 4.594805103 -0.262660814
6.024574410 29.157772060 11.518051685 0.718653071 0.111950585 -0.420658493 0.542264938 0.104647064 3.022362098 8.045363856 4.219305652 8.084045102 -0.787096520 -1.798214410 1.685473762 1.640896954 3.961547621 1.022765221 2.088902084 2.018466961 4.204344216 6.538327464 5.647996890 3.314393666 2.300579893 3.281981108 -5.360611707
2.228767197 28.540252840 3.058697006 0.741560687 0.450262333 -0.464906012 0.176674784 3.508304619 3.775851532 7.198257723 -0.872096723 2.008919136 1.604312689 0.802116507 2.860181410 0.309356396 7.962867585 4.809772372 3.756044278 4.321559677 6.170970367 4.846833219 0.826438496 0.112260662 9.464632662 -1.647933792 -1.429833050
9.109409396 17.806986634 5.067465665 0.836521851 0.502250057 -0.195038683 -0.099679409 -0.428065782 2.908756946 9.245384809 3.135416618 4.279948293 6.574558867 5.276461207 9.572255719 4.313214245 2.769625086 5.791066753 -0.656896919 4.167110226 2.347542649 -0.700760682 0.721307009 4.332383965 9.584461715 1.186894495 7.354672293
12.199008940 29.649145437 11.325166096 -0.622797653 0.139341162 -0.097433352 -0.763684402 3.594528247 5.467920337 4.517642793 -2.692567773 3.868715775 8.321051679 0.788126726 3.187741532 10.119416087 3.478057281 4.617569287 6.566984039 4.635525009 -1.300745130 6.413080775 7.279794118 6.877962254 0.740857224 -0.472883399 6.484190813
15.183271751 23.880134489 5.539661961 -0.107476760 -0.047525413 -0.781760797 0.612405207 1.433640406 8.462538411 4.514680740 5.233342071 2.640397758 -0.481829260 1.433542299 5.955789347 5.740396359 9.364044974 1.856915066 3.589469418 7.422202663 7.690847928 6.247480149 -0.600177421 10.861207066 6.794556367 -2.697490621 4.855271054
6.490433754 28.434215736 12.875845562 -0.923110433 0.310667239 0.184805176 0.131148929 -1.964844802 6.065870561 4.882987851 6.952256942 5.001512027 1.842332523 1.825102354 4.200371358 4.931922317 7.222811572 5.088387858 5.941618878 3.651985541 3.856798472 9.610921352 3.539131500 3.236365715 7.314599995 1.488103801 6.299062934
4.036006803 29.836170312 6.240123172 0.265077049 0.936347630 -0.208929483 0.096621659 4.224981078 6.087175127 3.957424117 2.979680471 4.808415586 4.657389654 3.088222452 4.654463628 0.391235226 2.006563511 5.157979623 3.926460588 3.473447812 6.052594926 5.885529852 4.959421511 2.340544376 5.110548377 9.313938921 -3.235594432
10.792938648 19.952229583 5.932663943 0.134364008 -0.154149241 -0.662901773 -0.720239936 3.496545382 4.613154971 4.658878344 7.130443448 7.509977704 3.407094692 4.225998878 1.685385191 5.804245187 -2.371272287 5.794741256 5.285479853 2.885148346 8.735154254 4.169951526 0.916620985 2.144577013 10.506689158 3.648132229 2.646179823
17.943487851 25.120503461 3.841708929 -0.210402072 -0.278349806 0.337223885 0.874375437 2.410195030 4.724905231 4.737117991 6.627736634 2.520132282 2.947374083 -2.845214235 6.208234510 5.653352576 2.358952952 7.494633207 1.116970849 6.660593242 2.779447790 5.356795462 -0.520075961 9.811053974 5.412184547 7.425491038 0.303183548
7.146201383 16.926460228 2.081175983 0.046070542 -0.989170554 0.034999926 -0.134885601 5.581796534 3.957623217 6.806935961 5.816707296 10.286845011 3.851857367 3.221657491 4.291571318 -1.300445763 6.475225052 5.177862733 6.974626345 7.661970651 2.427719452 6.417844029 5.018617365 2.332645356 1.149686993 4.838351119 6.620884755
12.653475937 18.253988874 12.018873237 0.070798547 0.932897676 0.228382686 0.269315505 5.962757319 4.598386077 4.362402364 3.130660118 0.175655064 5.649464624 5.620120317 5.080936531 1.721856790 3.888158964 -1.022830061 6.951008115 0.286171939 2.789745688 4.313243087 -2.284039939 4.923965565 3.123503480 5.282764879 5.661056621
9.863852894 28.439084790 8.611563709 0.548951681 -0.586883571 -0.577346710 -0.144535471 1.600188858 3.728959012 6.049134613 1.628169896 -2.323588831 7.252500014 2.300149926 6.097024750 -0.710939896 1.642924951 2.421365758 7.097692396 6.402552767 5.070364066 5.831327077 2.575930630 4.035477286 3.549289757 1.515061978 -2.631401195
9.007626432 29.492809022 2.051911968 0.200715232 -0.245291617 0.938987832 -0.133593671 2.457588568 5.089010365 3.536983649 7.835668008 0.554867513 6.355099200 -3.387542463 8.392496918 1.991441189 3.299456332 5.202503492 -0.948487250 2.463509386 7.364856422 4.344113520 1.514125384 3.093160398 6.339323431 6.978786724 4.758661196
7.938340576 31.605034240 7.752708228 0.657583456 -0.183101037 0.725585149 -0.087087315 -0.678374993 3.510353872 6.794526837 2.469859217 3.786033202 2.757130288 7.598164199 -6.348424261 5.116998092 0.770308300 5.928588953 4.918256734 -2.403519460 2.292632266 0.530093499 5.161218687 4.673119371 4.186754144 3.578323147 3.363884765
8.105887609 28.489530184 5.346560316 -0.294560443 -0.266382196 0.809228631 -0.432924581 6.167459056 3.692898550 5.149014057 4.023312854 4.497007132 3.253870250 2.349361786 2.889469381 4.488575192 4.718727332 4.564327805 7.460511552 7.751873591 0.074911184 1.953874419 7.155980184 -1.147998613 4.519529647 4.875014407 -1.332167778
13.890279979 25.746739893 14.124799071 0.930583623 -0.147790887 -0.163293258 -0.292416289 5.899871231 5.888590446 -2.608127950 1.850515787 1.114743278 2.730292586 -0.134554402 7.227560368 2.993341267 2.519226713 -2.387213704 0.964892561 5.302105722 -2.030826462 5.168354124 2.280842810 6.698619082 9.105263602 5.659294602 2.399950087
15.810611086 22.623677566 10.026534911 -0.391044142 0.081395193 -0.700291056 -0.591651704 7.390208203 0.889609738 1.762679041 6.897184906 3.077695399 4.739813166 0.704340719 6.540285742 2.985985922 1.957715645 6.463199898 4.865056515 1.188550969 -0.844499964 6.452510217 0.869943004 7.794996648 -4.067384924 6.184537736 0.926200908
11.194500027 15.066919909 4.826875105 0.844956243 0.377370287 0.072793476 -0.371943173 5.144850168 8.798615921 7.157819804 0.387492799 -2.646635815 1.756336442 3.236876791 6.700405701 3.475809995 3.198887952 1.250021973 5.178256127 2.146941306 6.051043297 2.940160305 0.328457085 9.575660562 5.400877454 5.862568346 0.301969967
5.000029919 29.933294388 4.614390917 0.867518907 -0.360894134 0.341551637 -0.022557685 6.475641418 1.963693065 4.541773834 6.224203501 0.783939582 3.348292087 6.202627155 7.430598393 6.273990650 2.665201262 -0.168020483 3.592129718 3.034065143 4.111980393 0.899156091 5.691533177 4.127803944 4.828562597 5.158949384 3.370788341
17.407184125 20.394256282 10.917051008 -0.306441944 0.161870747 0.326264484 0.879455902 4.295947838 3.461818085 2.675621747 3.869827876 5.960473226 -1.973398389 9.834710556 2.269115801 3.813393278 4.757238934 1.874991024 5.623717092 3.663152170 7.332162203 6.593877501 0.758345570 -0.419251128 5.916830325 4.684790804 2.964791529
7.073970343 28.077017824 11.628142908 0.864770504 0.334878384 -0.051363036 -0.370661952 0.656637805 8.842614947 4.861505083 5.366717210 3.138642604 7.769039395 3.920118949 4.484155862 2.310632550 5.647259446 2.604732558 3.252191180 5.712712930 6.715151020 4.282188232 6.432830600 3.765764727 6.067861207 0.181913587 3.518441245
16.084087870 20.032630644 4.342421555 0.418107099 -0.153454843 0.776654667 0.445472325 5.130315700 5.495140702 5.638939065 8.966627445 5.140093692 8.064084671 7.859609452 4.292259412 4.499360483 2.878171392 8.463396952 5.274726017 -1.981745208 2.764927304 7.807525770 3.430477361 8.978546013 0.473560381 0.467228260 5.554808861
15.113468282 29.043737681 10.874820673 -0.741591419 0.473881556 0.093318654 0.465585724 2.629500047 3.337989695 2.782488843 1.764772268 1.767810129 -2.423353541 7.062604966 1.832656169 3.252722680 -1.715909668 -1.668252255 10.225359740 3.868105612 0.704967379 4.342343158 6.314382345 4.802676499 4.695026305 -0.540810582 8.682526347
6.540444383 18.212746831 9.926819112 -0.803884632 0.134591180 0.494715042 0.301515737 4.744798932 9.144733512 1.635301433 4.399438977 6.524706859 3.596290380 0.742941064 2.572012762 6.767758718 6.535181130 4.626608370 1.210075527 2.878871071 -0.984020801 -0.287655281 3.827611256 3.039098537 0.831346996 2.476751639 6.920740529
10.169845753 15.514621481 4.498338852 0.305604743 -0.546995395 -0.717059061 -0.305332741 6.515975323 0.590327818 4.253761176 7.643146925 1.318127856 5.182844744 -1.549445747 0.493034674 1.091606604 -2.447028369 7.948564550 7.295615857 1.927136063 -2.851859483 2.532343238 8.123580548 5.111102179 3.511705632 9.519685596 2.320244770
14.913726275 23.483752770 -1.203333869 -0.239123622 -0.057106044 0.897027583 -0.367287774 2.929640291 2.204473259 1.056247844 5.274205737 1.764002777 5.150779060 7.332598649 4.950504673 2.160555179 5.684325478 2.027649053 2.317384032 3.148382001 1.094558566 4.394235756 3.523925121 0.384093529 2.759060130 3.887259679 5.857611901
10.326939704 28.763647990 3.644648833 -0.387453133 -0.802855520 0.114064930 -0.438511432 2.152576220 6.760227063 3.385370715 4.929822015 0.617243909 1.521265409 2.235538390 8.247727443 0.007592422 3.973315381 4.501631203 6.074690746 5.018009553 6.404621091 6.153545619 2.631593982 8.616387749 0.499811737 8.683607929 -0.578663647
