-18.190853774 6.857126195 -20.392497112 0.447722776 0.338289668 0.451358587 -0.693815423 2.569659150 3.363698086 2.626439595 5.046233406 3.953534997 2.389882441 5.659879807 3.371908550 7.302977381 0.968974817 5.326617958 -0.001363245 2.768739099 -0.631315785 3.797477524 5.361617746 1.221271646 1.728410975 6.311413050 3.792095919
-9.051852873 -0.945428676 -17.530320702 0.011564671 -0.728867890 -0.354711978 0.585488915 6.820976399 6.639055491 1.140035347 3.627133472 3.596565230 6.854808185 2.030612026 4.509089872 3.177938774 3.166546313 2.766419837 2.012124049 5.820282199 1.062806849 4.932082632 3.355554394 3.628643504 1.973588924 3.987718937 8.234983453
-14.619986131 3.187167947 -22.353785145 0.338628987 0.335994151 0.820049049 0.316161188 11.492734760 0.656377555 8.662116792 -1.456422205 5.474914769 10.130669783 8.950933569 0.581233670 5.147105172 2.902061818 5.963158444 6.265980407 6.133145879 6.569109240 4.880767248 4.419099713 6.456969555 9.058886236 7.460690490 3.811204305
-21.846079761 1.558976441 -15.052103274 0.199160052 0.775752953 -0.526004395 -0.286115374 2.175652912 -0.354748439 3.009180043 3.058072158 4.678017545 7.417619141 7.069969589 4.252750950 8.504394879 5.666175370 5.883061032 8.263902186 7.096254024 1.984643662 2.183786709 5.989544275 9.579812284 4.364500843 2.290202504 4.046783492
-13.716566098 -0.845477557 -21.927585391 -0.397537959 0.598099522 -0.102579505 -0.688271733 10.986658259 6.509908934 1.288531463 3.772362167 8.556140899 5.091817228 1.484915775 0.542167903 5.675812505 2.787416768 0.887427816 5.090701952 0.430769114 7.277871391 3.641728605 -1.241666339 8.780157709 -1.462452676 5.503225956 -0.397190488
-15.714178102 2.238048305 -8.052980229 0.699177353 0.187400225 0.089139397 0.684168365 6.865938532 4.636539188 5.645004790 2.859389739 4.224361593 1.205966602 -1.639514281 1.494210342 8.976253496 -0.070397502 -0.971139236 1.544845312 -0.778413093 4.894278161 2.801769848 2.412048418 6.367125158 2.113621618 3.142374210 3.330885025
-15.817428264 4.887271985 -6.359762422 -0.496176232 0.227829093 0.108697139 -0.830715344 4.025619743 7.253413050 3.192215867 2.708360663 9.394775184 6.796435328 9.176736719 9.726080673 4.312944881 2.698521947 4.122407111 6.382420740 5.564621774 5.003106014 5.251386834 5.961827676 6.109325064 0.779517600 1.295014178 6.800256399
-17.572376875 9.810322402 -16.371555393 0.061339415 -0.651792519 -0.100980938 -0.749137397 6.186022118 8.325346355 0.262469684 1.229325167 3.625564972 4.502565186 3.446379230 -1.006081676 3.416417676 7.925385860 -0.500560522 8.869900632 2.709428648 2.987500493 2.700028419 2.363277849 3.781756218 0.772349438 5.574837402 1.148630400
-19.173977616 -1.637698885 -11.801529743 -0.032666029 -0.733366078 -0.233094653 0.637788373 3.703402440 3.371611267 7.138897026 8.248759769 1.951488689 -4.493960634 6.980245959 0.558396073 6.267252434 3.101526601 1.202967649 4.604517346 0.968880444 6.216582229 5.078648629 3.802081922 3.527207755 1.078620293 3.214212362 9.545274155
-15.372175217 5.455174294 -15.016114603 0.057711378 0.823804163 -0.407858358 0.389445320 4.213977282 1.205974283 8.287121848 5.786986009 2.350108420 4.597692833 9.699284240 6.983676851 7.089542113 7.097462677 -0.614722015 5.445584391 2.585104024 4.273074488 4.242794601 1.337486744 8.801263496 1.808455353 5.586946118 6.948734889
-15.440784891 14.103114153 -11.394733732 0.841121408 -0.501528851 0.201847202 0.015533684 5.952664363 1.193610996 3.343599061 8.306603809 4.892464102 4.849769728 0.407966941 0.676934658 7.872774828 0.871654192 3.165285395 9.291329889 10.335127959 6.151054578 1.053393282 -0.558224172 3.651195567 9.002182803 15.146553200 14.190942658
-21.308281271 11.064168437 -10.857596509 0.295198813 -0.176466971 0.937645762 -0.050373547 4.040335184 5.360458947 8.969558361 -1.238196578 8.315818838 2.187514506 5.146748543 0.137482423 4.155295499 -0.287688715 6.951613058 5.406402234 3.494032737 0.367885841 6.763801063 5.381176572 1.694780689 4.393521042 -7.050389107 5.110742367
-12.761451095 11.089998977 -18.786769846 -0.320474750 0.098323266 -0.791150612 0.511575194 -1.121027208 5.922416356 -6.379103910 3.296086479 -0.792204144 -3.347808179 6.628554263 1.433430216 2.536906475 4.048473127 6.923265987 1.044714095 0.275163802 4.424461902 -0.451077958 3.768273190 7.764934416 1.798518428 0.379383595 5.354091026
-12.269213564 3.182388388 -17.884091019 0.226457728 -0.663975887 0.600650622 0.383499348 2.148292328 7.891275418 3.005484319 2.493739315 3.865637052 7.044723336 -1.055043002 5.556335749 6.189778240 1.520043956 3.700155081 1.504590986 4.799263526 7.098837301 5.912176840 2.201407302 3.165710695 4.025069558 5.418127917 2.507392026
-14.076887785 3.658076823 -12.385437243 -0.576930680 -0.204636539 -0.790706056 0.007668793 1.397601275 7.960612236 5.270847885 9.531913762 5.832209533 3.548152661 6.407095622 2.779690197 1.782927879 10.761278476 7.515616886 0.518359579 10.268362552 7.572091024 2.430048777 7.398303631 4.152511435 6.646368502 1.029717280 8.263777155
-10.524397620 6.121047628 -6.348626590 0.982810345 -0.160790471 -0.059946215 -0.068093336 5.693135850 0.622336164 -0.577536082 7.686494658 5.406786348 0.507163267 4.832060206 5.224499110 1.889962860 4.482577231 2.122576514 2.439069695 2.338409006 6.297372348 5.259839919 6.275950387 6.570110315 -0.931016146 -0.328270194 -1.208596300
-11.343034510 8.120204786 -22.448962841 0.107525492 -0.309784684 0.167267114 0.929781388 3.609085142 5.710363210 2.766800713 8.141557045 5.738623649 2.262371764 6.589242701 4.349213102 7.339644023 -0.204024656 6.432132294 6.973013650 2.771999811 4.116309705 0.599406009 3.402654892 1.887543210 -1.991392752 -0.952228413 2.664372435
-20.419523533 -0.902054573 -9.593753034 -0.121321425 -0.191392826 -0.806490487 0.546097969 3.739820541 2.805005518 4.277656338 4.259158080 1.675496634 6.527116130 8.864728548 1.597410632 7.379744102 2.350610809 3.161269060 8.097401103 0.411709660 3.843837453 5.644932328 3.469276079 1.989773410 1.672713503 2.786062103 0.463878451
-13.279710652 9.882297468 -18.687553435 0.862431499 -0.310071655 -0.025908810 0.399244553 6.094932685 9.003430125 7.308160458 7.384488089 3.340952569 8.032549310 -2.785683116 7.442663196 4.484248144 3.200162319 2.521021289 3.935562826 3.695624019 -1.920656353 3.727096348 2.546542698 2.955872502 0.321874071 3.030019453 2.378359197
-12.790598362 9.972709838 -21.094405203 0.889193698 -0.007937192 0.387053948 0.243845874 8.714121958 11.228350208 6.693201144 3.331779713 2.403793862 2.355906049 5.821690456 2.278765889 5.848830752 3.048235505 1.882712523 5.848333029 4.737143195 5.114724269 5.359714544 5.488790015 3.199467044 3.267425200 7.228653005 4.780337676
-6.643817464 8.600247651 -16.245470906 0.064460305 -0.797410368 -0.167829000 -0.576033853 3.846008274 6.980626310 0.380927506 8.443763995 5.804123255 5.615708414 9.566319637 4.149805919 5.499139153 5.000342672 0.188571285 1.865026140 3.593416890 4.962182183 6.497176000 0.502178177 2.291927761 0.814151574 5.273799386 3.845999440
-15.371219532 6.648658790 -10.688410793 -0.587939158 0.000145876 0.688968395 -0.423851479 1.048511925 0.696685725 6.262257355 5.898209496 1.535831142 6.448711809 -0.636447581 7.150162399 13.687341846 4.299493618 8.256494362 4.913295825 2.567954263 -0.083294446 -0.540578316 0.857091519 -4.717728960 5.145582386 4.258751381 5.742028528
-18.998359286 3.713440195 -15.466816825 -0.530207915 -0.580592817 0.610502363 -0.095280705 7.903106084 2.466547691 1.976946631 -2.985802207 1.316600620 2.698351357 -1.354743517 4.547823521 1.711914520 8.282216337 2.008009931 2.355483448 7.276380613 1.192515463 5.009204891 0.070982355 0.551118455 0.351778427 2.899790739 6.359158875
-11.218241756 7.838115495 -13.825354069 -0.658475042 -0.052868384 0.109381252 0.742732317 3.380157413 -0.646812876 1.471693978 4.775179255 9.179383377 3.176954126 1.712655846 2.876096327 -0.206199828 5.552988050 9.584711760 4.341919683 4.022645106 4.453102845 1.120728370 8.742269207 4.353214333 2.457946764 5.183201368 4.725560937
-10.312022787 5.985343512 -22.184328361 0.736715826 -0.080194155 -0.662005991 0.112101549 9.647399387 -0.627223427 4.591167616 1.679862499 2.175116573 1.431217324 2.881750341 4.016272791 1.868363837 2.016596851 1.545092641 -0.182130318 -1.377533113 -4.325111451 4.203957448 2.921502422 3.820660813 5.813798409 3.924180366 3.483684685
-17.829389537 4.207013141 -21.955800897 0.966570813 0.229939033 0.093214397 0.064652770 4.531533424 8.582942019 0.033793863 4.997430490 -1.960161949 -1.672164379 6.892985545 1.482991466 4.961339421 5.496905213 6.562047824 0.164120816 4.281538131 3.106850561 1.904474708 5.399542241 7.005337415 4.541225113 8.872091890 1.099905962
-13.783288533 9.398945328 -15.777920763 0.549601066 -0.269181510 0.413428947 -0.674208045 0.617078633 3.152106737 3.926251105 1.048099779 5.656022084 -1.648014059 10.701134330 4.348346269 11.896065990 3.233698582 7.427915581 1.110738215 2.958675805 1.496762958 -0.349344632 4.754967512 9.555800636 -1.351321783 4.369822911 6.128569070
-20.783898490 11.388246506 -17.320027824 0.283284615 0.718817190 0.207713865 -0.599922182 5.455031173 2.440662928 3.781805432 5.862305584 6.014184534 4.071512835 4.537116710 6.100075357 7.089521584 3.171197429 3.348240802 3.552429768 -0.119545144 2.745077110 2.081858663 8.665337440 7.238997455 2.459505598 7.526539084 7.384300945
-15.774959311 11.035065353 -14.935712275 0.363558461 0.106899939 -0.216500786 0.899736105 1.278873779 6.180234627 1.342352935 2.198070857 -0.730175681 8.716895059 -0.742170033 7.701935322 0.459285344 5.069336948 3.873281948 -2.311873747 6.135978222 3.146927089 9.518370640 2.344238452 1.359296836 11.348165811 -2.540429154 5.919269354
-7.694085309 5.126735207 -9.080943319 -0.757469981 0.154438597 0.611490099 -0.168724056 2.289312785 3.871932962 -0.304277245 1.722234771 3.195487027 6.952946530 1.660396568 1.152794421 2.379916441 3.210542039 8.881517924 4.758364891 -2.908581998 2.381332775 6.806461978 6.074147438 3.428850068 0.358668927 3.954892329 5.007704562
-13.287140525 9.674796413 -16.529084295 -0.746842660 -0.001195693 -0.190159290 0.637231556 3.590482151 4.761462296 2.726936352 2.248388515 7.228674817 2.403722090 6.088107330 6.087770676 7.304102087 5.685287843 7.835061144 1.946951735 1.155679665 6.751088448 4.995037688 1.587447050 -0.735782407 4.442124152 2.683267444 2.100483218
-10.108439820 2.064695328 -13.287204383 0.383293672 0.637428607 0.267756589 0.612435418 0.291902498 7.073046207 2.483036381 5.620938322 2.972006407 3.066620345 1.959406915 6.155997548 8.186580250 1.539988491 4.818035176 0.797220444 3.037938527 3.955756176 1.159471724 -0.042083652 7.071585840 1.099492278 5.573226556 6.351766657
-20.763900448 9.797040049 -10.890878220 0.055676623 0.527330556 -0.305868596 0.790738263 3.053904980 -2.419239855 2.588942685 5.282157963 2.345989817 8.244870188 0.692576524 9.247207308 -2.591090624 1.837144619 2.687406411 9.043145071 6.179487399 -0.850048464 10.818979300 0.591458006 1.391644751 0.594274094 7.085072079 9.163041398
-14.453549620 3.835075647 -10.950742656 -0.597422110 -0.641571871 -0.029554508 -0.480207130 2.809818955 0.460559151 10.569793649 0.501172486 6.828256710 8.243382407 8.109853307 6.751995666 3.883612199 2.664576733 7.975346571 5.242409642 -2.297808317 3.280982046 1.482634864 1.469064321 2.528034028 8.267310841 5.707213517 10.791621967
-8.342530408 5.168063905 -11.781824045 0.529431574 -0.350135922 -0.623286168 0.456750914 -1.314657931 11.019905019 2.776281981 -1.257461893 3.219855262 0.864374098 -1.190793455 -2.317045087 3.001758591 4.704903083 2.142759508 3.523600724 2.379537840 3.228553212 3.861557685 4.898885355 5.564773249 6.654214695 9.394638866 2.572593920
-16.459725897 12.118411932 -9.818562279 0.625731531 -0.514604912 0.026125139 0.585627282 -0.405510308 10.028525048 7.956153120 8.545886331 2.462022466 3.770294092 7.459614288 6.788535529 1.688150291 6.015960423 8.177533530 0.089997055 7.969714456 1.819142449 6.592815114 6.721054020 2.932962479 6.598414350 6.147407378 4.908924204
-11.304074524 1.773402300 -21.657803731 -0.130143288 -0.947902546 -0.286060467 0.052085473 4.230162227 -0.138871293 2.895947726 4.106490363 8.356857163 7.064833885 2.220683803 9.317575158 5.063649103 3.782094665 4.523436542 9.009566644 4.020673775 -2.504817300 1.491172474 1.532284874 2.946286691 3.568798141 9.603120983 5.589424732
-18.494003825 1.944336140 -12.144041441 0.446055026 -0.292985762 -0.459739681 0.709812428 6.799079776 5.355232489 4.170657447 6.139993134 1.765424695 6.042565094 6.144777791 1.978481805 3.296205933 0.803783588 1.727703331 4.573445980 4.521751672 5.737198255 3.337639328 8.571877341 0.042377314 4.997891761 7.790620834 3.197826159
-11.728100059 12.260458262 -10.442100833 0.481817713 0.088900566 0.802023889 -0.341622690 4.589639584 4.055620549 4.291933906 4.372321154 6.964546263 0.316530374 4.226625312 8.867687020 2.718605730 -2.026180996 2.870465424 7.562157484 3.568740514 2.462351689 6.482777099 5.355912679 7.223159061 4.769362632 2.587047249 3.167001097
-10.129215143 7.718577695 -20.574972604 0.226531369 0.019914176 0.407194277 -0.884578874 4.908914087 3.969432220 3.512540552 6.797851274 5.442625705 6.764041364 6.537797139 3.322974406 1.160404113 3.016878691 4.409889618 5.092385547 3.481756828 0.371471496 1.849346629 6.773875107 2.738607061 2.298186484 3.396049384 -1.598501068
-14.276809830 8.966429563 -12.007125557 0.752336227 0.379415885 -0.524747897 0.121133944 7.533732608 4.180141732 1.711959344 1.737890234 3.593116182 1.572416421 5.963735404 1.674804359 1.324816571 2.206972531 0.066512013 7.707443252 3.010342171 3.046726622 3.409510150 5.886685436 6.596267770 0.299256116 7.911948158 6.873220003
-11.082347102 -2.881658847 -11.741660867 -0.349137222 -0.663497633 0.568223126 0.339111442 3.746526263 8.465084386 4.670016905 3.502464404 -0.598070356 6.145244560 4.671451677 3.293056295 6.392732728 7.574731573 5.469589624 1.664815453 1.661454638 5.757451618 4.843374121 5.558782726 8.339203252 -0.933739052 5.283203152 7.602299070
-24.968838242 3.411779431 -13.201833637 0.000554741 -0.034494613 0.975570446 -0.216961100 3.478277796 6.431416914 2.459679987 3.673600156 7.171350911 2.614010764 2.053665782 -1.705594243 2.445374185 1.705150908 3.815934123 4.932503926 5.447671375 3.629632844 3.598466255 4.398476286 0.734154865 5.614501820 -2.497384441 4.990126469
-13.660890112 7.258529276 -20.134892166 -0.980076336 0.116015712 -0.160271744 -0.017426966 4.105277999 4.993375425 7.227316691 1.432381677 1.682830948 5.405393667 -0.499287751 2.567583496 -0.503877767 2.242465361 0.609566882 2.238404364 4.163390822 3.837782137 4.597702810 4.402062954 0.265413787 7.560950060 5.843192876 -0.768516064
-7.560389779 2.360590965 -18.556910179 -0.355383161 0.837161923 0.382411881 -0.163168248 0.598321591 6.322384287 5.590289416 7.063009551 5.806030256 3.849158595 6.624445523 8.523896837 2.834964312 5.408343935 10.436003140 2.797667491 5.916776241 7.367378723 3.773441393 9.778026351 3.180857562 4.178858810 3.760745667 -4.833741675
-12.670904215 1.816991482 -21.909473163 0.235510607 -0.553166596 0.390206823 -0.697337871 5.477530450 0.153062127 2.253811927 1.398776395 10.273873737 3.248051174 3.704047878 7.066087450 4.445794837 5.923525150 4.823351365 3.920785754 5.779285632 5.368635409 2.855596082 6.092008175 1.975154004 0.067084779 3.433632605 3.265263896
-19.328794202 3.748677119 -16.926477359 -0.255797371 -0.661288936 -0.627708755 0.321319728 8.261702072 5.188452429 5.303412086 2.735776845 5.155689293 0.745407634 1.189968323 3.263793416 8.497651809 7.683741923 7.277346878 2.055138772 2.990454846 7.528935326 1.264810882 6.079470292 5.459326439 1.676552760 5.297212017 6.856474458
-13.630464644 11.306988855 -9.212042411 -0.873435030 -0.316997933 0.206973455 0.306244262 1.926922389 5.951673258 6.992933098 3.510428727 5.130837089 4.407859585 6.567149061 2.806183478 0.893019770 -0.565610850 3.565229489 1.763194432 2.641730857 8.010047608 5.190196241 -1.048751392 -1.198231744 4.453137557 -0.715066248 1.983938611
-19.531736289 2.654841993 -20.265591025 0.646157597 0.281301428 0.570154055 0.422225319 5.805071629 2.683974754 3.607184848 2.142042193 6.935347460 4.163046934 1.014827114 1.906845888 6.562637848 4.041671179 6.047965290 -0.510622387 5.730721455 2.354261040 3.914665621 4.711279830 7.536552416 1.731611726 4.836074039 2.325137414
-16.277833591 1.074497250 -18.212556923 -0.309046241 -0.122150168 -0.636835589 -0.695708408 4.854053188 1.357597489 3.201872053 6.905707300 3.393099699 0.674634080 4.646192148 4.076348679 6.494453882 -1.884823522 7.422471305 4.102592263 8.207549710 3.266766939 3.643710719 7.372580315 3.005127422 0.127873832 7.001528846 8.512075551
-12.546852986 8.875258108 -8.805899613 -0.052031191 0.396597531 -0.915143117 -0.050162032 1.582434693 8.425992529 4.035343019 5.573397698 3.877889216 3.861522311 6.561800107 6.997797778 2.861868322 2.130994825 4.038825632 3.457524061 -1.453046724 4.450243487 5.967653566 7.043040929 2.142582495 7.423791411 8.834569461 10.822922784
-8.490720308 4.416337367 -7.054839625 0.666941706 0.393751318 -0.140480660 -0.616776981 7.404264671 -1.374872282 1.995235539 0.416387818 3.500768583 6.293730624 6.117743328 1.315963128 3.329133947 3.387741112 7.325008803 4.846221261 3.088595023 4.835356307 6.490882478 5.275634306 7.252837534 -0.365270018 5.625587443 4.100472342
-6.590706844 0.434030307 -15.563820328 0.580197613 0.404051285 0.150541489 0.690977966 6.544287295 4.550409379 1.930829273 4.402419490 3.262424850 1.626018474 6.966819650 6.711708467 3.897800969 5.001927397 -1.739820712 10.654962680 2.462834828 4.207247815 3.003468712 4.901861668 3.902799350 3.535016864 5.793534444 2.723393487
-15.293593392 4.330891773 -19.731633282 -0.264467565 0.234752018 -0.401910809 -0.844639627 1.215695684 5.305901631 0.912088271 7.610507136 2.743475912 2.840551347 7.368843711 6.902533262 3.959719218 2.859317840 2.019359048 3.292037859 1.044820824 6.401453583 6.584566779 7.706982420 2.242534453 5.007119316 3.374712595 4.635251266
-12.640927759 -0.613066894 -9.765859983 -0.766894007 0.012557015 0.557590128 0.317504571 -0.057238449 1.507064469 3.523150747 5.981670426 8.755272626 1.283699185 7.456403781 2.445213038 5.427325813 0.418048237 6.079254803 5.076613144 -0.045013704 7.510382752 9.651269663 -0.047284314 3.228168815 7.182109362 1.610504249 5.205703004
-8.772457617 8.663615333 -17.356089702 0.496998679 -0.053694456 -0.388596784 -0.774016639 2.222382882 3.303933604 2.624558258 3.845399966 8.470584269 3.351165915 1.750341131 2.592017226 2.745340051 10.486822795 8.095976627 7.614512899 3.406795097 4.763882057 3.302493939 1.761653795 -0.527387648 3.998475844 2.051765398 2.393026819
-12.929282045 6.305332182 -15.185113720 0.632312695 -0.678286125 0.042539981 -0.371885653 7.128949559 2.142497136 0.818647341 3.019459077 5.724505301 3.779796681 7.898554323 1.573759169 4.534250000 3.942987592 -1.491679230 1.093597544 1.033268639 1.672848827 1.537385717 6.394459095 -1.373864415 3.458549282 2.141710221 9.815930311
-15.565005663 -1.119133691 -12.564816987 -0.504866138 -0.423579731 0.405255512 0.633607421 5.170653973 -1.185977131 4.221573706 2.792220308 0.560568995 5.016577079 2.869918999 2.577930364 2.849534320 9.849441398 8.702713485 3.606983502 1.809713371 5.280057601 2.642950075 4.869057875 3.564204957 9.052026351 8.844709846 7.436502944
-12.646817548 -1.179923857 -18.987405989 0.494437190 -0.094012202 0.504457641 0.701581114 4.071334168 4.147587938 3.019502255 5.254009699 6.951276839 3.583018867 4.862768782 4.703550536 3.447450901 4.271715774 11.676652369 3.947491118 4.221761329 2.718826967 0.401128505 2.669030976 1.835628169 3.153854618 4.080683151 -2.469224753
-8.700030222 5.580172982 -18.817485189 0.228837467 -0.220503346 0.556679336 -0.767541403 2.745517541 3.759326856 7.308075219 7.291971683 4.509945469 6.151326557 8.126056133 4.980357158 0.634201369 5.365132163 5.792559290 4.241943190 5.712651842 7.909622439 8.836727455 6.347137567 2.962822859 5.912047835 -1.450577977 0.167244540
-11.922332186 4.776049053 -10.332761175 0.814062368 0.409924368 -0.314489236 0.265256468 5.492264367 0.676284648 10.176154283 8.446490696 3.012501839 -0.401895315 8.681031123 1.543201184 4.880510113 3.785775562 0.677673287 5.879155200 2.552709873 2.625268969 5.380020313 0.448627119 6.475710499 3.919237826 6.386273591 4.126299759
-15.902385776 -2.813665919 -13.193241127 0.431901334 0.358277023 0.511408451 -0.650815034 -0.049928059 8.615671401 6.133805052 -1.324690392 -0.236266302 4.253215129 0.316939408 6.581810261 6.336218714 3.035713066 2.264252895 7.503293062 3.632166425 5.615756441 6.805361100 2.196366027 2.415646031 5.858185826 -0.863625763 0.092038196
-14.627374083 -4.407280823 -10.082936256 -0.604940179 0.543236129 -0.016391721 -0.581956355 4.333390797 3.723965827 2.921865493 4.852773980 3.641426495 4.323688547 5.993531066 1.534549154 4.200174714 -0.174837393 5.884011581 3.247137079 0.294259310 4.245742414 4.605256330 1.879733126 2.016624118 10.122230463 5.935436525 3.270719904
-10.892515048 1.300884447 -8.592316853 0.760032657 -0.080653800 0.205178672 0.611348540 6.375308858 2.546468614 -2.401282068 7.661581999 5.885891700 5.330727327 0.957732023 0.945459660 4.647004333 3.699954857 2.847164375 8.978997063 7.647520012 9.564176995 2.585553358 6.360441552 2.232309237 3.632688697 3.022295187 8.722241556
-18.940461131 5.225239929 -5.833211564 -0.705989450 0.221491831 0.608578750 -0.286621998 4.369554767 -0.693730670 3.486487563 3.013112122 3.870291825 -0.225740000 7.098575972 5.295274860 1.876781514 6.750745695 10.025259257 1.703938103 7.770623044 7.345333826 3.850826972 10.424388306 0.694298856 -1.476147898 8.565570449 3.091360654
-21.467441784 -1.160660934 -16.074633295 0.430654710 -0.176385337 0.296391621 -0.834012434 0.171557415 3.078857784 5.202084835 6.153722205 7.098162996 7.235532755 7.676446771 3.176874411 2.247020688 5.317836285 7.267797704 5.385325095 9.281511443 0.433269591 -0.974033076 3.504731334 5.550757169 1.687011057 -0.132358341 2.197767754
-8.897224053 2.230042312 -14.916317695 0.493388649 0.587771752 0.336410643 0.545820380 1.352968755 6.252058006 6.545138994 5.306427607 2.538839706 1.100534612 2.570175456 1.910621680 6.188391955 6.201146433 6.430278040 1.570704194 -0.024841136 3.269106061 4.689929726 1.950003575 2.849781314 -0.892292493 2.564576231 6.785856471
-10.590693666 -3.433285818 -11.794718013 0.707963213 0.665673297 0.081407388 0.221449741 6.909921236 4.452608884 5.757750207 8.382117896 4.075202895 6.519383767 -0.837662102 7.395784187 4.349583594 7.846706491 6.209755540 4.901789847 7.188486356 7.969953302 8.207670020 8.943188566 1.633547216 7.323957836 -0.562553367 4.518754949
-17.171029001 2.834577944 -21.583856379 -0.040747634 0.270106702 0.469064986 -0.839857154 1.180151818 3.509341057 6.271289344 7.215454165 3.825954817 2.787330757 -2.908405488 5.869891638 5.871088784 4.870575126 5.774590959 0.496319181 2.621866098 2.650401008 5.155673040 8.622403157 3.640604098 2.742110586 5.633613700 3.090372409
-15.239145716 -0.151282734 -6.007472680 -0.253496942 -0.564256772 0.653212814 0.436653885 3.551858470 2.247041314 -0.199126333 3.398620843 4.930363047 -0.616742846 2.968671125 2.197956711 0.400083009 4.496309986 -0.317096842 4.499529324 3.810639381 2.913942212 8.377661416 1.782784079 1.550564319 -0.591419930 3.826846014 2.257226935
-8.401414342 1.345514806 -10.008390778 0.662817451 -0.322194259 -0.224459454 0.637559283 4.781538113 -0.164862151 1.104857403 7.153295367 -1.966404017 5.006956951 9.584978474 0.874490574 -0.857551661 5.612615925 7.114824312 6.373876094 9.047921465 1.471203815 0.672095755 -0.561273012 5.487892225 0.989704206 10.343546889 0.444766426
-11.375818873 6.499425782 -18.710238624 -0.392980338 0.114685132 0.886279312 0.216616610 4.097148458 -1.221984644 -4.456980095 -0.357363443 6.294932669 6.291281973 3.554041464 2.887516134 4.644395615 1.341504555 -6.527434388 2.881260177 1.466176875 4.957656177 3.630578463 0.657174926 5.085187481 0.567611785 -4.275567220 -0.457998284
-8.576644767 5.932897535 -8.575880269 -0.211471838 -0.116525271 0.202778728 0.948990153 3.234018374 -0.830432264 7.513470508 3.979420289 6.390686978 6.272573482 -0.444030758 7.662416478 7.768582011 2.053018176 4.886532708 8.475913613 1.366451452 1.593662937 3.775760085 5.056026586 11.936925034 7.249863976 1.233678447 3.204545663
-16.523768397 -0.835825971 -18.239751989 -0.510154791 0.835572198 0.194570170 -0.060857535 1.225904197 -3.907515537 3.861910099 5.347782399 5.133949138 4.831565837 4.454573484 7.082314383 7.888115079 9.769148133 2.669182728 3.141726892 -3.698721718 3.541522047 7.533063322 2.189598444 4.118776341 1.973546785 2.163989901 4.183750235
-14.025506305 9.667662258 -14.415854264 -0.580898623 -0.037306796 -0.292887831 0.758539196 -4.377470894 6.951538784 4.010104998 7.310973438 2.372839387 1.717992163 -2.662784125 8.337063817 9.332570790 6.772581292 1.681154786 5.701193945 8.466489626 9.803714793 8.182879247 3.547277399 4.183347755 3.117257575 1.615893630 2.622349892
-10.238883711 11.071365227 -17.783973991 0.838825419 0.325609971 0.436086721 -0.013357949 5.286530209 1.595210352 6.388331959 4.283182681 5.668124659 7.221087678 3.071002967 4.188446159 8.160484692 1.983544532 4.343693762 9.643037357 5.779387302 -2.500848194 3.893735946 4.617678312 5.468254471 3.485348907 6.292713484 1.092943791
-9.821991744 1.105167166 -18.915886188 0.223771851 -0.790195121 -0.211163522 0.530026222 3.106291003 3.606304224 4.441174221 0.400595354 7.999541583 0.781614808 1.889843583 3.732941175 5.826852362 1.132939505 4.614262504 4.325309935 4.025525448 8.535326936 3.474461380 6.721231543 3.663970761 5.799231417 4.225490934 -1.802445157
-18.367699928 10.728120527 -19.130077879 0.022683275 -0.273787151 -0.936443890 -0.218171735 4.352754917 5.548660824 6.263955789 2.669775001 7.157913933 3.523315345 2.836477804 7.164704673 4.094759577 5.889910863 0.897179599 0.508601211 4.664713666 3.149003989 3.232728009 5.775611843 6.155044566 9.575491627 8.306383245 3.937180098
-10.354637862 5.357215250 -6.738003875 -0.504524524 -0.199087451 0.500493949 -0.674777740 4.393544375 3.176366077 1.857933824 11.706096053 0.727364911 3.766975957 6.906693756 1.227027987 0.498426757 2.094339141 6.395903770 5.118714837 3.016933708 7.087553342 3.776689574 5.181007636 -4.188536812 2.585785443 4.773545122 7.058727097
-20.764930419 10.245728098 -12.788697469 0.617470133 -0.365178022 0.659234658 -0.225355968 3.704339581 0.377325145 -2.269708417 8.825785778 7.115624565 2.536254329 2.987982214 3.403432810 7.806564935 2.581810167 4.277090360 2.937568714 3.662896271 4.335842473 8.097412811 5.058214960 -2.849558362 0.339754411 5.479549726 -1.167173804
-20.146322493 -3.270553910 -14.536003758 -0.650724558 -0.521102135 0.333279801 0.440380164 4.646815708 0.408208163 -1.482033389 -1.014559767 5.572287845 0.356035687 2.080498540 4.644829827 -2.738310119 -0.637117119 3.205238489 3.169680424 2.062007837 5.734454050 3.353650477 3.430505301 7.546123034 7.606505331 2.076876202 6.595144207
-7.582564125 8.213034110 -12.373017529 -0.285336212 -0.594026485 -0.639479979 -0.395955979 2.182700927 3.592424277 7.436491368 5.296514933 2.321993180 10.114717291 6.831463149 2.343639408 3.738452089 1.110239908 5.547514265 11.812242745 8.431801900 3.271910085 3.931884234 4.683372259 5.979645006 0.359873155 2.937029629 1.836107469
-9.590284365 -0.073671701 -8.150244893 -0.008099759 0.841995991 -0.370851760 -0.391721990 3.757510353 4.830412361 13.369629429 1.863135971 8.057182004 6.412752211 6.674010401 8.407119551 3.485929065 6.323625002 5.398262042 3.093568305 2.651843516 7.748587220 1.472212802 4.161654469 3.451479764 -4.028000739 4.730400200 -1.620334495
-13.641241175 2.229326151 -22.569469196 -0.316924551 -0.654890631 0.653866039 -0.207692786 5.737233018 0.878961259 -2.417808099 6.670472255 6.077143784 5.079451347 4.746315886 6.901541497 2.727411412 0.577500771 4.002682316 6.826047633 2.453472824 3.230751397 3.307005748 5.447271409 9.440291002 3.460856248 3.609242528 6.375808642
-16.333469779 0.783444552 -21.635132026 0.705586803 -0.220938393 0.346405168 0.577353401 4.271601458 5.198438448 2.071273345 4.201963960 8.508298387 -0.449983959 7.958216275 1.729230453 3.647387271 10.210947938 -1.150881204 8.929593353 3.672219326 1.973119417 2.972022749 1.632250747 11.747776465 3.666657978 5.671242139 2.769297893
-23.616800934 4.938424204 -18.265728530 0.464501531 0.657289602 -0.521843864 -0.282644103 0.142958973 0.755952714 3.280700452 2.483370315 -1.683774199 6.422838719 3.073852633 3.102291831 8.135292395 4.737339713 5.906613011 5.662799107 1.310793432 5.039960095 4.212633100 4.650773701 7.785965568 2.019096109 3.623711335 4.217050696
-22.608711779 1.972440963 -11.624960358 -0.392137033 -0.512293898 0.015642459 -0.763897129 7.321730895 5.556380408 2.970540083 7.401905735 2.341423645 2.134290164 7.658099925 -1.290233285 3.977294075 2.657406511 -0.945075830 2.948259505 5.130443286 7.010171403 3.776144853 5.150860685 3.835184929 6.156290718 4.017500260 3.025389320
-19.069753524 -0.489567446 -17.174275722 -0.328042710 -0.689156789 0.402577144 0.505353880 1.262987928 6.490639341 1.090443697 4.988355533 10.556489642 3.587399451 9.572517589 5.277098049 7.986256479 1.359886793 2.949441769 4.166444143 9.106729593 6.457297866 7.998537370 3.575155322 9.106223983 6.202053392 2.465831546 7.799500785
-12.436648202 4.874025422 -22.567957520 0.565815713 0.382152306 -0.551343089 -0.479409004 0.837410792 5.393780744 0.374851565 4.081169815 7.287714957 3.246767555 -2.974257404 9.793210054 5.987314994 0.471201734 -0.904214882 7.402920741 8.456053371 4.781419867 4.102803315 4.147726565 10.459167620 11.165801047 6.313304268 4.890224186
-10.574150484 10.386068204 -7.767562443 -0.500013346 0.510667762 0.553842907 -0.427157026 4.754086690 1.342494764 0.120101319 6.968623714 2.817462942 1.593808354 6.055119482 0.658775574 3.568407823 4.279279378 3.548669521 6.273224682 3.175767954 0.673792382 3.594670880 5.591815809 5.418265857 6.976940528 6.448671862 5.260196549
-13.350515068 9.345850814 -9.535036074 0.668549350 0.325236671 0.566161696 -0.355982878 7.708743760 0.244217470 -0.487347590 6.376551882 1.562878812 0.417133282 4.015205229 1.042677765 3.486652291 5.118491190 1.100733577 3.585687206 2.828409143 2.673262942 1.133494634 3.074269876 -4.430238727 5.768641488 -0.631866513 6.912626055
-14.386864907 6.167861276 -4.919736249 -0.658322364 -0.154484399 -0.720818952 -0.152204711 4.885590294 6.476649638 -3.596470831 6.221320638 3.832528744 4.455495756 1.209211024 3.463530207 4.474374799 2.965154165 -0.121575859 9.631443397 1.949067902 5.375412621 4.765911145 1.724416454 1.144566983 9.215152031 2.847999542 8.598368598
-21.085858940 -0.869210272 -14.754132130 -0.183482686 -0.323795344 0.754437741 -0.540661053 4.518048246 1.570089851 4.844163202 7.985304114 8.636854105 4.056039665 8.259600890 4.980343787 3.159742488 3.733295931 5.665665905 2.091006329 5.700299855 1.736446730 0.087770552 9.790285425 5.328682148 7.447993069 7.413619256 1.898475558
-19.437874007 0.420126777 -9.870048675 -0.217721425 0.030068819 -0.187350799 -0.957388597 -2.195565820 -1.457841812 3.420623850 6.358279996 5.911032618 8.249469611 6.137278259 1.781162034 7.764581282 4.520990755 4.783191460 -0.175752592 5.592764835 6.953674500 3.778483653 7.801642937 6.763822436 0.587836398 6.508665524 6.118321753
-13.815150327 3.184574427 -17.290695295 0.493684111 0.867025733 -0.001029444 0.067389289 2.286178025 3.135321890 -0.529801468 6.091091421 -0.179754826 7.432996535 6.336518931 2.799181866 7.065952347 0.412932544 3.187409332 3.770932081 3.678842902 5.120892692 7.770181132 10.095680625 4.773047955 1.130885674 4.041963293 9.664774197
-22.492254076 1.833044814 -14.530432688 -0.351565407 -0.857977762 -0.362847294 -0.092831921 3.294174448 6.435252285 10.977523600 5.280529324 5.556444078 5.231877299 5.850381159 7.702421452 3.843309144 5.237176009 4.538253928 7.334092281 -0.860094066 6.758481827 6.191061452 9.313691553 4.717158908 -0.220429299 5.555706759 0.552910412
-24.179008068 2.354134733 -14.462350757 -0.397488421 -0.417005982 -0.472165071 -0.667209945 1.207124472 3.379810206 0.867114123 1.820319948 3.307384394 3.762172912 4.945655049 8.579164404 0.113672129 4.226093967 7.129912287 7.366893124 -1.650480673 6.387637843 5.831886834 1.830794566 8.703561337 4.801682750 -0.582953726 8.004597973
-19.570154911 3.618974958 -7.670767172 0.073866036 0.491305242 0.866267979 -0.052371333 0.784622094 1.765421658 9.878536872 -0.583904888 3.722295352 -1.244703916 0.909286935 4.203854412 0.135507168 1.346669103 4.396084628 3.227250216 1.879936014 9.193748388 1.219411348 2.114571107 6.757023437 9.046957972 5.587156934 10.970862627
-16.367367566 6.319841065 -14.633978228 -0.009953187 -0.838023586 -0.299777367 -0.455797031 -4.116119650 5.957643553 0.938273983 7.244816247 8.099470678 0.437883892 -2.626860851 2.486940884 7.248304184 11.404344354 5.987514516 2.119718236 -2.039341702 4.678549866 1.067964074 5.351164917 7.386188847 2.063153992 10.303958930 1.300307763
-21.384019715 5.066524172 -9.358733679 0.224035858 0.014007236 0.187571536 0.956257628 4.696142088 5.662163382 6.050699128 4.225784163 5.155276697 8.216395660 4.531781806 4.188236504 1.773009386 6.848486712 2.681076470 13.743433940 5.557592618 -2.809650792 -0.573917703 4.733344014 5.608285666 5.819817151 8.516794236 3.420354013
-18.003394145 -4.680962566 -12.489516301 0.214345267 0.694164762 -0.521662317 -0.447280469 9.118135613 6.152467816 2.478212998 4.571941850 -0.193507411 6.964771596 6.810736897 0.598553048 7.931610354 5.405934761 3.555755640 7.758889737 4.496658500 2.125853192 3.973359229 3.815941983 5.133172689 2.731227777 4.183792528 6.870810679
-12.793916680 5.236046530 -20.774558424 -0.921666349 -0.356139792 0.131486045 -0.080043803 3.373251717 5.111658893 1.633273434 1.410452643 1.046927893 3.509194448 10.288244218 4.465406627 0.754354460 9.634546683 -2.197631413 6.796737979 -0.800592996 3.890685519 3.085244679 3.529279547 -0.410494526 2.293938023 8.144178602 6.311891725
-6.738483768 3.641067451 -8.865139660 0.473084903 -0.398465088 -0.750813296 0.231723203 5.237202962 1.485748175 1.925244094 4.305292416 3.206899927 1.442550312 -3.347777465 5.500061583 7.417927939 1.560824572 4.624963041 0.885224180 3.231375572 2.202388564 5.245546573 6.876070476 3.202331862 0.767148230 2.073783982 2.935325774
-18.683125314 2.794845699 -21.793144858 -0.316514131 -0.503795282 -0.704009686 0.387787933 3.714998862 0.998408042 5.957131224 5.176614551 -0.419033450 0.955778111 2.597730502 6.940940171 -1.322747771 1.154164018 -1.599796500 4.038240174 0.741849214 4.803083236 7.763468409 1.400394910 7.297030295 -0.469233467 7.158763849 1.925330731
-12.388462656 -3.916259974 -15.877012837 0.909200179 0.012795989 -0.188441400 -0.371054088 4.195875452 5.694105540 3.362084613 2.800767626 4.244178410 4.447477188 4.311674464 -0.296553063 6.121517017 2.047794555 6.072590301 2.800130113 4.592374653 -2.077670708 4.943108176 2.651033160 4.064092743 3.799257929 6.432640189 1.300572153
-14.497892950 12.930713689 -9.373078599 -0.389980576 -0.513961654 0.697594836 -0.311640840 2.734545999 1.549848303 -0.008108549 -0.338109638 0.141458726 10.580431168 2.184298673 2.522610509 2.644339371 5.416404526 8.932170257 1.888495921 4.100475578 9.299891264 6.486776490 8.257708545 6.781070013 3.562218963 -0.781534291 1.441142194
-17.435093695 2.357921326 -18.639547911 0.073885750 0.427030663 0.869775802 -0.235957121 2.603982531 2.603688209 3.628580716 2.281462227 3.436403398 5.837266107 1.993623560 8.701142064 3.721604039 7.002022255 3.361758121 7.146899197 2.785553942 0.079741457 2.765343516 2.244842310 7.057723198 3.850784652 4.211881075 4.521067752
-18.150579144 -2.661562714 -12.993723623 -0.654780291 -0.180463768 -0.333996237 -0.653561101 2.807161485 4.657046037 7.567592320 3.969072464 7.687579141 4.307306297 5.435188898 -0.796792806 8.547994911 6.720032488 5.007518907 2.844808296 8.516139526 4.394635988 6.491248471 -0.710383409 4.211285469 -0.571243764 0.614730353 1.245807841
-14.878631441 -3.466471857 -11.103190274 0.592492613 -0.261497223 0.051650212 0.760199948 4.694396105 0.184841169 0.857972205 3.143512655 6.247966767 4.441112146 6.547848793 4.583957624 3.743410841 6.542316397 5.510024607 6.647813285 6.739618895 3.170148924 8.191703522 3.140640960 5.473436931 4.776375338 1.785570227 6.646252892
-16.278387858 2.873772432 -18.979057278 0.281416452 -0.371330305 -0.776548306 0.424135961 1.701793448 0.533456544 5.287213860 5.455724007 5.017017456 4.442926523 8.253217731 4.612583460 1.526601472 8.411131068 -0.574436074 1.091710929 6.803884811 2.463939890 4.077799661 1.239915085 4.289686889 2.235418201 5.396351270 4.992655735
-16.473406198 -0.299026052 -6.262439643 -0.428228407 -0.616891080 -0.555867438 0.356478917 5.215457876 2.672174856 5.138472976 1.212305743 2.219723796 3.905443452 3.871713392 -0.695219358 8.090215289 7.372007270 6.530967977 3.457047357 -0.089057944 5.840252374 -0.779941697 3.536675930 6.469540517 2.853614720 6.497551438 4.033691029
-14.367586324 10.955187765 -15.747170241 0.581110611 -0.331865184 0.217783511 -0.710454995 2.188689955 2.127362718 7.382620616 -0.022324785 4.334952153 3.832571120 6.684307606 5.852439973 1.625061614 5.936299359 3.114300725 0.784062037 6.684207084 4.435795216 5.328872413 7.108733472 0.485166915 0.098574644 0.154783531 2.001410920
-8.330967916 7.988672798 -8.890444187 0.115188097 0.423613443 0.453415719 -0.775691652 5.540361931 3.160702191 -1.310598739 3.920644874 8.134151363 -0.130551725 2.553853960 3.125773807 7.264979949 8.002998099 6.509909336 4.047646048 4.936455703 4.161505976 3.813672163 4.970097248 8.217320883 7.316556405 3.355233445 -1.283867973
-10.326430470 2.320388522 -7.052193180 -0.080076949 0.839263344 -0.518911589 0.141263884 4.140250956 5.587948320 -0.481179151 6.126941356 2.437851594 5.334684670 5.575665159 3.609571827 3.750230278 2.932214099 4.548099817 -1.868056472 -0.961743341 9.427965641 6.550179174 1.704263633 6.029140232 3.626073999 5.427915598 5.200873818
-14.968754497 -3.538143278 -14.970058616 -0.238507503 -0.481780548 -0.570911808 -0.620533143 6.597630097 9.313714937 5.424215465 8.042948748 7.258082862 4.686867261 -2.246644921 3.200200072 6.281021662 1.783714364 3.256243587 0.887211998 2.468133691 9.664664969 4.384392697 3.377803370 8.131205952 2.556476757 0.529193149 4.739683365
-20.698935063 12.564545174 -11.970325244 0.809880468 0.228427121 -0.539665929 0.025987725 7.080152393 1.279447552 4.434786478 7.541706841 3.678776357 0.108238322 4.032850409 6.014271438 5.976442382 4.968925443 5.250154092 0.303502476 4.168350143 4.329123462 6.936003485 3.257006409 8.816726014 2.840076309 7.909241018 0.289780362
-18.333782548 6.037439666 -7.086917221 0.028934575 0.932483957 -0.311576217 -0.180434809 0.697231380 -2.067574683 2.043237974 6.099307355 11.149164638 6.876461222 4.088769445 7.105866612 9.247968289 6.821719082 5.723074457 3.108848272 1.675876432 5.039205804 6.606614732 7.235771713 0.007993532 2.214418252 1.449976795 5.552111721
-18.886368365 6.173857250 -6.611918523 -0.454109245 -0.233450616 0.562306123 -0.650459397 0.955675484 6.243520836 2.674099339 3.884756823 2.837792212 3.411883324 0.490150385 0.411949691 -0.405792313 -3.932908737 5.507125677 4.953643277 1.356950993 2.266816906 7.007740495 2.019133567 7.720149861 13.227580875 -1.034699807 1.163449940
-9.145782572 0.055010857 -19.608060659 0.714423941 0.476259809 -0.485075065 0.165762506 2.398535348 5.328827485 5.023854102 7.901238630 -3.091704618 11.127063062 2.449084577 2.241283219 7.971833703 -0.778765227 4.026494541 8.218396384 3.593585247 1.982207178 4.588042789 3.678857748 9.633562525 2.703945016 3.718068176 4.161833559
-18.283375883 5.552341466 -16.606261271 -0.616389936 -0.235007160 -0.557240678 0.504299423 11.521063053 3.215899696 3.156538036 4.709619814 0.166589052 8.955753277 3.070803807 3.340146506 2.381609828 -1.556024204 3.858654493 5.253685621 4.789142719 3.776926005 7.769518050 8.922704867 5.555872707 10.073015820 6.599120582 6.525080150
-18.593749671 0.560148326 -12.217789950 -0.442135202 0.336486342 0.608399799 0.566694882 8.688122212 4.089109806 2.247777695 0.047602029 -1.139964358 4.297779141 1.227898347 5.292124568 0.122290215 6.432354819 6.454542266 6.602920195 4.414478035 0.892679372 5.920063205 4.605611534 -2.603290715 4.619102831 8.748961169 -0.671548105
-21.411643797 3.649786118 -9.738273261 -0.456998039 0.257072935 -0.836007074 0.161735805 3.579780048 0.222936633 6.295975572 1.858012368 -3.899587383 4.963425500 6.122889332 -1.043230890 1.883539447 4.952567387 -0.588664689 2.427646001 6.642026216 7.227027938 2.583232671 5.903666622 5.160528458 6.874190231 8.700567263 2.740678082
-17.722791691 0.522380269 -21.181505955 -0.779224193 -0.051959882 0.125960656 0.611754641 5.328625905 5.924048975 6.122992429 1.634228943 5.399025774 7.869182626 5.575544670 3.464911486 0.825842839 6.166047673 4.384618475 3.418345341 8.614279483 -2.689307798 3.228111161 3.954953158 3.303605375 -0.634770755 5.928922246 7.384822809
-20.818509197 5.832578719 -16.418916757 0.753481601 -0.360604028 -0.290149213 -0.466951440 9.119065003 4.897833049 0.915035987 5.024353611 5.518880321 3.245832258 3.014743497 8.514006648 1.751976083 6.007479321 4.081301217 2.697535182 2.575893038 4.317308280 4.428604786 7.282987651 3.812449606 8.615314428 3.147102410 0.380777503
-21.895432577 -0.772499629 -13.559337387 -0.830744545 -0.510793126 -0.019661330 -0.220379932 7.045280641 1.089540199 8.637059887 0.555444960 6.515294788 4.030100670 2.806748173 2.397024842 4.544187593 7.012328949 6.819420576 -1.243042345 5.253486248 2.918854450 4.554876555 2.779843215 1.709194820 1.974350924 -0.354273146 -4.530846109
-19.354037073 -1.646349988 -14.726998709 -0.765224704 -0.082381146 0.422207083 0.478942249 3.599339177 -2.129104903 -1.457218488 1.604694134 11.350252800 1.667841281 3.832334386 1.262111991 1.743293187 1.794022349 -1.947142837 10.216804116 1.660177465 7.119779105 6.270781777 0.724942449 2.587762451 4.436056081 7.350662918 8.647073298
-14.571023568 6.261900822 -16.225639746 0.687388101 -0.228671172 -0.594884132 0.348310153 3.350161103 3.140849431 3.285471376 7.021783720 0.581990848 6.152270402 7.521364454 2.055312855 1.957724485 1.850694918 3.264598235 2.101739424 5.922982826 5.204037335 5.524454013 2.620754166 3.464486698 -0.389436761 8.254698629 1.992267877
-8.265606925 1.100504770 -14.249662359 -0.705125738 -0.500458079 0.502200597 0.011574332 0.537890795 4.828295475 4.589806053 -0.891696729 7.543734444 3.885990638 4.964747462 9.980731433 4.256459173 0.808200259 8.983524986 5.578259634 1.943787912 5.025223269 0.347776677 6.079665363 2.804754178 7.355656008 2.833369556 3.973773404
-15.610444800 2.901153756 -16.673676015 -0.302582691 -0.200572269 0.564930433 0.740991286 4.003450784 6.598931440 4.497195589 5.268496204 6.651369136 2.120963064 10.192361486 6.493750226 6.070264993 2.595256334 7.574662083 3.563745356 4.173476637 8.713975917 7.974231627 3.364320965 7.364605705 3.493766706 2.152881644 2.337028181
-21.035427366 -2.133162096 -14.578305429 -0.964217308 -0.206060735 -0.003609459 -0.166766088 4.609483332 -0.179705987 3.450016897 6.961725656 4.200301398 2.748209311 1.898387219 2.416392836 5.451945302 2.404358977 2.931969358 5.797941003 0.973634604 4.879625400 5.600679206 6.018020268 1.783809553 5.686952350 -0.005787227 5.887802095
-17.817382883 2.379542141 -4.711560824 -0.562622219 0.401014163 0.722122010 0.034404680 5.487865395 2.849182356 1.119708721 2.766079805 1.140869456 7.309724010 0.485932209 0.211941954 9.165441524 3.770932272 2.149457295 3.153650958 2.260977346 9.673802777 9.964731171 2.683693797 7.057353189 6.462832798 11.923568169 2.014422889
-13.939277540 7.228681945 -20.132733885 0.169838419 -0.315556099 -0.931238619 -0.066135434 -1.761961253 -2.712992029 5.719372373 9.010931193 3.666443823 2.694993035 -0.568249795 4.980516537 1.700912415 6.451394002 7.682886744 6.263824791 1.986442442 7.601953822 0.211040828 2.792866656 -1.394936029 0.385169266 3.508838860 4.021335031
-8.391466427 0.641683067 -9.461016891 -0.607353397 -0.402100870 -0.084576956 -0.679914318 5.908285945 5.730409483 4.887319918 3.671412138 2.631088875 6.730233533 1.054727440 5.967893025 -1.485020338 1.509112403 0.052436777 6.909333520 1.579430333 1.033320223 2.749229510 5.913334977 6.663858093 1.132009231 8.506588730 4.440305313
-16.482575337 5.584894690 -18.612604492 -0.084644289 -0.646309085 0.333288270 0.681203963 0.088971406 2.897598731 3.559620638 2.627364090 3.884948121 4.293492663 8.985819573 6.947818042 1.804365704 0.508379957 4.492103967 4.409277777 0.622971556 0.574126308 3.514509603 6.280652411 9.035427952 4.329098726 1.005044336 5.027727657
-16.022209693 7.344306051 -22.895170495 -0.769494699 -0.383597053 0.455106109 -0.231537554 0.277622463 2.153081594 6.282698938 0.581700291 5.757648444 6.282307897 5.698864608 5.772011213 -3.732877339 0.610401427 5.980447563 7.638650304 0.062838780 -0.092745901 2.482970540 -0.750928477 0.759980036 4.211610574 4.458166863 7.174794821
-21.601187944 3.535583470 -17.010264665 -0.882831295 0.132507463 0.450582693 -0.005090624 8.483029650 6.321355974 3.241348774 3.491015745 -1.295034229 3.540759609 1.798394538 3.183848382 -0.502631199 -0.075516229 5.251952410 7.217449209 2.557829581 6.951033881 1.833227967 4.664196889 4.088302151 2.806882170 4.509424915 0.087694972
-14.378945677 7.369454591 -19.318831140 -0.604570086 -0.785091014 -0.007160949 0.134446391 3.377934701 6.081756984 2.640915392 5.503225916 -1.447782821 -0.361390717 -0.439525923 9.474520922 0.148405170 10.678895540 9.750294040 -0.134577270 4.275273610 2.365005946 8.353039636 3.764443904 1.662297990 3.168247510 6.615567926 2.025620823
-14.227779069 2.781718579 -17.984592490 -0.206427933 -0.714410757 -0.603376866 0.287995027 4.339583122 2.666616625 3.871034736 3.201312073 5.273433610 0.170932488 -2.849352077 3.353993105 -0.044597908 0.448781096 -2.809728859 5.643254621 1.936925241 8.087540921 3.501652481 6.481874020 4.786826760 7.853803057 8.251366543 0.938173448
-19.317948642 5.642947691 -5.156451378 -0.229610893 0.849155067 -0.418549383 0.225900253 3.380546197 10.080844195 -1.265950521 8.954266174 3.727793021 3.537391834 1.818969109 -3.061591267 10.737476805 1.541030389 4.513602558 6.779701996 5.190693107 2.406093529 4.082296274 1.507451080 4.570975303 0.607498932 4.873367969 4.435363927
-14.779140980 7.834137604 -18.455850900 0.512258125 0.349141681 0.651083095 0.437929793 8.067900859 4.742603144 1.109958363 6.644495960 7.055814350 5.034426109 -1.732232695 4.844117376 4.997752835 5.950669042 1.681505172 2.486171335 5.147974684 2.448325529 4.869339333 8.229397096 0.312001306 7.770148313 4.396364459 -1.164170279
-7.854714155 7.170215250 -20.373884064 -0.212859998 0.759541873 0.609831424 -0.076761957 2.563003864 2.082266456 5.668663656 3.288804182 0.071835524 3.453647450 10.522985368 2.368069678 1.975016109 5.577092799 -0.815136878 4.145430088 5.584095194 0.351373193 8.256374986 -1.028662621 5.117373599 6.435784687 3.181246060 5.287454752
-9.432387032 6.474503268 -19.525628227 -0.261374769 0.159544148 0.873413155 0.378653344 10.706774082 6.096037281 3.067510452 1.856163078 4.800978389 2.577248656 2.135321645 -0.628855886 3.036682232 1.262472601 3.047653105 5.868996066 1.493388213 5.393203433 6.539504922 2.868140606 3.084436622 3.135813459 1.579977443 7.487899190
-12.084606759 -2.691327389 -13.203269235 -0.716776454 -0.277987595 0.624499236 -0.137677580 4.505111836 6.156554093 3.403880027 9.873902623 2.187988355 3.385315742 7.123680162 2.265722498 2.923181419 3.384419686 0.588301473 -1.481407145 2.856496514 2.467444372 3.672222804 5.880321151 5.964031903 2.306866115 3.332867071 3.381751784
-9.795836379 8.677112848 -15.347599033 -0.687443442 -0.036076219 0.341671097 -0.639828790 -0.169158704 2.129905612 4.602561213 5.618250178 5.916336351 4.001517031 7.689814716 2.964393183 4.094280437 4.955222358 3.915721106 6.592510747 12.174224852 7.135984724 -1.556952154 3.951700598 7.237223004 -0.428054292 1.424000260 1.766359992
-17.301782268 9.343253724 -16.662577712 -0.210452055 -0.643365731 0.726554518 -0.117936425 3.510218793 4.259518352 5.200835743 -0.319528626 4.133662901 5.221346155 2.011458767 3.437387121 11.042013674 2.935869543 4.583041565 9.694021095 5.743782302 3.159759176 4.933300816 2.793841162 7.157277735 8.940802591 3.865785263 5.407439781
-11.368567430 6.889446819 -19.021407989 0.484630391 0.601292448 -0.634619866 -0.028955174 4.138387170 5.367708408 0.538397801 4.831331022 10.038357099 0.717347325 7.902720709 3.493735135 6.619443655 3.260515492 1.582240419 0.877879550 3.230034928 2.646490327 7.792636909 5.489707978 6.680687149 6.092469450 4.333280168 3.363365498
-15.689009641 3.761869317 -17.052316149 0.515154572 -0.299198447 -0.728928079 0.337283133 14.123995102 4.877690498 8.457938808 4.391932318 4.136736807 3.151367945 1.671372225 1.460782297 10.482116748 4.184207909 2.521598151 5.716723861 7.942612504 4.050584714 -3.966317084 5.125389461 6.338408491 3.574076482 2.923079075 -5.139744462
-11.903774584 2.254525373 -20.477772713 0.571133489 -0.288424356 -0.602474099 -0.477119365 4.529647813 6.756866361 8.514349375 1.219737286 1.506840021 6.137783579 7.276774740 4.214899389 -2.388474634 0.862780387 4.200134359 2.674656602 4.811886547 3.242675086 6.149364526 5.741231421 4.966751037 7.002424776 0.280475251 0.260220118
-17.928157191 -1.942341315 -20.666466038 -0.364936726 -0.613306990 -0.697536399 -0.064177049 3.305324374 6.311911406 6.231913444 10.761352015 1.982185952 2.892803132 4.895907563 0.680079463 7.397748138 2.510859725 9.104947763 4.080281352 -1.442362394 6.194229144 1.165197565 -0.741991835 3.719960671 6.516019946 5.502714841 6.406933448
-20.086212520 4.942238685 -7.604936066 -0.557199745 0.419134587 -0.626458951 -0.348430515 1.362839324 6.492136064 4.752283963 3.538585249 -0.249465871 2.149060164 4.294936563 7.427752410 -0.745550442 -0.443411641 7.690771259 -1.163603144 6.588175447 4.311545151 2.425705680 1.630492207 5.716805476 -1.226400566 9.370225620 2.881161966
-10.906578985 3.395310788 -16.729448623 -0.936656937 0.012820856 0.204282613 0.284214747 0.544748706 6.171572436 6.183201557 -2.093651206 8.085978138 -1.224300180 3.552057785 1.963589217 5.197081920 0.312767008 3.856075045 6.644932004 7.787319142 1.337707854 7.193836909 2.816019782 3.478989452 9.692577047 4.740105424 4.120973880
-15.857600716 1.282101122 -19.998727326 0.519954176 0.748727780 -0.093580073 -0.400371248 8.940567241 5.369724001 4.182654099 0.327976618 3.094987838 9.292079047 6.167052323 4.613706891 -1.775892698 2.614147858 9.061473736 5.315270826 5.632166677 3.171586781 6.344070322 3.758633137 9.882467473 -1.683269228 8.654997773 3.278613096
-15.747682721 5.693068632 -6.074934258 -0.962408569 -0.010004449 -0.135496688 -0.235181427 5.074054843 9.563791580 -2.972152826 5.333132139 2.795036475 6.661137540 5.279984475 4.073357837 4.325563906 1.181754654 3.585359037 2.290385723 4.421449709 0.795972161 7.788632627 3.768447884 3.319181490 4.387217929 1.039913091 3.070629515
-18.327633709 -0.519776440 -8.152918980 -0.451718805 0.664875502 0.007177649 0.594843819 7.733932292 2.866655346 5.769187290 2.422978019 4.294519745 3.254805556 4.677006550 5.818955613 4.325742790 2.122802419 1.683838611 2.028769698 4.132876525 1.599428904 -1.345748547 5.782882393 4.823646354 7.708778639 3.686061934 3.194082580
-9.511358166 8.901608651 -13.796630626 -0.558785019 0.222354005 0.725066824 -0.335553423 6.619470168 6.834819821 1.640645404 8.693178629 0.916722063 6.193176591 7.280841406 0.647684539 10.016077168 7.791388309 5.511105329 1.536035636 4.946429377 4.194188713 3.902319624 3.999966333 4.789371999 1.754202237 -2.546836350 5.879633588
-21.211310791 10.548713578 -18.935554690 0.398322882 0.102405173 -0.519665155 0.748865935 2.736031553 8.515595719 2.070046831 7.054492775 0.856249555 2.204989975 5.413825297 0.564021735 1.518819780 0.828172776 4.666571234 -6.258164000 4.991958588 8.539628191 5.970509716 4.023388499 -1.454014879 7.742106161 2.010557636 7.312548026
-8.294028833 8.607092021 -12.092659881 0.271134220 0.562289775 -0.606616546 -0.492273105 7.348258148 7.595461747 2.923645563 4.979690659 4.656586324 9.424724225 3.431004197 4.389063793 6.963045087 2.232995704 3.607384771 8.289428790 2.366525963 1.792298957 4.025337521 2.223815455 2.071601293 5.965960862 6.183454962 1.057732735
-22.752348219 3.144244370 -16.139169917 -0.828853460 -0.311185036 0.435179452 -0.163660194 -2.899632187 2.410837722 3.915329735 3.823736118 8.297229255 7.363776028 7.953345266 -0.585290968 6.266258759 2.807503379 1.412320975 -3.065514647 2.050118153 5.714211295 6.561744931 2.346627578 2.495452577 7.108158886 5.931620769 3.990404635
-22.613791759 3.449873111 -12.193068799 -0.658081132 0.726931135 0.061607631 -0.186292377 4.960757411 6.350706354 3.845926839 -1.276541175 3.171606919 -2.568178158 5.413518599 10.915102266 6.257813417 7.296280936 0.331973674 9.395166027 -1.114033147 5.075017550 3.640953047 2.862781267 -2.215976869 3.295770429 3.652240638 0.245675038
-21.809662541 2.800080460 -8.131735567 0.084228200 -0.470285088 0.201927241 -0.854963704 3.858930587 1.975874789 9.114223909 11.884231591 6.092313173 3.186937589 9.718751858 4.634857791 4.952896772 4.292683415 0.484370933 6.605481062 0.422499566 4.693307353 4.316777665 0.424824642 6.772076291 -2.075879728 5.175027456 3.391646621
-19.693879298 3.061436461 -16.179002091 0.028326287 0.414806974 0.114479436 0.902234589 4.583945185 0.629605667 7.135925785 6.872172228 1.904146177 6.083681666 1.546212516 1.942513943 6.621565156 4.747148130 3.308371173 11.564503928 2.486410990 3.583420641 5.438566136 2.027715301 6.338457095 -0.857441957 -0.470294293 0.743479170
-17.907293181 7.272017320 -15.210977494 -0.208670832 0.665104350 -0.540616196 0.470984943 -1.010526510 5.853572804 5.070572755 2.391048975 4.875384053 7.222770687 6.654380339 0.443969640 4.277149699 -1.624674936 2.205428020 4.828810300 11.125654752 4.030155077 6.000093429 2.718279091 0.540433650 3.376748033 2.525458232 4.452058325
-8.676405525 1.697111414 -20.810741284 0.582257346 0.186209964 0.545204292 0.573632733 9.121817286 6.336483103 4.168464338 5.539979263 7.866147995 5.583983799 8.557598603 2.066101366 4.121048433 -0.020470888 12.113968605 3.198917636 4.097174188 4.294053628 10.083964659 1.257252235 7.940606816 1.228576857 6.495488780 2.223274481
-19.013706351 12.957346196 -13.833097317 0.083313078 0.651738415 0.751371311 0.061132007 0.920927515 5.282033892 7.969723620 1.195550311 8.725724361 1.562565365 2.367643126 3.569523586 3.202797306 1.836607818 -0.807210212 3.853078800 2.723500277 2.242993600 5.582063014 5.830402200 4.426910264 5.476683860 5.170131509 4.922454427
-17.024879672 6.002194976 -9.938224787 0.132827013 -0.421257025 0.828409679 0.344437089 5.547901764 6.758166500 6.889391066 5.296277530 6.378854473 8.825922636 7.940041765 3.116554436 4.946228092 4.235626505 5.661991202 4.029845230 7.372999383 8.026442430 6.091293714 2.405905428 2.564756696 9.570031322 2.122394031 -0.703354841
-17.487873814 3.160857160 -6.300278590 0.068496496 -0.658450984 0.551079968 -0.507997442 -0.369574821 2.369275445 5.155867133 7.363744733 6.429902173 0.048897288 5.402062752 -2.521789140 -0.434718523 6.379902692 5.667973555 2.912358990 5.079014698 3.768035937 2.541066634 1.553079361 4.466447099 0.151876754 3.784655932 5.711765453
-11.522775700 11.946316444 -8.926986520 0.256495718 -0.167695535 0.732343264 -0.608080174 1.940030454 5.404913410 4.235401366 7.129086383 0.226537434 1.727091498 -0.030642394 4.603926033 1.965464055 2.368634156 5.899303041 3.641486071 4.248754307 4.863165538 10.802902951 2.842252899 7.269295135 1.620022088 0.635823984 6.330457995
-12.970071709 -2.746863761 -8.225133394 -0.040609698 0.286201932 0.948965767 -0.126108209 6.563439133 1.080723100 4.991238020 1.720801047 4.146385833 4.611787910 7.467034678 6.031483927 2.554896365 0.346921022 2.250987149 3.812383320 3.042764577 4.037476218 5.509970235 4.437086669 8.495502560 -0.006295879 5.060043944 9.489187827
-16.648566097 1.959655266 -16.286380089 -0.498755658 0.102809332 -0.684276938 -0.521956040 3.061311725 -1.670671050 6.192647455 -1.082937472 4.917129485 -3.253032182 8.112039840 7.607866820 1.825958659 0.120241975 3.164277181 3.685286867 10.592756295 -0.562860429 8.599054060 6.342091901 1.639865078 3.995945536 1.750391992 5.985479001
-19.191992374 -2.883831114 -18.655185293 -0.241853677 0.539537225 -0.581217972 -0.559099321 5.086360660 5.949073202 9.249124392 4.572698471 3.441900057 6.543283047 2.232712616 1.806167641 -0.275855677 4.889602880 2.764607910 5.571677554 4.980182166 8.432372545 -1.894448134 -3.286395808 -0.883790025 4.237507969 7.393171904 6.514179844
-19.971651426 3.085673408 -15.564900316 0.272595284 0.076920458 -0.184879835 0.941060307 0.220551517 1.911210951 -2.552998299 5.379339424 1.429873440 1.451559069 8.455622552 2.775171314 3.683105648 3.193407865 3.515236888 2.553366087 1.240656786 4.385480984 1.995784260 4.032883845 3.526754591 4.444564263 4.907624333 6.785117980
-12.425211167 9.106504404 -17.780206975 0.333502179 -0.729529286 0.311553950 0.509408926 8.680622315 3.016227087 6.588325397 0.290810938 6.870699674 1.242085923 1.543787178 2.688701950 4.622855924 6.025092438 13.131907362 6.063481670 5.335052876 2.808663205 1.824533728 -0.170861168 3.493847739 10.520996500 4.244889900 4.111814096
-20.048477965 10.851311410 -14.527357901 -0.435990487 -0.697294544 -0.080389786 -0.563231832 7.862401633 7.231840050 4.322812698 1.545398771 4.138511001 3.911874698 5.775221620 8.216479542 0.452971422 3.242669486 3.315138056 3.095349711 4.598949779 5.353679137 3.439773812 4.469944585 3.642001771 1.281238456 0.206728354 2.507302296
-11.985497663 8.213505903 -16.395149647 -0.186821635 -0.831993905 -0.329779252 0.405128947 4.820327670 8.147247164 2.004550333 -0.361054606 2.461785968 4.441005475 4.852680466 5.710861235 0.578206611 3.205575601 4.776933397 2.699677885 -2.458557346 1.729442408 1.385034392 11.611309590 5.565922830 3.624901134 1.460047853 -0.266689320
-10.525495637 5.157416993 -5.442531081 -0.227681797 -0.598492410 0.572211618 0.512388230 2.481777421 4.573386475 8.957786768 3.808567482 7.687396448 5.262275881 -0.251611549 1.321280905 2.568653325 -1.843016553 5.911919535 0.484924065 6.438667993 6.153174300 -2.420840282 4.859737405 0.011624943 2.915768866 3.705519454 4.842708863
-15.049138345 1.765981812 -19.271479759 -0.847763050 -0.390902718 -0.321787941 -0.157941121 4.967106525 3.201388237 2.747485820 -2.944450048 7.647391182 6.083887708 4.649460550 3.277383922 4.412231294 10.371997521 6.874930886 4.992471419 4.673169333 6.270444014 6.623999882 1.331685028 2.798510587 6.655912309 6.216461999 2.694009541
-13.628713344 2.130603724 -6.127318763 -0.137708493 -0.915496582 0.350458556 0.141708082 5.823685502 7.377200724 6.714761144 2.655451924 4.413744149 4.477828906 6.427078526 4.634525811 0.853751320 6.489725823 5.791827451 3.428191043 1.611241086 2.374541008 -2.350136636 1.673510808 2.105976838 4.699886156 5.118389187 1.241849585
-18.589647482 9.377740417 -7.737910982 0.843531246 -0.212435368 -0.076961941 -0.487240302 2.635065592 7.900020353 5.844511664 2.568440234 3.131063400 3.083154019 4.548393764 2.758248059 2.464313414 2.572354368 5.807750981 5.650801863 2.869504136 3.301283002 2.742691135 7.682314172 5.096829647 5.788636624 -0.785101063 5.221576468
-15.015382068 7.195904577 -15.360182259 0.816974373 -0.246957638 -0.274285341 0.443094065 7.146411767 3.064667105 7.112857460 -0.938560797 3.453049705 11.730610473 0.578305234 4.155739469 4.889933496 9.209727421 10.616301548 2.564477266 11.178738869 2.053208535 6.604513019 2.055487497 3.270835258 1.554018510 5.110208481 7.328497481
-15.451740130 -1.628996260 -10.274157691 -0.125561792 -0.480982525 -0.848302898 -0.182406799 7.603184459 7.509746320 3.808172042 -1.359329782 -0.515761144 3.190342244 7.559854650 2.138186590 5.830396471 4.754015158 6.121537719 0.120928336 3.115362280 4.456614217 1.411417416 2.612980489 1.887972944 -2.027304245 1.205653847 6.548852626
-22.461975611 7.554012372 -15.020720933 -0.298828679 -0.273940643 -0.489014220 0.772349039 -0.229945452 2.874054540 3.446356310 2.038026492 -0.874739795 4.022319557 4.421363929 -0.474467619 2.379958521 1.220863879 2.933695262 0.355913749 7.346188991 0.311860604 3.794502213 -1.798703018 6.313484247 5.067022936 10.810750989 5.919686741
-15.515613286 3.551495381 -18.884138154 0.525942084 -0.315559847 -0.260377798 0.745660988 3.225881853 0.208573359 3.092817241 4.870898215 3.614235990 3.034046020 3.543984741 1.997943777 5.041026274 4.896136452 4.548986153 1.057655424 7.306597129 2.724680555 8.395099205 8.259303029 2.344370269 0.093355607 -0.440820331 7.657676734
-15.579728455 13.145600468 -15.867978968 0.265336379 0.390863063 0.826055590 0.307335053 -2.224736823 0.869051125 3.735185500 6.345461490 7.003666543 5.265333815 6.492205450 2.728914819 6.198303144 4.478294881 8.813297944 -2.200717127 1.813005589 -3.060173495 1.803710835 4.714285189 6.383808493 2.775105064 2.428697405 5.187742323
-17.892939537 7.525483182 -15.386210868 -0.770093652 -0.351470349 -0.519995620 0.114144279 2.424775375 5.351339707 -0.415293500 2.009836977 1.513871896 -2.695333087 -0.241338758 0.567313225 6.829984443 -0.265854867 1.485464473 -0.433821414 7.333113692 3.980358505 3.372644068 5.384092635 3.953504515 5.443166881 5.066367902 0.451896174
-17.105685972 -2.510889096 -10.144728789 -0.258341202 -0.875326313 0.024440265 0.408002870 1.008320259 4.495574901 3.855047487 5.068949165 1.555886110 2.412275287 6.484248100 3.585069668 5.155678048 -1.306472152 4.615359031 5.961893950 5.373457813 -1.296046484 4.281277777 1.300656273 2.829043045 8.116480478 7.609221846 5.047483764
-15.221413212 8.907293273 -17.819891173 -0.279551415 0.634317128 -0.719754798 0.038023911 2.486165055 2.497543402 2.601447358 -2.186112110 5.581948712 0.939417176 9.165573187 5.695701895 0.991325185 -3.221095976 3.772418444 2.057051317 6.797655433 3.325214107 -2.801848941 5.385735472 2.615653284 0.832505295 7.407874069 11.467630310
-15.172044776 -3.616559047 -15.124702277 0.252277992 0.358272256 -0.880446528 -0.181137289 3.984665186 5.982689980 7.286412948 2.306657520 7.046580442 0.907998641 3.568860294 2.340708984 3.617368473 5.443778827 1.508445427 11.147605168 7.502102194 -0.133141671 9.213656622 3.522628633 4.194366619 2.192055118 5.399427230 6.348817534
-17.696008668 7.077973660 -10.184327919 0.797570414 -0.059897843 0.103383809 -0.591274447 10.140454232 6.994286742 7.719695556 5.894499173 1.222189428 3.607977052 0.838023972 6.925581918 -0.178482575 2.529986923 7.057544928 4.015751739 4.465905249 3.829927579 1.055901121 3.547339124 4.248398206 5.940070129 5.896131670 4.313868020
-14.723112765 12.265566932 -12.403286162 -0.283634886 -0.730457707 0.184571608 0.593225177 2.258898016 -0.027714478 5.614141798 2.093086684 3.970721769 9.329216839 0.259772121 6.391372577 1.221060527 5.866319304 -0.354074773 7.766208362 0.356560765 1.791822554 7.124719842 1.517074978 5.232388596 3.259704577 1.915830243 3.613324971
-12.188605984 11.567610769 -11.622521087 0.382714095 0.847719604 -0.337416048 0.145092401 4.613427931 2.187197126 6.715317683 4.657938013 6.975770539 4.834240420 4.298561592 2.230905068 1.535729293 8.532119686 5.244118535 -0.387513823 -3.764902118 5.349791323 -1.786887721 9.243965081 10.128835626 5.579114659 2.575852331 4.454835900
-15.492599504 12.852139427 -11.161296565 -0.196495345 -0.692146061 0.693651044 -0.034229198 -1.314215255 4.296257396 2.432203906 0.969990656 -0.581801263 2.023444642 5.051409014 4.796434616 4.248541866 1.583417855 -0.314697582 2.209858157 3.104830575 9.240523520 0.007623355 6.409650099 1.646480267 4.236375471 7.019844309 5.275617922
-22.121196379 0.919143035 -17.537774971 0.038727263 0.505120102 -0.861922411 0.021062746 0.952063434 6.932302072 7.041421109 2.548352996 2.992086305 3.481097708 1.534640547 7.742600382 2.360544973 5.585631709 -0.312676826 3.330268467 5.888298810 2.737698804 0.264900740 4.354044214 5.996113291 2.119596826 -2.454270787 -1.558738993
-14.234861564 2.736574678 -13.243380661 -0.337417178 -0.006392167 -0.918691146 0.205220287 3.150228362 0.361126105 5.519368417 5.622973788 1.933633670 5.405453080 8.182200933 0.859207402 3.369470489 1.160232497 1.674573795 1.640314909 2.080803763 3.130251255 4.037524263 7.364688095 0.744901566 5.723211992 2.934469078 4.482746853
-13.049598356 -3.049010851 -11.845307524 -0.250554845 -0.337974859 -0.414632718 -0.806892170 6.135244060 1.922557482 2.415353851 5.112120242 -1.397834231 5.140191975 2.751755642 7.516868457 4.656456924 3.947429043 0.462416094 1.733412682 6.361916577 1.821022821 -2.527225281 3.639432294 8.382995656 4.821110141 2.829357035 2.894502206
-11.972045737 6.550816138 -16.721459460 -0.660416017 -0.123747058 -0.150649137 0.725149769 6.346559378 0.934836164 4.040254533 5.750130781 5.993943010 5.989789707 1.820848710 4.739802263 7.402961440 2.938831808 5.287479187 1.263875625 0.863760202 0.473139561 6.443631892 0.868594828 4.547240485 6.140994874 4.932846057 5.579919959
-17.318597192 9.297407944 -6.956349212 0.458240037 -0.507372030 -0.164009337 0.711119279 2.502326728 0.776111810 9.349045566 4.642289593 3.840325752 4.372707500 5.203565683 6.290122061 4.670791395 14.005272854 2.729759027 1.317910127 3.458341405 5.541112792 3.602926611 7.063618469 1.329393283 3.470901487 2.554344029 2.459979055
-13.129477446 -0.129355652 -21.284138589 0.755061848 0.606026357 0.034693462 0.247810461 -1.276407756 4.932334543 5.632883312 1.030048850 7.774782693 -0.190480193 -0.608391726 5.336707343 3.789688130 7.230028972 0.071239378 0.297961387 4.374539426 8.555023403 1.555195949 6.713007336 6.468062698 3.285951699 7.016587514 2.581291194
-12.182859936 3.694016591 -17.227364325 -0.522211176 -0.652243964 -0.116601232 -0.536914753 6.729233727 -0.140756665 3.116842059 3.638686875 2.070892043 1.441304618 3.403245362 -2.897187057 5.155998758 9.678588166 1.204352259 0.747112729 9.387889186 0.589655374 -4.013025972 3.564632825 3.994512921 6.975505645 1.033713548 -3.121599307
-16.813368006 9.884415057 -12.323375362 0.433345440 -0.139249967 0.641675351 0.617311850 8.611315540 5.953207926 8.182870226 6.194142787 0.282477786 6.073517862 0.851135378 3.681198953 2.615566552 6.930604114 3.423064398 -1.196393429 0.501037070 8.035566236 -4.312025470 0.677511498 1.609195684 3.693844065 0.271237760 6.124170712
-11.252249709 -1.451070784 -18.954219337 -0.950391518 -0.286817550 -0.054649937 -0.107261547 2.469404350 2.630979991 1.803508230 -0.567701733 6.405324320 -1.128758332 7.034328442 1.361186874 5.721235884 2.293755178 9.583469495 3.283503827 3.698621945 3.146200708 -1.245185422 6.301164071 2.544911326 2.827012096 6.125639897 5.848938369
