-31.040715258 -0.718636483 3.020755688 -0.859045478 0.109815032 0.490556803 0.096620646 4.263261803 2.405126798 9.967230943 6.462119921 4.053248662 2.967465442 3.128446518 1.501910503 6.599518104 6.253786618 5.786996594 8.434635339 8.357282425 7.100865962 6.776408580 7.483408639 1.569182409 1.012077554 2.876104559 0.947480466
-24.087659425 -1.836037536 -0.493622207 0.761130262 -0.447339923 0.250835378 0.397050792 2.952509480 -1.920792564 2.199082657 1.573721632 9.080499288 1.892385401 4.669327670 0.719446582 4.067832997 -0.384782593 1.814417846 6.992291875 4.133392374 0.474658632 -1.896453299 3.860382072 0.218879862 2.904364958 4.373612179 3.072419583
-27.740213303 -7.932970553 -1.636374063 -0.627198285 -0.009959747 -0.686227423 0.368259473 6.943106982 5.772838094 7.523225625 -2.748461262 -2.382391643 0.698629097 9.463387202 3.436206544 2.099458523 7.699224411 6.814298954 5.203406634 5.571615230 0.585929118 6.162380924 5.136075060 1.148833158 1.152158867 2.438095733 0.561639909
-30.217334049 0.604651005 -1.579659721 0.424275755 -0.641338658 -0.430517968 -0.472577072 4.452760488 3.083751647 10.223390350 7.074123281 0.859144716 5.639123904 1.347760740 2.214189973 4.259225859 -0.435310046 3.856326816 0.578693266 8.158424658 3.698122989 3.818050626 1.709798886 4.881828317 4.792491113 4.810696282 8.480684010
-30.193133846 -15.656615976 -3.668782889 0.441210094 0.596094293 0.670805121 -0.005073093 4.489010534 3.138568048 3.284318523 6.642628567 11.476566791 6.693688934 8.300088855 5.285056953 -0.104778266 0.145782241 8.147753810 1.767286323 1.152635584 1.300298877 4.760928349 1.125650210 3.658009679 4.064368807 2.407013929 8.638117776
-25.621950153 -1.805798518 -4.803571891 -0.635231662 -0.651217036 -0.389062842 -0.145007627 8.899383578 -0.110578471 4.012123549 6.403305894 3.501172073 3.697528396 4.647667593 6.152666751 2.737270214 0.711007392 4.522185021 6.888772012 8.861368508 3.532597187 -0.733642599 1.483980771 4.735543807 6.137690164 -3.179261529 3.163231968
-19.997327308 -11.959368625 0.747994075 -0.486874112 0.359549004 0.725691229 -0.327185503 -0.892707415 3.563130398 8.298446825 2.444200770 6.174286806 6.916519579 4.646954199 8.764095009 -1.876375921 10.818641615 2.847975150 -0.469786964 2.567929616 9.023222880 6.399236563 0.908180879 2.700825679 2.634469592 6.423733355 9.061375842
-35.510127395 -6.230490391 4.037981563 0.449212640 0.782374590 0.386310769 0.191994776 0.544907643 11.668426847 3.481638425 1.164828958 1.213414620 0.217406844 6.587541906 0.912777421 6.843032422 6.729838133 6.228129997 7.221828767 4.378859693 5.162977071 3.034465313 11.012721153 1.964638544 1.971576246 4.410228009 3.888397804
-28.859679414 -3.305930290 -0.662090650 -0.600394382 0.115353008 -0.791320840 0.005621233 2.799674372 4.392876779 7.005086833 5.211778624 -0.483640253 7.060190478 2.877222988 1.053829356 3.033171708 -0.621214470 4.138635427 10.110975365 4.131038821 -1.341448317 1.604890941 4.737902833 2.222168161 -3.592102430 2.565003081 2.176768920
-30.593709543 -13.501776686 -2.951705158 0.914124683 -0.018005504 0.273109197 0.299104049 4.182675967 8.213081010 3.148517981 -0.575142100 2.772144935 2.602836678 3.109854740 9.177422548 3.499330311 5.453446243 1.933308518 1.967442395 0.984060686 -1.199199628 2.737536849 9.620778190 8.372699636 2.713568795 7.512170026 5.435403690
-30.075980323 -2.260234886 -3.315737961 0.220567158 -0.599734402 0.303943563 -0.706602496 2.154406792 11.578721654 5.987140857 -0.623860343 4.558120023 1.830316328 0.301362279 1.768773840 0.279809132 2.242380673 0.790434697 6.304748129 1.205237863 7.136893376 2.778130115 -0.601323514 0.192759379 8.324517394 -1.407812721 2.723826688
-25.615675672 -9.277852560 -2.283828487 -0.654867057 0.568062081 -0.009015726 0.498370672 5.787561905 6.874491357 10.495500367 5.457933390 4.966822685 1.780713644 6.180655411 4.452775776 3.582975731 2.559028609 -3.146521704 2.906674618 0.867157900 -3.192103184 6.691013251 1.190719491 5.894150530 3.879538932 4.251184523 5.046565228
-21.559664155 -8.314854119 -3.650558968 0.581653425 -0.512937764 0.425964046 -0.465970788 2.915486555 8.081202171 3.764028151 2.256915871 -0.732028657 2.884621274 6.327666567 4.953655324 10.247444297 2.101236912 3.666237511 5.510694943 7.022792633 6.509961507 1.904011090 4.675592065 5.950691743 9.759845010 5.207907302 2.102197178
-26.320823026 -10.141540504 6.451767650 -0.636136812 -0.209343746 0.215592823 -0.710651030 -1.262579555 3.967071716 1.964201269 6.744185749 6.727812489 2.791738971 3.528338607 8.440845436 3.110269460 3.170532373 2.468366817 5.409886837 4.168885178 4.924825886 -0.133300790 -0.544523323 2.857630930 3.685271203 3.371105146 2.061303197
-22.489568110 -12.939263071 -0.274887675 0.781452389 -0.323363234 -0.442358485 -0.298475048 3.712357550 4.318546496 6.190583565 3.716658574 2.545538326 3.851830984 1.303948763 0.864834970 6.717420403 5.312043880 0.872181675 6.797945503 7.027811932 -0.679060390 3.434766102 1.460136015 -1.060680552 2.824596120 4.219776780 1.292735220
-23.136828331 -8.520025062 6.030341898 0.339908165 -0.675680219 0.002570535 0.654149885 8.832566633 9.089298333 3.792744919 5.194244266 5.685253600 4.172515447 5.308692693 1.328645837 5.692375377 2.626449634 0.453025713 5.072989272 -2.606882302 8.742729069 0.058853986 7.947362053 7.575947550 -1.282912020 8.460975038 4.186941194
-35.284616448 -7.592834259 2.376223521 0.917231559 0.322879337 0.047400058 0.228447884 1.199573403 3.813778497 2.740375854 -0.557726676 3.323742973 5.298671310 4.104801876 4.299140814 0.703204955 1.403698313 6.696068219 2.152357599 1.210151274 0.716669613 3.911891929 6.330886383 8.033857076 6.645764917 5.861163825 2.573191368
-29.314193244 -7.166502605 -7.014780707 0.306663567 -0.789113498 0.071612695 -0.527379337 1.640918911 5.488727883 2.805887437 9.954460881 5.114040062 1.407681262 4.289347810 4.383278549 -0.844124926 6.401848386 6.661035404 3.929820353 6.724966609 6.450802341 -1.738979358 3.192051966 5.839281936 9.433969335 6.426512395 -0.220432692
-23.740065420 -14.967869920 1.454981834 0.266268174 0.107653705 0.583150168 0.759899876 2.520376298 3.230306849 7.218259928 4.107282016 -4.634779681 1.455266574 3.580639086 3.093386931 6.503560014 6.130472370 2.253381249 4.975045764 1.211715417 0.625230250 5.940571743 3.344839903 -2.608966376 -0.095625242 2.112584405 5.239632181
-22.369256362 -6.298371761 -0.442292237 -0.378307897 0.716806910 -0.269597334 -0.519988719 6.933008725 3.884778424 3.678745085 3.196363669 9.732404893 0.585444468 5.938666627 8.556848104 -1.699656947 2.020133262 4.170911684 2.531044685 1.015858241 6.524788677 8.967780192 1.633977830 6.491450450 3.747760088 7.248593591 0.215341520
-29.889488163 -11.569142817 -3.890015860 0.434470631 0.843423719 -0.091512628 0.302484941 6.901552598 0.258054617 6.146485656 5.119843106 1.847150206 -0.629796528 2.222319347 -1.839163212 5.212575271 4.973158284 3.232651904 5.081082487 7.179565347 4.655292147 8.066325629 7.646737994 6.227259704 -2.289575117 7.145721187 3.847190508
-30.530118148 -17.520596665 1.210593984 -0.597120929 -0.125847946 0.081663171 -0.787997473 3.730737664 0.510022092 2.348644002 3.499919173 7.780392911 4.169544731 6.674434600 9.569134212 4.778405226 6.965864040 5.820452428 1.997001141 5.433014866 5.770659694 7.129671110 8.035079337 -3.189560474 5.930597321 9.267098043 6.357790924
-38.336649200 -12.964585596 1.337487624 0.218390810 0.079793269 0.893856465 0.383352460 -1.053768119 5.409692642 0.758838544 6.014536938 2.810703604 4.539214734 4.769500207 6.460648385 -1.437098712 5.580842286 7.022178418 5.900348612 2.752003292 2.584202983 3.093615079 8.798174461 3.810612836 3.745005170 5.311029393 2.635766696
-34.946260894 -11.222421778 -3.256528163 0.801006594 0.519178109 -0.023248530 -0.297156580 2.270548817 3.525132816 5.336634611 4.711176537 6.653300367 -0.271005630 7.085531108 6.531322072 2.136243227 4.275609300 13.522689346 4.923865861 2.277490538 0.393662126 5.336912724 0.116817543 2.029097173 1.062736859 7.380307284 5.880992437
-24.765736503 -9.004685798 -7.347733622 0.422044199 -0.360180358 -0.707599359 -0.437552227 -2.466588593 5.938644291 1.260771509 7.808082482 4.923456052 11.861329277 1.335328141 0.966668692 8.952246902 6.336576521 3.484393873 8.002561634 -0.454027278 5.990541762 3.517648298 1.211097573 7.179622395 5.162485651 3.095561649 2.088655637
-22.207959569 -5.154704988 -5.354405796 0.916238741 0.186692615 0.322045605 0.148118417 3.439506109 0.455337297 4.583180996 2.024384179 6.162786190 2.326229005 7.180882925 6.413845849 2.313558272 8.256860426 3.633457104 -0.198251466 6.007387264 4.897556966 5.288887529 4.974762324 6.859480786 2.936316634 1.558452029 1.279993059
-32.329038754 -9.386830834 4.154586418 0.259250808 -0.870077619 0.419123994 -0.009435749 3.449467110 3.455532042 1.352321741 3.653914068 0.770141888 5.493414413 0.324509139 5.125116120 3.989494528 9.277410348 6.850673141 1.820614954 3.582796131 1.113145276 1.569007139 5.453420396 4.741018224 2.551724244 5.849364831 6.688095856
-26.979228251 -14.969976067 6.924236735 0.529512151 0.349282764 -0.063169333 0.770472627 3.960160495 2.536757696 5.257003911 1.820339171 3.760105122 0.363135262 7.961228085 5.923325523 7.077691444 2.198000434 3.141462353 1.247134099 1.927162985 0.209165008 3.883866071 3.778007038 3.875056021 6.547899934 2.508081037 7.302249166
-26.364742361 -4.546959346 -4.348229057 0.256666395 0.065634186 -0.644283580 -0.717435142 0.729956600 2.958925666 4.055794999 -0.925539548 -1.155922495 0.830916686 2.116407981 4.369106018 6.974845927 4.966717586 -0.834372991 5.306912251 12.411226087 6.610706710 8.398833785 2.476165137 5.838116336 3.328130203 3.637582162 8.916491306
-28.958577671 -16.829527669 1.161545361 0.333652566 -0.927205396 -0.140193026 -0.096498879 6.204934744 4.131532706 8.963907545 3.728920006 5.234830354 7.804370587 2.042883767 1.519429191 1.465331326 1.303010395 3.277724823 4.449841110 6.228658427 3.772123404 7.224186354 3.623344141 4.672336063 7.121254189 -1.887251494 4.336482631
-27.645999199 -7.968615359 0.446260284 0.297014563 0.648141802 -0.285379706 0.640509935 9.158049062 4.266004848 5.996253803 1.816600502 4.576529619 0.874834621 5.472127214 5.972741360 7.436956356 2.661292469 4.994477868 4.197038882 6.749629174 5.348033388 -0.460906602 6.047684796 3.525902321 3.311040226 1.007942836 1.678868430
-26.261281946 -13.424442039 5.973898721 -0.514330012 -0.725967084 -0.403553216 -0.213497617 5.583024658 2.988037259 10.763954697 5.816780640 4.590641295 -1.206476170 3.808873070 5.405559328 8.026592488 -2.060401608 3.976409940 6.117625026 4.816466637 2.503730277 2.008030392 4.656774856 8.235076701 3.294593113 4.393774729 -0.531067704
-22.637082263 -9.672061798 0.186927546 0.161484907 0.899736543 -0.405051812 -0.018160629 2.293629768 0.171826423 2.370251090 7.513368556 5.545477545 0.308779114 8.209936759 4.157846100 7.426067275 11.400214983 -2.710320964 1.602862356 4.205299094 7.165200761 4.082465388 5.487894999 -1.567328437 4.669707503 9.502931975 -3.980480283
-33.521125522 -6.168454521 5.655405200 0.903553970 0.131866956 -0.219800246 -0.343349941 4.137986701 1.107846042 3.425819550 6.784892432 9.957704680 3.146039258 5.599962373 3.363584040 4.864957352 0.662534048 7.648537683 -3.384027158 5.550803742 2.326056173 -0.409392440 6.917561515 5.598977247 3.454693976 4.032612385 5.035690492
-30.208682263 -14.673310493 -1.869485390 0.616124909 0.421315432 -0.650218331 -0.141772794 2.157774002 0.050157331 4.968875255 2.193454892 4.270122639 6.017888003 3.633790132 6.237658445 0.612555668 5.458771678 2.809476532 5.064885492 -0.286232605 5.761350082 1.096602791 3.666356788 4.321999290 1.437646630 3.763144675 3.491154029
-36.349360993 -10.026586528 -0.673280802 0.391162897 0.571200649 -0.330003895 0.641731124 3.294973551 4.803428925 1.599174181 4.638934368 8.811358263 4.039851407 1.896349709 5.302450110 4.774462387 3.365164980 5.153816865 4.085349425 9.206478839 5.565040721 0.124302646 7.438632386 5.360110058 5.310016590 3.537597267 4.991072269
-23.316799907 -13.512254065 -5.302679540 -0.820630180 0.276709904 0.476429276 -0.151699973 7.134667849 2.131102071 3.133568776 4.445893152 6.543542992 -0.357068284 -0.271762850 6.802948868 6.717151374 9.553470280 8.259087555 3.313762894 -2.073069448 4.265864906 5.134643344 4.343769308 0.483941073 6.052680882 2.874264043 7.862164840
-22.608708600 -7.375904114 2.088944900 0.189261146 -0.058430495 0.975189579 -0.098850299 -1.690647029 3.744000475 11.415932434 -2.641018578 10.517839202 0.900735967 3.173308363 3.807606576 4.877819702 7.130743223 -1.294881421 1.037011361 4.310030456 6.235222372 0.513307586 0.146791602 5.150520366 1.782793151 4.067517842 8.007732255
-30.227783568 -0.177578138 4.085024736 0.028441443 0.610263977 0.541787470 -0.577265364 4.060257640 7.628032862 3.957564795 7.170409402 2.421077733 4.956388155 7.344483328 7.748238779 5.659411090 -0.223772975 6.032473547 5.366855386 4.030036951 0.743590349 -0.561844483 3.830575089 10.331848915 0.312023493 8.893203552 6.460361151
-26.577291720 -10.877044541 -2.900228420 0.416710687 0.473062928 0.350014850 0.692858769 1.708539834 3.155552491 7.680873946 2.520055508 2.968116036 -1.385590809 4.095695137 0.948682611 1.862841415 0.552075176 6.012058513 3.242624464 2.223134315 7.460473315 7.329204278 6.246903515 5.098510158 7.438821300 -2.270096821 1.490088579
-36.861874564 -14.643635235 -3.442310593 0.574712939 0.391143266 -0.376359158 0.612426132 0.857440258 3.965733936 3.282862540 1.020399585 1.652427137 5.021195753 0.174607400 3.912428900 3.895907544 4.950159941 5.528485934 7.317054368 6.139731587 -2.399028143 3.417148419 9.151838570 7.011964554 5.025664184 7.689699599 6.281449106
-27.991929333 -3.909970863 -3.326927226 -0.317284947 -0.708503548 0.543857212 0.318704123 2.966069366 4.624887028 3.059887543 5.034249166 6.366846396 -1.336215655 7.190250182 5.433837466 5.084261948 2.942810366 7.933889501 4.315539442 -1.492785894 -0.855486750 10.482662403 6.527773294 0.255294526 7.053504549 4.306212538 4.536345080
-24.442115043 -12.435477260 -1.594001578 0.736003580 -0.112675571 -0.457317686 0.486275108 3.544131009 1.200569194 0.153676012 4.119258033 2.271375002 2.806060835 6.371915862 7.030245268 0.579876829 4.228231421 9.875351448 1.271514305 5.650817125 -0.467445465 4.899152054 4.575023982 4.974432765 2.683298385 2.319512790 -0.279789516
-32.250701005 -1.148903491 -5.496916085 -0.708028523 0.008543588 0.356065879 -0.609786608 1.270859767 4.658177771 3.975098094 5.337712792 2.830748000 -0.678443484 7.326509099 2.391592598 6.768666823 5.065738671 4.016458688 7.463089925 1.784540113 0.785337164 6.287620931 8.297820253 5.675448031 7.878541917 5.403447516 2.416940364
-30.552514668 -10.172478410 1.079930074 -0.617502075 -0.190329060 -0.727239226 -0.231493291 1.432192750 7.341343403 10.245292874 2.518924499 3.314550799 2.475298570 3.123203408 -2.308467840 1.469370320 4.603152516 3.169331212 6.413548244 2.456222016 0.014447168 3.935688643 1.350833430 2.594326593 2.496436894 4.130984912 1.667996360
-25.610475698 -11.347660461 5.681955547 -0.103858780 0.938165126 -0.327489841 -0.042543545 7.918979978 2.920645171 2.058626550 5.888602665 7.895294307 4.836334924 2.865668251 0.483635566 5.589634292 3.075473603 6.780954232 6.476149944 3.752648128 4.625075719 0.313553431 3.096604539 4.770577620 0.872581060 9.161171061 2.444986916
-30.986039016 -6.576620600 8.656173752 0.762834300 -0.048823337 0.420467468 -0.488781363 8.601000580 5.016392596 8.422009798 0.040202012 2.769355618 1.959369513 5.648064840 3.832873740 -1.704930759 6.388327508 2.417107258 9.532683283 8.562287707 9.804255678 8.191419409 4.668183867 6.807722367 -0.479928909 2.519890288 5.033284653
-26.747568253 -0.594297826 3.574353938 0.583273455 0.043725292 0.273771320 -0.763498160 4.692844137 4.801591106 0.107851587 3.225484336 1.325933634 5.068373476 -3.381266796 7.421604944 2.860084364 4.945247495 1.240520790 6.098527834 6.572716127 5.899329685 9.083682898 4.228063346 7.696329847 4.204960434 6.970289469 -3.864040557
-31.416773256 -16.511910741 -0.684853036 -0.689516017 0.432043431 -0.012449201 -0.581163620 -1.605280618 7.706873562 0.913863254 1.501706859 2.110140642 2.470817389 4.098245653 2.774761493 -0.625907931 6.720681087 2.709480636 6.636582678 2.248429754 3.329945031 6.865104923 3.438934338 3.452897805 4.711235098 5.975164818 3.419710652
-23.196858975 -7.928402882 -5.986572380 0.304678984 -0.215661115 -0.871756051 -0.317336395 0.145213190 3.549181859 2.532314956 6.772165861 10.546043878 5.950142555 2.975781429 2.013593169 4.870106243 5.008383597 2.636532333 4.770620508 5.113804154 6.007409046 3.327387391 4.767501511 0.325226628 8.101044596 0.808036554 7.487615126
-32.537795119 -7.393372755 -7.877024531 -0.298352941 -0.522338916 0.614623559 -0.510279786 -1.232178770 2.652140511 10.965456913 6.535582043 6.413189642 5.723789794 7.900954114 0.797730094 3.371024542 5.954354702 6.677966768 6.059321956 5.394004189 6.514730059 3.912592880 2.143939292 8.360615417 -1.297925341 4.337982191 2.975879234
-37.442537574 -10.136647146 4.261055449 0.904521023 0.014296667 0.007055094 0.426130908 6.612628045 4.019722583 3.838698806 -4.097519817 2.222281064 8.975771255 6.303946481 2.986312510 2.416613420 1.523843522 3.911278144 4.473590808 6.895976098 2.850162997 7.435133662 5.081575360 2.999029769 4.160090474 4.309624518 3.253593154
-25.393798949 -9.518061417 -8.778876157 -0.841007319 0.262741744 0.158999451 0.445412887 2.580520491 3.837065412 5.606482283 7.097684252 0.361095508 3.770695761 8.986111289 2.201565503 4.544524682 2.433058780 -0.100808178 -0.438903412 8.336418690 1.352504697 4.672652509 0.536864158 0.710651142 3.380995836 6.424139815 5.043184960
-28.658193078 -3.532357262 5.335990878 -0.785642659 -0.607051740 -0.082988687 -0.085829337 1.782785408 6.387184852 2.263569395 2.669478431 3.802488744 2.989757198 0.437218085 2.016874603 5.190689671 2.106103777 4.015582546 8.376263474 1.755612836 -1.101149945 5.196642995 5.554371194 0.675370994 3.540798434 4.945900679 8.684120857
-31.484375823 -17.534765165 -2.158902564 -0.311462070 -0.047263560 0.175357963 0.932741722 4.146569607 2.963573153 7.302919059 6.023131178 2.869195835 8.443658215 5.044704990 9.678299051 8.985135589 3.432714294 4.372267760 2.249575429 0.023238483 5.592369115 7.943966884 4.733238576 1.471656080 5.920783552 3.558635092 2.281667820
-28.012312123 -13.887199668 1.829060005 0.599550909 -0.451803632 0.057252972 -0.658129382 4.915056551 0.331674281 0.972925943 3.110981278 3.580906982 7.645810896 0.081846853 2.602159964 2.720396025 8.074775302 0.835333511 7.004700547 2.356544641 2.792101531 5.017871432 8.511638689 6.344983402 0.959827820 5.034698551 2.409163966
-36.347442051 -8.220871753 -2.268794927 0.288748825 0.373529253 0.263487474 -0.841233835 3.984311864 1.266204919 -1.083370143 9.309949164 4.931050602 3.315107480 -2.557892020 6.073380315 4.098865998 4.757768614 1.782243172 5.114443524 3.250345981 4.139145946 0.505088277 10.859426073 6.175872088 -0.421147833 4.541493776 0.055335613
-27.269304119 -2.256837720 0.487359853 -0.428013332 0.461534526 -0.754163312 -0.187158134 -2.824317912 8.362043756 8.162631392 1.174504058 -0.512619419 4.553903012 -0.155489126 5.611830551 2.140963443 3.106086788 7.201662558 2.059222776 0.224417198 5.332090094 2.507523438 5.252737670 9.470966190 7.064563643 -1.919010241 6.575201454
-25.937635339 -15.865043120 -6.028659794 0.141440497 0.414021761 0.569857931 0.695587885 3.522070706 1.885604374 9.483689242 0.142505488 2.651700707 0.463258074 11.510255974 7.037681583 8.615755479 4.543797480 1.065565080 8.142120000 8.100655245 4.468674294 5.814237992 3.993936017 10.359745499 3.219157665 6.051076790 7.895076889
-33.529306306 -7.534941225 7.194741516 0.191347339 -0.292617527 0.534042578 -0.769778997 8.575411489 2.732945688 5.360418654 6.183715114 2.247000178 5.086795173 3.150590077 2.526867991 5.360128404 4.483871353 3.209527302 -0.275365991 0.096603114 5.083693135 7.193151161 7.354910734 3.552424162 -0.924795633 2.071475496 4.714881122
-24.428553217 -6.698458836 0.897225908 -0.692172996 -0.717354156 -0.008472471 0.078916257 5.967798101 4.634278376 8.030868642 1.084517723 4.902163937 1.456545010 6.163128677 2.027077362 4.502675054 2.376991771 3.914066750 -1.425897568 6.189444181 3.042946221 7.004043124 8.896812290 3.024820986 4.879239618 2.979378594 7.908487307
-34.794048504 -12.262047455 3.250403775 0.382890401 0.894053243 0.036193582 0.229681877 3.267339432 6.756348231 2.949087608 2.218048762 -0.324759423 2.799133617 0.966886457 7.102389729 7.950540578 -4.552832495 6.116716153 8.157653493 1.560731147 3.261063205 3.867088610 5.866106740 8.041392108 8.854717316 1.245255441 8.384398314
-29.289031282 -0.222214472 -0.179542739 -0.942167793 0.234972696 -0.033871128 0.236559565 1.289992665 4.409625295 0.908011874 4.466058528 3.371530702 2.763470895 11.456428846 3.769247893 7.898417600 4.614148086 4.437264154 0.427770236 7.199724403 4.848509300 2.517242702 2.823808654 0.685447358 1.728434634 4.793870500 1.741478125
-33.410972572 -7.518892830 -6.048098407 -0.202337054 0.307133211 -0.928288097 -0.054864529 1.785253841 1.583404914 3.846188799 3.174769494 4.122776513 1.001271632 1.542451215 6.189269814 7.657302706 8.744310342 4.325712959 2.801541551 6.565462971 3.512364173 12.428360459 1.983828711 8.090391080 3.500216570 -0.066891525 4.473855480
-25.762790967 -8.957388167 1.956102500 -0.581749962 0.670067195 -0.202597831 0.414163078 4.654616354 0.215155114 0.841998802 3.967289376 0.761163831 4.097228261 5.409026878 3.696287571 -2.666034270 1.667007478 7.877461807 5.868573856 1.875411132 5.661031597 4.756778165 3.370739927 4.964245923 4.377670830 7.787261775 -0.765598603
-24.568382373 -14.242380112 2.904756146 0.151041468 -0.792711794 0.068124296 0.586646031 1.254786342 3.830256692 5.370774211 3.183980466 4.167806440 3.288951938 3.631806510 5.891602626 4.062697973 1.752985392 5.783235106 1.618975211 0.557478764 0.458549996 3.818801568 5.957563803 2.214195843 4.460439030 2.679965769 7.022622898
-35.131364090 -10.197931903 7.323243040 -0.396237449 -0.159149562 -0.546070895 -0.720745363 -2.668953358 8.997619219 6.825964439 4.063596993 0.315097085 2.507077731 5.822738269 5.147976041 4.828995807 3.593523298 6.007285713 10.247625751 4.260891030 4.325209905 5.744864592 11.570453794 4.259429868 3.773515116 0.631565349 -0.504827956
-26.141399695 -4.354558022 -0.048151437 -0.656454439 0.328177412 -0.605485191 0.307822741 0.516995160 0.690767564 -6.868404305 4.833054017 7.283241721 2.508473713 -1.233729890 7.275232740 5.765645039 -1.422428817 -0.740110190 2.679896924 -1.697636738 3.364859124 8.072608463 3.044168109 5.577245041 -0.144513466 4.881679029 2.365628558
-29.949820420 -12.846857988 5.935095102 0.264490013 -0.118533537 -0.494674662 0.819323997 8.341303791 1.467954548 6.456035531 8.948124588 3.920284760 6.887803706 2.155142908 1.818473645 3.402364350 4.330493433 5.240886494 3.937242749 4.940571523 6.517175768 0.989384567 5.945576731 6.243199732 1.274403152 3.774330257 6.857161114
-23.457545480 -5.713650533 5.594733096 0.016595852 0.479980115 0.764850165 -0.429357533 -0.224761127 6.653910910 3.757572768 3.781565880 4.443975532 5.174146395 -4.998944337 2.943681319 3.835746318 1.714596066 5.885258086 7.882773110 6.106681141 1.317055338 5.010052683 4.337861203 5.465447083 6.248570295 7.473303661 -0.697237258
-26.675562257 -14.791683002 -3.598774123 -0.385969710 0.666373088 -0.519278611 0.370572548 4.310560127 1.811342402 6.151226857 6.249604162 -1.674748475 0.144620124 0.434566615 1.370602346 4.920279560 4.431244889 8.115127991 7.190526247 -1.413616814 -1.309496655 5.991915311 6.459262639 -2.919793729 2.655245452 4.175481555 6.158942171
-34.437810721 -11.147253926 1.830030314 0.139012852 -0.670963858 -0.341895731 0.643109817 6.163304478 8.368638319 9.682721849 2.956092194 1.383265125 7.442789655 9.201126524 5.321264551 7.120957495 5.143994759 4.232659532 5.849578275 4.247559784 4.662886558 1.548978088 3.722106932 2.379673676 8.534833709 6.006483393 5.058551599
-30.166194186 -8.362676081 -8.555471736 0.413804786 0.510218835 -0.742353997 -0.131730341 2.597512886 2.555455638 8.316181124 7.279695368 4.119948156 7.403195809 6.275249819 3.322758383 3.749897967 0.297771407 1.303259632 0.740316259 0.475526252 2.688039935 0.570256732 10.360882674 6.384097267 7.572209822 3.215513659 1.137613785
-29.054330407 -17.444758301 0.382782018 0.431792850 -0.598594408 0.310791698 -0.598872432 5.884112238 -1.263926873 7.221051590 5.462251509 2.854945410 -0.882053129 3.004141563 8.924267816 5.041998298 9.446935689 5.588326982 0.142129202 2.014645965 4.373522073 4.157012585 0.501861145 4.439180193 3.802687646 1.263869648 3.399984550
-32.405351144 -3.927329711 -2.666555566 -0.132346811 -0.838290300 -0.500239540 -0.171796671 4.117908145 4.011574775 5.444021185 5.561160940 5.798248029 4.428677186 4.021544568 5.735163312 11.055038284 6.090875956 1.217872796 11.251051697 4.024173920 8.148060675 5.343010664 0.250011617 4.978968099 3.922457902 6.369541120 1.629500645
-22.925184464 -3.847159902 -2.452450495 0.460524026 -0.765358344 -0.072599159 0.443704394 5.219413571 4.538284321 0.466618771 6.863446068 7.175374294 5.789462824 5.355306545 4.704437829 2.501632649 3.352977889 5.376038143 4.764378222 2.529034653 6.726996976 -0.918254614 3.558347850 4.118963775 8.924265343 7.441008391 6.102330373
-35.618492152 -6.825875264 0.819156599 -0.389445268 -0.222060396 0.524763185 -0.723633307 3.900135902 -0.572495344 5.678514592 1.813275367 2.982478595 10.357831380 7.328800322 4.436390358 0.350355252 3.246343224 3.422111202 5.065207715 0.904134219 5.854305145 6.065139688 7.376433853 1.661354451 4.590646636 5.118959731 5.849069003
-36.855719969 -4.732534637 -4.847865244 0.474239355 0.233138457 0.724393141 -0.442716695 3.055219254 4.927826576 4.030929434 2.848593551 2.998809540 7.364181519 3.958161827 2.446214580 3.455767182 7.326120734 0.429663091 3.784614014 3.363238107 6.885660982 3.977201947 6.978885048 3.164038483 4.443154934 1.965512576 -0.058983890
-26.656847775 -16.272677784 1.415890406 0.103982816 0.209243997 -0.377205100 -0.896170093 1.174014847 3.457397681 -0.242993997 4.271694139 9.468115441 5.098292138 8.301686070 4.502120609 2.707705352 4.450094728 8.206128132 6.760885937 1.562908436 4.741356120 1.347743255 0.774748466 2.109241553 4.363741425 4.344577069 -2.924561329
-25.714222230 -7.102291797 -4.364474318 0.806289281 0.530024386 -0.093366869 -0.245467663 7.562158894 7.889877684 4.722113359 2.383421524 4.682816318 8.699820441 1.777661195 2.433507346 1.034705126 4.084147690 5.648551499 -2.316793796 0.003669842 -2.795476025 5.718757211 1.895080847 2.968989469 7.066942573 6.363333237 6.738068038
-31.343752218 -6.798401762 -6.318248454 -0.498685955 0.316707716 -0.667461882 -0.453324582 4.028474198 6.536089594 7.302518291 -1.708707402 6.661385744 4.871389019 3.996794026 9.057828172 0.932019472 4.685005814 -0.961471292 8.875041098 5.511555604 2.659010046 2.679476615 5.396242018 4.200462894 0.479382168 2.114312278 5.883905963
-34.105384190 -7.879456180 7.709953894 0.058329203 -0.065040806 -0.881350773 0.464314778 8.204778368 -0.533525004 3.170897962 1.741354178 3.302059302 3.802072904 4.515470063 3.976509105 6.734730861 4.673667764 1.587874940 5.152575141 2.870871563 2.103184466 -0.593931449 4.349761132 1.557686154 0.639343882 3.507378852 5.184289870
-24.371063305 -15.462721636 -4.794820777 -0.117407362 -0.411346818 0.871476190 -0.239871959 6.103829913 8.634358285 0.638673282 0.612719577 6.017368005 3.616791704 1.046394227 0.905510679 6.058709570 4.600985952 7.015331025 -0.879316570 6.771210906 -0.321889548 5.187356461 8.333198094 8.453709227 10.625906886 3.062883240 3.513979822
-23.811377144 -2.866965721 -2.124804895 0.428504331 -0.165135831 -0.828210248 0.321219522 3.873083995 1.896444060 3.355273639 4.032595175 3.888486813 -1.407625729 -1.242039025 4.107445450 3.368636499 7.917596999 6.689072621 1.379848500 1.392441959 -1.328676435 5.619856533 -2.538013649 -1.547558525 8.251691917 -0.288573540 -0.418609333
-23.826321625 -12.700234815 5.786714112 -0.599380578 0.645711646 0.320112498 -0.348320802 -0.984239971 8.335789909 1.932526127 5.526725622 3.108025820 8.243860091 6.296587545 2.005228661 4.873456756 1.388879880 6.641676359 -2.002438428 5.848366272 -1.283392888 7.993167799 5.607695459 6.371706771 7.897752515 6.322127391 4.500991960
-25.775445082 -4.135105969 -4.134734709 -0.126881379 0.954107537 -0.050870428 0.266443471 3.385482533 6.013973654 -0.653723278 5.106619555 3.585494635 2.826687421 -2.423981110 7.997525595 9.681205922 4.858036434 5.769805795 5.879272498 3.799310454 4.201319366 -1.907427765 3.553301511 0.390193929 9.515982931 1.716124284 6.724762059
-27.389803518 -1.090047298 -3.207168356 0.429532118 0.286822882 0.596444950 0.614400697 1.300605603 4.579515725 3.971784521 2.714132789 9.901108189 3.869610382 3.761452825 5.925716158 7.072233973 7.840948385 1.605839182 2.398996254 6.598454253 10.215789535 1.647805526 2.402119871 0.302918410 5.805141403 2.679506977 5.368964668
-26.345951583 -17.240702775 -0.786473453 -0.215698165 0.017008389 0.138961085 0.966371995 8.040885370 0.593323984 3.202167529 5.805521894 1.410825166 7.031572890 4.120189855 3.262746106 6.932652382 2.522569529 1.445488245 3.781333490 4.865382097 1.282354142 1.046827432 4.792763333 4.067859481 4.032295606 5.609270965 1.434192278
-31.283136272 -1.336767599 -1.802738526 0.505723184 -0.104869786 0.116912916 -0.848279293 5.246331086 2.876975836 -0.767414380 11.505690424 1.908869661 5.844056432 4.275364763 4.392564181 1.199199097 0.627156901 -1.344936178 5.810433011 1.144042967 6.468497855 8.539487733 3.322830358 4.786491153 6.245111774 1.640946301 5.948231231
-26.457105692 -5.942659560 -0.174891147 -0.191583515 -0.344721984 0.608565498 -0.688556857 -0.487397282 3.973287224 -3.745653979 -4.625608794 4.793648025 2.884759306 3.053688464 0.592471417 4.447427208 -1.412361740 3.643302964 5.674622034 8.641994176 4.724271012 3.465408736 8.166595925 2.405190124 1.452817613 4.283324116 -2.994950991
-25.661388695 -14.484920382 -1.487950701 0.057571513 -0.870622611 0.242880065 -0.423923418 5.432098314 5.600332738 1.799532328 -1.110345080 6.884043856 4.339643137 4.208523111 2.649600193 3.875050824 5.094303423 4.151789015 4.360890824 4.620759497 3.019374257 3.440392686 1.749321807 8.033598851 8.133561438 3.855987690 4.381139781
-32.338483884 -12.606548142 7.196084671 0.390327898 0.346928329 0.794224117 0.310633093 4.964730814 1.295563571 7.157525644 6.403688279 7.876383000 5.574426094 1.298788755 -0.249177700 2.105672517 12.856246805 4.360749742 -0.570983639 1.212480856 3.712812866 3.866250908 5.304258402 9.074510972 5.048392756 6.318546632 7.645070939
-24.646418178 -9.303323762 -2.080532047 -0.497669003 0.149073821 -0.572786690 -0.634048868 3.686493144 0.786253729 3.119729109 3.836358715 6.406428779 4.547846439 2.181861756 2.968236619 -1.337113116 6.627585386 0.144020146 2.789741075 8.451523530 1.035137613 4.796794934 7.416694679 5.594656017 8.486412901 7.552701551 4.477857472
-33.390911275 -4.853750285 -6.486974630 0.459056408 -0.165307636 0.397000661 -0.777387339 2.318566412 1.499281934 10.866361054 2.559992105 0.063482476 4.108516517 2.108891287 10.405179844 6.518766513 5.273229372 1.953670385 6.730479093 0.413615372 4.311114576 0.691954502 6.060379381 1.973128218 6.161364607 6.982479797 6.650722224
-28.107534785 -11.937267779 5.511269139 0.280523799 -0.351036303 0.321874232 0.833352801 7.984374339 2.251058236 0.402686425 2.801591907 4.296411725 4.602676508 2.271453581 7.403955995 7.202514874 9.297157628 3.882129916 8.681015132 5.881405909 -0.571942284 1.913982286 4.706449268 8.055851725 0.275076125 -1.880096096 8.879737603
-29.307151845 -9.634831622 0.773325095 0.678748168 0.041583213 0.005780900 -0.733170064 10.606763980 5.516582236 1.531916543 1.369276908 6.320003784 6.023719584 7.397290962 1.705160560 3.384012828 6.400634304 2.652545775 3.444745130 -0.932334539 -1.133448027 1.504324931 4.670192059 4.169319860 0.781451778 2.552938018 3.901225225
-29.192895792 -8.928606079 -1.044106439 0.288136820 -0.706802642 0.147433183 -0.629023573 8.147978959 5.370071205 3.284023108 10.883331501 0.249160625 6.648569155 6.930300104 9.044996804 2.781785546 1.421203738 4.506015038 4.832455056 1.519020337 3.376032712 7.753128964 2.856987518 7.849488345 1.705259201 3.805039717 0.071197118
-22.069371123 -9.895239034 2.400892044 -0.474578406 -0.800312914 -0.332778418 0.153405019 8.804608231 -0.688494682 7.258276282 -1.328022746 7.309668140 2.937738626 0.156856984 0.920508692 4.589943532 6.020606697 1.474641216 7.353791794 5.966375567 2.061214236 1.581836755 4.183364686 0.978967375 4.198549946 6.649680522 2.799769885
-30.536984879 -14.592134288 -0.736967825 -0.096255785 -0.420934845 0.897806397 -0.086558386 1.819515966 0.537511086 10.431693321 5.604228780 6.602065497 5.345534478 6.906250360 1.008847360 3.266169340 6.865506945 2.282718733 6.137980144 6.571939302 3.421951441 4.416081491 5.922999732 1.953945227 6.086568712 -1.278758456 3.739103874
-39.049807469 -8.210504353 -0.120624159 -0.649466176 -0.267580730 -0.211954724 -0.679462607 4.814818590 6.611023593 3.419021633 5.387192138 5.770575972 2.600424668 -0.737685166 5.761704083 0.504396534 7.636910783 -1.636840687 3.077540553 5.059883502 5.409734307 4.698467050 -1.964596413 2.220600750 1.662746404 1.711821105 -0.236244478
-30.486505121 -11.579104683 -6.707215223 -0.131633879 0.780621813 -0.243893248 0.560194780 1.667546031 5.600005246 1.591256369 6.109197574 6.862045991 5.721163478 5.817417839 3.630092996 6.897354925 5.723032671 7.089844103 4.167006908 1.049691334 1.796988315 -3.118252469 4.312371035 0.433551046 4.600499097 3.843987085 -3.210516122
-25.808557829 -5.268287572 -0.084669571 -0.263914769 -0.694473418 0.403886435 -0.533789672 3.364780456 3.655444671 4.875048358 6.251239632 2.497835821 0.831374087 -0.438515331 -3.471234240 4.098619719 -0.749132445 6.808573585 6.086299078 4.221446477 -0.538671992 2.272414451 1.990934538 3.824237478 3.384486423 3.509170061 5.876748255
-26.499915033 -8.494244380 -0.498378638 -0.109144113 -0.575563011 -0.400787409 -0.704403461 3.933208082 -0.173712384 -0.649162692 8.074479832 6.173535439 3.047388130 3.156462747 9.843424339 4.450232656 6.145131175 7.554504282 1.004723264 4.440956576 5.284427175 6.817711539 3.771331558 2.089009441 6.468500686 5.534611876 10.004531455
-31.804955069 -11.743649471 -2.989943238 -0.038283676 0.324136761 0.728175835 0.602685386 2.543574842 3.740913358 5.129023093 8.141495344 2.644346874 0.914088443 4.530466184 5.975500299 4.637580514 6.128041934 4.326506979 3.563603071 4.112295396 6.877592999 4.115479688 11.161102347 -1.158531204 3.636574106 5.428143892 4.315264808
-27.258790783 -0.402288735 0.322717133 -0.360182058 0.259448479 -0.894323149 0.056048873 -3.313451003 8.125819937 5.984941838 3.597787582 0.322843647 1.414937601 0.011483866 7.053164348 0.122720768 3.650440675 4.462914812 4.127316438 1.315024449 4.305890589 6.647429727 5.179525292 6.551117828 5.629078921 2.234638494 1.446379401
-25.442952577 -6.912468637 -5.258444808 0.530545703 -0.662663196 0.325528193 0.416449446 3.249163070 1.505859280 0.548398791 7.041398816 2.554464447 8.965451594 3.091774375 6.357360160 3.906378654 7.131977034 8.433641527 6.630172462 6.303678513 6.092202640 10.676721823 1.228137489 7.560124326 1.271770921 1.777994197 3.036550120
-35.285638301 -7.067431060 4.019737194 0.802487358 0.263399743 0.294782636 0.446920365 2.880860472 0.572132828 3.172685112 0.333445120 5.066069046 1.551918427 0.816539277 4.345539439 3.574179888 2.497558200 8.602284975 4.801497670 3.273819609 3.917599589 -1.813623686 1.294632805 3.431924004 6.934908201 6.143509728 -1.642242925
-29.669163178 -14.851131252 -7.232131100 0.381660770 0.471800544 0.672383906 -0.423838632 4.501302677 0.539860564 7.584852550 0.084893357 0.859952338 -1.062909324 0.920882188 5.253726436 5.218354719 6.485414060 -0.329514552 4.133015372 11.800667967 12.031764979 5.170152084 1.808776514 0.410555219 4.798126009 -1.900658957 0.558418948
-32.039235729 -10.608758502 0.102232835 -0.314349201 -0.366365322 0.443357142 0.755245308 9.852734440 3.885677664 3.666883720 7.758411445 4.719834583 0.498001771 4.357254432 -2.027022621 3.055875952 5.402437049 3.206103316 6.743323988 8.526217548 7.058331908 3.749190183 6.262586820 2.296254758 3.995633865 3.299995506 5.015251501
-29.698171862 -9.289418456 -5.282667563 -0.440622565 -0.409206424 -0.386989776 -0.699028448 3.715744687 4.598613547 4.499847360 2.161694678 5.131009631 5.874701788 9.140106430 6.923074137 -2.341291019 3.118130433 -0.381369983 3.706555148 -0.150471382 6.947252290 1.619596826 1.203284968 0.533910621 8.171241038 5.278524604 5.849848432
-23.619699867 -15.055775287 -1.104343819 -0.611535927 -0.170249644 -0.075326239 0.769002488 -0.234203198 8.100596910 2.633507133 -1.401875986 4.640165185 4.098288299 -0.147845725 1.885901091 2.252215669 1.734557706 3.622304348 9.450907760 4.823194801 5.174505938 1.409831211 4.271001440 5.690199599 2.889559026 6.556049556 5.432932300
-27.998858626 -12.711071790 2.232429803 0.754503052 0.522230100 0.080063534 -0.389346502 2.399112759 7.941157685 6.082702633 6.642932280 2.708692808 1.252710031 6.385318476 5.894016629 3.840806557 4.476042669 4.044960395 5.128473305 6.602036340 -0.289698859 5.491531645 0.553608949 -2.915069746 2.902085612 4.013520202 8.588493189
-28.296354318 -18.014287241 -1.176432866 -0.502129043 -0.427098116 0.389361040 0.643312990 4.083989270 2.311895442 6.655739104 1.002971220 2.663317218 -0.496207299 3.374639432 3.110728126 7.283239303 3.711382339 3.376542577 7.797498877 2.483458296 5.103412324 2.425736409 6.797336056 4.701623392 2.729625894 5.593159911 6.093335017
-30.873038802 -7.523176156 0.139142262 0.211523627 0.075655282 0.602212448 -0.766077151 1.973253383 1.992524239 3.052792301 1.532422483 5.944986500 4.646020678 0.819875297 8.796552086 1.745184727 0.804718083 5.087708890 12.552502716 2.431604438 3.665567048 4.874295764 -1.392586448 0.694273559 2.140506893 4.990783674 -3.174001556
-21.516993840 -12.343936871 0.164630243 -0.546256508 0.531199781 -0.516626874 0.390547428 12.623659113 5.411297028 3.490203686 8.660575146 4.222167031 5.182881788 4.101250047 5.677556797 3.421079317 6.041893126 4.137458891 6.455098624 3.078644990 7.404843688 3.362067720 6.157538423 9.540348788 1.527728921 5.718440040 5.397581664
-37.158817094 -9.583094329 4.251896668 0.916997904 0.116308696 0.316463207 0.213162309 2.648997321 3.670642318 8.268180115 3.157609319 3.477437413 1.657538185 8.220181297 6.571699982 7.349885146 3.385590500 0.050869533 3.290955889 1.498726262 1.508712403 1.329970236 6.790977673 3.995814062 4.270190730 5.018975552 5.857571005
-31.259202907 -8.909531838 0.977043938 -0.143006036 -0.021762031 0.517754306 0.843211816 5.164765379 5.098972759 6.977775629 2.771881837 8.154782737 7.182737280 4.173288279 5.982510588 5.255583947 5.338360380 6.848724406 1.955448060 3.934358899 5.405642365 0.172551426 2.262605717 6.391107342 3.053498212 1.018128385 5.566278308
-30.493943279 -17.795449024 2.310338222 0.426504578 0.030465291 0.890572577 0.155068357 1.421044945 4.653392143 1.563891337 7.946272467 0.882620268 2.320675657 2.523184519 3.505904878 2.718474036 5.188132772 7.804563611 5.972403918 8.137490365 2.259894725 0.712513714 6.925652087 7.545511444 6.401859453 -2.620146067 -2.531556979
-36.655055302 -2.451142119 -1.107668296 -0.075738540 -0.782496481 0.457755992 -0.415237742 9.384255627 5.396827260 3.556763578 8.164327747 4.731308639 1.418753892 8.360131571 4.053795632 7.363734391 6.912436130 1.129291322 0.746746462 7.824600778 7.043354006 8.403108809 -2.057916848 1.621217489 1.487776806 10.827739411 4.103943321
-25.888043719 -8.300268221 2.374122587 0.228616216 -0.841157386 0.398093219 -0.285850778 3.649145517 2.292436945 5.116806952 9.900287662 5.718696146 7.656613409 1.920549501 6.915777927 12.644435289 5.204014381 5.561989780 2.427794695 4.786304248 5.781267556 5.125596603 4.281898296 3.709821008 1.190155767 3.023360385 4.312033079
-31.990535243 -15.433710623 -1.521191967 -0.008952190 -0.480439882 0.599152528 0.640401145 5.649485573 3.176162387 5.778075044 6.848632539 5.161377118 4.941447067 10.006640131 7.103686134 4.457687784 3.327475411 6.110738782 4.126905143 4.388909797 1.429693712 3.690118960 5.352687082 6.163354031 4.968575920 -0.368402239 0.295761783
-23.905324944 -1.189809747 2.278309541 0.603870983 -0.374439792 0.155331557 -0.686299341 6.561255187 3.499788033 -0.087369578 1.947706413 1.898176229 8.706630723 6.286079971 2.081008725 6.954392521 4.384929912 -2.555739580 1.749211502 1.779593353 1.981882134 2.834855987 4.403520671 1.684997052 6.129024172 2.611223440 2.211156702
-28.214349189 -3.091786817 2.603023365 -0.033759782 -0.609232024 0.732245551 0.302511273 0.671809133 4.141040397 2.527865470 4.710174123 -0.391029223 1.585955648 4.190635365 8.451032146 5.784258749 1.945785320 7.605114731 4.331662376 3.476315774 2.295506322 1.235113393 4.797433459 3.527498810 1.427766637 2.801691447 6.060732193
-36.914514564 -9.517351542 3.488885709 0.179608341 -0.679277730 0.688319393 0.180385760 3.363410763 7.396426816 9.942749135 6.677985990 1.114024076 3.280911020 1.816036141 -2.520004919 5.502817689 5.071575399 5.126324145 5.407538243 -0.179911193 2.754876538 9.168614630 3.192781522 -1.577962307 1.335364287 4.180040321 -1.035262840
-28.505395202 -6.169798613 7.278900289 0.438768997 0.181216316 0.590763548 0.652411561 1.303990252 5.670105772 3.017014657 2.632883457 3.941084638 3.640036497 -0.925971028 3.239767101 3.977719735 1.648989160 6.258748103 3.509610962 9.861019981 1.402439467 9.425636376 3.328447922 9.302338524 -1.505839380 4.890836779 -2.502454345
-24.194699711 -15.684180821 4.243116744 -0.772319206 -0.360800378 -0.501670284 -0.147217719 3.820720923 4.091353558 0.658737521 0.150954208 6.198964934 6.655273327 0.263864934 5.576067877 4.366032850 8.567913638 -4.994189755 2.369272989 -3.325888843 1.903734919 6.104762864 5.416910806 4.044564234 3.190171105 6.117300194 0.385654827
-22.040376374 -6.848276024 -1.108276936 0.236342437 0.891148680 0.053021105 -0.383647032 4.641771911 8.764037384 1.630568187 3.358001709 6.004597443 -2.404837955 3.667689085 -1.041372958 3.925604928 2.587087936 6.212793443 6.739777975 7.299578270 5.575468794 4.483381674 1.862096003 8.100785866 2.475304386 8.386329337 6.583931552
-26.176748865 -1.157515704 -5.217787793 0.259143639 0.275501263 -0.034020789 0.925087139 3.538221782 3.126604959 11.791950453 4.361184778 11.242357737 0.791356514 6.854583273 9.947479830 1.313144577 7.231738936 1.023193221 5.213403212 2.415805435 3.322872668 3.888381827 -2.720929540 0.698104558 1.367412541 1.828467346 5.760906967
-28.642015044 -15.633626387 -2.456162662 0.705883171 0.384391144 -0.592936102 -0.048981382 -0.123012492 0.132236013 0.459416926 1.733857796 4.793401748 -3.406369114 4.495134339 0.719416846 4.356459248 5.934759312 5.209168971 -5.431264728 6.723314478 6.673895032 1.119911730 6.988046824 0.743239291 7.389275116 4.702564487 2.170037044
-28.297494392 -4.096574165 1.698507249 0.688587929 0.281379751 0.198966168 0.638031789 2.992221564 8.110687395 5.150363785 3.806033536 6.105663488 8.206803383 4.021859893 5.377310874 2.646131599 2.495646821 4.581880416 0.404754463 3.848695995 -0.400414350 4.359873926 1.626484688 3.135560466 5.776094382 9.381398098 2.534499267
-28.187281900 -8.754469317 -3.721750962 0.197688850 0.821770674 -0.488065565 0.217724787 6.867559047 2.866361191 -0.216866884 -1.435386973 1.293543585 0.339544947 5.778627171 4.377555581 0.950122507 5.357270369 0.624415531 7.522548519 -3.442178911 4.778605522 1.057500221 3.534474587 9.428844690 0.068568089 8.612353477 2.279909035
-37.146680983 -11.477825650 -4.159534100 -0.344485649 -0.089698157 0.912520030 -0.201472266 1.761685064 6.149985445 9.123084210 12.259748816 7.749749067 3.299540812 -2.065927501 5.760503601 6.914667764 -0.360508676 3.490203523 9.704308902 1.827214790 4.085563643 0.802211032 6.286126920 1.581416914 6.625745213 4.289524266 -0.486060440
-22.871001943 -9.730183370 -6.789550230 0.193601204 0.493079647 -0.826535426 0.190342388 4.125233677 -0.738331451 2.964959629 0.777736222 3.476173047 1.238589979 0.883981566 -3.157328962 2.697276600 5.459592954 7.472894033 6.086523397 1.202609934 5.619780074 5.938929907 2.566521614 6.269775681 -0.561321373 6.104799168 1.268696402
-23.320469257 -10.026670572 -6.855934263 -0.047909338 0.346773569 0.933372583 0.079173281 5.263091363 1.708985269 2.520301529 3.640835011 6.970909350 2.989194586 3.968622457 3.611374874 7.195133654 6.542088236 8.767162667 4.376958432 -2.319888449 -2.804950650 5.684909774 11.205088109 -0.375264163 3.199837423 1.896856787 2.021320100
-28.143454525 -8.964418594 -7.457647504 -0.546648129 0.272873157 -0.495220838 -0.617634507 6.344675193 1.913537395 8.275367480 3.004120887 6.529067429 5.008622929 6.588528206 2.425049288 2.280686908 5.770578360 9.170299352 2.513557440 2.749048580 3.796026165 6.632090150 1.721610434 3.762154986 3.651678539 3.406476760 6.647426415
-25.547462487 -10.461391642 2.346135067 0.633833408 -0.409329298 -0.309333601 -0.578806929 4.359519294 5.059900988 4.004993323 3.198285943 3.441696643 3.735902990 3.256760400 5.897557874 8.147896860 3.862247621 3.997652497 2.724000358 0.471857372 5.060654916 9.922407838 5.858182477 3.855939998 1.168410142 -0.625434688 1.065491562
-22.729876912 -3.180661979 0.194240642 -0.597993314 -0.112744577 -0.406382311 0.681576168 7.860923082 7.889280961 6.598743514 3.223383975 3.176557702 5.316235918 7.197936662 3.940036453 3.553515204 4.651143581 2.734881919 -0.634662643 6.055968961 5.120409189 3.026172158 7.193423419 6.748054602 2.957092932 7.322770620 2.084880334
-22.729538556 -11.363212306 -6.414471283 -0.566728725 -0.117315302 -0.626442111 -0.522135954 6.744103000 6.054681651 4.102721157 5.885539285 2.567525043 9.031678958 4.191219467 0.755084766 -1.323875428 5.699116872 4.667459112 6.965945681 3.182843802 6.153172500 6.104156967 -1.649426319 0.384954265 1.442150154 2.602878124 5.367203659
-24.147107879 -6.669584158 -3.740244137 0.804872498 -0.287647663 0.098378664 -0.509667267 7.421907010 7.545388258 7.833764765 7.753645590 3.197008261 7.378317930 8.161368834 -0.707326841 1.556865844 5.337204447 1.259518871 -1.534394679 -1.527604948 4.312737564 2.864870729 -6.264957488 0.523749851 7.944928069 7.710638459 1.633041157
-31.319775176 -2.479298837 -6.731599690 -0.114165898 -0.340110830 0.237683028 0.902661370 2.018989610 3.205118769 7.920863616 6.774089502 2.651233244 6.115909750 8.004131022 6.658766113 3.795006907 1.862265088 4.145706527 3.410418589 4.657588134 0.639135559 0.426897070 3.635593575 2.109324958 2.647954386 6.332366140 2.887439072
-23.408961670 -6.407607900 -0.373800048 0.034147838 0.448955855 -0.336497065 -0.827068492 1.389862600 2.135221137 -3.637383876 -0.874704997 6.121981592 3.503792430 2.390482758 5.240569775 8.349438477 1.812423265 3.903702554 5.947842203 8.304800982 7.673560819 4.395650943 2.272604561 1.705971781 7.234244261 1.591398275 10.474910131
-24.552339338 -12.068565535 -7.868595981 -0.298652259 -0.170607956 -0.211098456 -0.914952018 3.083622937 9.771024612 5.250513551 3.244005166 7.086304122 -0.498867141 10.407411318 2.022958031 6.619959943 4.126547529 5.769694326 5.611243725 -1.870881275 5.030736591 3.181326639 1.696888740 7.135676670 5.343887430 6.456429254 8.856939935
-38.383597640 -6.771566948 -0.176229679 -0.785324834 0.328392801 -0.174657291 -0.494891810 6.181399456 -0.429328674 9.303323245 0.681303742 7.447920558 5.628348223 6.506415435 3.025846868 4.512160555 -1.244013238 3.562619307 10.400143592 9.253261073 -2.447481082 3.343609086 4.086873644 7.564825774 4.094475592 1.090382380 3.721418522
-37.565955616 -7.627204445 4.837107062 0.882142742 0.409764554 -0.125450186 -0.195395609 -2.946104484 3.090703662 3.685186598 1.338969715 4.513202001 1.730718900 6.625939604 4.666137761 3.692128123 5.527339952 4.484104842 6.515269540 0.796628544 6.342050808 5.331439520 3.642985873 4.541942363 8.820411218 4.522962262 2.219756665
-32.549853721 -5.323279450 8.515668824 0.170213699 -0.458244057 0.823022959 -0.289262667 3.807055447 9.442892795 -1.312955046 5.018707774 5.701131486 1.431796154 3.908967576 1.547619001 5.759561279 4.923815158 5.350089285 8.162769288 6.536884710 1.403273878 4.141542569 7.109869276 2.046880620 5.834600435 1.514223486 10.453811686
-25.593972240 -15.940186844 -5.757498877 0.855425433 -0.474556838 0.196373512 0.066937133 2.767671458 1.352659352 4.942087159 1.125355531 3.857056870 6.519130099 3.253666440 3.064341742 3.639984248 5.615062993 2.516705094 6.482211792 11.331180284 0.619253348 3.979128672 3.247587191 1.002649965 4.338126411 9.262497319 3.811944246
-29.866567750 -13.152835760 -5.170614091 0.539886679 0.725098796 0.357268654 -0.234762045 6.028716483 6.523672565 8.201837983 1.492940531 2.492719459 5.974655558 5.648969531 5.868891481 6.492875948 5.636630174 7.272791487 4.505759003 4.547024746 3.916590935 0.999882175 4.141533613 2.335836123 -0.483321735 3.475038385 1.296548707
-34.887119003 -1.673535353 2.478039423 -0.280508263 -0.167466196 -0.482965557 0.812412739 4.879639628 4.551967532 3.099164738 0.283082502 7.373712156 4.595192034 7.783904374 -0.903237358 7.211040623 -1.778752504 5.473936811 1.218680345 1.568992344 4.733435743 0.937628701 8.126367591 6.866668269 9.384440553 7.526991451 4.254500084
-26.207238574 -7.403437300 4.505546829 0.230346889 0.596701191 -0.170710616 -0.749497088 0.147861034 8.334405357 8.454165642 7.709552435 3.614712924 3.930174556 2.996298443 4.490711915 4.424978357 7.518012291 8.234524535 2.038394677 3.231009770 4.089510310 4.748582826 3.692362750 7.580739226 -0.017619949 3.984496188 8.804024187
-34.930529395 -8.512047059 -6.363639802 0.082745087 -0.616661197 -0.223315416 0.750341551 3.127022980 8.513576685 2.047617657 5.986897057 5.163340375 -0.220923775 3.130925331 5.038742747 6.363010818 -0.496136843 5.893233318 -2.092401107 -1.964879535 3.870190242 3.155991556 1.362023033 5.717597085 4.630375160 3.856571081 5.391113400
-26.713666438 -14.672413315 -2.777990336 -0.082830850 -0.294641114 0.833941165 -0.459203438 7.214040993 3.570044377 3.024447308 4.818417552 5.957476148 10.005711126 1.769572411 7.014597076 1.426488456 2.262146882 11.897620446 5.222830999 7.527394795 9.281591147 1.485018491 1.925760814 5.062320677 3.170207030 6.519260270 0.831833957
-33.053719280 -3.029208844 -6.723213771 -0.642308590 -0.062337326 0.363835083 0.671697674 0.031307850 2.006775824 4.123306588 5.986967710 5.525594697 -0.774341114 4.155398107 1.959391053 1.542953137 2.235762779 6.156335339 4.178405664 7.997717783 7.379790359 2.498401011 11.554471241 -1.047084825 2.665889212 6.694500103 2.833959625
-37.134157039 -14.388059335 1.099164801 -0.303527677 0.003374380 -0.679480026 0.667956928 6.182066984 4.206621063 3.637625217 1.712771396 2.859107158 5.058941852 5.279024991 3.012937596 5.946811348 1.858238382 9.766269051 4.220616087 0.113524535 4.205271582 7.467485530 7.619255796 5.279662379 4.260032374 5.800496852 4.919073559
-27.752851704 -9.467595528 8.562318698 0.186592934 -0.456243934 -0.770068274 -0.404993090 0.949592944 2.286228049 5.930256818 4.085263148 -2.858412599 3.082245860 -1.581538252 4.214949220 -0.950784469 0.354005365 3.252667458 2.452792101 6.381299385 3.471264692 11.394996516 8.947389317 4.572291066 3.625987225 2.785163570 -1.347123079
-32.330544667 -8.491131036 -6.700743626 -0.698158705 0.030734401 -0.703601228 -0.128744438 2.611840226 2.783096547 2.752616021 2.025906432 7.211068167 0.696260314 3.296444253 -0.437674859 5.933859601 4.066506364 -1.171272635 6.984646298 6.601744279 4.223774765 3.451174029 9.123430374 5.870322993 7.040398665 2.043834051 5.414710084
-22.316354699 -7.734639795 -3.716478664 0.089255001 0.008215981 -0.710393782 -0.698073575 4.489301311 -0.940121827 -0.911514298 1.891639950 4.397762345 10.671428851 2.561032899 1.067173472 4.186796032 1.987754435 10.251993721 5.581608674 4.189513558 4.384680238 0.256947158 4.230066774 5.644801044 7.056084137 3.567336422 4.299833970
-31.327282265 -17.720143273 -2.372230913 0.910509300 -0.326429774 -0.131291907 -0.217206933 1.918808755 4.621027700 4.041827649 -0.935518141 4.227316021 1.014639611 -0.885869490 -1.671623419 8.050953575 4.335836100 5.326109556 4.148428616 2.801728926 1.452916068 4.960269105 4.023516795 5.510949412 5.252597371 3.798532794 3.612512245
-36.486398156 -8.730482920 -3.026476613 0.535179774 0.111160016 -0.624288660 0.558112650 5.284792994 8.283440547 -1.059258038 4.868599243 7.485831220 6.774264941 4.726332817 2.709127871 1.674084509 2.866117323 4.966782557 5.157472422 4.372752405 4.003329639 1.354685203 -1.576976720 0.285159819 3.127493367 8.690461040 6.085905449
-30.042393996 -10.178598771 6.361546858 0.049528732 0.894715608 -0.031340172 0.442773846 6.838732555 1.485878745 5.791302154 6.345378403 1.871985278 -1.519555338 -1.149257218 1.365926919 1.445607363 5.527780749 2.124263839 7.406622590 2.368539007 3.727841491 2.057757583 3.631005110 7.147236813 8.182068468 7.006045759 1.808621967
-26.546121384 -3.999377356 0.773297760 0.679472854 -0.011989690 -0.621647721 0.389521500 2.267346044 2.251162876 10.448480928 4.716045523 6.480767187 3.350075651 6.914243767 2.837417764 5.338933844 2.427828726 4.890755739 8.610631717 6.848682600 6.827967848 8.822208165 2.133197649 5.610108955 4.153988909 2.515755236 9.213266924
-30.953252516 -2.608939274 -6.704682862 0.310808201 0.106204414 -0.038304264 0.943743434 3.323436901 1.716464161 1.980816512 3.205750088 4.358419314 2.615789770 -0.250894895 3.341114865 6.122851883 -4.635317097 4.585877084 6.132566405 2.685582894 3.897541654 7.100473557 1.936768385 1.031501411 10.529571821 2.459590083 4.759326536
-22.272946826 -5.808182504 -3.990816057 0.448616227 0.504830979 0.710117899 0.199052090 0.743421749 0.579925417 4.124365270 5.773608906 5.876008650 5.445652409 2.654270588 9.851710668 1.646078130 5.353143737 1.957541898 3.636607831 -0.308496406 6.374230032 6.295234263 8.208894144 -0.382605472 -6.291640479 3.079544808 1.865661655
-35.398491026 -5.902743803 1.838007422 0.269993808 0.687754108 -0.409036103 -0.535525066 1.876371551 8.706547010 -3.272812851 3.166392477 -0.177168430 0.894734433 4.947825680 -0.628742956 4.456900973 0.468776246 8.105408146 4.427307279 4.031861111 4.867722254 11.921852781 4.688333832 3.921917196 2.507486299 4.293639470 5.152309420
-31.848924604 -2.756851681 6.019299390 0.189715997 0.511107784 0.266810872 0.794725508 2.973784941 11.769368712 -0.103835290 -0.143492193 9.961030486 7.871123761 -1.823186369 4.680329917 4.913613539 1.942207605 5.965040448 5.519793231 2.307149881 0.127221961 5.198355600 3.125208498 5.132423710 4.148296092 7.959631837 7.742990273
-31.926572421 -12.189789653 -1.202135234 0.784271256 -0.314540882 0.527483453 0.087999071 -1.985989571 2.864143601 6.892220071 7.521126311 3.390919971 5.602929595 13.265993203 7.484549722 7.403628324 6.286457547 8.401246152 9.357637405 3.485156854 6.139406062 3.071160352 3.704396721 5.522817834 0.050842989 5.519964270 -0.004757621
-27.453777133 -11.622002593 -4.350215083 0.207804594 -0.327107456 -0.791406378 -0.472751422 4.194954585 5.379549081 4.431046799 1.681230543 0.790294344 2.929913528 1.575958639 4.495978974 7.329168655 3.197924597 3.360646422 0.896140265 4.384050464 3.349686010 5.743831268 2.904735264 4.002441655 8.378100031 4.837568570 1.823901859
-30.118409677 -18.174941889 0.731632562 0.037682485 -0.630891848 0.749460852 -0.197139387 5.074968180 1.466759832 7.561505591 -0.522457586 5.186275227 5.831451150 7.759955668 9.726472447 7.780099973 8.235330999 -2.033159505 3.862001125 6.554167942 -3.683765674 9.188021772 6.655119319 3.456309314 2.632529679 1.253100360 2.907364225
-22.382970221 -2.292858585 -0.563394514 0.260946802 0.374874174 0.827465407 -0.326614635 5.044331352 2.955098317 7.019396883 6.647969760 1.690262065 5.896913277 6.162301259 4.489798639 2.426632702 -0.832399989 1.558922781 4.542200879 3.786083344 5.734896214 1.393606366 4.831627751 4.443130436 -0.401282721 6.441091850 3.612101592
-24.745014952 -2.674043728 0.621559599 -0.868614898 -0.140333188 0.002037061 0.475195334 9.213409624 5.253579340 0.306787472 7.289209867 9.433029044 1.917606851 6.938631980 0.649827817 2.970504677 5.913900300 3.851282282 3.893832120 4.290915686 5.317982718 3.774551462 9.616141668 6.831189455 3.942608077 1.310472349 1.499095789
-28.513444674 -5.210827130 6.944809371 0.145717884 -0.477044694 0.825907566 0.262814287 -0.419269442 0.096195145 2.221345051 3.777951998 4.753259825 2.762907679 -2.480821304 6.339656764 5.553568132 3.657166141 4.783629360 1.164233356 2.893763884 5.516891306 2.733700088 -1.920683129 0.879314845 4.984356550 2.889293462 3.323105880
-30.590034175 -9.477514823 -9.753529516 -0.022327212 0.008253827 0.734545595 0.678141681 2.220852099 1.806586282 -0.630990860 5.589253959 1.447864979 3.114667138 7.961720283 -0.368915910 4.544986098 6.358118493 1.223331002 1.834172391 9.250040023 -1.116757198 7.055925136 8.361763718 2.309031112 4.449503929 2.442442027 10.468835964
-27.891040185 -17.363854079 1.126357477 -0.466018045 0.338895712 0.046966282 -0.815947944 3.950874196 3.525567981 1.781588308 8.935079057 7.081843432 9.725271545 6.573656815 4.424773894 5.404708635 5.783385951 6.646566288 0.919181207 1.298018041 9.836596440 4.302071158 7.870972095 3.364010148 0.395438417 2.801691416 3.674194553
-32.334502461 -13.658828096 -3.806051353 -0.021476094 0.238155074 0.969740702 0.049233207 8.171705136 7.991869569 9.314004404 1.756439107 0.507489524 7.930102903 7.178919890 2.590074240 5.386244195 6.477567807 -0.441150636 9.154047544 5.058760311 9.453441733 3.049034511 0.771649427 6.339609476 -0.049862982 6.931000732 2.560137328
-30.057453167 -11.997209844 -6.795361544 0.000444091 -0.637422779 0.757887327 0.138920132 5.955460564 9.423866938 -1.657667082 5.936731046 3.429191241 2.568759566 9.297321922 0.898946032 11.605363384 0.631945034 4.111623904 3.527110965 3.988064304 0.491872098 1.769452346 1.715390326 0.078486753 6.868918000 8.007380427 2.125704764
-33.014115253 -11.065941068 -0.039197092 -0.047566942 -0.979117570 0.192925383 -0.042964726 5.804915210 6.329349761 1.385787224 3.968837663 0.313607682 -0.644610259 6.037190958 2.335749434 1.090800336 4.664366490 5.077225886 5.101668658 6.250556839 -2.449791088 7.509594040 3.915574629 1.406589795 2.753849897 5.721041624 6.676872342
-22.055316679 -13.171121415 -2.878901189 -0.230822183 0.659036965 -0.170313624 0.695258706 6.360202876 0.693898741 1.021887329 8.773581005 4.731728696 -0.861372817 3.163665159 2.941805948 -4.461245754 2.280524839 3.544561411 3.293752521 5.102233085 7.385099508 6.611969312 0.985752466 3.596560189 5.229343635 4.531127496 5.133825631
-28.074665941 -5.387003886 -9.026796665 -0.397371771 -0.591936925 0.322527735 -0.622641319 3.479089624 9.111214637 8.393244073 6.440815915 -1.120104773 6.539949706 6.087368934 -3.541122146 5.175595999 3.374022155 6.626688550 4.028584456 5.485213783 2.834216016 8.321695158 0.593016745 -6.889614102 5.192286079 5.356489972 3.394674248
-27.043489197 -14.941157406 2.239548696 0.148358882 -0.204395286 -0.431268990 0.866151988 1.732258910 4.764291951 4.170561431 5.340422657 4.728220456 3.009575647 6.064182484 4.183652622 1.802458720 8.089404597 4.178383843 14.107231868 5.246153215 6.878160250 2.893558394 3.643227940 1.727994240 4.568328397 1.469791442 6.495895590
-35.067638604 -4.179224034 4.697837099 -0.820268160 -0.100626851 -0.538174035 0.165538793 10.051497520 7.024639599 0.738211949 1.659786312 -0.968106594 4.952637931 5.368873712 4.321299891 1.673214711 -0.669725730 -4.295240667 7.762708651 9.166506899 3.362792503 3.938182351 1.359554252 7.811899972 5.913219480 1.263037538 6.403121273
-35.260598937 -4.344907773 4.308129164 -0.093690683 0.773408724 0.589874748 -0.212388283 3.377569926 5.103696891 6.105726150 3.656314369 7.879961816 8.101402717 -2.128671370 1.536095894 1.113247412 4.125417597 2.974493557 -0.288620133 0.718350486 5.037777760 1.175299037 2.009565445 4.489038656 5.132460165 3.681390746 6.151185712
-28.083877739 -16.640064842 3.350540244 -0.650645518 -0.051701414 0.757041571 -0.029587711 1.161899018 7.467369453 0.129879846 1.616947388 4.922726128 9.266450124 6.547089065 8.078508337 -1.730387446 6.826762703 5.039830845 2.733646548 3.972523703 11.841231782 6.252528469 0.046491146 4.458043389 5.874341414 7.503194380 6.009907029
-33.156400803 -5.722707134 4.381682768 0.861074096 -0.188343885 0.407892785 0.238120680 3.765550896 6.009774304 6.365432029 5.588544907 6.838325205 2.455616249 7.198921476 7.500442872 7.105691257 5.136153709 6.634192650 2.500664697 0.639727431 4.895190476 6.399245862 5.099787142 4.523375271 -3.194074115 5.054784232 1.211355737
-28.566046959 -3.535196930 2.594569312 0.307853413 0.128228213 -0.891871702 -0.305530143 9.283620375 3.798873678 5.054933334 5.316229674 8.755356025 6.326674080 5.928013774 2.259352465 0.056721003 6.209375283 4.114772836 1.611875990 4.455760551 6.831998277 1.104279762 5.386280477 1.986043669 4.208683508 2.988999654 5.940215431
-21.754664468 -7.902443570 4.665234457 0.660686577 -0.413058138 0.362958881 0.511015727 -5.532036185 4.218497226 10.348199966 5.020542640 3.280865109 5.984273815 2.977008887 5.377833452 4.528946804 -0.436278077 4.672251031 6.224198386 -1.976277581 4.807152981 8.041685218 2.285240907 2.243194066 6.764595987 0.471297408 0.651953178
-28.431341241 -16.724767409 -3.232377142 0.786921902 -0.007501810 0.552819577 -0.274022185 0.144413716 1.317624116 4.543356157 5.376928372 3.721575844 1.179700305 8.899712088 4.222149757 9.608680013 2.100981485 4.715433662 2.860743849 9.468298194 5.345909832 -0.181460395 0.083687931 0.263219328 6.470042409 8.043302387 3.420185633
-24.956691079 -9.479957428 -1.622748412 -0.293741307 0.761280475 -0.547917429 -0.184267667 7.503216368 2.718325135 0.956556416 8.236553537 6.708343520 8.890069527 3.473794827 3.731943841 0.035118785 8.389404710 6.800065333 -1.196609423 3.407363303 1.865231400 3.103276109 1.728277487 5.852430287 4.688209441 10.374075475 7.157828575
-22.498892665 -13.018577801 -0.049385391 -0.008125481 0.382199520 0.583615741 0.716414803 4.544703626 8.199463606 1.501396647 3.195718973 4.032571682 5.794519265 8.961363235 0.764172241 1.226552225 5.154993510 3.785848057 10.262374778 5.165704323 3.109203210 3.575507516 4.042288282 7.101703122 3.680261695 5.627420894 4.388727245
-21.789887401 -9.428316064 -0.709820710 -0.171577193 0.233816541 0.359125516 0.887085089 4.739412487 2.116688499 5.550534689 5.225134191 7.855557559 4.199680006 4.346226504 7.358872842 5.774139121 2.589500764 1.548923846 2.597006403 7.203604596 -0.815286451 -0.464370576 6.398910712 2.583845657 7.079684598 5.293113526 2.504073105
-32.985834787 -5.844295653 -7.771821827 -0.794228983 -0.217876336 0.012113521 -0.567083316 4.751116596 2.209512415 1.586907289 4.627174751 -2.386720071 7.218153556 4.615125326 3.702486218 8.976280086 5.294508300 1.305519094 3.607849165 6.490895231 9.319386548 5.496039666 3.079617678 4.617420612 3.931133029 3.987650789 3.026592732
-29.331518940 -3.013780752 5.104578528 0.116068810 -0.579511131 -0.572842840 -0.567931300 8.146859749 3.724642228 5.030329595 4.287949678 7.032924576 5.621543742 2.840103165 3.228579357 5.259814602 1.939559182 0.893393267 6.209825518 2.900728397 6.134210542 7.467607957 5.340785385 4.980563272 0.359421453 4.925208870 8.260158261
-21.510057010 -12.098154422 -1.554565366 0.363773469 -0.922138818 0.064326683 -0.114851821 7.833304892 3.993146272 3.268737307 8.982325853 5.547136705 3.728096222 7.605547304 -1.228581529 -3.047461030 5.861358739 0.547504496 6.862788015 6.970412654 8.033375476 2.024372918 4.763276117 0.568708463 1.082353523 3.716849337 10.559123756
-34.337402911 -7.786889402 -5.403850372 -0.338816380 0.798397527 -0.468147292 0.169124101 6.299866363 3.891198684 8.568027296 1.674145650 7.473205403 1.250909710 2.538015250 1.364846985 2.276919023 4.451110129 7.868366705 3.807199292 3.783129658 9.161789695 7.803340846 4.907553348 4.297945879 7.190021855 2.940879355 6.045757771
-29.313973791 -3.060096573 -7.824645245 -0.336140760 0.494826883 0.540752234 0.591390537 3.516531777 10.573247555 0.501436032 6.035215595 3.446709353 7.976879479 4.355938945 6.766487891 0.404825759 3.317884613 2.988109064 4.954216577 6.512481066 0.536117507 5.558001562 5.276251436 4.631824471 6.263414968 5.765342307 2.418255324
-31.009486145 -5.871813810 -1.567006821 0.788348292 0.205883707 -0.516224235 0.263877640 3.952802230 7.357549464 4.842195978 9.037179796 1.551560635 -1.713440054 3.042100065 1.840407673 4.268910099 11.879231860 7.724913126 4.917337586 6.495483859 1.584634718 2.011482998 -1.964653038 5.260360995 5.389133484 7.253874069 5.886042758
-26.185062412 -9.539307305 8.880417782 -0.030044702 0.136853139 0.710508545 -0.689598537 2.219347832 1.983881456 6.307184430 2.825720952 -1.983546757 5.202938244 -3.016020988 2.473136240 2.635170581 7.086763292 5.301000281 4.696784352 10.143346641 4.689727314 0.427016800 7.307017140 4.519459953 4.183592055 -0.840712996 3.479663097
-29.486263297 -13.207966588 -1.962144874 0.230173570 -0.590345345 0.686613062 0.356475811 4.942842899 0.935756909 1.252538681 7.213130880 2.619524214 5.468760031 0.051919694 4.802750855 7.160144174 -5.081626808 4.056154927 5.022264702 3.966076852 5.672194751 6.490998719 3.718793056 1.704535613 5.753621856 4.187432440 3.681566377
-31.672001215 -9.460914096 -6.892642005 -0.058838411 -0.511938691 -0.381801021 0.767257974 3.825881854 3.228886762 1.934299316 6.102215058 3.363436705 5.521779140 0.078849205 -1.859854647 1.797980565 1.191827552 1.160483291 3.476115632 -1.448290969 1.801908870 6.512962883 10.751637164 3.903276715 -2.801156745 4.961876094 2.390610275
-36.962542604 -9.123681630 -2.118560670 -0.237542644 -0.441945195 -0.728345225 -0.466659587 6.654989772 0.978445642 6.599387275 -0.147572959 0.525782413 1.880112980 5.762688159 7.212142558 6.180498068 6.316358081 4.533104535 4.379520240 3.003914050 5.366132048 3.622402248 6.563683593 -0.964611231 11.520276317 0.165610763 3.821006306
-24.786524685 -15.346521301 -5.065819246 -0.097745943 0.303597241 0.947023479 0.037695825 6.061729664 5.736437914 7.496047933 7.163742984 7.501489077 1.742442227 2.446676328 4.360823124 5.927779549 -5.506718479 0.257576373 4.714993612 1.965610881 -2.828197835 2.059477269 9.995134407 -1.853675768 6.724519246 6.500510409 4.251708754
-29.197960601 -12.045531954 8.535322742 -0.240683171 0.383210575 0.572234313 0.683936516 3.590032924 2.847209131 9.438126371 0.289456477 6.025301328 4.133997055 -0.749647232 7.833934391 0.930177593 6.938788061 4.297493650 4.020451012 2.833114416 6.680409661 5.698830426 2.283309985 5.671183489 4.796612747 1.628256050 7.741551569
