3.686426601 10.154526745 -22.000582429 0.120377034 -0.279444577 0.529066957 0.792154185 6.085781680 5.869420020 2.731197645 -0.061381037 3.164607084 3.136913910 1.930531996 7.173531842 8.216701695 -0.407743714 3.380659299 8.474034462 4.652282688 8.326193737 7.404225306 0.567143437 6.859206610 7.561665186 4.112054658 3.295216811
17.234036301 15.150269225 -19.886440426 -0.451885443 0.686056002 -0.146013025 -0.551186815 10.198837503 5.168333884 3.128768937 0.401756849 5.322130194 4.604001963 6.413879755 9.298041721 1.397624088 2.202352611 4.286908947 0.466973461 6.536748560 5.790821438 2.644515167 1.344748680 2.727564008 -2.328707639 6.199519651 3.127676361
15.406975922 10.586222390 -14.314869765 0.758545095 -0.473873753 -0.186086513 -0.406724496 5.190345911 6.863678914 7.442703489 2.850550777 9.680206913 8.897947412 5.302748113 -1.388466545 7.440250964 1.828308262 5.023374023 0.609254950 1.826520615 2.284304368 5.602806324 2.043652222 2.666499260 7.453765378 2.304093762 6.384950859
14.314737430 12.898120829 -29.888750797 0.471393411 0.872909361 0.114115828 0.052868500 8.106901464 3.889316715 -2.349610811 -1.251901850 1.931716960 1.778356548 -1.069232007 -0.178622753 2.379803662 3.473843331 -1.553546035 0.902713236 4.398718838 5.983909411 0.665709126 3.756518099 2.349904483 8.345199714 4.636914014 6.600266597
10.256546300 9.607435522 -13.961096228 -0.023380773 -0.388649489 0.170023293 -0.905260733 5.210792432 1.091624900 8.532298494 6.836771058 5.041361106 4.318775879 4.457569421 3.492770215 4.941364779 5.367252351 7.775733019 4.038731979 6.041032130 4.499764109 5.994807601 5.642232226 4.834663220 5.926399788 7.766476452 5.367505134
13.161428550 9.976908187 -18.426342008 0.635452377 0.336472201 0.044829798 -0.693525071 -1.629660204 -0.286490155 3.260338398 3.076702051 10.707748099 4.369056604 5.211142683 0.557183948 4.805370161 3.135027939 5.897254503 1.188610215 11.182650812 3.020822046 2.542976687 3.493003727 4.273192540 11.232983499 5.839282507 4.670622449
6.042844157 10.735399270 -20.733753924 0.477227926 0.822635328 -0.183481605 0.248714946 3.946883985 7.051396213 6.808786793 4.152460709 1.499112249 3.178875877 0.008270638 4.281130936 2.461354741 7.910960917 8.817390524 4.195533775 1.322803474 4.925950071 0.530168371 2.816898848 4.664201682 4.934746133 3.430268629 4.662158807
7.441624704 18.506730051 -25.188357259 -0.353387402 -0.069353900 -0.199146100 -0.911399041 3.594707793 7.983455595 4.435282238 -4.262225138 6.140947052 5.865341727 4.802291936 1.942515721 0.074344221 0.803858252 3.820442902 2.473872487 5.633399942 -0.353151379 8.383562850 3.943791337 7.933729298 6.562614791 7.080357159 -1.928517066
12.575711447 11.299829444 -21.437014835 -0.511328995 0.751116428 0.341226554 -0.240689029 5.081912450 4.327567946 -0.978817674 6.454135736 6.873766198 3.339276383 6.608686832 1.299505647 6.271675320 -0.041000512 3.451751354 -1.709405446 5.273688261 8.563471141 9.056427383 6.412308978 -0.607723228 1.650625363 2.351603516 7.256386643
14.236004468 14.646406829 -20.010023706 0.454881770 0.086934944 -0.650307868 0.602183167 -1.484637744 0.119581558 3.645639372 5.199097495 3.041657907 7.304819065 8.944978012 3.908152655 7.448422208 1.933958817 2.755831678 -1.463512036 7.887860135 3.414410799 5.333170583 -1.195618767 4.087675913 10.665140806 4.398043176 7.150121903
11.987152150 1.959187974 -25.373532927 -0.308945255 0.904435427 0.246349734 -0.160814167 1.256893843 10.118282889 3.067648884 0.988175045 4.709569027 6.318130181 3.949350252 3.066694821 4.361826847 0.739839134 -0.323685418 0.049080595 1.690507341 5.049276567 7.121047598 2.198967634 6.576048255 5.043225712 2.242044789 14.125839849
12.036745915 10.684675360 -29.372357088 -0.479342675 -0.733829257 0.380070961 -0.295417139 5.506901197 -4.326751093 3.486615083 5.587638112 3.491077013 -1.426895383 2.274338563 5.066907723 -0.148070616 4.213730873 7.891420583 2.676405616 7.039409255 -0.644279180 -0.634814394 5.741158652 0.027432009 1.709393771 4.210088969 3.941582513
11.406702797 3.032057146 -24.555944425 -0.174149361 -0.023241828 -0.720438068 -0.670895526 4.513467788 6.372739576 -1.146718668 4.357190466 -1.661371789 5.580822466 6.125455045 -0.892155617 -0.898138013 0.972294030 5.593217091 6.063027391 2.278538113 3.686007832 7.234166764 1.951982107 2.717335652 1.284722390 2.240838232 0.569355966
18.082070909 12.607216778 -20.804995687 0.010204441 -0.977324694 0.014041086 0.211033550 1.629898988 2.987883923 4.090365713 7.124933974 4.112731456 0.831588686 2.594745946 6.566252309 5.599391289 7.162829787 2.780582850 -0.107143603 9.224738529 5.562874832 1.651379807 9.060450052 3.949031438 8.261536313 4.475152042 5.122004668
15.185358504 16.408035242 -20.129286354 0.486744068 0.168879209 0.142671204 0.845106474 7.927671438 -0.931563751 5.481980669 6.628673649 7.623927592 -1.597370638 -7.005806259 2.324015290 5.353941843 -1.179329121 1.026573832 3.935836474 5.756578522 0.156553381 0.539958650 -0.019608576 2.501410888 -1.737351941 0.448981341 4.982556089
17.257830415 18.184395549 -23.907354785 0.399765987 0.793318503 0.288896216 0.356891980 -5.756248112 8.519904507 4.921302428 4.619994546 5.060917288 -0.424240712 7.020650008 -1.518290288 4.118362149 6.903150529 3.879592786 4.550402660 5.571985410 -0.688403938 1.751745901 3.973574669 3.240561740 6.936994280 5.512718291 5.999205579
14.295653155 2.176712668 -27.009487656 0.807702427 -0.138579504 -0.326902933 -0.470687776 7.070308774 3.326651009 8.220055701 3.170715930 5.137704809 3.877155845 1.726217301 5.170571989 -4.816767752 3.371231895 5.707604405 3.561763213 4.451849632 0.364678763 6.051038932 4.060528994 3.289841079 4.981516118 4.925834130 1.456918774
6.959815263 10.399962264 -27.172835383 0.030131586 0.951411881 -0.258628267 0.164374387 -5.529726370 0.490439400 4.582246850 2.551499491 10.069490462 -1.552383977 4.097766224 3.132749877 3.187769071 -0.024081662 4.791782821 2.362433256 3.977188229 3.065680690 -1.292514179 5.066610053 3.806969569 7.574412743 7.146840731 -1.933374055
3.643026491 7.169623509 -19.421353192 -0.189785965 -0.272985894 -0.919956889 -0.207700052 3.366960795 2.305563785 7.541576103 2.187662093 5.103388022 7.243704747 2.091766102 1.119284939 6.655613423 6.810670664 6.230175288 2.951897833 2.952876885 1.637206567 4.453005597 5.465405388 -0.890818540 12.733795126 4.039309350 1.646692289
20.924709725 12.373301306 -24.937657740 -0.659715987 0.709930902 -0.228716787 -0.091986751 4.393444054 4.231604208 3.902154834 6.700241625 5.310801143 4.695641140 6.565851781 3.710888510 4.195658443 6.232376546 -2.601416736 3.508239928 3.044260629 2.308353232 0.562953196 6.832449867 9.156591556 2.823512025 2.671593729 3.836122137
15.687219983 15.685001926 -18.749344347 0.582479080 -0.289430582 0.759004461 -0.029330659 8.539697364 7.303822650 6.165344885 -2.771999312 0.109650743 -1.255513323 6.291672911 7.121655104 3.755688065 6.636616027 2.355868520 2.994570002 0.088752156 11.550255436 0.770640913 2.481818454 13.172913749 8.636275056 5.160213816 2.154744323
11.276380954 3.104080788 -18.917779721 -0.811254558 -0.121783409 0.444386689 -0.359937931 0.797261886 6.136154732 6.351822544 2.689770528 8.820387881 2.612043987 6.034679760 2.114393908 5.364429973 8.926071652 11.383527966 2.612287989 2.171080840 3.343146590 0.866418716 1.580471197 8.965430090 2.245942329 8.165110875 -0.839709881
10.331235740 2.565164501 -21.466450193 0.202237282 0.189230321 -0.617885040 0.735873661 -0.377367580 -3.482146938 2.166095813 4.288066261 3.967503245 3.921854780 6.230886284 3.973063927 -2.173990860 3.155620417 5.271463608 3.714225564 6.548238632 6.183079553 3.262185070 1.950196116 5.164441299 0.510308016 3.644649970 9.335083635
8.685042822 9.953190100 -22.268600819 0.460847119 -0.587828976 -0.654668003 0.116132828 5.630342504 4.466723866 5.814980804 7.062554041 1.426092037 8.127207959 2.676770910 1.430395326 7.178784415 6.115766908 1.932213361 10.835257436 4.692445291 -1.489184064 6.493357318 3.783432388 2.773866362 0.615126145 5.372305692 6.891000108
9.351306532 12.653981365 -14.362459100 -0.663230929 -0.074271239 0.710562293 0.222956825 2.485560776 2.319807160 6.768055837 0.999313156 3.263956764 4.261737254 5.219482698 4.241162205 7.305919620 1.810724357 4.849497662 4.527604971 10.509297954 5.814532285 6.632749172 4.236954282 3.755372374 2.554011904 6.597513914 5.478313656
11.883359445 18.439138857 -21.592656432 -0.657055304 -0.397896021 -0.202201727 0.607512589 2.248106675 2.530790014 4.455729245 6.877524109 0.967623361 -0.736055049 5.073725795 3.564791489 -0.776240522 9.968667813 8.678778911 3.953228848 5.416667420 0.093947277 5.189128836 3.605868980 5.512704720 2.385702772 3.967233066 4.662913794
8.353040012 8.254224405 -16.235007686 0.876647435 -0.160242417 -0.426965271 -0.153337209 5.618600161 8.224360415 9.628548147 2.854631054 7.971635202 5.343333851 5.079726889 0.145862422 3.770281175 -1.805093871 1.815246339 3.754147607 12.701831263 5.092127315 1.593890069 8.866036800 0.654157823 -5.091373557 4.791618560 7.120210340
10.661328800 7.259684277 -14.886200303 0.795757362 -0.332160961 0.431638208 0.264816491 0.045265750 6.264929445 2.561338902 -0.485874454 8.135477780 4.763109718 -2.001783993 3.266479963 2.371121742 4.002471473 2.767657660 0.082994863 -0.237569581 3.269965199 5.505439541 -0.234652508 -0.792420531 8.105657766 3.561802166 2.781455138
9.705211277 13.088473529 -27.172215084 -0.705831087 -0.124120241 -0.685979274 0.125813660 4.491016829 3.437607283 7.571125659 5.005333129 -1.325183362 10.447471363 1.549084668 4.255197713 -2.207690325 3.858544642 5.703752534 4.048958680 7.137921900 4.671598458 6.434525856 6.046317184 1.413743690 4.697928924 11.576082746 3.337548626
10.540142978 12.809704178 -23.365585594 0.759758083 0.382006460 0.503486536 0.152774433 1.806418288 3.263993468 0.143252330 4.846349667 6.739136913 4.938164544 5.302281302 3.145444834 1.912679699 4.078837490 2.996244384 4.382380744 4.565361075 5.109994129 4.233411734 7.530739180 5.450623189 1.724465544 3.368747706 0.343559020
21.489508460 12.687897237 -21.754740685 -0.611749269 0.420516830 0.591278985 0.315146934 3.834020695 2.293131743 6.149177758 5.720917165 10.631906422 -2.519205159 0.795353719 4.792854483 5.267316092 2.793988611 -0.246258986 4.602143065 6.036575128 2.057416597 7.092101103 -1.820130619 6.116920375 6.569183284 -1.029276626 1.313070098
4.425040103 4.084466458 -21.948690630 -0.507875848 -0.427271610 -0.365290606 0.652735679 5.230958173 3.894076117 3.501632294 2.487337177 8.962753586 -1.270027036 7.701200450 6.486367300 7.109918977 5.953602949 8.497258597 2.587703578 6.094449647 0.724269688 2.604887036 5.291323307 4.667650176 1.308341821 3.890707584 4.909982313
10.555039349 12.679933172 -16.762365603 -0.249936648 0.062699853 0.534344170 -0.805032117 0.586618950 5.102926386 5.956328734 7.672133923 2.942673743 3.058217342 4.977388855 4.728243632 -0.324693407 1.670227447 3.094138329 5.687857325 0.426748868 0.819006538 4.875884874 6.294261657 7.258415700 7.030129336 5.323367258 6.753796890
9.477927405 17.178861449 -17.769385715 -0.392638893 -0.012972214 0.204434710 -0.896589577 5.498541212 8.234113386 6.670561272 2.550760257 3.707674756 5.497869159 3.765938309 4.203470558 1.927384811 0.461233103 3.140280260 2.984748039 6.746918479 4.129556974 2.320072242 3.106944703 5.619925716 4.346714944 7.687783513 0.143927712
13.101605738 1.419701773 -20.873230859 0.421380922 0.709791882 0.531495220 0.190122156 7.391124560 10.623882628 8.244661890 2.512724314 4.716704531 1.442735545 5.700494868 6.495505007 5.709919461 7.183255768 6.250460755 -2.132526127 -0.729406231 2.098170708 0.955548339 6.572155002 2.629315440 -0.105133952 4.152684412 0.069197138
9.712874581 10.480785943 -17.440985188 0.473068972 0.814734596 0.311585205 0.123806080 7.332779629 3.778198047 3.630751699 7.931435010 1.316667110 5.963036976 0.939076810 8.171404370 4.454576749 7.277903275 6.011083454 5.456121297 4.128297299 5.858458988 6.136027682 2.671297189 11.362807432 0.374835209 9.597871082 1.077076520
5.350569345 8.628565132 -20.883961493 -0.454672184 -0.213427525 0.568884239 -0.651223940 4.947635853 2.372228600 0.441823952 2.703992121 2.976783749 0.327989443 1.985462966 2.258097384 7.880453784 8.577790672 1.733157118 0.344477872 3.239289875 1.216651069 5.775306269 1.984469121 5.698769335 4.185637041 1.722685598 4.909535716
14.223593409 14.656000686 -26.346860024 0.663782830 -0.193956660 0.669537845 0.271094526 8.795566727 6.135342923 1.333557651 1.796379905 3.062741096 2.198076996 3.152609374 9.973048268 -1.012264839 0.069567405 2.839964079 5.383186866 7.502135794 2.065452795 1.798712368 5.284454397 4.913649871 4.434434141 7.036978805 3.834414139
3.756496285 11.275095498 -21.457636512 0.634732834 -0.049245083 0.074065792 -0.767595864 1.387254330 3.174104164 3.882226287 -1.939102528 1.240835924 5.106678058 5.041270760 8.383204604 5.430183236 0.101943336 6.376823738 10.445787003 1.402193662 4.217133940 2.870335253 -1.435273246 8.686175725 5.399645171 -0.154069327 1.937761661
12.452372220 11.798594673 -30.875039745 -0.805571969 0.442530330 0.266249088 0.290399954 -2.320691186 3.265675986 1.905445517 1.975091724 5.620007860 3.565602376 1.269482790 6.120893794 1.527944173 7.365950077 7.981055368 -1.145726799 2.697409856 5.064163149 0.549919799 6.810419154 0.318610814 4.456190590 6.098123996 5.272122640
6.124122438 10.535688455 -29.658144505 0.870935342 0.133970484 0.366952962 -0.298109147 4.022509918 4.682790944 6.418051709 2.564563477 3.934738908 7.519478558 8.133100563 1.850821824 5.003759999 2.700566057 3.469068494 6.173932982 8.244032563 5.685297075 4.842145564 6.703521980 2.347271767 1.709746384 5.517762188 7.958523070
6.602229427 8.608824337 -14.337719894 0.780534496 0.344195549 -0.008630903 -0.521747862 6.665731862 -0.380550787 8.025096693 1.146125660 2.316507419 3.448962739 1.901979279 9.722768892 6.623026278 -2.603826410 6.555508630 1.867077475 1.318570592 4.438366083 7.387526713 0.628840540 5.378055485 4.320528457 -0.831582030 7.142491501
7.023513563 17.648447834 -18.104091594 -0.214598030 0.640984310 0.596657695 -0.432534848 2.610385350 6.225562741 6.217183156 1.515742734 1.822309039 3.419821765 8.455018167 1.247518122 2.452069498 6.948608307 3.525427931 2.429683561 1.524283268 8.455512372 3.186612841 10.966027670 6.971589585 7.461184726 4.939331167 0.384727301
15.594144100 7.105603131 -22.993228249 -0.123417711 -0.192800201 0.607902367 0.760296563 1.293653726 0.115352047 0.604121619 7.764602073 2.186234203 2.754845512 4.419924949 7.656979327 3.908298397 2.925053497 3.615093385 7.233140109 8.933192802 5.486807639 1.384117878 1.558720873 3.047447105 1.431626889 6.868324029 6.160720134
10.926496264 8.946179390 -19.807400309 0.223455143 0.548027161 0.715259028 0.371669952 8.600923872 3.157017710 2.899575712 5.414496337 6.302269666 3.775129430 8.755376601 3.335408908 0.024067957 6.370324909 8.187365195 -0.475637441 3.277067490 3.506956612 9.671044770 1.760809213 10.064538238 3.252838068 5.999974481 3.062314700
12.560792758 9.606317844 -32.037634728 0.498347407 -0.132439283 0.659170127 -0.547361344 2.064196312 -0.276095272 2.722232760 5.678016261 5.171112666 3.669970381 2.116616213 7.145352799 5.426544584 -2.865264839 9.804354234 -1.097551528 8.151113180 8.339542832 2.062989256 2.436717044 4.751644802 6.061938421 0.221643140 3.450377036
15.911172102 13.492206663 -18.275303326 -0.634583370 -0.125638842 -0.590028916 0.483099064 3.005755688 -0.793042754 2.302807656 2.786889742 5.623487160 2.292371643 2.016273759 1.372550714 0.860491819 5.745334812 6.662262107 7.725206508 5.088577226 -1.057317829 5.995891187 7.138502737 8.762693957 2.234310677 2.720710696 -0.147790540
7.968649940 14.610597551 -29.495382063 0.268186068 -0.395008542 -0.697483218 0.534379683 1.871791432 2.642692338 10.950496728 3.292176185 -1.025725589 3.195859844 1.901647836 3.947391255 4.581504457 5.988742703 8.553367113 2.130735620 5.281924362 5.909643123 5.768769814 5.939632150 1.267163213 7.016337371 7.791258744 0.084399787
14.937950695 11.606308624 -15.363108872 -0.300294058 -0.723523633 -0.415731694 0.462065135 6.295780086 0.712300041 6.696227772 3.942152149 5.588818821 5.104779768 6.237432483 8.014698980 2.900994808 6.737445102 10.407479880 4.738205827 6.778256402 2.294147116 6.465854942 0.774443007 3.260967535 3.497786951 4.357994096 5.328983025
4.169081963 9.741845114 -26.146487619 0.177231589 0.880268937 0.390424724 -0.203184883 2.566225847 7.062979614 8.752460778 5.738286824 6.968504955 -1.878443143 4.927243944 6.134834646 0.041375437 3.364763427 1.540851767 6.945587436 1.232074272 1.689220339 1.704622952 2.838807989 7.210567851 3.603715452 8.150196721 4.945600651
7.942907906 15.871994677 -26.421845314 0.370420793 0.754235092 0.206651329 -0.501211622 8.960330850 0.895124264 3.647305237 10.171157772 5.518676047 0.982527692 3.436515939 -0.626636235 4.725004630 3.346775644 5.320298984 2.747672206 1.927300676 2.136671154 8.743750931 4.474725373 7.387182871 2.213667251 0.974181203 -0.219192462
4.358203095 6.887890493 -17.858290789 0.213335553 -0.837240281 -0.317550086 0.390741086 3.762945407 8.030331846 -0.022672341 -0.404216111 2.206161570 3.095551686 3.473687719 4.136674726 0.337525896 4.760238658 1.465080572 5.433669425 1.224647238 1.599437768 1.961606032 6.748682293 1.673460540 5.015372968 4.315126219 -0.081192730
15.994142625 2.566404417 -19.756325349 0.897424462 0.363721123 -0.189825816 -0.162180270 1.819149443 6.830007690 2.099836426 11.673610793 2.704337655 2.512627442 8.477614406 5.618384991 0.383783027 5.669269040 6.893104001 10.424163687 2.007841809 1.055198385 7.504504741 1.289783665 7.666229714 2.674163882 0.371104647 3.183840839
15.760643467 9.050482419 -21.028095519 0.742290528 0.445235745 -0.060547628 0.497095452 4.984568547 4.433906484 3.278844194 4.047982913 7.644286764 6.583127406 0.346432315 8.621802698 5.987794578 3.136967663 2.047598181 2.749726744 6.470573767 5.420900700 1.053823131 0.608730358 0.175748847 11.191710858 4.019299891 6.165179178
15.992844907 9.472762898 -24.724883247 0.060349353 0.877083860 -0.462588189 -0.114429131 4.578550107 4.056931586 4.858241253 3.087384596 4.431412797 4.156106590 9.822125540 6.250662830 8.091724245 6.203212878 2.487126438 4.386077940 3.238251939 2.891175229 6.476128720 3.053642768 4.108857644 6.388598153 9.210795494 -3.611437867
6.151153488 2.428648299 -21.700851788 0.525921304 0.439447408 0.389105604 -0.615540077 7.849380826 7.132079690 0.662931040 3.907056025 0.279749330 7.212142875 -1.979260248 -2.202227693 -3.899544503 -0.792970988 4.167953145 1.576795694 6.227913169 2.281269676 3.137176891 5.727660379 6.109341114 4.747600338 5.353246888 -4.436862664
15.569278676 14.531760257 -20.870327697 -0.309362598 0.116690446 -0.935100139 0.127537656 2.506907102 7.854805418 4.285924409 -0.534843939 5.269672923 2.030968562 4.102889536 1.080333920 3.943845754 2.551246507 3.241892947 8.568648153 4.568855999 2.202877599 2.297448479 0.877927548 0.805931999 5.112811440 0.213978020 1.421203887
18.111468506 10.288848777 -18.227211823 -0.098300331 0.277211043 0.416471893 -0.860257080 3.237149360 4.939457078 -0.471523308 1.346535458 2.115759920 2.044129607 8.752916777 4.580466313 0.097238261 11.823594288 3.028590607 5.341387810 3.208571600 -0.061246101 0.191112805 4.488618603 4.875257361 5.779099472 4.383514669 7.272116910
16.951311105 6.505114498 -15.452000706 0.530905950 -0.368157622 -0.377373008 0.663466992 2.363279629 1.749717143 -1.134317811 4.146049022 0.596897524 4.400361109 4.262599234 6.904031272 1.718166421 5.046756042 4.452902910 4.681561483 8.012136385 4.584187874 6.144332476 9.946058846 0.512484099 -0.260851451 0.782776427 3.080223468
14.744444373 9.967521475 -20.596762169 0.481389625 0.533041158 0.613162456 0.328881369 10.187835892 4.958668699 -0.247831526 2.619406266 6.286437206 6.339635627 1.454491970 6.261213368 4.019636493 -1.214440723 5.316343953 -4.605627881 2.500494950 3.547659802 2.540115195 0.721761208 6.222381209 5.154457990 4.250388479 2.765692278
4.655856365 10.664139635 -19.810339511 -0.851442920 0.319886224 0.281720159 0.305534794 4.135273330 0.101202562 7.999768792 3.839267434 0.033453188 4.503628602 5.070561507 0.925464047 3.951411907 5.512639820 2.123635907 0.353308949 8.954536571 2.079723042 1.651628790 2.441078892 -1.080346548 2.491702117 4.869438064 3.953055806
7.473726978 6.042982091 -15.569352647 -0.064857419 -0.961584053 0.229800804 -0.135429742 -0.624381707 1.019499907 7.016677048 6.854565864 7.726599409 5.309293131 3.010875588 7.904711852 1.352910862 2.849866208 8.909820619 3.472689980 3.984845189 2.620428934 6.666095890 -5.521220841 3.199269565 5.156219527 3.987150529 4.251436906
18.974462200 12.213732472 -16.771535603 -0.359672283 -0.787944976 0.365662340 0.340689913 6.998818357 -2.330521668 3.622453644 4.503005135 3.283191757 6.756767406 1.968801023 3.326084943 6.311961263 1.693899377 6.814636861 -1.145971438 5.231025648 1.649254414 2.565152651 11.102335156 5.298681735 8.640703437 7.841412667 -1.985200152
5.951297143 13.404115527 -27.452801063 0.676464128 0.218184104 0.477041657 -0.516936396 3.451812016 0.658575043 4.834650105 0.326178142 3.964288905 5.158953639 -2.404266365 2.353772456 3.332113014 -1.690107888 3.747257508 2.526220330 2.906346605 4.250173262 0.425410791 1.266582710 8.298985027 4.258900675 8.370480100 4.558768375
12.426230679 11.799153825 -29.344191578 -0.052573996 -0.004291621 -0.723044123 0.688784983 4.922604385 5.133377535 6.560051455 2.323566850 6.534547470 3.325243925 2.677413481 6.129214608 3.610215006 -0.679422393 4.872352652 2.623244634 6.469643877 4.721662092 2.489838166 7.286220974 8.161033949 1.166342827 4.289849158 6.660450253
12.614846987 11.702860569 -19.435533021 -0.261607069 0.192923334 -0.857693450 0.398377051 6.564476238 4.144505693 3.464212232 2.177063071 0.955884475 -2.331497940 3.743414934 3.687969541 5.098698065 5.305423530 3.650263505 3.198692340 6.217872822 8.691757784 9.646356913 3.680262453 10.858711285 2.836816314 8.596668420 4.899849392
11.193763893 12.323617795 -12.694315654 0.532143688 0.433077361 -0.648164124 -0.330379120 3.873940770 3.742866278 8.534348901 5.512858763 0.757192813 1.298305702 7.612068935 8.514254139 -0.761035518 3.846689629 1.891444095 5.982200718 -0.640809869 4.161303148 3.639857230 9.912970225 5.370724238 4.293626111 6.361863015 0.017790761
8.104473450 8.877183861 -25.263995236 -0.300682955 0.845942652 0.411800568 -0.156176442 2.470634262 2.808596258 -2.376668920 2.855880436 6.347439522 4.844358052 0.821456746 3.628628824 3.999177651 5.555075962 3.909598046 5.431281974 10.926870032 2.200947815 3.989784024 10.221213349 2.867986706 7.063861488 2.067161626 7.294895795
3.522411773 8.251841132 -21.333229358 0.381835853 0.859492576 -0.339060332 -0.022627059 9.092369940 8.403783994 0.524583669 0.076453538 6.899286498 5.403904745 2.479702074 1.839704933 3.868586957 7.498207797 7.641372427 -1.664082470 5.536127255 -1.572549113 7.820819651 4.214429222 7.004724595 2.429445497 8.875240350 7.983291284
8.630873023 6.514487856 -26.074205453 -0.128489819 -0.510327491 -0.640991325 0.558736377 3.494854582 5.562014577 4.705297437 5.496204052 6.593954001 8.365618074 4.876996486 6.928065264 1.075741310 1.431596677 4.802794442 6.133794930 4.889418260 0.140419727 1.708294523 2.371595130 6.499603333 5.106180542 5.585290109 4.514478610
21.564789584 9.086056607 -20.319849022 -0.756845769 0.136027423 -0.608233047 0.196808493 5.750647522 3.908444432 -2.227030645 1.384509890 3.931901659 7.834825572 2.891204897 3.464501153 5.635664879 10.388353828 1.821513152 3.400939282 5.870839331 2.992269464 1.359583048 7.987776808 1.826188334 6.471422345 4.496136684 6.844193327
9.751458911 4.631297513 -21.811291999 -0.145132574 0.054404793 -0.367720243 -0.916928829 9.001994473 5.132596880 2.403979721 4.620479378 3.908682570 4.123034348 2.451215928 4.225086117 -4.100027522 7.557006185 6.268371954 5.784479681 2.648883653 0.251613144 2.480619883 2.272747234 2.947662290 8.870004833 0.552031811 6.007058074
7.003747130 5.679101593 -17.720148873 0.024550902 0.909421569 0.064410698 0.410123060 3.849424991 2.435704994 5.092667744 1.955488526 5.030551049 5.682613207 1.324922278 7.603118384 3.551910231 -0.867771759 5.060058314 10.168498396 6.714460775 0.949143559 6.527150404 4.070098611 4.409387519 6.991738913 1.996429665 9.694978208
10.633126085 11.620662982 -27.439907686 -0.475407683 -0.208176346 0.787307821 -0.332861140 6.604553776 5.838141891 2.714236030 5.175268374 4.611525116 2.177027378 6.857892354 7.471852981 5.350193964 4.032153778 -0.743869827 9.708611541 2.505235875 2.195896385 -0.717621424 2.852365651 1.726192723 4.189670478 0.875086940 6.605772480
11.342030290 5.069408696 -19.449573580 0.534469727 0.521746654 -0.539744659 0.388327495 5.044604785 -1.387375363 2.125314996 2.652809339 5.584459485 -0.201685509 4.975244380 -0.308241178 9.837847539 6.139666338 -3.284709388 6.365987348 8.179502837 -1.733659044 -0.039336922 7.701528217 -0.197360315 5.672354697 2.888947201 -0.047950810
14.509933693 3.580046999 -26.093145907 0.253648303 0.209608608 -0.752742438 -0.570180316 4.119562164 1.411605461 3.358290124 2.837908795 0.633144652 3.632930822 7.524850681 5.354511760 4.678539733 -1.589043934 8.299538595 1.897919393 10.785287585 8.164972490 -0.181119944 5.578186778 5.063243267 7.679980657 3.410276613 -1.255614578
8.435520568 9.274459023 -21.925109327 -0.451925057 -0.490653462 -0.037638434 -0.744047224 2.550877747 5.005418294 2.124103647 7.299488914 5.690203181 6.743791263 0.431818773 3.683807196 2.694713085 3.037409570 4.189820837 3.550580910 3.846760293 -1.050520242 6.770942120 4.481942397 5.994925547 -0.360351187 3.768053977 -0.202368601
6.181855220 11.492028688 -14.214716270 0.335186277 0.917932860 0.001512814 0.212243105 6.350624993 6.845194193 -0.317539833 4.480160970 1.727124363 6.043381213 1.247349659 9.913189425 7.156575297 3.631102780 6.507062584 5.789604305 9.932667351 1.539857854 2.088350914 1.193127593 2.636154612 5.236662307 5.885445838 2.105504693
22.020908249 9.388688437 -21.755500150 -0.936253569 -0.158928408 0.270572208 0.157992706 4.605518035 5.036063829 1.836043669 6.016835805 7.437324563 -0.250888517 11.966139458 1.873615565 8.572957323 3.685441442 2.526911948 11.092774854 1.669100125 4.509049262 1.869233367 2.471695531 5.720615065 0.770812925 3.198887637 2.875733725
20.133612247 11.685739277 -24.018741376 0.651935315 0.118094843 -0.326952372 0.673896208 3.232818152 2.656873113 8.972398480 4.776728023 4.378548896 3.568954605 6.991476233 0.719697724 5.695376263 2.688540111 0.198910860 6.202105340 8.742868651 4.408654217 3.171200900 4.752513704 0.327428816 5.950731737 3.991739433 4.426829349
12.476803303 15.425857724 -16.492774389 -0.763965612 0.060080659 -0.621535811 -0.162604103 5.061457699 8.569623399 9.577547858 2.295291705 2.843596627 0.047064701 10.808001351 4.925213166 0.708750768 5.267099970 6.247597611 5.882986420 4.660844422 4.386552506 6.832805112 4.318922948 -2.904183241 0.589818555 -4.380170869 5.379996148
10.041179872 17.972866886 -21.051491280 -0.647583675 -0.106926829 0.605574941 0.449978919 8.655404229 6.530404574 -3.902885684 5.069817347 0.017371640 -1.421345219 2.850068611 3.822830420 3.248693989 7.567716358 7.815434626 7.051194513 3.826698193 2.156738851 4.119880727 4.841207174 3.585559690 -0.454309237 5.714328047 5.610172690
11.138183257 20.162652559 -20.629880795 -0.303323709 0.172902447 -0.657485480 0.667691781 5.561528976 4.122327223 4.056664331 2.792342440 2.438316383 4.150324564 6.633189272 2.623593374 3.934692467 4.956429943 -1.046372434 7.747846779 5.407711782 3.355746657 0.412145285 5.419516838 0.028174885 -1.286438253 5.613772041 8.439651745
12.880567420 2.917448341 -19.575642065 0.325594301 0.071177653 0.911396910 -0.241407884 6.431030245 6.542969041 -0.082731725 8.402299783 6.698033780 3.321970964 5.196047233 7.528459849 0.320944078 1.095396443 3.598153829 3.496390438 2.691831113 6.654725006 3.064204718 4.208538041 4.978476961 6.851718386 2.744817194 7.525578579
18.894126970 12.154850317 -16.618323150 0.400093390 -0.210043704 0.213511583 0.866152253 -0.634812730 3.733906135 8.223414138 7.727041146 3.134662564 6.697572896 5.875189990 4.530191719 1.147713116 2.462610908 1.237555606 6.634786374 6.797861135 4.684573156 2.280271494 6.619217130 9.506511188 5.820583203 1.388407682 4.792134472
14.971471178 15.602965007 -15.909228726 -0.178393030 0.266553854 0.638623640 -0.699488967 -0.133633326 0.401570117 -6.179352154 5.267802019 0.753787113 8.317684031 4.052011433 1.506892847 9.641805184 4.288100869 4.055860848 3.274425557 2.794853052 10.784231203 2.100558398 3.749454699 4.818522321 5.064534019 6.237431095 6.331657499
9.161593904 10.990216059 -17.399396713 0.429932796 0.740061625 -0.170781442 -0.488160098 7.413215329 2.593604906 3.269509601 2.132444132 2.004958256 2.378646536 5.115127498 7.619173472 -1.445238948 4.399250401 4.712043291 3.895994942 6.942401687 3.330549292 2.175431921 4.431022145 3.837628173 9.035391144 1.271166157 1.585825350
11.776223030 14.305217576 -18.950444026 -0.600256153 0.527524690 0.380316830 0.465584967 1.198474365 8.797453184 4.330021737 5.711851031 9.248618923 5.211536620 5.263436759 4.908407849 5.699968589 -5.153503800 8.095613043 7.563932606 3.004541828 2.546130710 5.525794332 4.046292912 2.205588924 3.960624989 2.903832657 -0.011652257
6.527271450 13.440020495 -21.348135168 0.243826743 0.802676879 -0.380849829 0.388859557 5.699317714 -0.927653796 3.477870307 4.604077307 3.576464610 6.297013161 3.497356057 4.789695435 7.831211791 11.358521442 -1.415250187 4.573782026 4.908966765 -2.742971586 2.811246372 6.066496652 3.175825214 0.913030138 6.094807400 9.050757367
12.399589974 9.746014069 -13.053124389 -0.366227554 0.319231095 -0.564844759 -0.667022702 7.665669493 2.135915682 1.588861617 10.107415580 8.752182664 7.116635845 1.863993423 6.162560764 3.199384079 7.287120999 -1.586372709 4.051970990 3.507538322 5.330073079 4.717111446 1.320832160 -1.134722630 5.741689510 5.313006770 4.626597807
15.083101625 11.208712483 -21.058443715 -0.546407407 0.769737625 -0.327221660 -0.043230996 0.772366163 6.015696175 5.855273664 4.222868530 4.772717539 0.132708870 1.955113223 -0.421243469 7.553746208 3.672964393 3.371472981 2.772576667 0.874466384 6.092872255 0.855014846 5.674356722 5.505958054 0.126699886 4.501675066 -1.175902389
13.657671430 12.580645044 -12.604314154 -0.099219549 -0.560966124 -0.730083452 -0.377426340 9.341386142 2.447679820 7.287626714 4.109675174 -3.254409940 8.286843130 5.035260391 3.317717931 4.430243790 0.806434851 9.973070912 8.269476210 1.496837204 3.991074234 8.442792940 4.324312659 2.879045417 1.770870000 6.706198926 0.125028042
13.116522642 13.759646898 -30.439069156 0.104483994 0.560714439 0.804465367 0.165885158 10.368737481 8.218885668 4.906906371 -0.497659251 4.759042419 1.426617551 8.320536872 2.514120148 1.847753955 4.198951361 0.416322548 4.636810564 3.187947214 2.777671470 0.244011847 -0.180245371 -0.071216570 4.526778173 2.154698032 7.832632829
10.352295435 11.261000768 -22.364718379 0.411075645 0.632962247 -0.258359026 -0.603014280 4.050250476 3.301961213 2.534612225 4.022882379 3.424989013 7.635015720 0.402758790 7.971856310 2.224243273 10.415159001 -1.385038615 5.008868504 7.085736490 -3.105625230 4.755982021 7.188629465 1.165386174 3.962429108 -0.879914020 0.048209572
9.222009662 14.070207349 -18.062865788 -0.047232844 -0.008654926 0.025364695 0.998524303 4.572541950 5.189467768 6.944883758 5.193465022 1.815177843 4.390053280 2.702315334 7.567588877 3.764720493 8.741076696 2.797568557 6.593461926 5.387023092 3.132360017 10.199956358 5.874289684 8.112819538 4.810960531 6.528599252 2.501544636
8.089779422 3.332893992 -18.771238684 -0.494796223 -0.477605143 -0.717720553 0.109303396 2.302258969 3.396145517 -1.242980233 6.263096078 1.389064610 8.395662169 7.183697425 0.751562067 6.827153352 2.653655086 5.826680760 4.155788413 5.660804725 5.040057177 10.840341581 3.111212392 1.523215012 4.260861039 3.174029216 2.086205391
15.137972187 19.765535237 -21.718746577 0.381202062 -0.585395431 0.378774402 -0.607064353 1.076676109 8.541311623 4.918186301 7.981620170 9.494312853 4.426169379 1.262488220 1.479379264 1.957323124 7.923005969 0.916553286 0.030917690 2.512921649 2.735727963 -3.014862755 -1.131492791 2.718880506 2.244119719 -0.250973098 4.859068597
8.096864672 6.343771917 -15.647021956 -0.268546040 0.270362681 0.587520466 0.713867457 0.248751859 -3.560281983 6.558326932 0.194548907 0.984021377 5.139418977 3.219871771 7.693121457 6.361506073 5.073182473 1.384726773 3.355014210 -3.086609891 4.615588246 3.035397971 3.018408374 2.880260051 0.029888401 10.304210717 5.653224941
21.501502295 12.331182230 -23.292970409 -0.291135115 0.165842611 0.930074124 0.150660869 7.498505462 5.865230163 0.278735327 -1.590283998 1.624222742 10.917629596 -0.109687851 5.006131075 -3.767935395 -0.631424039 6.203171788 6.171131755 5.197407767 4.750824494 3.840422349 3.138466296 3.393855878 3.890431067 -1.957124419 2.965905537
9.676007126 20.111788454 -22.404588445 0.752308436 0.636157920 0.121825423 0.120389721 6.239215125 3.103116941 1.202838511 -1.248249462 4.774408654 0.598721491 12.541295404 2.617111347 7.174263053 1.118426839 2.496768574 7.040110484 8.519878197 2.127688138 4.024316984 6.914509765 7.703804857 4.840613545 9.314528869 5.263372162
14.092431911 10.254014406 -27.397482224 0.203939529 0.427913818 -0.812157763 0.340144382 1.814055692 1.532154712 4.699153045 3.825591250 5.028053259 4.230290475 1.496942925 4.767564748 -0.804372118 -1.219503692 6.767295878 4.354665160 4.242456435 9.001652065 2.078088715 8.205483855 3.273989104 -1.375694565 2.575443541 4.849307930
7.922744658 10.664487148 -22.840939161 0.051291182 0.655124185 0.489791903 0.572961961 3.923913960 2.176705827 5.117029183 4.365200982 3.879237342 3.520324608 3.362916332 6.435099587 1.282251208 1.001046870 7.865574184 5.062008853 -4.616762720 3.056356114 3.101274491 2.753678172 -1.316276321 4.509381007 1.534295624 4.698422432
15.849932566 5.760265623 -25.641525750 -0.140856950 -0.722673477 -0.435232785 -0.518145527 1.714971561 2.088095533 8.101936763 1.239884989 2.914379944 2.353847958 -1.624249114 3.863671318 4.746925012 5.626521180 4.539823991 -3.204769936 1.434487652 -3.394508235 -0.115588764 4.381936318 0.533146486 7.480281517 6.483933016 2.523498585
14.144717562 8.480080468 -14.233897885 0.160389214 0.556758180 -0.629412455 0.517818106 6.803345617 4.541555010 8.933636951 5.812002477 -0.736194208 4.914257852 4.772157958 14.378062958 7.493688217 2.128885201 2.216260489 4.107259837 8.609719149 4.322202655 2.774792634 2.732404280 8.017895169 5.033479231 2.609742644 -0.766873187
7.544888740 8.754968061 -22.528345737 0.911497308 0.326342478 0.193237784 -0.159161564 4.407038213 3.712908169 2.712585435 1.640903379 2.206550157 9.269337708 -2.303894295 1.919452975 2.491695450 -1.186340409 1.465150295 5.293729677 6.251401377 5.190006429 5.572006154 2.230361392 -0.117909577 3.256871081 6.613899383 -2.251267181
15.586170781 12.595773015 -15.602185648 -0.416946976 -0.372194567 -0.464968404 -0.686608190 3.195382279 -1.510078848 8.190597160 5.316108979 6.750744297 2.110131328 6.962034985 4.584284638 -0.095772375 0.839276547 2.930461534 3.963524029 4.643978609 5.835557135 0.839898016 4.322030760 4.624807307 7.391640151 10.583941540 7.212092917
16.560082565 10.651111835 -27.867923314 0.332458309 -0.449072928 0.685127944 -0.467337863 4.934620998 -2.519613695 -0.080047938 10.543741186 2.973342416 3.755943391 2.679953989 1.927676210 3.472138895 3.257571299 2.227514852 3.353538208 7.850188689 3.545236416 4.958166350 3.249873572 0.847543355 6.204409153 5.675786223 2.737240319
14.011718978 8.470093397 -26.842012163 0.293280365 -0.174445001 -0.022065746 -0.939717336 6.067548784 8.539560729 4.161235880 5.604655634 3.807394607 2.035133994 3.667549654 3.275461617 6.176659064 4.782785343 1.663851189 4.651981769 5.118414138 -2.314448126 9.313116295 3.555587059 1.431044099 0.341464317 1.346339848 1.283383753
4.809643014 13.592440665 -23.265433522 0.679740253 0.697357266 0.225166140 0.030761031 6.842378486 6.294452321 5.789258295 3.463796920 4.525293827 4.883777598 6.313568549 1.595314171 4.212780675 4.047690029 -0.098251175 7.706981125 5.116121808 1.900172238 3.584942340 2.575782380 4.369856292 -0.771364178 0.512436594 5.206738673
21.652796857 9.201008832 -21.500957510 0.317404649 -0.913103332 0.186277132 0.175491947 4.232979753 4.088643521 1.610421014 0.281951172 7.117006387 5.256743088 0.066726551 1.019963745 7.264814365 4.849471260 3.993420144 6.777310196 4.226211582 8.158219074 3.080806310 4.661979183 2.105633646 7.504128105 7.797581677 6.057721349
10.907473541 10.127946941 -17.644148880 -0.096904720 0.931498762 0.139232871 -0.321766590 1.361377546 -1.546497998 4.870815973 7.080603113 7.049507281 0.628204461 1.383789956 -0.444408411 9.626119205 4.804538955 5.692398708 -1.296589563 5.673172710 7.490532244 2.168671094 3.191200114 2.258185199 5.919440989 6.723809586 7.146127556
12.853081794 13.410293069 -22.028021309 0.133693577 -0.902751714 -0.065432782 0.403588803 4.091936184 6.387970226 7.706825863 4.243731084 6.437341238 2.396727546 2.078254276 2.762777497 7.309968889 7.715492339 7.655177214 3.644424773 -0.169205688 7.961855976 2.554143270 3.172614582 2.505613569 2.438392785 3.542681000 2.856009393
5.587642283 13.102481908 -17.749100374 -0.140400057 0.290897990 0.893083374 0.313158539 3.372507633 0.473709285 6.267570692 0.821378679 0.979781491 4.432603000 -3.069073991 -0.834859634 4.926877045 6.899736547 1.281114580 -1.455022804 12.122222925 5.692620140 3.047453197 6.676609255 6.116528968 -0.031145265 2.381079667 1.482583276
6.228793053 12.802693381 -18.288377154 0.576614247 -0.308149303 -0.367835128 0.661254365 0.224827111 5.488607687 5.682074078 0.135563694 8.934382522 2.010805031 2.350649004 0.877231766 5.478736112 0.159743984 4.784561336 3.605956247 6.654421124 1.159434366 8.315364868 5.498770126 9.274039737 7.097685183 1.272335163 5.714723773
14.997349778 2.104602825 -21.319455115 0.787185090 -0.079786639 0.156720377 -0.591111199 0.610651149 3.908467449 9.735567363 7.386357334 4.449111396 4.126154999 6.551213905 5.008001864 5.964606749 4.325109150 8.796119312 6.987325703 4.469306025 6.641561079 6.313587613 10.428003005 6.824938106 0.853322108 3.005940076 2.722238983
20.225429838 11.290159337 -22.492766048 0.792643253 -0.118680332 0.519721844 -0.295839244 1.401247709 5.941040317 3.792005046 5.809942986 2.923196397 4.429382764 4.276815500 7.493241312 1.125818198 1.796538584 6.221957616 4.323806208 6.323933261 4.970878659 8.621444689 6.943005082 0.515072339 7.550195073 6.002189156 3.916125147
10.772771849 15.078340987 -17.646536109 0.237282774 -0.057027078 -0.901687570 -0.356937422 2.703849602 7.644024070 1.520039286 2.444677590 9.230042560 4.507078364 1.055039714 1.720636900 3.783348959 0.481083059 4.439807221 2.482812308 4.177248303 4.107833409 4.803756650 3.752782358 4.980036071 0.621167367 9.129714267 1.474734838
10.844980813 4.831933284 -27.761308402 -0.788152966 0.528651081 0.004120653 0.315160209 3.509839664 0.914898321 4.043672615 3.882230723 -0.970747285 7.641778932 6.075456854 7.111545814 -1.949974475 3.634133943 5.201419302 3.769698068 3.560857717 2.544991548 8.342052591 8.981080818 6.151253420 6.475888728 5.119702765 6.747658767
18.027559080 7.163373512 -20.555167173 -0.800006713 0.433360884 -0.398990963 -0.113990418 5.312953161 6.048583089 4.333159683 7.402374553 8.452662307 1.016546400 7.620978741 -0.432357405 1.396186437 3.936298771 5.644591821 1.805790533 4.695805121 3.453359757 -1.048683296 -2.165713674 5.491280805 4.911905248 5.906756640 2.870000481
20.477539739 15.259196328 -23.599203692 -0.700992377 -0.549747807 -0.395021989 -0.224376166 0.921790064 0.106398444 3.150342661 1.795983119 4.988399796 5.287133236 -0.424940193 3.337580356 1.860875960 10.917218058 3.928372358 3.926819476 3.826095232 2.182486105 2.066993294 -2.243405827 3.988939871 6.702720765 0.339659713 5.883702681
5.644021196 9.293422491 -27.275537296 0.476664456 -0.771821369 0.058366545 -0.416744667 2.436864242 1.394256176 -5.856130147 0.673191898 10.761041916 2.208713675 2.019336277 5.999396640 0.274242961 10.325674847 7.390098330 2.739502788 3.314633772 4.159368557 -0.886813083 3.935800147 1.068063174 9.046608984 9.626896980 7.201258948
12.426560601 8.325904943 -30.681668419 -0.470129692 0.477777282 -0.337948702 -0.660679662 5.501579300 -0.071261897 -3.572271691 7.562375049 -0.660273124 0.171965275 3.203328313 6.610738399 6.447265534 7.363721607 4.644969156 3.375732830 -0.383911725 9.898305424 7.541261892 1.547227257 6.604265500 3.490213504 3.928857653 0.790112208
14.808844263 7.499957707 -18.296933144 -0.797353294 -0.587596153 0.125219240 -0.057259306 3.811602334 11.070766426 0.926505577 4.640596775 -0.295469318 1.911508555 2.556850477 1.230343814 3.888071938 5.605709953 0.720232446 2.567792902 1.304033401 1.380668362 3.098870025 4.436312799 4.431203103 4.817662598 3.790743722 2.908353411
9.636102544 18.780230526 -26.141709785 -0.472509887 0.469069771 -0.664573528 -0.339190187 2.338044872 2.184924252 2.777350821 1.767398563 6.535155700 14.316927142 1.216196723 1.828503214 1.092764769 1.502292722 6.936259161 3.917007125 6.258218433 7.467802908 1.399556589 8.191725943 4.884536277 6.379717813 7.233595095 7.556232875
13.019173378 12.060128079 -23.220908498 -0.657081826 -0.531579975 0.528880917 0.077143894 5.848261153 7.378711699 5.118824813 1.632196068 0.200105182 4.099639292 10.173819021 0.428030652 2.953101245 -0.799714283 2.906427518 2.928327496 5.615046526 3.795986763 6.671460947 0.706249080 1.180849676 1.464700044 1.139340714 0.266474713
8.489424769 3.341485111 -17.715989179 -0.373060901 -0.541914635 -0.099357494 0.746513350 5.346739541 5.159435486 5.541169987 9.039935024 3.406296573 -1.134973340 2.694690191 3.253027946 10.032226361 6.793837024 0.419551072 4.442995433 2.349192770 5.379102904 2.489509424 4.999364309 4.396697736 -3.594377712 6.855204627 -3.041833805
15.509905668 5.374283412 -25.519588381 -0.429748877 -0.112661109 -0.875047598 -0.192132974 7.176517487 4.499922191 2.678229368 2.968516727 -3.534617429 9.485862855 -2.360677868 2.649216755 4.640547944 -0.364944882 3.649707968 7.758254264 7.191622650 6.194453978 6.933625203 6.093000533 5.111381561 1.105128501 4.451865190 5.579200572
17.067931083 15.841496443 -26.396249472 -0.487199074 -0.124345396 0.797658218 0.333041517 8.436621458 8.848929946 3.165262789 5.128151703 0.793354260 4.007672363 1.159860554 -2.818851396 2.583407450 -1.849286343 4.328186193 6.211452333 7.115798905 6.760289482 1.561056340 1.830157603 4.381606006 9.403075222 1.203423755 6.090144642
7.810667250 18.375771732 -22.407696143 0.585459075 0.347432116 0.684395590 0.261019679 8.824778640 5.023546955 -2.175699131 3.915791340 2.313965392 0.514618013 4.968627770 1.457809181 3.727812514 3.181182814 2.427065261 5.003696887 4.084071168 9.287501712 7.178528946 0.283142491 4.168698199 6.416852348 4.257604790 6.986205589
13.935384154 9.951215705 -14.546305466 0.066445518 0.508366397 -0.292616671 -0.807170418 0.798709973 -0.142927052 6.331839733 3.028662120 6.073001034 2.933403066 7.685344383 -1.027586599 0.315344933 3.643414549 3.289309366 6.436040556 0.531309411 -0.448149160 7.082366489 4.790517656 5.063295740 5.082811532 0.394180891 6.345709247
7.450978452 10.045597967 -19.144657515 -0.175079190 0.422353211 0.638601128 -0.618994056 1.525939448 9.097157272 2.991813585 3.468460219 1.313650839 8.865735251 6.828882490 3.892528224 1.998291768 5.954319362 0.709431455 2.158586010 4.857363020 7.292009159 5.550524561 4.529856334 3.631978515 -0.563272143 5.930972299 -0.399293186
15.007515628 17.305151585 -23.682734960 -0.056801758 0.427124130 -0.238230794 0.870393375 3.233865512 5.797730021 5.809318944 9.647507136 6.909055544 3.877244086 1.889381895 -2.106465194 4.668998363 4.073250908 0.254773688 2.480919203 4.132616685 -1.158856164 5.582758524 3.435863022 2.606352712 4.948203602 4.727566533 2.566123757
11.273550454 12.430507269 -26.542574959 -0.324731179 -0.612793353 -0.161590959 0.702084275 0.668417635 10.941988824 4.891032320 -0.187002356 6.256972694 5.341431270 1.506476442 3.492746204 7.075095003 2.761372385 0.929641304 6.799347178 -0.864387447 3.793524028 0.806087861 4.372566099 2.669475859 4.926289956 3.182839576 -0.249717455
10.540058479 4.601964439 -15.779423716 0.222960163 -0.962213943 -0.065205968 0.142060815 3.625436590 4.455435948 3.679538422 3.785161110 10.652781085 2.560492530 9.801696254 4.527816870 2.330127626 1.441688700 6.104089813 2.182844607 2.530906770 7.510273272 6.420211588 5.759645913 10.420300458 1.869346892 4.326452755 0.385390716
5.302043366 7.802792383 -27.100855606 0.161125518 0.650143326 -0.113494296 -0.733806015 3.894977718 4.004415706 7.943975959 3.600545902 -0.355381991 5.964303408 2.120672023 -0.777503479 7.085806319 4.646665596 7.028467531 7.245836073 7.974457366 1.432017156 9.394846495 5.384957522 2.452324685 1.746257315 3.885980945 3.866542948
8.832345287 9.836533312 -18.180224677 0.790769964 -0.185358987 -0.419817314 0.405065838 6.036616951 2.453115308 8.509549401 -0.150960229 5.350456681 4.741355369 5.647247535 11.205435205 7.935518288 8.546135748 1.852607251 4.522968229 8.813469825 12.302244544 1.870812603 8.453063150 1.459247072 0.262238025 1.260423773 0.793016919
13.780350379 7.328187019 -18.540392961 0.137836696 -0.571017236 0.637229332 -0.498877881 2.130401342 2.491441281 0.509433037 0.277122085 7.825110006 3.286684954 2.205845218 -1.138379231 -2.676210861 3.168252602 2.986091725 4.251107562 4.548996086 -1.662614871 5.694445185 3.128651015 9.953852531 4.355767865 2.854089438 0.592984249
15.451910425 14.502760095 -25.716928861 0.357534925 -0.131023152 -0.160641704 -0.910601973 5.468756274 3.405830178 0.510830704 7.883722877 -2.048497875 2.030452640 1.481448394 1.213573716 1.690513423 0.713876798 1.368115795 3.452198781 4.295947839 5.661655602 -0.397581124 -0.589165048 2.538073674 7.098373180 -0.626501397 4.868444812
11.892924341 6.318485813 -26.223351192 -0.843428002 0.482262580 -0.017046229 0.236138593 4.828568781 3.040564377 3.371949593 1.221274056 0.766003347 0.127821749 -1.793997938 4.663584039 6.731156374 -3.293215995 4.121479260 3.770101962 2.206662046 3.942365884 2.886760106 6.027165672 1.998990100 4.028304299 5.277304090 6.479057937
20.105707055 4.915650704 -22.263702366 -0.400744728 0.186334103 0.619561050 -0.648712086 9.853956006 1.195599711 6.048938282 -0.175625858 1.584854403 3.448122838 0.124383113 1.919861925 6.330340997 1.142612233 2.035255128 4.950390447 8.033087595 0.932433231 -0.063252221 7.817766919 7.503548110 6.256363436 -1.123777876 5.409218318
15.751149037 14.260782739 -28.683492893 0.389311100 -0.099406272 0.409040004 0.819293315 4.333136414 7.803102444 -2.946394516 7.762264863 3.540178905 6.979108451 3.369983973 -0.576517818 5.216623101 1.380106340 3.936522510 4.933173852 5.096119261 5.558192554 4.056533416 2.360554540 5.113753791 -0.106864117 -2.353529020 0.881267468
9.768295159 12.114436253 -23.412728318 -0.017667174 -0.324177099 -0.599717549 0.731393151 8.515638652 4.878504020 -1.516366855 5.670305825 3.667014093 1.645518355 4.024466229 7.922175831 4.961460426 2.307472696 8.689144638 0.827406557 2.739181559 5.339618269 5.833501489 5.253465445 2.946198946 8.855829654 4.971849457 6.373360283
10.284950501 8.563844652 -16.124956706 -0.311496594 0.690075528 0.601651933 0.254520311 -0.393983282 0.898984386 2.018135306 9.466986146 6.221118775 2.756738907 2.780389537 5.329590423 8.751995784 1.358856312 6.760278901 3.771985563 3.032050653 4.764193598 3.808782614 1.624706628 8.415887434 -0.920556037 6.322287257 7.935879630
12.948745272 1.139048654 -24.659119264 0.431965077 0.652823634 0.464423363 0.414171963 10.194331014 0.381926211 8.392162986 4.498544183 -0.546696339 6.328086647 1.782063052 3.136237063 4.043612342 -0.809995521 5.666851104 7.927270539 11.070782761 1.400249956 11.401534145 1.600199093 2.041230895 2.635607753 0.487562908 4.419509860
16.625145745 12.166652353 -17.259824059 -0.448790095 0.761775109 -0.428792022 0.185535806 5.462355440 -0.106063113 5.034969699 3.062549920 5.121389829 6.938395010 11.153491646 3.112592027 3.200893226 2.228804355 4.086968238 9.576818196 1.804149689 6.668383414 5.525195825 6.403578748 3.896727464 5.667178569 1.889863367 -2.232024176
13.764323225 5.532767163 -30.526385025 0.263712157 0.080682872 0.940600074 0.198034526 3.632027243 2.506707718 3.751478593 5.187825189 4.518490712 8.522130026 1.874342459 5.501357890 4.710256818 4.339477272 1.089762590 6.478770195 1.447652596 4.317515680 -0.028903599 5.938388600 1.892410415 4.864904067 6.238017307 6.139503750
11.881278251 15.099166103 -30.744440621 -0.275378162 -0.010334012 -0.350366531 -0.895155500 1.580963644 5.249624127 6.960547833 2.052473437 4.547411062 5.201175827 6.793371977 6.279214595 1.328826327 9.247771776 1.279011441 2.626534310 7.326163774 7.464328187 1.731726911 2.663504212 2.356184976 -2.391617456 -0.178175272 -0.083359825
14.611495018 7.187782112 -26.543417838 0.254230091 0.648128913 0.656739337 0.289809276 4.002146689 2.514891613 7.141250449 0.989157094 4.570624742 5.983133017 -1.401367001 7.492750235 6.693913266 7.753279147 3.189807477 2.157926432 0.711605135 5.071134364 9.408191970 4.074438973 6.749811162 5.783971552 7.223924472 5.834747005
10.680712521 12.801454865 -24.607082535 0.694457354 -0.269933946 -0.458600631 0.484303737 2.620940145 3.515822440 2.247107351 1.042081318 3.466742641 6.476875181 6.168234705 3.163003191 5.661653304 2.604094929 -2.165517144 6.806116920 3.584663279 1.697824214 1.373462034 3.940869296 3.509146930 2.496025322 0.409439627 6.028156962
10.339135917 17.552447160 -18.834758578 -0.379603320 0.067544834 -0.909190442 -0.157199732 12.158353557 3.550408879 1.431279844 7.216966356 1.448894066 2.184176117 0.974424176 9.435886391 3.465229081 3.106040805 7.663953015 0.652107006 4.428131927 7.687714501 3.048707364 2.045945526 5.674595024 1.827445482 3.475066485 3.417257108
9.112698134 15.036737161 -21.313028483 0.131845244 -0.095680156 -0.983744520 -0.075556991 -1.145812467 0.097053809 -0.113536332 1.811157664 7.372953620 6.254737762 3.639448869 6.342775500 4.728249503 1.446291201 3.872151325 -0.008942550 5.386447374 5.432020923 7.117867180 1.289817759 7.181962029 -1.522955941 1.316930886 2.293746214
7.755949932 4.292912326 -20.609752971 -0.667813896 0.713875217 -0.196054800 -0.077261182 3.451796227 5.022612272 9.513344049 0.587469238 7.023189018 4.731714347 4.423568922 9.070760348 3.194881160 5.086449315 3.896882048 7.548816728 -1.090802717 5.257966141 3.724341376 7.410343967 1.445256171 3.163629464 3.218007575 -0.838897778
13.515046592 17.060893818 -27.501028365 -0.517539200 -0.439824574 -0.418386193 0.603042713 7.517536277 6.201327402 3.255892303 6.154227414 0.030004089 6.370124236 1.834620099 9.901889155 1.118588631 -2.483381476 0.478834413 5.286165183 3.475239860 4.055269460 6.978877229 8.201856907 3.992460629 3.397280432 0.040837117 1.495593554
20.195951854 11.310784822 -26.936469769 -0.299556231 0.836441866 0.352873022 0.293447951 6.715769016 3.501376945 4.120856246 4.380279705 1.326891450 6.808894997 6.140061960 4.845691662 -1.089511068 10.847572628 6.157471445 2.685720511 2.234236125 -1.508860457 0.885149712 1.894067646 6.303065123 3.187785386 -2.073030158 6.337203680
11.327769534 4.459125604 -29.558373275 -0.101520477 0.351487265 0.186007780 -0.911894402 3.086542489 10.310850039 0.265875214 -2.154890951 2.593140923 11.152529868 3.411447673 0.590283358 5.524156729 12.137791715 1.817797228 0.980789954 3.151996313 0.706396733 7.651933113 6.829488637 1.004288965 1.402939757 11.824456509 5.728605571
11.446044657 13.487600621 -29.846362057 -0.281532495 -0.260785528 0.049208132 0.922121967 3.406539436 2.391363022 4.314044967 8.205028888 7.339649710 6.515301323 -1.039906379 2.384566725 1.097872934 7.670138627 2.336235642 5.985399151 4.053617109 6.211640306 5.984070391 2.415912689 8.861838419 0.459296286 1.627399368 3.267919696
19.224531949 13.928393466 -21.351745150 -0.708364599 -0.489740170 0.135999549 -0.489773707 5.913426303 1.245108300 3.358814411 0.946789326 0.753359763 4.037066172 4.031615911 3.376351910 4.649797999 3.090554088 0.788669553 6.470128451 5.066643969 2.114116282 3.271771282 6.520453632 4.028038353 2.211987573 2.042977862 9.039005115
16.940010340 12.766590276 -23.435475841 -0.204079728 0.705194026 -0.295393293 -0.611388299 2.304947124 3.995063216 1.196403822 3.691238769 7.374946458 3.561384768 -1.212612681 5.124249543 2.035353703 8.403737120 4.364764377 -3.328168195 3.264431182 8.087316597 2.940269564 -1.449911561 7.682458571 4.876478318 -0.437616769 4.006782129
19.992897400 14.322065490 -20.057586608 0.638370261 -0.218406249 -0.729968546 -0.109215576 -0.247868593 3.143413479 2.784849065 7.236196632 -0.446202689 4.385204741 7.924180964 0.554535016 4.883632311 3.559034442 5.555572478 6.303099462 2.596831043 3.189906679 5.468231543 3.893788625 1.957558120 10.733048688 9.193663630 2.388451345
16.004327614 10.370201843 -22.641756591 0.292826097 -0.754688503 -0.063524460 -0.583663245 7.782071104 8.971133308 3.523751751 5.660492654 6.980532556 -0.473696408 6.367984306 0.162903222 2.324855167 5.176545654 1.989822843 -0.649809330 1.509663298 6.770883707 -0.330365934 0.272820493 1.265943441 -3.304694955 -1.611906920 4.452107798
19.134566765 7.504510540 -26.899500713 -0.811699896 -0.338729286 -0.150247813 0.451476849 9.139847710 4.820322208 4.686378292 0.465782911 4.492823963 2.999630965 3.477383171 6.671692518 1.983530661 2.718776683 4.060310751 3.372172816 6.995989662 4.678954457 4.895865242 3.542839404 5.617735049 -0.887513750 4.146271466 9.053465505
8.608056111 12.494648221 -28.202178587 -0.580238598 -0.313890458 0.358643324 -0.660432370 2.820531047 6.010867171 6.828508531 -0.314569211 5.124801282 1.450541362 6.640106437 -1.402696727 6.382723048 2.479585247 -1.043005166 2.839302430 4.036943044 1.998695452 5.115026736 9.649474014 4.759985720 8.086448063 5.195060547 4.376579902
8.991449853 15.842583329 -19.555651267 -0.216222385 -0.159110879 0.873957834 -0.405128760 2.811845670 0.787371635 3.144497649 5.178520692 2.389316659 5.137376299 5.427366039 4.299361462 -3.030015470 1.819405357 3.341582592 2.679923647 0.815633342 -1.421578842 0.623629167 11.357255664 8.037684333 2.764559739 8.445993679 1.351761333
6.859774636 7.488409020 -14.120525592 -0.967225805 0.197952100 0.128862637 -0.093185989 10.951265718 10.549913577 0.455672437 3.108614786 4.044011960 6.310084085 2.957837066 5.987991592 3.847488671 4.641192168 6.890455639 4.599861657 1.457858943 4.627581518 0.799971482 3.086767825 1.390290639 6.858389331 11.869124508 1.529755727
9.572360399 15.579491310 -23.533301191 -0.717817303 -0.660714843 -0.209169502 0.066650850 8.731696544 2.281681359 5.855726653 -1.383907730 6.400062181 3.384903495 7.620904854 5.399368393 7.992365270 1.923441501 0.702928773 1.638195348 -0.449206023 4.214897640 8.483579368 1.753361466 6.413583543 8.655445950 5.493507688 4.209387142
13.387601515 17.032707891 -16.419843854 -0.323302576 0.053084024 -0.699092587 0.635552583 4.072595004 6.291075491 4.879184185 6.420060996 6.908230172 4.259599829 2.098528529 4.725653736 0.513004931 4.769386150 3.614539419 4.847301625 5.742833643 -0.359965658 6.166140177 7.806502505 1.262367339 -0.526954928 1.267091411 7.825269240
13.108465619 10.562494246 -25.540404008 0.840489135 0.220565015 -0.394643073 0.298640138 4.319159340 3.146126858 0.737317452 8.578966796 1.954277959 1.915931693 4.336044008 5.230113581 4.379756356 -6.396095221 2.695090521 5.792135539 1.636680702 -0.126760334 6.040239344 4.721053795 6.772526334 5.802118495 4.817609514 5.135256772
14.404399779 15.240126152 -18.311606953 0.845377916 0.227299449 0.241387462 0.418811691 9.241953985 4.538011638 4.253081359 5.268320910 2.087670972 2.910026973 3.742278310 5.668544180 1.533635764 2.602856895 4.417026521 4.566665564 4.175766461 3.634843522 10.636636998 0.326113146 -1.955130174 -0.269134683 0.878226516 1.027193837
7.146256039 7.174450413 -20.142295973 -0.537138213 -0.444957207 0.303521831 -0.649130281 2.917445555 6.586390473 1.026772552 10.393916998 -1.889231768 3.923519316 3.131713791 2.214543275 1.876251034 4.751354921 4.841938695 0.927780795 2.526725881 4.138263793 7.922348140 1.694930766 5.057703694 -0.178358851 4.774317486 2.933161367
7.962450120 10.243756195 -18.852878866 0.189324621 0.513417598 -0.058266756 -0.834963199 1.821357969 8.998887507 0.624009353 3.213183117 5.357878606 0.739910817 5.171652748 4.225422598 5.775166376 6.410511532 10.248085910 4.794600598 1.524285292 4.857607511 3.867617904 4.310113047 7.981318120 1.753995867 3.985818374 7.106621046
8.889367253 13.201783981 -14.056560157 -0.664805743 0.744660731 0.000549548 0.059274086 4.696500519 2.284707104 0.766425648 2.986662905 5.452117239 8.338305982 6.760342662 -3.177813507 5.043908131 6.684578422 4.738030994 -0.801746085 -1.906209204 4.919286423 1.485672641 3.109072811 0.353581904 7.769806550 5.958239562 3.361573220
14.588970817 18.709969143 -26.040242967 0.206741842 0.379620939 -0.330177167 -0.839123824 4.878435683 6.383430441 7.188089796 0.300439061 2.577654436 5.734788027 6.946031675 3.765292488 0.916671665 5.506427371 8.847264509 -2.680092645 7.437039509 1.670305532 1.175027701 6.229625934 6.716986994 1.569168184 4.493958814 -0.329887426
19.334555715 10.744917755 -28.529031738 0.378525992 0.785197579 -0.079966627 0.483516467 3.671727974 3.204287945 7.589250593 4.881015128 0.871753649 3.036757943 11.808316427 2.475144159 8.048414897 4.573184614 2.018356542 -0.217891976 0.515491827 2.717974510 -0.699396330 3.492445851 1.340809717 1.271453456 6.984808404 2.771862762
11.233715350 4.948289625 -20.479131957 -0.290621054 0.775298244 0.398969962 -0.394049496 -1.507353428 7.505880096 5.936864251 5.122929342 -1.016755523 1.951189192 2.779488884 5.567537712 5.107477102 1.740036141 4.142118667 11.786372274 6.386718143 5.091115310 0.549385427 4.334970193 4.807472991 8.138262695 6.852992325 1.915980270
10.762270487 6.977127831 -28.790535744 -0.117047972 -0.006613882 0.316116865 0.941448966 1.217376050 2.401066405 4.554092597 1.655680118 6.628695115 8.793960954 7.898266238 3.463832304 -6.905926438 -0.558036291 5.771885521 5.387643617 3.359793833 5.053214644 6.010858343 -0.083136034 5.744970848 1.408725261 6.435676857 0.998272462
10.561334136 17.793838301 -16.603537774 0.517414431 -0.518546931 -0.342058410 0.588546881 9.669801682 -1.741105610 2.980616758 1.054041404 5.224710728 5.295421365 1.044856039 3.278950575 6.413781691 2.545302260 4.444013079 6.357020559 0.875937645 4.702345947 2.520957890 4.875505487 11.787117131 0.657304690 2.412150432 7.251829071
12.020854789 11.780051430 -24.594257229 -0.674304316 -0.580557316 -0.016482224 -0.456064938 1.574479685 0.666647694 6.737993254 1.005059984 7.000431503 1.650829250 2.559172485 5.009653083 3.094286273 5.114560100 6.449140491 -3.108866322 3.144652064 0.866860930 2.758993798 4.392066377 1.143582582 4.622254198 -1.612533698 4.031788627
5.690337234 11.214478503 -24.466920803 0.314417469 -0.945775354 -0.062155424 0.052795253 4.892443266 -0.177123609 4.963663892 4.351793383 1.431872984 3.992758527 9.199260330 3.871883390 6.362235080 4.518313090 5.903426465 2.037546475 2.949906664 6.716890174 -1.703585785 7.395025179 6.388275389 2.838294693 6.453450680 9.159253584
11.044941328 1.716723211 -19.021104429 0.305854159 0.169619021 0.678694113 0.645799444 1.160678024 -2.581107193 6.300544850 0.384184460 1.059323710 6.349892231 4.274543632 4.089369397 6.088193002 5.236668820 0.001839245 6.226288264 1.460906202 6.272502663 1.141372725 -0.643289908 6.583253598 7.049155860 7.933017507 3.170605919
9.534591362 11.760568003 -27.061945341 0.674456555 -0.388538171 0.347819155 -0.522655030 2.380171105 -3.722982396 0.925488376 6.931970401 5.215708444 7.516729535 7.169036888 3.206084519 3.105497833 6.554562795 3.490618181 9.730281559 3.711615812 8.631693905 1.467708428 4.505715731 6.404758735 1.849869949 4.067405253 6.682953877
16.174205318 13.043551449 -29.964616003 -0.397800024 0.247721886 -0.429830713 -0.771773650 2.931831543 3.022414035 5.234830964 0.173850529 5.019643769 5.480409243 2.777585655 5.554403296 -0.848045100 2.722713328 0.130383535 3.251740023 1.129853203 3.295200519 5.822257870 2.580892910 -0.201530882 11.119043826 6.991904187 7.016834233
6.985783775 10.160582842 -16.636272291 -0.511733330 0.777549169 0.340624772 0.132367116 2.631756443 9.848006474 1.267690906 5.486285308 3.367197041 4.208846778 -1.100135933 3.712150164 2.747087456 4.593979969 4.795518026 1.746477713 6.860790995 9.070430375 1.489761022 -0.172976503 3.764599281 4.401622001 6.913039276 5.357431254
17.987465600 17.258493955 -19.758179343 0.678610800 0.625480576 -0.354680670 0.149876796 7.755070210 8.263218021 -2.202367821 8.556749778 -0.119350301 3.701594129 6.283676212 2.326203195 -3.010609733 8.369510953 -1.039705321 7.027997706 7.867053228 6.478104172 -1.283635028 1.374264677 5.699102502 -1.577378849 4.912599011 1.951638933
8.238911723 7.415328628 -27.477725374 -0.518011122 -0.250981244 -0.009151704 -0.817673002 -0.096062757 3.379521147 1.760878608 -0.566968450 5.087841703 7.393556706 4.513733070 8.254688445 4.457910409 7.743798747 10.698833309 3.168492619 6.781696457 1.107783100 7.783219054 0.622361474 8.821559168 1.725453840 2.885294073 -1.038861335
9.551610148 8.329223810 -22.813222488 0.118867294 -0.740625026 0.324304714 -0.576343291 -0.637547078 2.486625656 0.694383163 2.534595938 6.629967830 6.247523301 0.750060552 6.616555978 4.174551882 2.835775140 3.898774266 4.880981440 4.111889052 3.549354919 6.430070186 1.211547490 7.272556550 6.103129313 8.213246107 10.970886385
3.788508175 14.492013653 -23.394893821 0.672403587 0.668879525 -0.316973429 -0.001201277 7.039781917 7.423095797 0.663435885 1.046030965 1.027240463 -1.638540743 4.455519024 2.333525761 6.605637667 -0.956839014 5.545056268 4.338173801 5.656583902 4.900561986 6.424198208 8.301399668 2.194098195 4.976549695 3.600363140 6.398480274
8.996421962 10.718185684 -24.747296633 0.165983537 0.523710697 -0.835427753 -0.015396129 4.375522715 -1.133394575 2.491000073 4.714316915 1.754675606 5.975273849 3.425316407 3.094179400 8.292015617 1.307823872 3.934174847 5.760551964 2.951906922 3.617832315 1.850058198 10.228961977 1.446413067 8.108580669 5.332659897 7.350676476
18.537875186 16.698689034 -18.367736328 -0.126203839 0.398953305 0.907997777 0.021186999 1.135757945 -1.278874481 5.921174366 -0.148004826 9.156187489 7.629822470 10.602506844 2.719577040 -0.517934303 1.779456852 6.025264683 3.594396055 1.143470072 -6.643720943 5.744112814 4.348091296 8.603493397 4.918232237 7.057204244 3.181230302
11.309490598 3.376557159 -23.423735141 -0.192246759 -0.539572791 0.694282458 -0.435745632 0.232512175 1.445871117 4.403528889 3.751013373 3.706081404 5.365762057 7.736096114 1.329084877 8.530988924 -1.575424099 5.268226880 -0.416168993 7.528938452 7.220701938 4.523304709 4.822550968 2.652920212 2.561314256 5.829216783 -1.385596502
15.746314783 7.495644560 -18.580204454 0.127084345 -0.827063598 -0.078682454 0.541871244 2.297008161 9.551431529 3.175207627 2.914458823 3.422296591 -2.046935732 4.301285862 4.933669322 4.563398327 8.728284732 4.653316650 5.766295978 9.800599374 4.596137787 1.144635524 2.841437874 7.386879164 4.076287763 0.506039753 10.198224743
18.527261883 13.149159652 -19.007120507 0.944111849 -0.076166029 0.304147071 -0.101715840 2.582087087 -1.953633527 5.275590081 -1.265134149 3.116139237 9.038581561 3.579229351 -4.099831049 -1.212305171 0.071280442 -0.807809794 1.383299323 -0.378204009 7.421787574 6.055144513 2.609018453 6.436424300 7.021930035 1.532271423 4.901527632
12.914068917 17.028183178 -26.130459892 0.920861263 0.132384234 0.340426093 -0.136378240 0.306110669 9.009972130 3.387361847 6.147001150 7.385848084 0.137332402 3.918973765 5.545787896 -0.305645091 1.264262846 6.116928407 4.978494467 4.871937237 3.428198445 4.838866500 1.950732054 4.548649473 4.694476198 4.374076597 7.084414804
5.347222001 10.253037245 -16.080309848 0.191618014 0.529674508 -0.678678683 -0.471298948 7.920963664 4.120180338 9.533370550 1.386394474 1.898117133 8.011893278 1.938480700 7.258637789 2.663833282 3.165883608 0.851538535 3.643262282 5.126870999 -0.655113938 6.773146181 3.384052435 2.779556988 4.445156106 3.634722420 4.661484868
13.369297287 12.995191631 -25.710058820 -0.074565449 0.571784314 -0.749279593 0.325703520 10.573247590 6.077387008 6.050286545 6.401764109 6.551648568 5.097257891 6.615284077 1.379924177 6.637219874 5.149795998 3.190566170 7.146482336 2.931312787 4.792370259 2.974160897 5.930491119 6.749005473 5.758461058 2.071281248 4.365996712
11.174702955 7.693494357 -20.506607575 0.081055635 -0.349645591 0.915041861 0.184055258 0.749198457 2.298427171 5.934369968 1.978343780 2.995457261 1.477019151 5.209197678 5.882217567 9.073914967 7.389776593 4.644748183 -0.523929502 10.775153863 4.219923266 3.174469299 5.417009017 9.123907231 2.050995487 0.785526514 8.548119926
12.429611172 6.696497143 -17.085435098 -0.735485966 0.428372500 -0.043445059 0.523134708 4.567170009 7.317370926 4.193059392 -0.664007848 6.715618135 2.542211174 7.272056040 4.367837259 9.684691433 3.033356981 3.057638097 9.546932956 7.552065211 2.943260853 2.464224024 5.816397988 5.625737582 5.867507687 2.482315782 5.427433595
10.493974114 5.518649886 -17.561482468 0.322344927 -0.015270084 -0.944331195 -0.064024741 8.551544750 -1.789253514 3.004178200 8.511309021 4.151785488 3.329181900 2.440289362 3.788836430 1.136627615 4.492569860 7.013196478 5.067310482 4.347472454 5.707628996 7.230109760 6.096531638 1.139223061 2.007099363 4.462805695 4.399789977
11.117689765 14.551143462 -28.873528673 0.460085939 -0.188555020 -0.861602497 0.102024851 3.557130787 3.789334475 6.690074283 1.609016359 1.423677318 7.629937365 8.237441643 -0.674172254 2.518159101 4.063556249 7.978763170 1.274623947 5.387261200 2.072803027 3.029211319 9.506005002 5.678458609 5.845674906 6.498805280 3.589384701
8.190253666 15.526636428 -24.469884264 0.481486053 -0.450709214 0.068330605 0.748574187 1.639015871 -4.308880368 1.616491151 6.112909265 0.683074154 1.935381860 5.762467559 4.684420472 4.691234962 -0.639604553 2.524564867 3.722391240 3.403500495 2.786204763 -2.559369773 6.156345273 8.186465953 -2.065973617 6.088542318 4.884037508
17.085803575 15.961010466 -26.283793294 0.303100076 -0.561459886 -0.753022110 0.160781971 3.049738055 3.544519052 2.239647059 -2.973768668 5.088651003 0.014048229 8.309416233 4.952538504 6.498895972 1.703185737 5.714592809 7.319206820 3.573803683 3.168587549 3.159016518 1.952962285 2.355455208 2.546531786 7.418775599 3.146923004
