-22.788339410 12.820747239 15.428798362 -0.063772641 0.726342127 0.506316015 0.460439200 3.786076551 2.005997026 3.963796796 12.005664619 5.592213995 5.076229056 5.556518382 5.891619873 -3.229105610 0.502344879 2.036949873 5.492562973 3.422685500 2.523698150 3.383829768 7.341517356 7.049425542 5.310622136 4.609493065 -0.123314602
-23.847039546 26.571931980 14.135129888 -0.714040732 0.039269787 -0.125360823 0.687668802 4.103162680 0.496035394 2.796826566 7.495826652 1.466494324 4.621692881 4.253695313 7.324971054 -0.997030103 -0.672559267 3.329684804 0.295352318 -0.696873451 7.232749004 2.938743380 2.684191267 2.830640142 4.487765828 6.595985359 6.649836659
-24.650575417 16.521255373 19.964876544 -0.085071892 -0.326049810 -0.219410351 0.915594557 -2.086113536 3.713028372 5.433672475 3.482269895 -1.208185770 6.110226347 10.622013912 1.127657653 2.365556607 10.203402450 2.148722002 5.029655059 8.053867720 6.981866784 5.210996253 -0.658150532 5.532119531 3.885631062 7.139393454 5.363975343
-16.474721294 15.438962657 15.368282302 0.457895541 -0.019771864 0.715404010 -0.527387760 3.975076048 10.206398915 5.279148309 8.726042059 1.526673659 3.326853892 3.850034509 3.761188146 6.150376795 1.141907678 0.526111705 3.987215608 1.187629010 3.802906026 1.062071202 5.766362362 4.225084906 -1.571008818 7.690475783 5.926179664
-18.344407247 24.701331485 22.007224193 0.815993400 -0.480325159 -0.228033373 0.226811141 9.801056961 2.015540696 10.237796686 3.789455276 9.142739651 7.016017847 4.947945923 7.210785963 6.244094445 1.777246240 5.055572865 3.800845769 1.670405906 5.380809011 5.206194654 -0.060443350 2.759766666 2.102160245 2.329155852 6.334390421
-17.794385061 27.351101192 8.068269029 -0.003044511 -0.357350042 0.344993823 0.867911828 4.488180406 3.683855350 6.710333261 0.050866854 5.375002817 8.044307322 7.736701074 -0.194883555 2.933850360 7.744220706 1.615169048 4.183318555 3.796047372 3.951783078 4.433647929 5.092033831 5.952416601 2.647025513 6.295793919 6.370825232
-24.829333392 18.850071915 16.135253680 0.269962805 0.777010587 -0.544994805 -0.162343136 5.287175121 -0.140825162 6.831986242 -0.320248123 6.629883366 2.551931456 2.555791950 8.565814766 5.118840521 4.856349019 7.821206685 9.385721482 1.814794978 5.684096335 2.351483265 2.445702789 4.605168643 10.292045518 2.626052823 0.920568781
-26.488079733 16.169924213 17.718267576 0.633887932 -0.137220241 0.488848403 0.583424318 4.052438171 1.912338674 -1.555817594 2.414242337 1.835261213 4.662520187 3.650538003 4.401672130 7.665322683 -1.204322719 1.656152851 10.459703728 1.750497549 5.318800639 4.126652952 1.699407577 5.831032222 3.579779083 4.686016683 1.640122012
-11.323478180 24.446802325 14.834998560 0.463292984 -0.341415448 -0.617893090 -0.535726827 3.804004579 0.639852960 4.577372376 1.861086673 6.639105308 6.622627719 4.005899164 2.980651864 2.301253081 3.202771151 1.880725959 5.211986695 6.174856868 0.795077227 4.093030164 4.835864688 5.025218957 2.552833691 1.261391297 2.847819147
-15.924519541 12.982616929 17.780954891 0.654818252 -0.032382994 0.692334583 0.301392143 4.693559243 4.385778445 5.704175256 5.596114148 6.582326610 0.400006832 4.736171550 -0.075625688 6.935978274 4.591730085 1.274078577 3.478366609 3.160740682 0.170168205 3.003885133 6.526599501 4.808025493 5.694958331 -1.802631663 7.934879541
-16.821319071 18.519415825 12.355562633 0.173858670 -0.063708636 0.936136585 0.298935890 3.271964176 8.479032716 5.135843537 -0.134405723 6.965684187 3.180419624 2.006526723 5.142454505 -0.650377046 6.457433122 2.311624318 4.777423195 8.647060461 5.150222139 4.821800973 2.574135025 5.792313726 3.587389581 6.181622333 8.217263681
-15.686262449 22.584038960 7.126997331 0.370768449 0.207264759 -0.872724545 0.240673940 8.153490071 6.604059329 5.611553866 3.530052003 4.709239936 1.456129076 5.053613682 0.148233745 2.217788512 7.101308331 7.299343658 7.692828951 0.972194254 4.537227009 5.316388645 5.753780367 0.543533945 4.076589746 -1.138673488 0.998641448
-9.065198511 20.671761548 16.000528566 -0.759069774 0.403932928 0.319572809 -0.398151338 -0.693354531 6.939387825 4.704261959 8.910278586 3.327393238 4.718189833 5.433985761 4.098494612 7.810212019 3.442010487 4.591984292 4.635312880 6.088740961 -1.485718034 -2.687656633 6.117747367 3.652146141 0.553709482 0.890594114 6.795173794
-11.331296030 23.926975346 8.903387445 -0.863551868 -0.374636315 -0.230314120 -0.246741180 0.377294008 4.199433920 3.157503210 5.607738657 4.793057645 2.519327127 6.679710239 1.709622193 4.428623761 0.999160175 4.778988637 0.294724292 2.359483628 6.174682207 8.411865720 -0.867058813 6.552911602 6.921639031 3.915407238 -0.192107740
-20.956150931 30.830867458 14.031310532 -0.753261885 -0.142130804 0.615592929 0.182868019 3.690882345 7.980761599 0.660012705 2.546355284 3.909383896 4.485109936 1.850548112 3.823459040 4.434329619 10.022414927 5.176691723 6.785419493 0.245580443 2.876459363 6.044939803 -0.540409438 10.410256660 1.625594373 0.501110155 6.228171105
-15.786103262 24.097564140 11.259355438 0.579906646 -0.130729623 -0.787245826 0.163896486 2.126410606 5.994961623 2.645542715 -0.564612310 6.388727796 4.558259527 3.645357640 -1.087594620 3.412291490 -1.830535986 -1.719203409 5.602903184 1.503514325 5.135954681 8.260634183 11.279220894 3.343902323 11.274639197 2.089939105 5.100653974
-22.303076431 24.366344041 19.325501689 -0.314563034 0.768052854 0.391213457 -0.397614061 2.985692024 6.309751899 6.349877710 3.907269829 9.573367160 1.623154547 2.484725304 1.979126671 2.839830738 -0.123460922 6.397765876 4.563470749 -4.878279121 4.672053529 7.230447122 3.243233450 3.892499874 8.969459560 7.351346546 -1.163243623
-23.915774375 21.711997277 9.284941444 -0.559479957 -0.372573437 -0.696052387 -0.252353496 3.080375582 2.198493042 5.713203173 3.020370129 4.678779890 5.707827321 7.854043261 5.355977318 0.142659326 3.418182574 8.164936871 -0.206767081 4.273664781 0.599705248 -0.061664473 1.846341225 3.898051874 4.946618781 2.270187723 3.795874756
-19.167588001 23.675534611 19.370099440 0.318548525 0.810933045 0.490826672 0.001900220 2.107259820 4.854175810 3.860965181 6.110996436 6.660723721 3.134813812 7.317506473 4.648447054 4.773160004 1.480058500 5.784916079 6.294425473 5.294084897 6.948897119 4.648193878 8.568985294 1.165893068 7.540968990 2.096415662 3.658776359
-25.080373261 20.157096182 20.160510497 -0.429774388 0.684092200 -0.555690314 0.196265412 5.975691023 4.365097287 0.619318965 1.350081278 5.262522546 1.773766442 6.270192369 2.554565993 5.456742010 0.638838268 3.150677212 5.485082452 1.355940348 7.504419286 8.130521896 1.789252933 6.349279240 1.453712977 9.789002284 2.803357512
-13.509687177 15.143438287 10.470260241 0.733546629 -0.156330079 0.195905387 -0.631736756 5.862103164 4.327297842 5.811411258 -1.215072097 6.024811285 4.315031485 9.591143781 6.676754036 1.573561256 1.098781205 0.612719286 0.907770226 4.802078118 0.817902482 9.632916507 1.921482611 6.334500344 -3.848196919 -2.103006968 6.384002510
-10.365554088 21.672682045 19.525767283 0.288975718 -0.625842290 -0.392655877 -0.608798673 1.873763444 1.382683062 5.198319369 6.096712305 3.062550179 7.052144651 4.684404284 7.285671709 1.377630468 2.619433854 1.056098775 6.815738052 8.803965882 6.898326385 4.410748946 4.704571529 5.338523997 2.416587606 1.915026474 3.977549218
-20.700668135 13.255561119 19.448655086 0.028861141 0.107861316 -0.992241544 -0.054678053 3.187151718 6.377362247 0.672768724 2.207669450 4.555946620 -1.200666044 4.821159991 -2.867267866 5.499732276 -0.183702800 6.728019392 0.651713638 6.373148181 4.311232116 2.803470476 1.424656456 6.416502909 3.165642005 3.558295900 -1.589502866
-21.787131043 22.672398698 14.540514085 -0.092111294 0.291991624 0.644923308 -0.700235909 7.066577753 8.443030215 4.560763634 8.782879671 6.301476441 3.789538338 8.456716481 6.730033022 5.245762794 5.078735915 6.344918356 3.323797891 1.851839197 8.563801560 5.254205714 2.816287912 2.808758563 8.975094325 7.696511759 5.871027804
-25.828592910 18.501119211 12.709626675 -0.753619608 0.065224505 0.654063759 0.001962329 6.488237946 1.546782500 -2.917820593 1.571532704 -0.786528395 5.255648217 8.729360871 7.572841105 11.218170788 1.799382556 0.587390923 7.103627127 9.103765255 5.879208122 2.750323398 4.765819929 3.695070062 0.734117380 10.916025998 3.621770720
-24.680785895 14.063363988 18.214756898 0.258282074 -0.030770821 -0.939719211 0.221971465 1.162923733 4.327570173 4.851287134 6.897710529 2.094340432 5.348856767 4.329301571 4.049524277 -0.795524549 5.485493459 7.686875692 6.234351216 8.566894375 2.248005018 1.044258159 2.164419765 1.508800479 9.050321179 1.661256254 3.113469668
-22.136101428 13.199609490 13.724998567 0.631571648 -0.415637589 0.347262449 -0.554771520 3.305362968 8.872029141 1.882170626 2.614125084 5.826170008 1.175504455 5.495611185 6.603540477 11.389263934 3.270955295 1.252542404 3.352727560 6.739357139 3.706202574 4.006446084 4.729946810 -1.554361890 4.814745263 4.404403362 13.091173476
-21.877592297 18.144535122 11.311790212 0.676246859 -0.500197726 0.518031561 0.155356756 6.881541379 8.100835166 0.974730915 4.732394650 5.863597156 4.118426264 4.152930726 6.031342074 4.158711329 2.045356659 2.437984210 3.077979973 0.401114416 4.105728241 2.219115864 6.583306633 3.388879593 1.321605539 2.727149464 8.061293861
-28.193770882 23.687993108 14.178068387 -0.137931897 0.707399290 0.186460874 -0.667677600 4.705914082 6.016678705 3.972185910 5.091345972 6.200773430 4.107428637 2.019756310 7.818381967 8.746437766 3.657466654 1.837348209 5.869666624 8.418910495 5.124513217 -0.438761839 0.876901437 2.710352718 0.227653826 0.752386101 5.542832915
-16.033480910 15.483705680 21.213133985 -0.303407007 -0.938667440 0.128022117 -0.102264183 -2.032133812 6.980089442 1.617406799 1.732223325 4.167653520 2.927617221 -1.257573437 1.849324399 4.900586323 0.954757169 0.526506052 8.388104457 5.599004486 6.269539404 2.870887745 5.262360745 3.338904741 4.631478513 5.358783311 6.437717744
-22.722000336 21.159779357 12.152743262 -0.397800600 -0.795565560 0.394707868 -0.230295075 3.724402635 1.311221498 3.938651665 2.464015783 4.640417364 4.932553003 1.769303904 2.047270997 1.559400655 6.474396814 1.364343215 7.548775404 -1.789652921 5.976075761 8.390407809 6.584322903 4.847896309 3.567096594 1.845761884 4.680716062
-15.217484002 24.165629330 22.103548510 0.645980529 -0.316094070 0.675532697 -0.162632317 5.073978637 4.154490183 9.072543635 5.852158348 5.539428934 4.087217180 0.127371790 3.596765039 2.014463028 1.089433132 4.060140270 7.877425599 1.852117469 5.470260969 -1.040046497 2.544613889 1.735788198 3.584411001 6.143343494 4.543644358
-14.387820972 21.652325842 7.209211774 0.485939556 0.238891351 0.173758218 -0.822558054 9.561331389 5.698997207 4.824487846 6.025749659 1.780176913 2.820874481 6.045493161 5.630441042 1.248686375 4.858527619 5.895795138 2.023593744 7.763600044 2.389513836 5.784169805 -1.575130099 1.066986432 2.889909164 0.800245627 6.070377615
-20.353086565 20.854554304 16.599020460 0.012973228 -0.461899697 -0.360622878 -0.810204607 11.901697761 2.920715846 4.379596306 0.272129345 0.877183895 0.498427001 5.097219142 2.861991835 4.850956549 7.220150230 0.949576470 6.980636713 4.997581673 2.092469791 1.925903839 8.514262367 3.545626956 0.714202895 5.504200910 -5.396991336
-22.118571082 23.989393189 17.962807282 0.577071919 0.347808383 -0.163727550 -0.720562709 1.683039256 3.513609570 0.615792070 3.734861404 5.886097829 6.580217567 4.071048962 6.328092717 7.681177301 2.703558431 1.857367106 3.435151565 -2.377177228 4.812787200 4.697181532 4.293817750 2.754902723 4.620740044 2.404987017 4.651594064
-12.118082424 26.179377824 19.630230713 -0.524240284 0.310968895 -0.257414283 -0.749805546 6.345343937 7.922645592 -1.657183654 4.071172841 8.632632159 8.278304529 2.351046272 3.749082497 7.844086091 6.515540978 2.195873269 8.554364456 4.411011868 6.123057078 4.256777824 5.750636044 5.302519624 1.246531365 4.492049026 3.582000077
-27.527322290 17.915979203 17.449968740 0.900300078 0.210249821 0.245775714 -0.291288656 8.485187175 2.990157957 4.144500403 9.343911656 10.339730580 0.408083956 8.557007750 6.426333576 0.965113568 1.544420551 5.858835721 5.999737198 6.174078977 5.033269214 -2.799053181 8.472088619 4.432048665 11.466289240 6.463256167 5.931307590
-16.479697518 18.153896872 20.302313473 -0.055951941 0.737203234 0.648936267 -0.179673295 5.696126652 5.910319589 2.793754885 1.045486312 5.601970950 4.588513926 1.355199285 3.439007495 5.153532625 -1.992951684 3.637768435 5.913281979 3.776836565 2.978842778 6.504208017 2.721244783 6.786216008 0.885283930 3.890636413 2.983707526
-23.087489415 16.447084977 14.977423363 0.225771542 0.258198076 -0.921308793 0.183169517 2.135949381 8.968396014 3.730814200 5.208875641 5.955899742 6.193830984 10.669845970 4.475387310 7.165691331 5.332832581 6.014819293 6.691207423 1.209999467 10.342681015 2.355938241 0.960278846 6.856650534 6.771569362 5.424706898 -1.030230057
-17.392272483 12.814081312 12.902674497 0.193622528 -0.775407636 -0.439043080 0.410480802 10.122140102 2.445044501 7.123465025 2.946455301 0.420231411 2.825056676 5.367649373 6.814363289 1.610055759 0.559701351 4.148178104 2.354042115 5.539093335 1.135713582 8.126205296 0.437190547 6.745341783 7.935688811 -0.895530522 4.891524276
-10.643105454 21.897447658 17.009991789 -0.569862296 0.745372793 0.241162598 0.248026136 8.308402939 9.608602649 7.769228857 8.886244544 7.528923265 5.268683024 5.502212223 4.142205877 2.926555164 0.736779622 6.577804073 5.298751583 4.426790719 3.255851048 4.267488826 1.929566495 3.174374318 9.822429004 4.040360814 2.300818233
-16.564385208 22.376487475 6.908968014 0.074097978 -0.798311195 -0.458714847 0.383131067 0.145500328 7.302857387 -1.680318988 5.464861489 6.961352527 4.424057233 -1.796820331 4.658611059 0.880716986 0.384773649 1.026491381 -0.944556776 5.599711546 7.565493376 3.443350574 5.915967014 7.910049422 0.671618542 -1.806945322 9.034386517
-19.075005902 23.640863802 23.498240926 0.143028533 -0.142391396 0.554923874 0.807048340 8.013178496 12.050355777 7.969691172 3.357925964 -0.738740102 6.137733263 5.429236824 -0.028916104 2.231721490 4.340658934 0.812856838 2.145202575 1.167107243 7.024960964 4.935711965 3.121458669 3.419978184 1.110162836 8.431412364 1.531485191
-16.340848317 29.448069966 19.918130971 -0.630226795 -0.520973599 -0.204057163 0.538294873 -1.950268726 3.124899868 6.011906259 4.933484209 3.277836334 0.292918613 9.068009512 2.145386048 2.173592700 2.809942186 8.193071420 2.704923732 6.583011677 3.143124051 7.852535435 2.128477412 6.061579623 5.203472543 2.174790293 4.128322649
-19.083623740 19.454988064 22.405744466 -0.426647035 0.150460635 0.579261127 0.678078500 6.088535994 4.179557548 2.564095769 3.156089087 3.710949590 2.499303145 -0.930024451 1.409483749 5.610761019 8.029810755 2.460819781 3.828281047 2.068636767 1.722658555 4.368174146 1.605501381 0.457450601 4.147092547 3.859902892 2.915495261
-15.411943745 27.969501340 9.221272825 -0.171432225 -0.231257421 0.070881984 0.955042796 3.844417371 5.788456364 1.162279883 0.484935734 5.008757122 1.767269607 3.104337090 5.058585523 3.580843097 1.194148158 3.828747622 5.188552308 6.772240093 6.679464482 3.940566389 0.053307231 5.986065574 5.344791017 5.421578409 1.668343360
-15.054187066 18.193298375 17.242695966 0.191326608 -0.618107528 -0.760624035 -0.052804268 4.488914449 4.152372030 -0.426414147 2.241804222 3.485352227 2.715835389 1.907752772 4.349648031 2.497680547 0.089087374 4.582770396 7.122642230 4.366709771 5.193588989 7.234497338 2.066706292 1.985189940 8.503686370 2.531939836 3.784010595
-10.516950842 24.244816885 13.096540992 -0.611704492 0.322553136 0.307329585 0.653701472 2.331229312 -0.992186688 -4.194226271 6.138573384 7.424105353 1.687974044 5.908662605 6.470094242 9.796705028 7.167664344 -3.579768310 8.995604139 1.383579697 3.429998113 -2.175815743 1.192685827 0.018985282 0.621252309 5.026258805 2.111542252
-16.804384469 17.075264266 12.471502906 0.639040535 -0.735001693 -0.128844943 0.186544058 0.851357426 6.916081223 8.666699623 3.621237209 5.943507844 1.249828855 3.558797564 8.522375947 4.553844809 4.021573904 6.150353562 2.527361239 9.087561721 5.926131908 5.910227575 4.409413959 6.151505695 5.938805946 4.903217886 4.660436080
-18.478363104 14.995043084 20.290264621 -0.325347412 0.605914524 0.699173144 0.195380566 2.370316902 6.175766605 3.165779056 5.690928067 1.966951305 4.152452498 4.317632541 3.754929196 2.214783214 11.246768091 8.517635173 0.223713090 1.649732282 7.347080552 0.466400875 6.012503193 1.191581482 7.740784550 3.498794433 -1.016464921
-21.458938180 19.842641251 21.990911162 -0.588432414 0.712564515 -0.284010576 -0.255611226 4.126174963 4.168339304 2.159530697 11.047524016 4.163525414 4.724430613 8.647555282 2.411444013 4.198359671 7.844747466 5.224955057 4.286354956 5.415831864 5.689927535 9.958401109 2.221443263 -2.440102165 5.188534142 5.517440208 -0.068522049
-27.108046195 18.204213038 18.295018877 -0.356699977 -0.062389996 -0.530027091 -0.766774998 5.201741881 4.306316274 0.186153673 8.131602026 3.113949930 2.335341293 6.694053000 -3.365921895 2.615790944 9.052422748 1.238173592 5.882266838 5.879105374 1.207829228 1.026941697 7.389306419 4.221930142 7.939284896 3.005857850 6.233728302
-23.759252646 21.921956290 11.140664608 0.045789636 0.577224876 0.349194725 0.736734549 7.152759092 6.205556405 0.836183988 4.521904765 6.191511330 5.063477600 2.216636580 4.102204097 1.544231635 4.467173213 2.300831667 7.378722243 4.557021137 3.138497570 2.099230205 7.051482881 2.545903030 2.759584853 5.688565829 6.214610562
-16.116483779 30.684495427 17.445248649 -0.080676781 -0.712831882 -0.695322924 -0.043451080 7.465442318 1.325067031 5.065379257 5.889103715 4.483913218 7.687333825 7.529500524 1.954926622 4.383024982 2.426434930 7.913893595 3.202236512 3.958640081 2.490733456 5.624757031 5.379955440 4.121922244 3.251404698 3.376562786 5.073162452
-22.658765003 16.002023406 9.268104959 -0.485454361 -0.252094377 0.777148065 0.311164545 4.117123353 14.224691377 4.931983997 3.256030703 9.869070838 0.775711098 2.314816264 1.293276979 7.530065576 4.144399524 0.412781826 2.286062462 2.783532838 3.146655269 -1.177515198 7.562940610 3.985210069 7.796461931 -0.170096688 7.288255389
-20.100861815 22.658541476 24.227825057 0.238982448 0.396822342 0.885538493 0.035227780 5.397273550 6.112971972 -0.001108340 3.333033862 10.150764365 -0.054462412 1.828145422 2.278328621 4.244979981 4.049845466 3.141588658 2.227952698 7.179972535 1.118762844 5.536377138 2.348424979 4.552341951 2.772522141 5.485004729 8.739123118
-12.700530794 22.289400717 19.640676139 0.767203909 -0.560730897 -0.029660593 -0.309998827 2.386339120 7.829099045 8.579491974 10.239150627 3.160152781 0.220584886 3.011539016 5.223291021 2.214223945 -2.956757631 6.908379656 5.589575933 4.149277262 3.095456479 2.651835493 3.382884210 3.599344863 7.417769646 3.083200500 4.612470444
-12.057875919 22.718376047 22.364562502 0.385060448 0.853679498 -0.101332997 -0.335695382 -0.741486703 7.981286525 5.249641727 0.911939236 1.693019566 2.709206358 1.615969600 4.536036627 2.769660903 2.988363198 0.456641514 3.874118734 7.998160909 -1.211596348 6.946524360 5.625014705 10.296031537 6.739747817 5.395932063 4.168960238
-17.091786004 29.933992084 12.532035611 0.192219256 -0.015461971 -0.071526529 -0.978619763 1.580375854 1.250089884 6.885544027 4.381585358 3.721674902 0.002933287 4.640251645 2.745430487 4.995095273 3.673200203 2.662575531 4.414313553 -1.514467731 4.912272250 0.178914214 4.063365179 3.014536818 8.130909548 4.938478140 2.764797061
-19.721377123 20.458261970 6.147083327 0.099029236 0.268228625 -0.928907742 -0.235323230 5.980932542 1.573011717 4.070623981 4.847607572 1.215596146 -1.539978607 2.446805226 2.456961507 8.131216539 0.861384977 5.556159445 6.528854506 9.536771546 5.307937546 6.387763037 2.327078298 3.278699087 1.233608863 7.936953717 6.609420557
-23.873010578 20.445895204 14.452636161 -0.717931749 0.008075207 0.511296737 0.472318157 1.894956302 9.008426902 2.561216672 5.987780376 7.370049133 -2.121677385 5.084012554 0.997414715 5.459882343 0.607718498 -0.899390563 9.364888151 10.153607287 2.472052685 -0.097115137 5.904591877 3.023841364 2.836806633 5.702692073 5.873922355
-13.055490037 29.083764010 15.579225561 -0.333716109 0.149583999 -0.929734565 0.043032840 8.657754912 4.955900084 7.884837038 1.864024462 5.151532901 5.498043704 7.095468094 1.639252502 2.315414385 9.095123748 -0.962899641 2.584098909 0.912994522 2.570257427 1.172344881 7.915187063 5.102238832 5.405449385 7.951285545 4.667715441
-11.542742090 18.991931108 11.420382844 0.747389318 -0.381135703 0.078829931 -0.538452065 7.567766461 4.807297780 9.398331461 8.669901891 -3.094491457 2.152584700 4.733489796 7.029930403 3.617902681 9.276886587 5.978533967 1.061743252 3.698720752 6.288131306 3.388883088 7.725171271 4.435436659 -0.098967887 1.287352707 8.575585938
-23.606889441 21.006676110 7.869588592 -0.136373935 0.300800568 0.840724668 0.429072488 -0.416133585 -0.980571252 2.385057882 0.149981708 7.498806988 2.497938472 5.083215417 6.903721316 5.242567627 5.478522242 8.982199571 0.989854403 7.229356017 5.335189104 1.478788703 0.894656959 5.815152510 -0.890892004 6.449972990 3.240874695
-13.579312151 15.037727026 14.129148408 0.681359567 0.664913463 0.300269668 -0.058969088 9.467517019 2.280404824 7.805226754 6.641151820 4.942037753 7.202284703 -1.709758634 3.833371199 6.626724802 6.109302537 1.375383276 2.281368917 0.983854717 3.651663578 3.563756217 6.340136039 1.620726167 8.615855951 5.421386448 5.204121733
-15.169566469 22.615987039 8.146956335 0.605745717 -0.054834413 -0.706618678 -0.361601103 0.875253135 2.862328610 1.131023135 -0.517238650 10.848403703 4.038709653 0.561681564 3.461922525 9.718426978 -3.210596796 8.096009294 9.009344377 5.988832651 4.598408390 3.145235122 3.877066242 5.487558765 4.404366098 6.895751350 3.359427767
-15.505964743 26.798065815 22.138466993 0.270487639 0.813669572 0.401836354 0.321412210 3.997240097 3.112346568 5.007644188 4.552566998 -1.875247513 3.561688004 4.919175743 5.627945681 2.625813861 6.716688045 6.880212885 5.613328691 8.453364021 7.802613260 4.899860818 2.183395347 2.153329425 4.182303804 4.841913797 6.824587883
-19.687869712 14.996438647 17.470015717 -0.302904234 0.343437324 -0.582896863 0.671216118 2.615472198 2.643826914 10.695514938 2.032645227 8.860258462 0.704973229 4.557796775 -0.149778314 2.523447931 3.445841767 4.172433475 -0.525400081 0.644683984 2.204191183 1.887949517 8.315844693 3.106464760 2.351354800 0.997505223 4.783381852
-13.520228494 21.083834777 16.392833400 -0.613665304 -0.260240727 -0.682520198 -0.299759635 4.473636484 -1.862088480 9.054892260 -1.989025245 2.471506658 6.495685433 4.198056200 6.996491885 2.184517653 5.954718088 6.054699664 6.337748911 4.293792518 7.713760633 3.155447839 3.305391140 3.618899485 2.364359781 5.659817961 3.296162990
-19.604332421 19.574759509 14.825542421 -0.750026489 0.361017662 0.167632264 -0.528229059 2.852743010 5.199083609 3.637635745 5.662747732 4.273514157 0.268095735 1.301428130 2.979649710 4.267948616 6.546889766 1.171560746 0.996769172 14.957900309 6.560254942 0.369583505 8.108420599 1.162484316 2.677727497 2.128689499 2.107592473
-17.891528147 24.587308483 7.195921759 -0.001183246 -0.793444521 -0.233479689 0.562077955 3.473344706 6.674645509 3.155402533 6.003322721 9.516532875 8.831224378 1.489405051 2.991006653 6.687080429 0.233590047 5.975026098 7.529326052 6.688273659 1.833192615 6.024718134 -1.256136404 3.059692613 4.581091239 1.356276658 2.356572708
-13.883195589 29.687990756 15.629883179 0.345186275 -0.768552782 0.432955410 -0.320503773 4.866822614 7.499428540 9.210888268 5.393747037 6.861152649 6.867985643 -0.108935064 9.117170982 3.735031778 6.510244889 3.378274110 4.147341083 5.505870640 9.768596055 2.850539244 1.517701097 2.189091100 5.463600572 7.715230893 7.227377251
-20.466537832 15.401439809 22.597380616 0.457524975 0.505428701 0.448678962 0.577840735 3.438019381 5.930404400 0.994072477 6.330543589 1.414463180 6.508402852 -1.789861102 6.482155280 4.867984697 3.049733624 1.779469898 -1.307751536 5.734647899 3.884388029 9.427739540 -1.962866110 2.574439491 3.678276314 -0.440567457 5.855438824
-17.645182617 25.550833473 23.896085934 0.400511729 -0.730206168 -0.515497269 0.201623093 1.030470245 5.700542264 4.966378396 5.794485530 6.564217118 6.386296095 0.428927404 2.356366886 3.984249644 1.265580076 3.958205984 8.920851896 3.070219635 6.132279296 1.789536193 1.830609280 4.309753836 7.465046143 5.797626536 0.571640106
-13.300470428 16.472749569 18.231387996 -0.036881739 0.745730239 0.335677699 -0.574322757 6.879715837 2.303595233 -2.182817792 2.340127811 0.797071225 9.624286118 4.986856616 8.311752460 -1.259340383 -0.465978045 4.558180722 2.416560367 -1.705272938 8.616472633 0.381428451 1.305053424 4.774426566 4.780744857 9.698549432 5.568152173
-15.729398070 18.945995517 8.004815905 -0.229317434 0.523717620 -0.723081540 -0.387667970 -2.734999764 -0.500087958 3.048520482 2.446976806 7.232903235 0.093690735 0.539199501 2.302335946 8.065682039 4.267301687 7.295182481 3.423733583 7.292138955 -1.905329162 1.017861294 3.523645918 3.088142062 4.458529527 1.292167036 5.059687417
-20.080689730 13.745500456 13.191423569 0.802894065 0.530489139 -0.008546424 -0.271789170 1.069431321 2.234212911 7.094897956 5.484449950 2.316164091 2.312867695 5.342533199 -0.747686950 5.048263935 4.083259594 4.647746606 3.967822394 5.045605156 7.340428536 7.863384212 6.362583555 2.749130013 7.855859261 3.575231962 3.956926475
-25.619491394 20.522629163 16.756324047 -0.239637523 0.293785981 0.073854403 -0.922393182 3.407586280 5.732570061 1.255091712 3.234575606 4.047367241 2.551453450 7.104975325 4.601113648 10.109823980 1.377464824 7.742985879 7.306102318 6.752902304 5.507793192 5.074441095 1.887939009 2.725121143 6.899878877 3.113283810 2.614979945
-15.428251262 17.377916721 23.494389005 0.488527325 -0.116168898 0.629221305 0.593233840 3.686990354 2.817568185 5.481707671 1.941710183 9.062304140 6.622891631 7.072665622 5.247746313 4.579813729 9.153913851 7.674954080 -0.859797162 5.278974181 3.693476144 3.938465371 6.524235255 10.274851718 2.749756618 3.475503878 2.658857750
-21.181741892 17.383662305 7.145025274 -0.325597875 0.803969071 -0.018376378 0.497274638 5.260562471 7.470347223 9.901562316 8.902899209 6.582334622 6.124433473 3.095051007 2.938566595 8.230723728 6.088934555 4.438243396 6.713214299 -0.264971901 0.755418566 5.874767664 6.032038736 5.915601665 -3.458060876 6.678960096 5.241036973
-21.826549527 28.068308817 21.690106350 0.916667193 -0.015120833 0.181027610 0.355979807 3.913245240 3.227225561 6.066661967 6.063771609 6.770349801 0.581601206 2.142316501 7.849778289 7.590643883 2.125280739 4.106861982 1.457670659 3.350763934 3.385758709 0.114126715 0.565235538 4.028417278 0.237530699 0.914172134 1.519204568
-22.861969917 28.836219817 17.364677412 0.408881474 0.693514453 -0.461012097 -0.373257941 4.461863561 3.947163937 4.391409339 5.503762659 1.492820405 8.690530997 4.409129131 1.406341746 2.760322253 5.010152028 2.952288921 6.552063501 8.670926266 6.902614753 5.261079836 -0.322568911 4.347112583 5.398482699 3.677194108 2.943277867
-16.862579579 25.867457900 14.095281916 -0.176348946 -0.097768075 -0.399950223 0.894081804 7.667662079 0.655271067 7.553804418 3.057270547 2.361547803 3.105002912 7.535959629 1.198695560 7.176329387 3.262970387 6.906877868 0.344189679 5.763784492 6.812151062 6.057362791 -1.851393729 5.768960584 0.734102459 -2.048405431 -0.263750628
-16.422851680 21.147483650 5.871369922 0.289873480 0.296978693 0.630514683 0.655917873 5.399361330 2.596422455 2.637180581 4.667817753 5.408893861 8.351485131 5.492431206 5.994091867 1.523192978 -0.986087133 1.142235746 -0.673775375 6.598425180 5.762613516 2.012992933 4.150605245 2.087292396 3.725848621 3.266791051 5.226401409
-26.253922063 16.736380829 11.969500485 -0.808334687 -0.007242014 0.161266310 -0.566158780 -0.646152918 7.717341064 8.863925953 3.279245774 8.993728189 6.715469631 7.725331724 3.119267751 0.865170376 3.758426498 5.438643306 2.682896083 3.105266671 7.695506311 -0.494716529 5.512325156 4.187892731 3.131845345 5.391267319 3.616519735
-27.141533843 22.737520008 17.394307301 0.020787577 0.920111117 0.106677176 -0.376275682 2.238459158 5.962804839 5.114802078 1.281245343 2.833067894 1.347648312 1.086835470 7.053242048 11.559877935 3.052072181 1.580500999 3.366693743 1.201681867 2.939693667 7.546035302 1.934142904 2.328511685 3.961259495 9.463854326 5.894761988
-20.564272792 15.924687957 22.423312012 0.542458091 0.717822414 0.318678452 -0.298184920 3.025079724 -0.214747172 2.001186836 8.485535240 3.538484867 5.557937251 5.020111822 9.424776088 8.177902398 3.807566310 2.034160423 4.214578808 4.999243872 2.918538224 6.102014707 5.659398517 2.942343274 4.773256409 3.703388308 5.392799094
-22.599039133 23.040669818 11.737522468 -0.346582155 0.805714244 -0.218262578 -0.427863079 6.533464489 5.825097834 2.849906053 6.667192380 4.542297843 9.496277386 3.930605181 9.696936904 6.767303742 1.445401215 -0.997595946 7.256422649 9.921679215 7.288384831 3.672965693 0.851953488 8.737524721 1.221705092 10.319476076 0.424215814
-17.863466683 22.833367991 17.493766145 0.260091169 -0.800806034 0.529508348 0.103359511 -0.234419264 1.602750991 7.686729875 5.659041368 2.790866042 7.067449200 6.406063077 -0.579269860 5.217754972 7.225117293 5.075508817 4.266971048 4.955799758 3.427120398 -0.792942058 2.637834845 6.486457760 4.875301894 11.802259554 1.075281705
-17.134648408 18.164832070 20.077180238 0.304187883 -0.086467075 -0.850447627 0.420395065 6.747062157 0.780913081 3.040140551 7.281847928 6.243403292 1.966131298 4.401708366 3.720418257 4.166838119 -1.143485665 9.011778303 1.459013520 3.822213840 7.345868014 4.458862509 5.545111024 5.677904390 3.188729025 0.797297686 4.494382382
-27.009673330 18.754149308 11.688473822 0.689102423 0.387699914 0.593035307 -0.152104408 1.458093598 0.718890497 8.151553561 2.332830722 7.705487442 1.039269296 2.823679297 3.270443259 7.547523206 5.455520411 -5.784413331 7.839135781 5.277228012 1.365572570 5.212289675 6.300152868 8.788632779 9.016158526 0.386052477 1.692028060
-10.927457562 22.072383290 16.884086541 0.049658910 -0.082799195 -0.093204346 -0.990954709 4.175195868 2.105367267 5.266926543 -0.084213727 0.787907563 5.447039665 2.895051334 4.796622790 6.817054590 0.530226841 2.394377763 5.776274030 4.852846363 11.646895747 3.400270125 4.215891340 6.957859399 0.824636513 3.970150651 6.878217649
-20.217705043 21.148195779 12.378932487 0.452450826 0.699903969 -0.011739552 0.552525897 4.721145607 3.755583489 6.633326884 4.556512155 -2.941194176 1.613482236 7.580718989 4.209957500 6.787866151 4.387406605 2.425803287 5.974278804 7.357826831 4.065612861 8.078797865 2.470303742 8.428637070 3.306068780 4.538908381 -1.423093540
-19.547217843 25.648165130 14.506616211 0.534761164 0.037186425 -0.419967806 -0.732307797 8.907341351 5.537262326 4.692523285 1.527727773 2.455584994 6.245413087 -0.759458983 5.777203606 1.396709469 4.375753497 1.342832117 3.964760209 8.690976542 -1.962131318 3.278586232 4.993016089 3.153411968 5.233759547 4.582999568 6.591888399
-24.752460215 15.326920524 18.875359978 -0.168814357 -0.661999127 -0.707451757 -0.181027291 7.286439665 4.186998818 7.609475566 8.153438777 9.820338083 5.496611542 2.134841075 0.900222954 2.405954114 2.470692140 4.266517641 6.557967439 6.008915221 1.766287226 5.226591793 -6.813624784 4.985812627 5.748667583 2.035742555 1.654928575
-17.713917970 14.060868946 16.216839443 0.165946104 0.948779407 -0.005169072 -0.268798826 0.918098413 8.244660487 -2.055448707 3.925113035 2.487142927 4.499228649 -0.421901440 1.049778504 6.944363769 3.105851102 2.062920909 6.410437023 5.791681840 0.685323028 0.413356238 1.714439695 1.569885941 6.721811874 6.114049434 5.135069822
-16.427204294 27.428965322 11.548170485 -0.104635161 0.145768740 0.123280260 -0.976014823 7.388068673 6.649524561 3.851859891 1.677226594 5.045586451 0.662775099 -0.518719316 4.066025202 3.147836660 6.333249862 4.053524041 1.762084058 5.573104949 1.529657297 1.048866080 6.962513377 3.914739781 -0.886647809 2.604771965 3.632296326
-18.750588819 22.195150407 24.956296833 0.517350325 0.301067676 -0.741681226 -0.302681112 2.637651454 1.730895149 3.382927380 -2.355455878 1.968655316 0.580684983 5.812705329 5.779989075 3.116763929 8.509555397 0.190460751 8.303160577 8.484100268 3.309352084 5.354754651 5.790329683 9.715306732 7.906128401 7.257726168 6.969886782
-19.622461041 21.174794439 11.691564374 0.291711499 -0.407673820 0.838854771 0.212200687 1.985475377 -2.104734828 3.965599049 2.020947901 1.869613757 1.186140192 -1.375385244 8.002570856 0.359050795 3.689228102 7.914548418 5.424634918 2.463143909 4.477137067 5.921609385 6.506878311 6.488138923 -1.042895588 3.035573510 -1.918284557
-19.384073286 27.480423198 17.154044570 0.433842742 -0.868066455 0.207870730 0.122600426 7.949652711 5.225844618 7.530544201 10.034248517 4.286434176 3.654093400 4.077924108 3.540187932 2.098276368 4.757530472 1.043843796 8.943438907 3.986227511 2.852457800 1.570540314 8.205447677 1.886898772 3.026203114 6.530746808 7.525448962
-23.946081180 28.807300091 13.122930610 -0.394531008 -0.194414439 -0.804298561 -0.399564931 2.727649876 2.503932864 4.404080774 -1.655289345 2.862108868 2.276817362 1.049000727 3.184243698 4.569825903 4.233871991 3.631242819 8.836836882 7.058750788 7.699250898 5.282603507 2.010166582 -1.861147457 2.563429510 2.175721486 1.241138009
-19.174340786 28.399502805 11.686285252 0.420972256 0.101472536 0.896073076 -0.097666401 9.801611672 4.636913380 5.794836024 5.751586862 -0.410154820 -1.921748516 1.505329386 6.045129170 3.157730271 -0.752065959 5.275776152 6.042041959 6.451490635 8.711944434 5.364164772 2.604644450 4.781493226 3.463891878 9.059892566 4.568613818
-19.799769210 23.511997397 17.807251297 0.368395965 0.752111331 -0.160564398 0.522333258 1.078831186 1.801944455 1.108544645 4.928234716 5.724240064 3.217182451 5.075903247 3.376867215 4.223129952 1.094419891 4.058369519 6.321871996 8.006995125 0.836926726 7.298520600 7.052430922 4.526902080 5.868327744 1.555296050 1.339388568
-19.384729193 13.536265827 15.805837165 0.200703023 0.235802242 -0.293516524 0.904413428 4.314039331 3.210084175 1.098056796 3.716068158 1.674544775 -0.335522695 8.457954014 6.875639745 2.057331768 3.255197889 -0.346399556 0.605808468 0.655073766 5.058890685 1.617951962 4.850048781 0.177377137 6.875403640 6.451577082 -1.020384792
-21.769317066 28.171239981 21.704090708 0.444679581 -0.539733097 -0.518449244 -0.492096165 4.890705174 5.604532733 8.826301048 12.797870084 -0.500604500 6.551151433 9.439073413 -0.863327191 3.123282793 3.439038039 9.205538872 9.096195577 2.168030540 3.298901765 6.860551255 0.576116308 6.344860892 3.178892199 3.884577488 1.091746929
-20.676555890 28.839748446 9.570139615 -0.848714363 -0.176102352 0.498620856 0.007009489 0.865340472 4.834656534 3.114077309 1.862970916 7.097582674 9.618673847 4.022479385 4.390284085 1.867843226 1.349765577 0.023321598 4.076586771 -0.217460473 3.970680360 1.201788043 -0.573070129 9.639404947 4.490313155 3.327424442 6.986518899
-23.998285077 16.887540738 13.097135922 0.315241008 0.157247408 0.906710228 -0.231889891 4.426075154 3.020773321 9.192367042 8.689863707 7.195533328 6.752121686 9.697672829 2.127618052 0.339850686 8.971645195 2.522971902 3.992262544 -0.180685221 -2.485094070 3.044387405 6.053308909 0.114415211 -0.038925650 2.417800753 5.160130639
-19.606180236 16.407340773 10.298398083 0.451983329 0.886161048 0.101842763 0.007597338 7.308928308 5.390191235 7.975907543 4.724654494 5.719814445 6.180812720 0.842936615 8.215997096 4.061043874 7.370512835 -0.179294632 2.811514729 9.500153507 5.457782884 6.378099764 3.137555188 2.334789393 -1.616540735 7.714193004 -2.108026164
-14.832202472 15.618474341 22.496624056 -0.560519753 0.801757421 -0.166889337 0.123087750 4.568195112 8.153636976 5.557969728 0.862096720 1.434539422 7.135778007 6.860389372 4.028530580 1.814157432 5.131360502 1.245778757 3.546647840 1.283622095 2.557832291 -0.872514277 3.964150548 5.945855535 2.889516908 8.038371872 12.531723359
-11.666557003 22.879664749 11.066352656 -0.659932668 -0.432609388 -0.385684225 -0.478106337 5.206294484 0.382396059 7.139399650 9.039639203 5.665870903 -0.177350709 7.337742217 7.421558323 -1.114531875 3.605382351 8.177052594 2.208420924 5.881772091 -1.341497036 5.020500619 1.050800396 6.146517291 2.736334326 -0.864513091 5.585165685
-19.222468439 11.956465378 14.315108539 -0.529975568 0.549437311 0.564560411 0.313872714 5.357718338 9.023387369 5.648249132 2.735254440 6.955651001 3.548891806 4.726039771 2.933156816 4.818030606 9.953311733 7.472536364 6.862457192 10.089259220 7.246186246 7.672544832 3.988920756 -2.049094827 5.832527474 5.953631366 4.086930254
-24.869993966 22.316335064 11.056610863 -0.811016497 0.220357867 -0.529849513 0.113816278 -0.763058982 7.801995330 7.259815155 3.214617095 2.331627661 2.790387512 3.073734008 2.662279343 1.427392647 6.019162557 5.855545690 7.446344239 7.186153347 6.450768918 6.006923070 8.180780462 3.874041462 6.953058995 -1.795788343 0.966009244
-12.192154289 21.744260908 15.392794614 -0.237361702 0.767843754 -0.349824384 0.481350488 3.060156055 4.564068877 0.654386304 6.025048906 4.459464446 3.147448445 -0.526230983 6.410524490 11.875739965 -3.030076112 4.286096626 3.333769060 -0.133957893 3.709802796 -2.298403636 1.664173448 -1.123202934 2.557338100 6.205120030 4.719701176
-22.392380042 24.938202532 22.363149149 0.924900016 0.144761203 -0.190349442 0.295586271 3.901142339 2.540399154 0.634592481 2.686455322 5.046162079 0.202543405 0.346114329 1.719597656 3.454660120 5.188517011 11.459227559 3.944026457 6.689463316 4.206335433 3.610009569 4.173243272 3.048409181 2.008903435 0.104027630 13.106559490
-12.913681755 14.142336979 14.287596010 0.024564058 -0.779898000 -0.612845153 -0.124805986 9.399782898 0.650320523 5.875011556 4.418539124 5.783073684 9.734492712 3.662892997 -0.125233179 0.117275301 0.867211068 0.941688167 8.772613117 0.026133923 2.878516654 7.457517706 7.681828327 6.203753462 3.438714970 7.277344502 3.346822769
-19.290312926 14.522353393 14.500559544 0.909236646 0.410818002 -0.025938252 0.062004009 0.615416200 2.455762298 7.773747706 4.082072010 3.612043271 4.945671046 6.241332789 3.041432943 2.287404286 5.472970222 7.069708914 6.363053454 4.079500415 2.937039945 4.077813807 1.682520833 3.356450549 8.314409635 2.110758416 8.325314763
-18.433648155 11.956687685 14.992865391 -0.709608686 0.446412656 0.442461468 -0.318432258 -1.059877071 -3.450423605 2.146165144 7.679407308 4.912937717 5.532379382 2.963279527 2.850933786 10.171604844 1.668246555 1.278698456 4.596352361 6.157076070 8.611743273 5.171122540 -0.510694569 0.865894789 4.072580876 3.341776992 2.330438854
-22.389057478 23.609142375 15.068692122 0.340695810 0.108836290 -0.908252273 0.217160850 1.213967432 2.559374132 1.839695984 6.620887139 -0.295932155 5.952188658 9.954272640 1.948842777 2.657120551 3.179354442 3.468409103 7.193573925 2.546432481 4.342290606 4.710835850 6.678894163 2.338734978 6.014177313 -2.532444712 6.279361062
-18.659539729 21.210499878 23.432595744 0.335941000 -0.680340183 0.617431332 0.207507663 3.466966773 0.755859672 4.316646243 1.457265668 7.802732824 7.361332738 0.730171198 5.309284480 5.623092667 6.204624942 5.154594691 0.705799535 8.114805120 1.800193200 1.766958495 6.684704293 4.587533234 5.042572912 0.657944485 2.302883005
-26.091523009 24.004219095 15.766541339 -0.066973601 -0.788859906 -0.573374785 -0.210845776 4.042327377 5.033156081 5.037660631 6.912281155 9.772174564 7.575196812 2.119770057 3.424508325 3.709010370 -0.023797981 4.082068547 2.212853967 6.069130396 5.685999708 8.218356189 0.625174346 1.359826196 7.447356307 0.827309526 0.768937913
-19.875098956 27.560091553 19.365343373 -0.275462845 -0.595064569 -0.738761884 -0.155721736 5.891086730 5.464895513 7.464636766 5.762407790 2.015901292 3.407332406 3.330022720 -0.735460984 -4.758457410 1.732675942 3.769541133 3.779354072 -1.181289302 3.175913608 0.011687198 8.701031029 7.807269369 -1.360007777 0.212935040 3.611428886
-23.540098802 25.383045540 11.851144716 0.163859265 -0.503648821 0.110349209 0.841017870 3.128557929 0.340856880 6.798383917 2.118748235 5.474867272 0.872369909 5.168416040 5.540913545 4.271687167 4.326193012 5.539238681 1.483873886 5.426926517 1.958443904 3.404661711 1.862172554 11.698935090 -1.824421429 1.419208339 -3.862142389
-20.051953184 25.153565389 17.234058320 -0.345877784 -0.677906247 -0.181159027 -0.622890910 5.759046385 2.747616866 3.625558984 5.503260716 8.243380329 2.857826779 3.119936731 8.310896233 3.732356983 8.562896975 -0.973564353 8.652543185 4.996908799 4.408343245 6.279240680 6.714614133 7.941261862 6.298018228 5.799288340 12.449756875
-18.320937504 25.351966749 18.188394516 0.613176763 0.251572968 -0.712004100 -0.231895366 15.432557289 10.270889719 2.438421410 4.502096970 0.219637753 -1.771283973 7.974332734 8.025966298 1.155679433 1.173809929 8.833391776 -0.854062222 3.423678456 5.663074939 4.957379928 1.999775174 3.763061677 3.799111945 8.271808869 3.973823740
-27.259544633 20.022694400 16.538055769 -0.456152224 0.030874692 0.880260036 0.126941608 4.357516567 1.846034064 4.303425084 4.829192069 9.719153005 3.037310071 1.325821796 6.080406947 5.652538265 6.031988090 -1.994554527 4.044980216 1.301234024 1.900023291 7.046332652 5.121032362 5.328148782 1.720696984 0.301829861 6.055193402
-16.841150836 26.665581825 15.339687530 -0.409163103 0.010906178 -0.854589385 -0.319599113 -0.296039495 3.772314924 3.794939295 4.883918473 5.811577447 -0.733534240 -0.236941432 2.712143585 0.002498752 7.707137030 1.811646489 1.475196502 3.590854497 1.860845774 5.464892711 2.618341229 6.690950846 4.797923795 -1.759543909 5.731417666
-17.036442807 12.421562952 19.027704679 0.016144138 0.983152356 0.045880617 -0.176198129 -0.656198896 1.292545992 1.180104570 1.560382205 4.846733719 8.387950973 5.546231332 1.065921971 4.342152998 4.256989944 6.445706754 3.632947320 3.348112046 6.820076870 10.133378409 6.531901678 -2.235021485 7.166385262 3.206307327 8.186731335
-23.715855823 22.069837315 15.031644463 0.378287171 0.047103782 -0.850967401 -0.361295631 6.560693879 0.136859763 5.011913797 1.527160814 2.790669228 6.661720713 5.166576321 -0.289110470 1.699289674 10.756422356 1.594334488 6.909405069 5.189900702 5.306702979 3.206144029 2.072649138 5.770374133 1.719961048 0.997643792 2.006580989
-11.994537095 22.590690297 22.284175829 -0.076501881 -0.184766912 -0.029192465 0.979365330 4.414230949 5.667395644 2.690068468 5.917986331 0.433055056 -0.797260996 2.484754205 7.610013688 1.745835660 -0.189506244 -0.905439305 2.455525429 2.688925461 1.749513749 5.653849703 2.670384206 4.181649579 9.294458708 -0.684191629 5.447194723
-20.119230195 22.717665689 23.358734129 -0.758279214 -0.430816661 -0.476053632 -0.113060064 3.175341975 6.528392215 6.461664776 4.775852610 8.022746011 3.345085314 0.535723144 2.460034662 1.789885339 5.535006593 3.508027463 4.411819273 7.337247466 0.542795832 2.836782442 4.734945266 8.041305149 5.392564339 5.191903290 0.468361647
-14.060718297 24.610034031 11.655427404 -0.202965602 0.064583475 0.967347768 -0.137376256 -0.714263348 2.987525844 -0.268603423 5.860702064 5.817591448 1.785321854 4.924722640 4.541695914 0.982968147 6.062873387 1.415362662 9.621558462 8.714812704 3.757745046 3.281957238 4.946949782 2.955621241 2.719710621 6.037578033 4.759567212
-19.308479351 15.368826651 7.283379709 -0.230152223 -0.201318443 0.839814381 0.448567324 3.533101524 -1.950399902 -1.894411511 2.787863522 5.730602428 5.246290987 6.477644912 -0.693696772 4.473882880 5.113452306 -1.053450134 3.457321877 -0.230865757 4.077408228 4.697761113 6.837477567 -0.518784505 5.890146748 1.940859492 2.508908395
-15.829615858 24.321563807 12.049010842 -0.119010815 0.753482548 0.496792688 -0.413881023 1.838476062 1.937101195 4.262603364 1.525681153 7.051870921 6.904470752 4.078582583 6.202208978 4.862812562 6.609912547 7.798211273 4.033443172 0.257059476 7.130278282 1.344891320 6.336668208 5.264321491 2.565509452 5.052241834 7.219994598
-20.178765480 27.326310891 22.894052122 -0.145461175 0.173786734 0.950250347 -0.213690186 0.903493208 2.624646005 -0.620559416 2.396116206 1.633982665 7.482276759 7.557657075 -0.935101316 2.066303625 5.793389590 10.398801332 5.418253683 5.440780741 5.365783928 1.353296010 2.133491459 2.547792749 7.180091858 1.520820638 5.080454805
-14.490116686 27.437699434 19.316979886 0.487200827 -0.625658304 -0.351204772 -0.497837573 1.972376112 -6.251933619 5.906441696 -0.032527508 7.281679943 3.637695697 1.726673847 4.076726580 2.689166819 6.529721080 3.902883380 0.359091872 0.241073525 1.297819038 4.006968088 9.013521694 6.288427473 6.445897397 5.271916660 4.372982010
-20.523448329 20.027726618 12.213304206 -0.789470678 -0.558889221 -0.250032111 0.043160510 5.834437946 8.642623892 6.913122588 0.019719877 4.012945707 4.982935509 7.710545154 7.661856802 4.062588177 2.614779623 4.836463810 4.208424636 2.210817430 2.988105136 2.430794202 -0.298738886 6.161506925 1.159507284 4.347986040 5.202345121
-15.969854684 21.064104523 5.933747665 -0.695487766 0.568131288 0.404021772 0.174040266 5.289684049 6.194213379 5.751051925 8.480298068 2.296967263 2.323514491 8.406348250 1.718211713 -1.850018475 1.668416872 9.590760718 2.793043697 3.784670685 6.449254174 11.359543913 4.311507536 2.961991164 2.952992853 11.341630559 1.810890587
-9.626591979 18.744640279 18.892338847 0.718947451 -0.430833046 0.040059767 0.543960168 3.955941791 -0.885225213 4.636502740 1.216799912 10.457918700 4.948597695 2.025981136 7.862457031 6.582836658 4.022757162 1.273820484 4.726751009 3.406433338 5.413334470 2.260464591 3.465595874 1.678956715 4.681197073 3.060119847 6.437434390
-19.079153509 23.201453245 15.884947118 -0.955086182 0.245361673 -0.040541210 0.161134865 5.367162862 5.386034036 -1.014204854 5.928528951 7.293729074 5.193226883 3.598271785 4.174234864 -0.798188763 4.428157536 3.293744217 6.937194557 0.649805545 7.382175157 1.227509035 5.432891731 7.490378887 2.052495941 4.048701041 6.260860149
-19.526793009 22.955739986 15.029128712 -0.502376069 0.831061843 0.177491559 0.159534465 4.272319886 4.428930607 9.732418094 4.007323698 1.089815701 3.535533080 -1.606017406 6.982350532 7.947094231 1.320252122 5.777242440 4.636831429 7.916485016 4.183362933 4.589514519 6.542995556 4.386593625 3.505186764 4.471470695 3.050226426
-20.720579679 22.015753800 18.871621895 0.444160353 0.247467698 0.012331961 -0.861004786 3.739477692 4.883491181 5.575533752 5.298346867 -0.112858733 4.881027167 4.621453761 2.247127982 1.667623620 4.268143907 1.313723017 7.479975304 6.673559596 -2.275278658 2.222503205 6.294866735 0.041138695 -7.443399994 4.212586321 5.386387628
-21.419220722 15.308957977 9.359644771 -0.418294489 -0.247739042 0.757125324 0.436367198 3.765606874 1.665536811 4.332175946 5.776499512 1.971984643 3.022629005 6.936246165 6.673714502 5.096024939 6.825114913 10.073734774 -0.329293997 12.625955551 1.631715523 4.924668235 6.262276994 4.416582498 -0.542236646 6.315828521 5.148470548
-23.638277872 23.067173248 15.572456205 -0.729687537 0.681299314 -0.057637943 0.008075307 0.016472519 1.751178695 0.474414830 7.158017115 2.799840187 8.805160312 1.761504311 2.030772221 -0.016932873 3.086426000 3.960538935 2.764293071 4.036387852 7.138456357 6.777053095 7.891193979 0.276604351 6.104127368 4.790203872 6.706381059
-18.210614783 23.258662786 23.608152861 0.047043895 -0.809322951 0.438303261 0.388166825 10.235590951 10.727824465 9.574944414 0.494919979 1.750544083 5.361795714 4.556243529 4.029487377 5.410359420 4.073232999 5.309465211 3.855321794 2.043170159 5.593426066 1.217205145 2.282936859 6.260457187 -0.701050759 8.522497637 4.573473515
-10.543934059 25.647863614 12.664733502 0.126793620 -0.125161182 -0.826195615 0.534470637 -0.393947576 2.745030198 6.472770805 2.751436700 0.545033676 3.339612864 8.669196801 5.588885718 0.639714694 3.860156521 6.185309989 4.695687731 3.338495060 2.316635587 5.520570580 4.238080097 2.960507535 11.317862933 2.204336517 6.770015486
-13.797271174 12.776278333 17.295081979 -0.382722793 -0.189598169 0.021356123 -0.903946743 -0.904910785 9.392317345 4.047368574 -3.523136683 8.359614667 -0.180984118 2.383912069 8.144267085 5.587612085 1.137077413 3.025361626 4.782879089 0.173844002 5.703012024 0.712051126 12.437520615 0.430866858 3.953529142 2.560824517 4.923701129
-25.642282801 26.372495128 15.559589619 0.113946202 0.306171869 -0.609519946 -0.722329901 0.533666531 3.767422433 4.648037687 3.316165056 8.979688976 3.333828005 6.778103906 4.639721523 1.463240597 5.508284603 -2.065294997 2.661311064 4.758241591 6.593477046 -1.749855015 3.985675450 3.743105316 4.932877429 7.219013699 4.862134320
-19.450645168 26.129313300 9.227474755 0.385910946 -0.613833071 -0.170676087 -0.667196655 -2.632916736 2.070898944 0.870375100 1.950463107 9.364497316 4.105690092 1.928297234 5.789281049 5.523948519 1.331032892 6.912794402 -0.216018942 -1.790273499 2.158823168 1.392516141 5.699153334 5.120745572 2.784591761 3.661001907 2.971928192
-14.922130103 20.462672066 16.349496634 -0.582401659 0.811734537 -0.004211765 -0.043331403 1.252464025 3.896302317 4.675436733 4.910013015 5.807548959 0.474642150 3.382993743 4.922131590 2.714090745 0.383879491 5.473230293 2.443239643 2.592501590 8.531935163 9.337714486 5.806354847 7.306399828 8.979761984 7.685960058 7.500392013
-21.879610994 27.990444110 12.092345949 0.401076292 -0.134185514 0.658287472 -0.622727598 6.860704985 -0.202882882 10.662581534 1.821463171 2.365344557 5.532100259 6.868189957 1.227983743 9.078019128 0.585012149 1.608583525 4.124158213 5.594696328 9.103808923 3.136301355 0.317733007 3.861413638 4.003447238 9.535490045 4.998947260
-18.631073484 23.649320245 11.208071454 0.134013559 -0.771429395 0.127469215 0.608842059 4.097222086 6.413755127 -2.765929941 10.213939001 -1.653561548 4.322826093 7.537805292 0.230298498 1.750637782 0.908495086 2.188126131 3.399764604 -0.095159147 2.120654641 -0.017075340 0.847386244 3.378478451 1.459748862 3.890151692 1.171047917
-11.316541603 22.361340365 21.830175850 0.580587184 -0.244394023 -0.136072394 -0.764640037 0.951314116 8.692350636 7.604393722 0.479057235 5.084354282 -0.288663370 5.160653111 7.052950336 7.496177295 3.914656085 9.464687656 -1.079383173 6.376079080 3.834757084 3.417065711 -1.882425727 2.186929123 5.389458152 2.825588645 12.113304072
-22.556398690 24.844849805 8.700746265 0.054602862 0.514807776 0.181756322 0.836035957 5.609098535 5.576800300 2.893589187 3.788001504 5.513522732 2.683750373 1.079101738 0.677301989 -0.440642561 1.939994071 -0.989472220 1.866658751 -0.194153307 1.385697308 2.909703618 4.276102683 3.159814585 -0.284748586 4.735193658 4.513472327
-24.134126094 17.468946183 11.814056956 0.687012415 -0.226982344 -0.443619118 -0.528862020 5.921282754 5.094481285 2.532192573 5.400448873 4.575474933 -0.138391502 5.588224254 3.995381091 3.387122000 2.203570640 8.205698456 3.206140283 7.060263409 2.461630371 4.035340183 2.851897222 4.532129326 2.106390670 9.265706294 -4.911378485
-13.788529572 20.558614452 12.538059802 0.348203446 -0.619254812 -0.424111581 -0.561611257 -0.244603918 1.591168773 -0.655726950 5.001053663 4.052679311 7.405831720 -0.125057025 7.340850858 1.326412144 3.993124250 -0.295249649 7.375426877 7.671581620 8.286816395 -1.796352303 -0.415373944 1.191944463 -1.853975833 4.296065987 0.061290305
-16.138558009 20.986476028 9.016140020 -0.016266837 -0.094123833 -0.986518453 -0.132881284 4.202376120 5.025304671 4.237844871 4.021948147 4.601652889 1.856970639 4.665344068 3.726296618 4.351990603 4.890797766 7.921528853 1.722827211 -0.044989288 -2.431718244 5.163967447 3.111292861 1.715861030 2.332993357 7.039928331 10.839129313
-17.569101451 21.350326955 15.590019925 0.640193148 0.683972084 0.036393200 0.347865574 2.165226851 0.459326614 6.570313613 7.784478255 6.833675244 0.463999061 5.172905181 1.856545176 10.348098467 3.688181557 2.250196942 6.522650443 4.570037167 6.815973019 5.184639387 1.703109050 9.101271648 4.630770666 3.395468526 6.718823494
-16.391744893 24.046194164 24.480182835 -0.446509457 -0.070079442 -0.889833277 -0.062569289 2.098959621 9.316325076 6.378471154 5.591726470 4.452147811 1.021805302 3.400227937 5.767088620 10.911422227 4.998834951 7.932679374 4.708629316 3.365778364 4.742359066 -0.597998013 3.933506075 3.079558638 3.033638290 6.387191505 2.690465642
-17.372724777 16.097477508 11.078325549 -0.386250777 0.310617755 0.189831484 0.847520475 4.437731152 0.547458792 6.258167169 7.713994988 6.000461643 10.415573357 -0.238811694 5.978231793 6.306185518 4.759588256 4.527364810 -1.894775464 5.133923427 0.739645733 7.224951826 5.615081930 6.610526892 6.486668434 1.614371855 5.254515409
-23.817085006 14.395077520 16.004659393 -0.129864683 0.224522080 0.924953082 -0.277825118 4.997865898 2.405275224 3.253204129 3.560208231 -1.132202636 7.605522019 1.590960445 2.548122913 8.460884992 7.215574698 2.246391729 0.686150256 0.586195164 7.336440267 2.021868813 4.021740593 8.515261279 6.661480075 0.078966297 3.423420674
-11.899340305 16.102188013 10.173359447 0.362820525 0.784340558 -0.440150657 0.243800234 -0.313759492 5.878495982 9.019845296 5.809465356 1.981511032 5.116055834 -0.729878702 5.597962893 6.940302533 3.588058649 1.063934976 7.645386096 5.657014109 6.387034593 1.942848617 3.478684165 8.236108029 5.341524134 3.816459230 4.561097978
-21.208900227 17.920522935 16.643042151 0.794309142 0.287161582 0.435894921 0.310816395 6.955188787 2.746731219 1.048958644 4.426221288 4.299718209 2.509005427 2.165678242 -0.540455686 2.510008676 1.643923577 -0.608368566 3.331392714 4.178958397 3.490005892 6.231983504 1.965565932 2.242686863 -1.774069362 4.440497763 4.481859110
-22.330310789 21.723594703 22.134356084 0.551468009 0.569825127 -0.109580105 0.599311739 6.107350555 7.253549830 6.607209768 0.062927625 1.146901052 4.664866414 1.610299787 0.701601473 1.120092028 1.828692894 10.360841655 9.781987019 3.768559727 5.104611514 1.971276235 2.957905869 3.924824498 5.105434025 6.232061578 4.371191582
-25.297881359 23.031578005 9.696559811 0.464893639 0.461515143 0.748960186 -0.099681075 2.781018886 8.068293749 4.000091659 -0.223579834 6.262458188 5.367252381 8.221911227 1.734124380 5.378413094 4.565359380 6.272237686 2.194166893 5.806322723 5.782831086 3.721866934 0.947135892 0.943794920 -2.985283160 4.634228568 4.611133268
-26.081887497 17.525520465 13.359064000 0.776213787 -0.110594197 -0.256469063 0.565229776 -0.332637090 0.757635061 1.747091989 8.259359291 5.237188254 4.023610784 2.968025440 2.691148329 0.585642636 3.680104550 2.960133701 1.804781608 1.223424376 3.205003846 0.933318980 7.202112256 17.046515396 3.948468701 2.906731863 3.387673565
-10.784541128 16.953811416 17.710043975 0.843220695 -0.294093711 -0.122087539 0.433107818 3.343924907 -0.308104159 1.746865371 3.068450688 13.464816889 2.304409846 7.388108884 4.409444346 2.595313384 7.911895605 -2.898679527 1.369665626 4.126178701 7.029785157 4.484051553 3.831956400 2.003599588 5.273589410 2.139714636 2.665071104
-20.776815960 14.487127316 19.849730345 -0.461032347 -0.056435281 0.040348731 -0.884667290 5.876446435 0.822803839 6.990941207 3.943560414 5.812247914 6.140120389 6.532728724 11.841842158 1.964113432 7.773498089 4.472077587 3.671120796 4.176101626 5.692574593 1.798749591 4.533562371 10.624155080 1.237621741 8.925484987 -1.300245152
-18.840688284 21.636946385 13.986033734 -0.296757539 0.871753946 -0.319399842 0.223525753 -0.859398783 0.558867560 -1.452599488 5.453822470 7.832955523 3.712001686 6.050017360 4.847412025 2.207461109 1.203225359 5.529056194 12.878403481 0.041639476 1.713459587 9.030239226 7.196381563 8.878783988 1.975169920 2.961458391 -0.531979628
-23.036393523 20.845209732 17.361385529 0.856376195 0.203862651 -0.134110210 -0.455054155 3.780459491 2.653597175 3.745123308 -0.286058577 3.279785668 4.616371757 7.225328270 5.067762107 2.063698618 3.049265721 5.695134370 8.573558548 -1.216498314 2.370854246 3.492364313 1.793780619 4.101022721 1.379660929 0.365840941 -0.871127386
-9.590641011 22.606825864 11.334741387 -0.397762792 -0.085974989 -0.398249373 0.822064778 3.711108862 4.650933336 5.443994583 2.778918924 5.502811755 -4.373633718 3.165670908 4.555076260 5.635412172 4.265213071 7.036515102 2.870082811 -0.205254995 4.517657268 6.654549267 4.917328674 -2.815479899 5.538737473 3.828685564 2.306094932
-12.152895647 27.623659785 17.698313822 -0.608962906 -0.773451138 -0.174517265 0.021937190 6.346601348 7.191383522 2.027965888 4.846244837 -4.554284326 4.230388500 4.719767355 11.734473565 -0.185576084 1.977832527 8.178563638 3.111990520 2.919395255 0.838760047 7.545515917 2.920550671 0.581563553 3.036080526 2.701678347 1.966090420
-15.284845725 30.521306665 13.500088817 0.312742896 -0.079665871 -0.517679896 -0.792371602 -1.596200928 3.620647787 9.308237547 2.846279240 3.373719402 3.352338867 8.891902531 9.196219172 1.173593491 1.226056353 -0.316604168 6.133990254 3.338553365 5.047763555 -3.738120894 2.430096922 6.212688193 5.841898745 0.240061057 5.542924445
-11.160775970 17.725069822 16.239274653 -0.102773228 0.433135179 0.625961596 0.640315282 3.442218525 5.264059632 2.852267053 1.883576791 8.229829734 2.954496367 2.608849586 0.412899763 7.889747882 0.659182440 4.070607391 2.448241820 5.374408537 3.632209968 0.741217345 0.204491828 5.922688023 3.070814180 3.959791469 3.612041438
-16.694469238 20.969455138 18.515182756 -0.031497578 0.166317698 0.594355319 -0.786185780 2.894302184 7.207853923 5.324227734 7.131296021 7.700625345 -1.257234247 2.311002204 5.069426523 2.274016461 8.463261514 2.450150440 2.150832243 3.552981467 4.920356738 0.612115090 4.498758493 0.838115844 9.964900378 5.440850183 3.217033278
-24.374252336 22.607761459 18.303001908 -0.030374497 0.770427926 0.505717692 0.386998471 4.091778689 2.961055338 -1.380688255 3.701367024 1.326486599 -0.784947872 6.998618066 3.919024084 8.287975014 6.488790731 2.853724357 5.567669354 5.225422040 -2.109932553 3.587313175 3.263626205 7.049093956 4.359363136 3.393092312 7.057650619
-17.666098417 12.875192393 10.205866416 -0.449571253 0.314246179 -0.159060985 0.820874309 5.295044764 4.758515576 0.255279661 4.122828253 0.852752489 4.449513704 8.817849281 3.295202666 3.300994752 3.237854461 5.446924010 -2.771538830 2.240369121 1.878985561 2.641787394 1.717066917 0.471980940 0.834473857 1.788487120 1.515589707
-23.996357318 17.263813346 8.343477007 -0.468482642 -0.015104912 -0.771476917 -0.430254834 1.688505722 -2.806467482 3.803901977 5.087359691 -0.638121741 7.316089152 8.414402113 3.240147681 2.602995949 4.656158622 4.308431814 4.476100665 4.170853941 7.113738608 5.486273810 7.354491923 4.649390618 3.370627223 2.455638591 4.269914122
-22.350164186 24.990923471 22.481191641 0.545013106 0.662733956 0.508596820 0.071229859 6.439910904 6.771164392 3.399764910 -0.821456819 7.875090168 3.315284594 8.464127098 0.790747588 3.064165332 6.307001882 1.851699771 1.703796148 4.104353220 4.365923187 9.472328778 7.889141195 2.689396395 5.642067982 1.344686688 7.472462933
-14.033771048 21.713458242 20.025321190 -0.414321933 0.406671974 -0.122011743 0.805026941 0.442865337 1.360077966 4.155539944 4.035459706 6.204410698 3.327145271 2.845756057 8.483591818 6.299728886 0.662078761 8.649562336 4.976289558 5.416105380 4.213443808 0.673132789 5.640255217 0.816563302 11.823454162 3.193130750 5.080242085
-24.113935977 26.745121690 19.756579544 -0.505696398 0.743786769 -0.422214893 0.113079526 2.022164699 9.211922584 1.652140302 4.225194151 -0.940824245 10.424189021 5.611775172 1.516612010 3.500860171 4.769231014 2.017887171 2.699569680 3.520092952 4.896420240 1.190558434 5.204001172 4.494548711 9.310571772 6.526375537 1.388514405
-19.449449366 27.803874635 9.704092511 0.487295425 -0.595581380 -0.631358339 -0.095982477 3.690170032 1.547557087 3.570359606 5.216224024 1.709832922 3.871728811 -0.116102061 -2.251357044 3.537565084 4.220263257 0.828266864 4.093176032 7.027718236 4.282184857 1.322912642 3.561519885 2.778817230 0.357043734 -2.759017358 6.771112737
-25.857463367 19.031373683 18.006498948 0.050323224 0.698818141 -0.631511089 0.332136304 4.972101018 7.577856622 3.623262924 3.301371623 -1.216482882 9.616275463 4.527767864 2.148486511 0.028652609 6.764913924 13.107916301 6.173539872 0.949792288 3.755746159 5.476310986 2.725553871 8.709924323 9.536153213 7.053601942 5.142456195
-10.676503786 22.868898752 13.674659156 0.014280941 0.172224465 0.955444636 -0.239291321 3.964895074 4.084156494 5.299283756 6.479832807 2.139472119 5.881278241 2.129095812 -0.205244619 5.723128908 3.191824374 3.918587408 0.734503627 -0.078804278 3.119667149 4.819203777 1.381159647 0.543864071 2.205774968 4.290124838 4.492298362
-25.704258004 21.373110051 12.934828456 0.563749459 -0.191705288 0.653664239 0.467074612 3.144106176 4.295680125 -0.139652768 6.465775884 0.517814335 5.930934895 2.351267260 9.154157983 4.185601709 4.021196958 -0.435658651 6.780274913 -2.978550895 0.905154955 5.742178401 6.636714927 0.075003472 3.290525242 1.708744626 6.458766219
-12.644443328 14.490624928 16.619244890 0.824726181 0.049556049 0.562212515 0.035888905 -0.603831531 7.499072496 6.194269078 -2.994690922 -0.718770360 2.312823444 3.793253659 4.013208522 4.602633868 1.962954737 8.385759804 1.174821231 5.466841970 5.380646360 0.846364936 0.494717753 7.585004351 6.593678936 5.421936829 1.218066670
-17.697103383 22.743274665 15.922483972 -0.006434958 0.026052566 0.281305529 0.959242959 6.547008103 6.743655924 9.794856973 10.689073793 4.226777682 0.563277467 1.451484195 4.633792474 6.360193184 -1.242579312 1.917617737 3.348645384 6.287220828 4.030861198 4.562113523 3.139022122 4.893696542 4.023802979 5.358304918 -0.344923027
-26.385940051 25.215300451 19.381056622 -0.265703384 -0.495775548 -0.699392942 -0.440973729 1.764490639 4.864372973 0.228496726 2.678545944 2.931925472 -0.325206848 6.973882317 -3.161037763 6.105174470 -0.341049442 -1.111299292 6.937783187 3.066643281 -1.024618072 5.445081538 5.154124579 3.342614281 5.953342002 0.478597347 5.667368669
-14.194987299 16.005651560 16.149876464 -0.028824899 -0.073876829 0.621267008 0.779575939 1.131010144 5.409211248 7.672482616 8.039449456 4.142505177 5.694651014 7.282561160 2.729781955 5.437341479 -0.185545525 2.993590330 1.022588808 3.324050150 3.503770424 3.932094081 2.417744331 6.508246825 2.488232747 1.879036470 5.418357803
-13.244909827 27.813657727 13.762674018 -0.962553324 0.031228780 -0.075294507 0.258547091 3.691614900 5.727428726 1.522006256 2.095924313 3.940914440 4.979929393 7.053543085 6.837873410 3.791396598 2.652871223 6.243465747 9.144720620 7.681462286 1.457644311 4.036715030 2.609493704 1.983163444 2.469435516 5.327945263 5.328463436
-21.243246962 15.884509972 14.888961098 -0.588941004 0.736864767 -0.038184687 0.329728280 1.902181346 7.703732692 3.157271642 3.145593608 -2.399452110 5.560361674 1.987881581 3.799851219 7.258660338 6.094111012 5.267601526 6.632268601 6.187385203 1.636249604 5.751558458 3.680024090 3.670522260 3.349350683 5.302688124 5.364978877
-20.128185334 23.398332870 10.874904866 -0.012229817 -0.982374259 -0.132662685 0.131117725 4.460767051 3.620700925 1.121931568 1.441588280 4.970407380 8.094796593 3.186308637 1.135585209 5.947537235 4.169680896 6.626000537 5.672174193 5.080274300 10.749369517 4.776244250 2.408671287 5.184546617 0.841522590 -0.024522885 9.961586050
-17.219968899 15.726959140 13.403665181 0.259711584 -0.541266909 0.026097517 0.799311545 3.510383878 6.968321029 6.623209460 7.768650351 3.499052172 5.089665399 8.260639805 7.499215721 5.631386759 5.905355719 6.011062870 -2.393747085 2.873626580 -2.645528021 3.318968837 7.247033529 7.189802526 4.210200802 4.874431714 4.533204373
-13.943873992 22.104328506 7.374158964 0.888947179 0.401123133 -0.156376708 -0.156267304 1.488777282 6.345218603 4.515146839 7.877307504 3.971938287 9.819110344 8.649477366 4.177505682 3.111294984 8.630283755 5.486384327 2.463072840 2.349876408 6.070150355 8.439245612 2.712239178 4.687435827 6.992415899 7.419823734 6.418679710
-24.911779899 21.322873201 11.255359940 -0.033490737 0.838450119 -0.387824075 0.381408252 6.310062429 -0.328914622 4.733126578 7.897764052 -0.070765548 1.650293761 4.954890329 6.236057681 3.346655353 8.328673188 7.914867843 7.426954222 1.728084608 3.243884389 1.820883869 7.294234380 0.806194449 -0.875166088 6.250738447 2.586799190
-9.982303023 24.319505533 15.899637620 -0.792576086 -0.477992950 0.228170385 -0.302132691 9.111590073 6.360617110 6.208318170 0.492897455 4.223417842 3.967602998 0.981340298 2.806817920 2.809444897 3.060144432 1.159509982 1.180040003 1.144570762 3.988815032 9.172613307 6.444432319 5.235756937 4.157604446 7.039800947 7.085060185
-15.977046798 17.920924339 24.084093917 0.664448842 -0.572154331 0.335420416 -0.344442017 1.597809056 6.115959597 3.691908467 4.707074446 6.236180826 4.687400841 2.478127055 3.291802158 4.592233974 6.606562640 4.848328319 0.157029265 4.891444047 3.945361381 8.330458203 -0.702337260 3.439276740 3.486653426 9.159494498 3.319724879
-20.983764437 23.543302844 7.061056768 -0.193757280 -0.856681722 -0.426439120 0.216111591 4.123915265 5.506287158 5.748633130 7.046370213 1.308030946 -1.380563573 3.949954643 3.429450482 2.201649569 -5.083416129 2.297013747 3.030573787 3.341361112 2.515937855 8.576961541 6.959963569 5.558299118 6.561228200 6.787140539 9.565703274
-18.343147983 24.243923762 9.767206742 -0.136572111 -0.416007398 0.562452664 0.701379286 2.467301218 5.971158560 4.881173409 8.452691065 2.716648810 2.155705390 6.205816805 2.803357118 3.599779899 7.168149127 5.953685067 3.101758142 5.971780067 6.401862253 -3.758502942 3.059902032 6.640400906 7.585381710 2.947979986 6.114932465
-24.049363090 13.888489673 18.383636525 -0.037558452 -0.114278511 0.064015083 -0.990672425 4.079760214 6.353192953 3.631498076 5.997740582 3.832883869 4.272432789 5.252074739 4.362328712 8.506677489 2.211428621 6.004492879 2.060477294 10.289786682 8.999797484 4.539197066 3.897860303 3.717398121 3.511572836 6.217421402 8.224711783
-19.875119444 29.292029558 12.931030561 -0.204003876 -0.229475452 0.949529073 -0.064171448 3.750937515 -0.852604261 2.836664177 3.172285525 2.348209350 5.332886250 -1.050264308 -2.923354611 1.647987884 12.257819479 4.237457240 6.831685955 5.977342076 6.271697608 9.412843791 8.256434581 3.077559336 2.453390870 1.465719056 1.732737324
