21.061376786 -13.582709836 19.861847054 -0.092249284 -0.567348862 0.651249696 -0.495458547 4.895029966 6.043254995 2.263137194 3.779027452 4.119259751 4.055903006 5.639185291 3.248907059 0.710596125 12.992309888 6.037261382 0.834262249 6.064135210 2.247738518 0.127804645 4.229837986 5.434397504 5.042779676 6.440504056 5.378755248
19.069051591 -18.267395092 18.248131018 0.166589951 0.506799928 -0.465421941 -0.706246443 4.295305045 3.852143743 2.400871957 5.692912418 4.184195700 0.057820335 6.912382302 2.820109000 8.007852122 5.244793322 5.006810535 3.831851199 0.984734433 0.235234062 -3.031723822 -1.891641796 1.725748119 2.787247960 0.154666622 6.568562218
15.691329719 -10.876623216 5.329249489 0.961957418 0.165087718 0.034060742 0.214997295 5.586013393 7.859505326 7.149565297 7.751535419 9.316534669 -1.398198935 6.570986486 6.499260414 1.488923497 1.984738947 4.080774091 5.747842286 2.600583211 6.318179008 0.076434886 1.944641202 5.654531899 2.513848740 1.869311043 3.292757339
10.516897355 -9.135329057 20.666786493 0.346564958 -0.344214582 -0.868826943 -0.080924622 3.908545025 7.392342587 0.806024726 2.689194982 1.518372780 3.586836529 5.161408821 6.853304666 8.988480080 3.290949736 3.983304815 1.996238868 6.314840615 5.665075950 3.915954649 4.495629692 3.107901272 -0.304147445 4.394851067 -0.881421747
20.490198142 -15.707503949 20.641748227 -0.788033633 0.147966815 0.488670127 0.343962676 0.598944398 0.985244884 4.733331453 9.367947537 7.945202677 3.427684670 6.198312283 6.950104218 2.146562831 6.634496073 2.643685936 0.966928871 1.758751339 7.005192879 7.467560630 4.826654152 5.715339641 1.802947370 8.096298999 6.817143256
12.427021669 -17.627168948 22.155198851 0.463918530 -0.579816879 0.653681662 -0.145918709 4.215803317 9.121691396 1.606837613 -1.272584291 5.219065718 3.312179530 4.020320726 5.240456927 1.693271982 3.851338093 2.802073009 7.309210174 2.599290226 6.392614421 6.793939020 6.305317528 2.842482571 4.520497665 2.981263144 1.480926033
9.534328804 -18.344716994 14.396238927 -0.109752294 0.635466232 0.763418089 -0.036468105 4.580694852 0.006164214 4.246847059 4.323117036 6.646199439 7.145785512 4.179669596 4.218649860 4.284901696 0.071592240 4.101584563 1.097119851 2.690882880 6.188597166 8.283119807 1.990972934 -1.167132778 4.756320468 1.991396486 0.162582700
12.516030477 -5.176743004 20.883267386 -0.913020903 -0.146589045 0.373703599 -0.072457587 3.299320278 7.753463017 2.594253907 7.999695488 4.471471885 4.460067376 5.971022974 3.529523487 12.394121489 6.015417652 3.659779976 5.069086859 4.900469435 7.957330652 5.043805962 -3.862051942 3.306081869 6.671098098 0.551166508 10.449016052
17.589145769 -20.503411867 11.558879428 -0.066414928 0.921831649 0.018887771 0.381390508 0.876658811 6.200847754 4.405733943 7.016986085 6.417128001 4.390769160 6.647641951 8.970053640 3.710697456 4.621580957 1.329440781 5.089739551 6.811643742 5.802414932 2.387088785 1.437141333 12.271702231 2.948810581 5.233464528 1.831348840
10.523730870 -2.849529280 17.104963249 -0.415232811 -0.071994948 0.495172930 0.759738250 4.086023268 2.664203344 3.765066616 6.119126178 6.183115160 2.259484994 2.707642796 7.928508201 5.245246637 0.684173485 1.445628998 -2.601412933 2.397004584 5.582843731 4.939388928 5.402279863 7.656322285 3.411017088 4.097697671 4.044199770
8.690204529 -18.068208564 17.619025315 -0.487565395 -0.121950424 -0.448981713 -0.738798688 4.439762532 3.624014563 -2.333677767 1.106049325 6.329706077 5.794951138 -3.466980183 2.312474391 0.113346666 6.659121039 -0.510602614 1.634748928 2.494055050 10.256161377 5.465889871 -0.229970767 7.787198734 8.248517806 3.565184849 0.906529260
14.389579507 -16.961351764 17.776992804 0.219665871 0.269525513 0.652908717 0.672913895 8.169101293 1.373693929 2.744257383 0.314196839 4.233006224 5.103719139 4.694499514 -0.641424284 4.714445709 3.900492948 6.636950913 7.883832550 8.350283510 6.132523456 6.445926974 6.410631955 6.227442340 1.344913173 6.522721013 2.310523515
21.719791708 -11.709803969 14.679027234 -0.500013303 -0.553972786 -0.472550382 -0.468825113 0.933137210 6.239261083 2.837778802 -1.961910030 7.472937986 5.374402892 3.554744782 2.711992516 4.398873486 9.731620126 2.093318897 -1.240289197 10.016068515 8.646117547 4.887921456 -2.073480500 3.899761562 6.384431305 8.569636037 8.782087014
6.192017942 -12.586827498 10.274597059 0.496562174 -0.783796668 0.159208086 -0.337255950 7.075937191 5.623019047 6.472024204 9.089796534 -1.859026282 4.448284815 4.974085102 11.045572628 4.241042874 0.478059375 2.355424738 4.935868141 3.089042776 6.646190142 0.265583290 4.953987279 2.092494099 3.060503861 5.262542007 6.977049631
16.977746080 -7.043365114 14.331306549 0.407270126 0.370800688 0.019462215 0.834421426 6.568133096 3.347199517 0.800531032 1.484228670 2.192864412 0.982785638 2.907110319 5.943993425 0.148105458 3.194489530 4.171799888 2.632111478 5.240177427 4.464935899 2.533972730 3.530230753 -0.779677165 3.314400009 4.514886333 2.466912861
19.840817312 -8.857364368 7.809776080 0.189509177 -0.122622012 0.431633786 0.873351240 3.246844366 2.828714910 3.699936166 3.442638295 3.769090556 0.170028617 0.942463352 5.753642742 4.207778559 6.157315033 5.951031030 4.503877731 3.183475426 2.555313557 7.031468417 2.767661805 -1.344073677 -4.690227178 1.182063793 8.410544711
14.230354184 -4.442409824 14.504611292 0.137752347 0.651309029 0.621104089 0.413582580 8.252266665 4.611706217 -0.219286681 0.494462843 0.855300210 3.678134632 2.579733784 8.849966571 4.564612740 6.003744899 7.276749303 1.580332096 2.048711229 5.722930521 6.217296986 3.120957802 0.837658259 7.217218731 -0.152409729 7.311142882
15.899119757 -14.665176636 9.108137830 -0.776165696 -0.562077460 0.246695852 0.144141936 4.533227384 4.869487055 3.616943677 3.612741928 6.566712744 7.014974948 -3.476489956 2.561574591 0.920743799 5.554886407 1.451992877 4.806432431 7.967619049 7.783363102 -4.038474584 2.680960933 -3.453800331 0.520385758 -2.267244076 9.809001552
9.583207564 -17.681819311 14.649752108 -0.425997095 -0.795222266 -0.431448748 -0.000033360 -0.724352753 2.653669159 2.808128498 -0.164981895 -0.170143170 4.687805507 12.050552887 5.167143881 3.442621557 -0.959508064 6.135371289 -2.529834838 2.915601293 1.964487906 2.821167224 3.786632972 7.765315439 -0.680640597 3.852234698 10.080497435
21.798079574 -14.071416027 10.119089577 0.106421846 0.472994814 0.657858822 -0.576343706 5.812491277 5.041459921 -0.897310710 4.488441315 3.382502343 7.484456944 5.923910319 7.483449299 1.880745163 1.703488101 8.912399107 2.396455305 1.940547982 7.912513924 -1.664345688 4.674717687 4.170691244 8.004737447 -1.541280282 7.761847789
8.934804326 -16.558411288 19.149813579 0.735830776 -0.111811569 0.666541028 0.042122452 3.327179839 2.847907382 1.611538890 6.328586399 2.023464740 2.760394310 8.874597631 5.461070718 1.586439540 3.923221179 3.886356809 1.651366800 5.900778455 2.167993858 4.816113126 -3.803327957 1.431880566 6.307162529 0.904642455 0.800027968
15.565227902 -18.374205587 20.053019299 0.476821881 0.165110969 0.840273632 -0.198291417 8.739349215 1.259194616 3.970995204 4.990786163 -0.650481352 9.626045857 7.133753739 0.584268715 7.314214515 11.579116488 3.257955830 3.208093045 4.290319382 7.318049367 7.300435655 3.901859384 3.440005089 -4.587052976 6.498666834 6.501698628
9.795657652 -15.977124325 19.307062137 -0.344893964 -0.491471316 -0.490989996 -0.631215433 1.810785082 3.822374674 5.810095522 -0.986263671 4.533826804 9.140567214 3.706649211 4.879756559 2.580427994 4.159785630 -1.841129599 7.172778446 6.100325371 1.921755987 -0.514970516 5.387290656 3.766513081 5.161109473 -0.034230990 3.943899135
20.035611596 -8.115304327 13.918413051 -0.677835410 -0.637739440 0.353188671 -0.095316980 2.460499772 5.124665480 4.992857674 -0.875784219 0.776528572 1.745193448 6.968662092 7.396268910 2.111634337 7.270838755 5.391900585 6.851628308 4.655167164 4.112667007 12.270787688 3.178630631 6.292617842 3.682262836 0.936196040 4.011921814
20.972749242 -6.674104312 15.915004075 0.575520495 -0.089782650 0.003840703 -0.812834845 5.698705915 6.793636858 -1.762840189 0.080487069 1.856225354 6.429319447 4.373048810 5.140798089 7.780821376 -0.250375674 5.451192674 7.475375126 0.410104224 4.029576552 4.561218650 -0.036128451 4.928156884 2.008427058 7.355347221 -4.816856274
9.387472854 -6.808166125 12.441099877 0.252195901 0.256939751 -0.873260213 0.328322694 7.082561736 1.370844247 2.403326535 10.861158761 4.809542028 4.105732017 -2.981604826 3.052211962 6.042700877 2.682089758 -1.040166938 4.499266178 7.935708357 2.667762468 8.863991316 6.637562819 6.553887780 3.354844541 4.396410108 5.385876772
13.718266752 -20.240646171 18.688556691 -0.163788595 0.716704954 -0.331714342 -0.591162331 4.478469886 8.607569246 2.647036609 6.803372875 0.630562955 11.479132583 2.368970151 0.451493427 6.570062021 2.741093410 7.724670524 4.051339434 7.581960529 1.156596393 -1.838612762 1.021173083 0.861168972 4.870181363 1.434749270 3.744282468
13.746950787 -6.530289039 15.509337058 0.626881699 -0.730199857 -0.247167634 -0.112852408 4.827036653 3.234203986 5.747109568 5.463155249 7.476764978 -0.329142446 6.629366790 5.593365441 5.308725420 4.256263337 5.646226845 8.402074613 7.852190461 0.536378596 5.711640502 5.575415245 0.091186386 3.155473365 1.053261483 2.416639841
12.967402430 -15.212697630 19.155481180 -0.754715890 -0.045899393 0.443262621 -0.481472138 9.590463696 0.007591102 -1.144516684 -1.475961708 8.021400090 0.164386347 5.463416797 1.059661861 5.567391132 2.772720200 4.272674925 5.606305003 -0.771608985 3.831508212 3.112253288 -0.647859136 5.051425714 -0.317771662 7.603521147 1.728792323
7.498981838 -12.746619029 20.983831309 0.296289932 0.261889885 -0.015148466 0.918366206 4.873183394 -0.630759612 6.159966487 3.266371654 6.806332678 4.395174561 5.813422883 0.416657569 1.601300957 2.957845178 4.754119069 12.606235498 2.121190869 -1.337983291 10.156449559 4.731682003 4.865077089 6.498624624 7.537854123 0.595898649
20.244172535 -8.852808346 18.039078736 0.743448991 -0.359225995 0.180720709 -0.534397144 6.152749604 0.227087236 4.084544537 6.553572703 7.167905383 1.755168134 1.693472012 9.222182460 5.408682210 0.768818871 2.241643828 4.557640044 2.388771794 2.758385250 1.383050648 7.297266206 7.140019843 6.635522143 7.025199782 6.070291413
15.243609563 -16.786099444 23.320231455 0.623029288 -0.314401233 -0.126866887 0.704905075 2.610966399 3.111957030 1.600152315 0.112022851 8.492713190 2.286466831 5.218665628 1.873684285 0.963122704 4.590813344 -3.363795210 2.988492568 1.386773723 5.944713923 3.701180735 3.561937703 3.013050961 0.759598300 7.802648707 2.184624792
10.644381830 -14.220858621 11.038122388 -0.612624662 -0.408488784 -0.597900311 0.316769878 3.023471632 3.059887011 2.168887080 4.101809195 -1.137814793 4.590855071 4.105804889 3.953648913 0.072953302 5.491957159 3.798866260 5.979244976 7.929297321 0.223230735 3.017508740 1.795450448 7.811820882 4.517260075 4.160674757 4.520117774
11.084601249 -18.898013193 11.212692160 0.298614737 -0.673107898 -0.127380757 -0.664476590 0.907138622 3.681069647 -2.241086231 6.392345173 9.194654483 -0.950898517 7.354721826 2.111882233 4.531690009 4.401169559 1.742416265 3.430310542 0.350657401 3.704038366 4.795934168 1.751568794 9.720913732 4.264321944 4.257943120 5.409476751
19.488434560 -10.090535535 17.005126823 -0.545629020 0.743320179 -0.144819593 0.358875145 3.289696758 4.850005415 -0.959901090 7.533944799 0.339496810 7.329827825 5.444569643 2.022035476 4.306922573 6.313517049 6.844593931 4.240765705 8.440428729 6.750513359 7.845406705 4.712337471 5.700262407 3.052954557 3.245012527 2.731659631
10.896055837 -15.294961586 18.038831763 0.202114983 0.190426418 0.618082854 -0.735432457 6.098431662 -0.550947795 6.236312917 8.230946023 4.389004726 6.044831977 0.902230076 4.729401316 -0.344126457 10.313659895 3.623045333 1.854028941 7.325532457 4.959194672 1.363566227 5.372871901 6.879134298 -0.148046844 4.722326561 2.818714091
14.018792606 -8.263362903 12.653717394 0.037343730 0.835683070 -0.533742081 0.123929995 2.773396254 4.154855973 5.569536819 5.615370798 4.363509882 4.935609251 6.594904205 1.899959149 4.544947243 4.102830091 8.172208343 2.522545098 4.384743634 5.537862473 5.468454647 5.104052200 3.718343084 5.686317910 2.616193100 1.939418084
17.917796371 -20.738487056 14.374834521 -0.136307516 -0.710640860 -0.391540283 0.568424169 0.959114319 -0.242392478 0.302292522 3.273862437 3.193522070 7.631959630 7.315059974 8.546225723 3.156007595 3.841528518 8.473206041 2.038677125 -1.224198962 4.801087054 -1.545500080 5.598614900 1.749194211 4.871733554 2.478255393 -3.123825398
23.635609091 -14.341454545 14.696507328 -0.136070528 0.230422503 0.932493702 -0.242581486 4.088540351 0.833992877 7.908150387 3.019330734 -0.220105712 9.432234080 4.202447638 4.138842450 1.306700186 5.690530057 3.477276708 -4.246758379 4.844231074 1.025310247 2.803838447 3.160053918 7.978623554 3.083496127 5.577091540 4.891667505
9.472435700 -5.550489882 13.199072512 -0.223955901 -0.736329730 -0.554096079 -0.317237795 6.525351243 5.683601630 1.429701713 1.502461243 7.277519363 -1.890419573 10.917632548 1.620698596 1.287126107 4.519270568 10.936020093 7.505413735 10.074612638 7.829424613 2.109976524 -0.161292159 3.677605885 4.369665207 5.783686066 4.984926957
12.930906041 -16.344087231 22.786292531 0.619285927 -0.289002210 0.685591094 -0.250853572 7.515611214 2.354608084 4.628193733 4.469894543 -1.124876486 3.649368013 4.372832050 3.819390425 -3.771126088 6.751091891 7.493714995 7.850712598 8.790047989 9.354043239 -3.305554784 -0.751217343 3.807275061 9.750281281 2.927868330 0.323307212
17.014509300 -12.867765127 16.805147034 -0.605477606 0.692139961 -0.237314456 0.313083044 3.944846509 11.153305058 5.046317705 1.393231041 -1.491318058 7.225935233 6.279021794 1.483348391 5.014665511 4.517375017 5.914334046 3.387043332 5.220059596 1.751191496 5.354707797 3.252614223 6.249484070 4.387703279 7.039749212 5.620312298
13.672213591 -16.598341800 16.063488436 -0.808823068 -0.256055246 0.468032670 0.247358799 2.418713075 6.829577429 -0.606574320 6.645446637 5.353245331 4.561995478 2.062918339 3.044079675 10.492467213 1.291993397 3.146324363 3.334180775 4.078962296 5.232702007 3.289698082 2.041470802 5.348384882 4.983084672 9.532784265 3.877141142
18.065533738 -7.764766517 12.487298352 0.526652349 -0.280025149 0.110616628 0.794976214 11.397776098 7.389768196 5.006453232 2.349630141 3.519531332 1.176996705 2.560715563 -0.165313744 8.985467507 5.687816004 5.067498073 3.617806913 -0.004346651 3.853565984 1.458525824 1.989167523 4.071780450 5.663564729 7.930275965 3.975990337
11.677949331 -10.230904129 24.426548055 -0.173766992 0.492539499 -0.137608040 0.841590103 4.165911227 7.038017046 7.756911697 6.026339181 7.929282543 5.738031782 1.585773859 7.104801201 6.836503675 -1.367681435 4.364978818 10.039515741 7.854017903 1.872839732 6.505000227 -0.410904689 -1.535849831 8.102148904 3.051134146 0.203617139
6.200948335 -9.543434281 16.282200150 0.252611778 0.381297328 0.265808899 0.848613732 -0.141544738 8.404782250 2.388380879 1.238301017 -1.849554254 6.967662486 0.331144894 2.777048035 2.529206353 1.120710363 7.918293186 8.214080634 6.476731515 5.598075478 11.865916464 6.027676630 2.335767947 5.987030214 7.216289439 4.614125036
5.407399541 -14.371033219 14.758426025 0.645048892 -0.328667175 0.395559417 -0.565174808 4.966647241 4.167568386 6.314354698 5.131202808 5.322040529 8.443063380 6.082899585 1.937620370 4.369536400 5.410800377 4.941209107 1.867413252 2.036021003 8.415338796 3.759825040 -0.521080604 1.493528331 3.285416532 8.415943579 3.239693654
12.173150431 -9.448055029 12.982735511 -0.390793422 0.509626597 0.393762652 -0.657656603 10.101322408 4.017244885 4.829167668 2.010850268 3.114410664 2.656030083 5.249042124 7.235498208 7.198309587 4.355937822 6.725123246 9.192362236 5.829831648 1.909624038 1.899490494 5.564962123 3.900522845 8.125444407 1.535284337 7.700146455
15.591843653 -3.755156071 18.296703564 -0.242572343 -0.401332022 0.256976579 -0.845017340 0.725555982 5.104562067 7.065196506 10.423693651 2.390675299 3.882134892 7.427786411 8.121969333 3.307831961 1.346546718 4.788202365 7.830861770 1.442892655 -0.419955328 -1.024186677 4.465581967 6.016562939 7.205958808 6.371385093 -1.061889140
14.731455676 -9.426660774 17.541019535 -0.897056261 0.182924245 0.150216962 -0.373180452 1.794045634 7.443305001 1.593132835 5.346832946 5.246570178 7.125005996 0.943593812 6.363644574 5.317836108 7.906969861 3.974913021 4.562292064 -0.655038490 4.104015307 6.022889665 4.096361241 4.172395881 1.064509561 -0.997386731 5.098188564
19.823827716 -10.546430882 12.341834433 -0.345956899 -0.516694882 -0.579954534 0.526301209 6.282652614 -0.673560760 4.748956499 8.160448857 7.556439807 7.156477877 2.004654218 7.045380244 11.594742527 10.079196755 6.441415824 2.256360411 1.182881293 7.037552323 1.267917270 6.206862604 6.439634104 -0.466436415 5.194647405 3.239143341
15.497740806 -19.538854636 18.626477631 -0.038345599 0.961125582 -0.223463973 -0.157578815 10.410867942 3.118614863 0.539821263 0.643748927 2.742521670 2.619949045 5.491971568 6.535853721 -0.100357987 -0.672479073 -0.390309491 3.536768912 3.024670180 -0.796336412 3.389766483 3.525513412 3.782334154 7.158617501 5.552838235 7.860950333
23.111906025 -9.405706378 14.651523994 -0.727781007 -0.558171373 -0.251846535 -0.308792562 -0.435196793 4.420609013 3.626642233 0.919679970 5.147654409 7.623499670 5.406510796 10.610912377 2.385088243 9.425469460 5.687397303 -2.349225836 2.807714853 2.137799271 7.772637429 5.672772315 -2.159022774 8.366689282 -0.614607821 7.310675675
14.121160952 -13.196021371 12.585749994 -0.188716216 -0.826736669 -0.473908129 0.237284122 3.601596648 1.604636685 8.620587525 8.923203836 3.693291319 -0.496641079 1.298697608 7.503503254 3.361295001 -1.243929398 -1.541003982 5.901213831 0.661200409 1.440055702 2.955818867 9.150111865 4.255668280 4.116777173 9.163494840 2.181540510
13.799560085 -10.734688037 9.633527984 -0.455185332 0.152642833 -0.746049048 -0.461429624 4.442892284 -0.334001337 4.612068762 1.082020645 1.972731826 7.867047172 3.824678351 5.635532364 1.985633394 4.892315968 3.535532635 0.874882741 7.946846642 2.957410683 5.424019895 2.616827048 -1.045093438 4.260980371 4.823042788 2.010899372
12.655845388 -10.364452451 10.527405657 0.364359063 -0.079979226 -0.221138662 0.901079069 4.104613925 -0.629009743 4.018416513 5.003704968 5.518318910 1.296318845 7.998432141 3.047685292 2.098730876 3.652047042 6.917328437 -0.491851367 2.521535728 5.053650185 1.082009646 3.688242786 3.495534603 5.538094727 6.502109550 2.674163253
14.458646274 -15.444075715 6.208782755 0.111239382 -0.696534782 0.319786384 0.632615022 5.302802759 6.381280729 3.632172015 -3.083476651 1.226146324 7.448868142 5.292306525 2.947218552 -3.513831533 6.580747730 4.424899158 6.687053423 1.745220342 5.852612708 4.846860163 1.598974811 -0.520909765 0.045476096 7.456305721 9.637210267
12.570925636 -14.487961127 11.711592054 0.942846165 -0.320527421 0.076074864 0.050158705 5.894895039 9.920732872 1.318568083 2.491960207 1.629001697 -1.845555073 3.308264711 5.629264841 5.632637439 5.857151917 5.281297600 8.555460883 4.573207292 0.449024492 4.843273710 0.908091296 2.701067538 3.673680264 -1.747365140 1.793411175
9.863447035 -15.654774790 10.394656038 -0.145462523 0.200034538 -0.127167315 -0.960549484 1.299758251 8.203968398 4.647043718 -0.701038052 3.416062869 5.422162068 -0.339358630 3.213789041 9.734193790 -0.681915860 5.315177237 5.080184282 3.489835875 7.779316407 3.222943859 1.213787536 0.866507752 -0.267416924 -0.189411774 3.853885533
20.509073992 -9.152180863 19.621429675 -0.694927295 0.097043467 0.175348248 -0.690587874 6.092354383 3.773073988 6.937480080 5.379009118 2.111509914 5.439402917 7.897325734 -0.356920410 2.379688992 8.350976109 8.641903127 6.159711085 5.714511070 -0.952021477 2.281556613 7.027672322 0.488255895 6.380258925 4.254549813 -0.081098283
20.176448887 -11.321392393 15.691739909 0.376662274 0.849604237 -0.320076772 0.183981066 -0.397334176 6.208890299 5.250520028 6.151751839 -0.521736573 4.643931286 3.492241620 5.522369896 6.739228589 3.343151026 4.976636776 1.664621024 5.069917910 5.380053726 5.443294955 2.367472624 4.921132878 7.602217661 -0.785280398 1.311918456
12.044023670 -2.980898567 11.817728283 0.000664697 0.700172189 0.414405831 0.581400268 3.475548304 9.030619130 7.276550697 5.478794174 1.955738401 1.449626157 4.099786624 3.884739937 6.553260373 1.344851502 7.534189242 5.197010891 5.799292718 7.906114676 4.871879799 4.795641836 2.763252346 6.485847600 -2.149711584 2.912922578
12.693265071 -11.844715757 7.837858345 0.400737419 -0.748179983 -0.481175507 0.219331635 5.657037887 6.085192174 4.248059629 8.261261424 9.578896862 5.227045038 3.606690662 10.298050576 3.728358344 6.744249689 6.252566479 2.133342307 0.262369023 3.841831457 1.840859275 3.706714765 11.046036627 5.431260737 10.805708414 -0.644825832
19.703088032 -9.281187622 10.744584045 0.425570840 -0.835907441 -0.111912827 0.328060559 4.323404832 3.896934664 1.857887934 8.601696605 4.157710221 1.862977225 1.002560726 6.530120697 3.005666815 6.530176880 -0.851323560 4.491540063 -1.020340733 2.135701330 2.650443634 -1.896293253 4.042590038 4.886551804 6.983494629 1.022473233
13.290984216 -8.600798361 15.604290588 -0.561830451 0.668932380 0.031464958 -0.485680935 1.463861752 8.980198753 1.233582949 4.243791195 9.183628353 7.208427285 2.256761060 8.211475940 3.855050891 3.900935499 2.861340042 3.377128326 7.974413774 -0.665362405 -2.601728875 -0.369431200 6.088422656 4.061075543 5.276848737 0.170431786
16.190183979 -7.836575462 22.267748929 -0.150896871 0.305089494 0.279915075 -0.897662568 4.509669918 3.030037604 5.182213554 2.343997948 3.256010581 3.555894981 7.345570548 4.440178423 5.468441904 5.170084747 9.622987742 7.195504127 -0.771154275 1.478542853 1.795693066 4.752754110 3.447289566 3.877123615 1.970752853 0.597418437
12.785472345 -13.814703823 6.958698243 -0.530095282 -0.188088485 -0.049570555 0.825326889 2.982710007 5.091359764 3.711830240 3.629629997 1.684043678 6.519647281 2.703088066 -1.322888817 4.417264573 8.811049651 1.095250274 6.479745334 -0.499690603 0.424376921 10.588618836 6.354331116 1.261295022 3.257807343 2.484383515 3.643308236
10.665148848 -9.918895788 9.469713196 -0.512056659 -0.643221705 0.444379154 0.355796267 7.953227529 2.782626616 9.911497851 6.042134800 3.616476464 2.988323730 5.953476230 -0.150325590 4.463631125 3.541388504 4.191432559 1.963300830 5.764558995 3.885639489 3.787165020 0.517284441 3.602098490 7.564988150 -1.815666604 3.174064873
10.696512592 -20.122888343 15.395472804 -0.625697523 -0.563603511 -0.517140314 -0.153034594 0.424782991 1.007297457 2.309421397 5.681813429 7.540321772 4.263289989 2.168566380 8.046504862 5.203202642 7.654618083 2.531321884 7.558542040 4.147248687 1.339173661 2.952689740 4.919649312 -0.866545493 0.647493454 4.528707844 -1.233032828
20.954440500 -18.171094389 12.915928376 -0.013397575 -0.703003537 0.420673733 0.573271439 2.862173174 0.894551675 2.267156367 3.530888698 4.334702181 1.829205826 -0.248735642 1.012298535 10.027364329 4.575428324 6.321645420 7.546730908 3.538682697 0.900529919 5.971228211 4.508063476 -0.618170830 0.701172507 8.670048070 3.133727045
13.306623124 -8.037354354 12.695164433 0.948950300 -0.106629630 0.089658112 -0.282992709 -0.293604035 -0.275692279 -1.948231969 5.714867849 7.475398177 -0.998571687 3.161142652 4.360800021 4.696555507 -0.425204835 4.454579144 8.521032649 4.614970841 5.914944591 1.790275107 5.274085188 2.892475767 3.780868970 8.506644461 6.238411544
6.023504601 -9.055466691 20.082315042 0.286063191 0.903055206 -0.251426604 0.198604652 3.815541529 0.420272707 4.495280388 8.302927118 -0.289489724 7.574385278 3.449952074 2.753861716 0.908533804 4.377295834 6.468885191 8.463774120 3.692299673 6.069273661 6.628653547 -0.189945793 8.466504284 -0.676423089 3.487667523 4.056049721
16.658964660 -2.437845027 16.353841351 -0.327030263 0.358252651 0.862576705 -0.143762561 4.502989092 0.183876040 0.233565206 5.420855278 4.553578344 0.658609415 8.395467241 4.590013410 4.009892170 3.585053532 1.237074839 1.432015258 9.826810646 4.308322060 4.663590175 4.751846962 7.193024516 5.655372162 5.233108142 5.874755510
14.221249137 -18.925821184 16.037479911 -0.533498486 -0.519589497 0.037168580 -0.666351722 6.703791905 5.532276197 5.979546930 -3.196065735 3.833754010 4.257368519 3.531313649 5.925230753 11.059733891 6.625685999 5.885993756 6.833895154 0.915494971 8.796102339 2.651312698 7.110153533 3.289107002 5.671132608 1.931333473 4.622425616
13.447759250 -8.193794495 22.460241557 0.190578933 -0.237700054 0.892095813 0.333681606 2.429156116 2.900137474 2.860890297 6.875729798 5.589945813 0.944496891 2.867492314 -1.783426705 6.695814802 0.683250621 6.222622160 6.518975261 4.050835882 6.554582143 4.439111870 -5.198766560 -1.750160064 9.318627777 7.087521407 6.847704634
12.542626192 -4.200197272 12.227666440 -0.340619317 -0.803875005 0.153916574 -0.462680392 0.537168004 0.709039791 0.642976621 11.176927390 11.247056324 -0.233006320 5.343704044 0.624438475 5.048416830 7.990505966 7.044753141 3.702781771 7.604368197 1.281712261 9.484431334 1.865290281 3.795464866 7.939498189 2.983826624 1.714063372
6.435669835 -8.635063783 9.742725090 0.538954709 0.037795096 -0.841363747 0.014366580 6.564929732 4.790634980 9.512857690 6.674764398 -0.726289317 3.748438782 6.468912667 5.681081963 1.045935074 6.250955881 5.212949331 4.044296384 2.320774351 0.435255506 4.807636570 7.403453612 7.587556721 3.928669364 7.904565311 0.047777862
14.143267972 -4.222632343 20.635439897 0.546430005 0.120470048 -0.239505888 0.793434400 -0.027379417 3.618379415 2.896587414 2.057675429 3.311265209 4.502605206 3.689758902 3.946310239 3.580084182 1.720789875 5.187922067 1.906578251 3.240464533 3.682816463 8.306614463 6.567688647 3.266767247 4.052700963 0.862904613 5.191511469
13.595032430 -16.389125791 20.716270009 0.556941132 0.275166394 0.475282222 0.623062469 8.361105424 5.840198075 3.691405981 0.383116206 -1.302380196 -1.419331166 -3.711580188 0.565138981 4.945430266 -0.685969901 9.256536006 7.583354090 2.886041045 5.129716574 3.757897594 0.473145403 7.066012596 5.972397053 9.091391400 6.413994272
11.304481396 -13.634639656 7.679819957 -0.012504436 0.364607998 0.112456612 0.924260871 1.674932442 5.805153499 4.672969335 2.948504911 2.321475970 -2.479328571 4.784718294 7.377433650 7.062639453 0.677374420 6.350498688 0.356340648 6.967964498 3.529358575 3.633407021 5.026466514 4.928561667 7.201965037 2.139254203 6.241840580
21.366647364 -11.609871009 13.484017776 -0.293170558 0.771998007 0.306584144 -0.473366944 6.667601076 5.739727059 3.145442606 3.450344969 -0.637123473 7.176123306 4.383090924 4.235661768 0.120542951 4.266484342 0.316057928 -2.591780236 2.774889434 8.473946631 10.194173858 2.721598383 3.043625206 8.147451007 4.705191476 8.441275473
16.092554560 -15.041438292 9.348175799 0.681113204 -0.137315759 0.662936462 0.278826886 -0.121849171 0.395376044 7.984993914 15.336364063 5.457012292 7.536654671 0.411576877 10.962427858 2.938860106 1.058738407 1.253420491 3.814612922 3.084558785 1.133765759 -0.628961022 5.894069528 3.749520111 5.860913987 2.628649621 1.451092248
8.182297550 -10.110048307 22.439839710 -0.096466312 0.381736910 -0.530714326 0.750542128 2.393440017 3.972109184 2.059415353 4.731256141 4.684759918 0.857719177 0.487730644 1.327062738 3.360313419 6.451123312 5.494006167 9.388554506 3.733275218 6.754443120 9.687913472 3.735656319 0.968922825 7.485683364 2.381817105 6.316542794
8.143282334 -6.373991215 12.214806110 -0.595651252 -0.361384039 0.381769338 -0.607332969 7.145341376 2.310400634 4.196968452 4.371118827 0.695358889 2.809725796 6.343778830 4.091224463 2.823242469 1.413109730 -2.390873592 3.292724116 6.964221201 4.125988505 2.746459979 1.718725716 5.800349584 4.712828143 0.555830668 0.484014679
11.250852885 -5.788639066 16.207792319 0.076873283 -0.728165943 -0.356478852 -0.580334117 3.154312911 6.896542590 6.561698418 5.353087090 0.134745692 1.079946592 0.602746534 6.468720627 7.341351133 4.748694611 5.443713949 4.795004810 5.837622075 0.620434494 7.413096541 6.264555789 -0.618347889 3.990833923 5.467138246 2.827303731
18.028818645 -9.885970792 14.565722936 0.778989367 -0.433260850 0.269891038 0.364169506 4.117975040 6.209290259 0.055552959 2.143740673 1.107609271 2.964694131 3.725683723 2.685039587 7.352502933 5.144110181 6.608857994 4.501830969 2.936756437 3.087293534 -0.799846406 6.250975977 6.096092619 4.297317681 8.744221183 -2.760919248
19.929751312 -7.703662273 19.358100503 -0.009754164 0.147445857 0.666159164 0.731024311 2.344583216 0.348935763 5.011520599 3.190588722 4.415629466 6.324765071 5.760544780 8.842766738 5.261255085 8.221717872 -0.371705822 7.815412885 1.767418070 6.000431867 4.079003048 3.701918550 0.737351704 4.727074306 2.449858374 6.356588025
6.244201555 -10.204304110 18.687617321 -0.702151437 0.132850186 -0.194045918 0.672071699 -0.276717205 5.516598154 7.297641524 -2.632927685 3.654525649 7.042254358 1.963454409 -1.369833945 4.556679625 2.311711400 7.623432756 2.176035040 3.273964464 2.154597943 4.477923449 2.481935279 0.336743883 0.730825435 6.413373565 4.851653332
19.054606571 -15.211686984 12.722533390 0.225932921 0.067653169 0.971254049 0.032294536 0.740722545 7.875136857 3.374898197 5.649557489 2.103831700 6.172622835 2.074370545 5.645661809 5.561265059 7.548445438 4.543695171 4.699463813 4.249149607 5.088481001 1.975934080 11.025028004 1.320027724 6.237427969 5.150091003 6.489481677
14.565708802 -2.928609957 12.588096002 0.730333766 0.072363607 0.324653618 0.596637350 2.952479551 5.312471989 5.844528722 1.564891842 6.026332067 3.719737793 1.105934223 3.803146444 0.330916937 2.279713430 0.844699868 9.010887395 2.567035274 8.919175614 0.374934398 2.422027409 2.820918383 1.512454304 6.693070198 8.702358749
18.519131988 -14.017596416 14.944978885 0.356603598 0.548190079 0.175327138 -0.735922486 5.390677178 0.783916914 7.374099819 1.743983556 5.280106771 2.280144805 4.382747798 4.163687074 6.206748443 -0.824650350 4.631276188 1.525736939 3.642745270 3.985662894 5.055482290 4.914248308 -5.073621555 5.764420908 7.218278070 2.722890920
11.398203581 -18.613597020 12.657020115 0.027326541 -0.621246567 0.685860808 0.378022373 6.187759187 3.404357408 0.911122884 6.811280900 0.868522127 5.258302812 7.397920224 4.015594547 5.791159684 3.282333483 10.324536269 -0.079628452 5.345535803 3.940681651 9.078497538 5.622112857 4.994253353 2.501576453 2.919704875 4.431725887
12.497414519 -7.031481526 9.480500431 -0.174202368 0.108640641 0.757635604 -0.619547446 -1.066730463 2.987121077 8.094842449 0.273737535 7.730919889 1.080380729 5.509971452 3.790378999 6.559078746 7.116755784 2.939968519 10.399150258 0.941571981 -1.735393378 -1.860473550 4.309760343 3.361233620 6.271997364 7.912137226 7.044208505
7.347283656 -10.083916141 15.230732879 -0.821616806 -0.263968536 -0.187708025 -0.469075829 7.078709047 4.010774829 1.662540070 5.586943846 2.052604251 -0.845993097 5.740395940 4.903697350 4.406241350 -0.795668520 3.086105458 7.970809456 3.484875889 -1.415459890 6.548151192 2.897532868 1.900484300 9.478788588 0.706537299 -0.293955272
20.483013967 -8.667044158 20.219731672 -0.572071673 0.724485875 -0.181324732 0.339080460 4.464120996 0.266346280 7.038905129 5.911923721 2.131576891 -0.757504916 1.832317143 -0.752015612 3.603516843 2.742690058 4.811270828 5.769024945 8.831387216 5.795265404 0.796407590 2.666117595 8.745104049 7.684390968 1.922655176 4.661360337
7.646935261 -11.130594846 15.334179981 -0.557407914 -0.465870141 0.413305416 -0.549035575 4.665172979 8.021590422 2.860848942 5.850405712 4.857720277 7.078704133 -1.013267156 2.092698384 4.641209520 0.401097976 3.784294340 2.687804461 1.506859892 9.220723348 2.386580646 -1.720844354 5.261940406 1.255522069 2.033489989 4.963824551
15.440203268 -13.211030949 16.129922347 0.100258379 0.030758781 -0.734522007 0.670432380 -1.496109351 -0.237734733 6.522364988 0.047823579 2.335766995 5.476622556 9.510118653 5.970043012 2.452912889 4.967225128 8.415720425 5.573742559 6.946017770 9.191490603 2.831368145 1.604987271 3.496644749 2.941216021 0.126787010 4.235078394
17.443297182 -14.898908154 19.456832390 0.158386502 0.798649157 -0.441219126 0.377357818 6.430976863 4.710784294 3.329708843 2.277019118 4.209777677 1.354279048 6.679707186 3.796167139 3.498339323 0.789268935 5.472004730 4.837232271 2.738631955 9.208235319 -1.924084781 4.065599959 -2.006408776 -0.597784292 4.306426024 7.500871777
17.291678365 -19.963324670 11.860797450 0.600538299 0.686520728 0.309303850 -0.269024479 0.961435665 7.589058522 4.867925177 3.539908373 1.420495941 -1.648357242 7.600075998 1.084594737 8.756401039 0.484794275 10.086121217 7.205323912 4.097256746 3.152260934 4.593727770 4.818545544 8.238090347 4.922684859 5.959928967 9.703033587
19.277690584 -15.057068126 18.063899207 0.597697074 0.500761264 0.586286651 -0.219691437 3.460981121 4.902288351 4.084274881 8.561550038 0.805317756 1.690579454 5.267888580 -0.311776468 6.838028154 3.894722492 7.199044661 -0.553955991 3.652287315 8.279303886 6.511615337 4.277111220 1.615132018 1.640757364 4.751028442 0.745520051
20.630542044 -13.955263175 17.225920312 -0.646301471 -0.698320938 0.191952645 0.240408942 5.298767655 4.937435233 4.538860358 2.702373429 4.289500727 6.427034742 7.549435087 5.092727373 4.693744603 2.110752102 4.537386575 3.007297001 2.377612432 1.762953714 9.169863470 2.051701413 0.835036233 4.416693986 2.987824562 4.511321576
9.824410204 -9.614845794 10.953837174 0.336121721 -0.750449806 0.257744094 0.507361074 4.978706131 7.129573690 7.453906154 6.406392516 2.896502581 4.896764914 2.497138004 4.824393622 6.563436429 2.794871550 2.386753365 10.677240630 0.581726271 3.682790783 7.119517946 3.031017609 3.988464212 5.968331258 0.946347056 1.416926301
15.163440073 -4.064399150 9.029600597 0.046332581 0.594714526 -0.674647120 -0.434763371 3.983835889 3.441301435 6.458166292 -1.429272914 5.840614214 3.669732065 -0.328448098 -0.859450206 -1.237093801 -1.122235250 5.477792001 5.525675434 1.156398793 5.702487234 4.129405199 6.529090021 2.916809652 4.705589543 6.559632563 3.992328775
11.120071844 -18.433597690 14.407079959 0.191936018 0.283090012 -0.714606501 0.610211568 2.023832521 7.407638808 7.142040462 3.624580194 7.919934749 4.666966494 4.393890283 1.915446475 3.349618939 0.811934270 3.689202311 5.058740885 6.108115570 7.939651654 -1.504268208 0.640882543 5.292548413 4.931638190 0.256725305 2.784208161
11.863357557 -5.122530282 9.541792087 -0.089565803 -0.694933248 -0.428184832 -0.570704387 5.287776653 7.518570500 0.743692179 5.774910941 9.628781824 6.643492869 5.140641947 0.250309412 3.582280153 7.382197398 6.798648369 4.430191041 3.649504223 3.428404549 -1.242245498 3.332755798 -0.454585389 6.563024572 3.936822383 4.468219503
13.757054368 -10.714249793 15.693309240 -0.550120703 -0.308362444 0.728394981 0.267806958 3.316760433 1.928419954 0.867421198 1.366321149 1.597865477 4.021896208 2.920024545 4.743895136 0.563403868 10.431986877 7.279484865 -1.510936983 8.118683765 1.266455372 1.240978751 1.326909055 1.736475588 1.581330109 6.835943320 4.990635554
10.033424798 -7.254150774 20.977260284 0.943638859 0.161897528 0.242002887 0.157383280 5.599005728 -0.684410680 4.415285396 -3.911651971 1.507891892 7.412947926 6.493242798 7.243560357 -1.558975837 5.193152947 0.770192573 1.239139361 7.563403050 6.775686352 6.419256407 7.047339685 6.559507894 5.983138144 9.932284973 3.584864000
17.441651044 -10.066700643 14.507787565 -0.081287796 -0.440385991 0.762803308 -0.466458558 -0.216593845 6.012876471 0.846829729 -0.505981794 6.421447185 3.195200612 9.460729717 -0.546958069 7.025566455 5.084528834 -1.621398641 3.488479132 4.115919531 3.501891716 5.486766023 4.133948689 -1.398659136 8.407054526 4.637708540 4.665858334
19.958115241 -9.996690344 8.397103032 -0.209748207 0.064623391 -0.204997367 0.953837296 0.745467187 6.610732400 0.124810879 3.248542419 4.276818632 7.040450754 7.135774861 4.865182057 6.564235869 7.613052648 9.488584770 6.151263049 -0.158944557 3.173220783 4.040157660 4.462649042 -2.684512387 2.224327866 5.786873160 3.730082540
16.965735094 -9.707469026 15.723522772 0.271147658 -0.957535273 -0.073609564 -0.064705334 2.867841119 4.150760511 0.499165193 -0.286612226 2.313923259 5.474144718 3.077870766 -0.016485544 2.223355312 2.699907350 3.144964834 0.148410556 0.558540036 5.039683599 2.404500009 5.580038638 4.687892768 9.645819006 3.371069176 9.763624194
13.046778245 -2.154767528 16.030499739 0.600413587 -0.751718230 0.102875498 -0.252665508 -0.732371998 4.922737352 3.359165873 5.842753512 7.744547930 4.021794739 6.517806502 5.407146266 -0.681087314 -1.206789908 1.550044573 0.039184646 4.157441115 2.047809061 4.399798443 -0.705586893 2.874671067 4.964918175 0.035994055 3.421443435
8.084026754 -14.894822149 17.658760453 0.371369310 0.770506250 0.400456111 -0.328694170 5.132344351 2.344433968 6.148352695 6.025072193 3.777896493 2.360681833 7.306536044 -0.150429985 11.525973360 4.245867994 4.151297492 1.868954940 3.243115548 11.161591627 4.611331600 0.384957853 3.262821048 8.672073687 3.521197304 2.153331113
16.143146727 -17.468319104 11.515203115 0.628894218 -0.714101628 0.274085346 -0.139384897 6.888753742 4.509598704 0.655940309 2.345743384 8.069960877 10.362756763 7.637628858 -0.173699973 2.842863437 4.065817806 2.241522668 4.244755231 -2.437800850 3.445281375 3.747027880 4.933267725 6.718824461 2.856834867 3.115600637 2.429562646
21.999555707 -15.193076022 13.554888321 -0.127847365 0.577380122 0.137561119 0.794584284 1.911705576 8.744221369 2.493888921 3.719086716 3.544920217 0.960877122 5.574409010 -0.673246115 -0.357173454 8.117372125 4.093704127 3.972776458 -0.982798321 7.801917039 4.756641726 3.864098033 3.352118057 0.809978509 -0.127036770 6.857735841
7.799065912 -17.936317186 14.760492904 -0.358624826 0.873141002 0.044769394 0.327121884 5.951601208 4.800800692 0.850504781 8.746061451 4.289835705 4.812426141 1.578427817 0.276752199 11.401925530 2.896278136 0.453750400 3.054608576 2.126953450 6.419333136 6.272664733 4.627308477 2.815552847 2.074970622 7.400816031 9.701606006
8.316088862 -8.811807618 15.793071613 -0.457853302 -0.488406929 0.238456406 0.703539316 6.350270377 1.954307478 6.111996264 0.713852580 2.122120456 5.858962545 0.906012225 1.640294578 5.809677647 3.230996082 2.476481384 8.654346175 3.520053302 5.869349345 7.259316590 7.516218911 7.038622100 3.785147388 -0.158264759 2.316751535
10.561430704 -12.264808580 9.378067949 0.098360828 0.931648160 0.332657119 -0.108148481 -1.047275974 4.859383973 -1.334419762 10.728935078 2.891628479 0.100477417 3.825286241 -0.231184774 -1.745970670 2.615069415 7.312058796 0.628384059 2.208059395 -2.895748039 0.511065068 2.728732302 2.941577387 4.633942154 3.623410819 6.220039939
9.824631047 -6.117668836 18.382369845 0.907051456 -0.368660403 -0.074636005 -0.189147111 6.188535858 9.683634595 2.033037523 -2.729471304 -0.154276884 7.023662000 5.087323519 4.028064561 6.379155678 -0.707386830 3.033272372 2.826584202 2.691903083 5.074511705 9.147357031 6.420979646 4.170643935 1.890390686 4.884576369 9.180234390
18.522820564 -8.188508928 10.695665066 0.041808809 0.154924742 0.282886358 0.945635054 9.499307354 4.493909669 2.743922569 4.239162599 4.525327780 9.076943576 6.617475986 6.471284778 6.434180017 6.251992775 -3.413742288 2.429349672 6.182347124 6.391822993 2.963140679 7.760560616 10.100184856 5.437598314 4.866996598 3.187819054
12.836964275 -12.206790103 19.510974337 0.666514541 0.554350488 0.490309824 0.089722798 5.037397007 6.223085964 4.936136289 3.714184577 1.281805208 2.294791833 4.944746986 4.026663965 3.220627735 5.610305726 7.999521397 7.723450671 2.876024471 6.351796184 4.683042595 4.652364372 6.154960711 7.184100434 3.317023509 4.322810750
15.624945122 -15.706825432 8.883197443 -0.717407516 0.004617401 0.696213293 -0.024334886 1.557143716 6.206468846 5.200202503 4.961690676 2.809704227 4.883843953 3.051983607 4.427564790 9.119435798 8.194548070 5.325419620 0.969744601 8.152116824 4.124329817 3.226253203 0.685316623 5.404236868 0.098349989 5.132971491 3.315755594
15.920344428 -15.240359031 17.567389824 0.614280037 0.633544492 -0.467697189 0.050405874 2.307708368 4.738277546 6.381548597 3.270298313 6.285244945 3.155754621 2.344501820 3.447530756 -0.806136972 3.272075842 6.625356667 1.885370835 1.169829142 4.639590873 3.597111855 0.728158588 6.580483775 2.317679871 8.525231309 4.316659246
13.944431550 -11.170499291 13.947815798 -0.684183593 0.659509689 -0.276275964 -0.143566612 7.865415586 2.085933436 2.889574484 5.426626244 2.022621898 4.066950003 9.379246446 3.454975594 6.800638185 1.098757211 6.383273088 5.385576592 4.095384460 5.519669204 7.095065964 -0.331034106 2.791829787 12.520712755 3.144316360 0.728374604
7.541418587 -15.178429756 21.059935214 0.115348890 0.285181096 0.881634090 -0.357893431 5.243035687 3.190592952 -1.387681436 3.678039089 4.909060073 6.118754234 0.769279578 1.036876713 0.515326291 1.921729907 6.244865703 6.580629451 2.104253352 5.988424238 3.387132251 10.082630104 7.930044750 6.629599106 2.234535614 6.321901554
21.024550661 -18.143223723 16.658997885 -0.009659319 0.788717019 0.242060637 0.565012221 2.008403814 4.981014466 0.750191061 4.184723788 4.883534819 8.043201351 5.264623186 7.365375509 2.625668418 1.668543867 4.476920941 1.249394847 -2.345816359 -2.284205998 5.132058395 6.792065816 -0.132515844 3.666592288 1.873928163 6.573123612
18.179333173 -4.931284917 17.646426771 -0.663388392 -0.709678146 -0.214428565 -0.101455222 4.418693753 6.980289339 6.260869813 0.903136786 2.623396820 1.563676656 1.929349379 0.121454904 5.959672793 -0.990790674 3.212637432 1.987380383 -0.991002812 1.364933615 5.797531206 7.596137716 6.369825969 0.383875248 -0.139767165 1.685153440
23.204473657 -10.808357518 17.801154044 -0.363454594 -0.594227206 0.453652563 -0.555872412 -0.052924800 0.924779148 8.601481565 7.574896665 1.424339238 3.943876244 3.305798420 7.512005070 4.416213542 3.720368843 0.055978239 -1.481102491 2.191291105 3.112311526 1.301189001 3.411637340 0.332082398 -0.451547974 0.878206788 5.774235409
12.457498757 -13.566820707 5.529979629 -0.445655349 0.078259947 0.429738950 0.781403306 -0.656112120 -1.298033415 0.256062224 1.801797490 4.502063519 1.604349872 3.806190151 1.705621718 3.041855386 7.431066427 4.520760865 3.077793314 4.410995181 6.007017115 5.881219348 1.811715844 3.803993462 3.152708633 5.678568659 4.857355079
14.021159136 -6.421212170 15.517175121 0.571102195 -0.499378908 -0.155579116 0.632659567 -0.119339252 8.388851560 6.669851646 3.639941504 5.640300687 4.246966372 3.607092357 7.638774609 4.655754273 1.922910840 6.217242864 5.321374568 1.339028013 5.121311657 4.276225251 4.964220678 1.424063550 -0.389526077 -0.629115564 3.054573720
14.687566637 -9.013407856 14.746743816 0.043363165 -0.385730458 0.905615940 0.170854964 2.799064050 4.902428561 5.248379675 3.872416236 3.982470904 10.928876305 -0.860559272 6.291950369 4.720107084 4.008777264 6.699385692 8.564100893 3.801996970 5.602040285 4.024357157 -0.401363197 2.145440110 7.542436175 7.752268231 3.125322084
12.886703951 -18.604139623 20.418347126 0.015688401 0.051232445 -0.043081038 -0.997633768 3.341135829 3.689429724 3.006587118 2.349104969 6.989478728 2.056040424 10.182702393 1.290960756 3.679158971 4.203518506 2.816540407 0.120413840 4.092235779 -1.273720533 4.508907044 4.753425819 5.284072649 -1.680600673 6.710807666 2.747283136
21.232606328 -15.328666005 12.587829733 0.573058138 -0.495215947 -0.134999271 0.638858931 2.039412151 5.940777809 4.795577968 3.034220934 2.362237785 6.514190697 4.007957348 3.723357418 3.725387556 4.291108473 4.348597816 8.317734819 0.917228375 6.092421368 9.305249145 2.196262745 3.028106495 7.430607817 0.644122182 0.902818682
8.760189423 -6.089342610 19.738481203 -0.864602593 -0.015621496 -0.313150611 0.392625801 0.453483410 5.396735298 1.519867705 4.573679672 5.719323256 0.242588100 2.919056800 -0.113985370 3.952506543 5.960902198 6.747364268 0.524232554 9.565596931 6.832619236 2.652350346 1.617918743 7.010039543 0.098882473 -2.900778425 5.213878722
19.818996785 -7.415990601 19.307166915 -0.032748530 0.320032466 -0.909941273 0.261751091 8.398047779 3.768633299 3.097970202 5.249771030 4.661653140 3.278631760 2.697059341 2.029563135 3.943576257 3.563465678 5.405722669 4.702576199 0.986589765 0.992710532 7.480775049 2.896186714 6.365931782 0.431510984 5.493161936 7.333248473
16.728594948 -5.847972022 18.781888699 0.251746453 0.054492216 -0.570146108 0.780120335 7.350014537 1.405447619 4.508127331 2.900423091 4.631648378 4.436085448 7.980698695 2.502397823 4.644146836 6.239012791 -2.296165778 4.079008788 4.247356893 5.206002611 0.989198023 2.453084819 4.223163503 4.051504634 0.997463671 3.060505047
15.585092013 -8.075445518 7.585615858 0.149089272 0.592390603 0.725164016 0.317778086 3.087275699 -1.866913376 3.409475332 0.729420702 0.373401353 8.604248981 1.179757778 0.202582163 -0.468035523 3.759787992 0.961487582 10.901723962 0.272467944 -1.748352819 5.018084686 5.732820840 6.330191638 7.113470178 2.358318930 9.180204244
18.592367723 -5.208613723 17.677644023 0.381915904 0.586528839 -0.071024237 -0.710689609 2.561367037 -3.858149050 -1.427595021 3.243015584 3.855574627 6.374458229 3.549022095 8.164641919 -0.524415865 1.954232048 8.187807833 8.368160108 8.175362141 2.444530099 5.354260113 5.084360573 2.492959934 10.432351236 1.374317269 -0.598384408
8.340248206 -13.441000635 14.241863946 0.418356987 -0.808945021 0.175036042 -0.374095935 3.637191144 -0.115697778 1.715221813 3.463690035 3.254159665 1.041397440 2.178129293 4.869471869 2.478866625 4.276833972 -2.554184212 5.784720861 3.401170615 7.339041127 2.966561633 1.671943235 5.209441109 0.512671562 5.024826597 6.412369426
17.696604774 -2.983409134 13.231738936 -0.268263197 0.918572566 -0.260218447 -0.128629924 1.030670919 3.279998441 4.384282378 7.649342747 1.518525777 1.856435958 3.394899800 -0.092207098 3.303090459 3.993869275 2.153604785 6.063670120 6.186951508 3.682582383 1.128276930 3.748018531 6.331713701 0.488272671 4.305056479 5.891775796
13.429762574 -17.906143200 19.887410357 0.052368181 0.607899500 0.781907161 -0.127816128 0.602260063 5.799401948 -1.526035647 5.896581260 1.335436895 -0.357062422 1.105982388 1.930609325 5.266154011 5.160503942 -0.067724997 7.434074918 3.212677246 7.699586723 0.744066413 9.062517424 4.649058919 6.047163175 1.708545816 1.872113476
21.648123275 -14.430021927 12.721628821 -0.066024891 -0.046849214 0.939856136 -0.331837774 7.196943538 8.859871159 4.521949472 9.063753406 7.513955860 4.290176572 3.415863165 2.034222784 6.185504143 5.373928223 1.446709439 1.084019160 -2.921484334 6.193826266 1.104683826 7.618657129 4.571919014 4.810374677 4.296020494 9.158776035
8.014835523 -8.030972231 21.623292175 0.306075783 -0.333255005 0.553246306 0.699412068 7.442462027 6.297300615 3.319967519 5.780994958 1.440396562 3.909091369 3.168595025 0.936907457 4.223006293 7.316956794 -2.910064883 1.292070484 7.254631129 2.767739266 3.612305360 2.294918056 4.062969668 5.717382295 -0.814892216 4.538132340
4.853134036 -11.815913591 13.286978383 0.692545945 -0.712974904 -0.103001700 0.037915036 4.124233473 -1.238452264 4.585840825 3.936651844 2.992765058 0.523654250 8.632679638 -0.661120837 0.623241976 6.457888028 2.514579154 4.566935091 0.936425507 7.654164909 2.655762844 -2.116320042 0.360438472 6.831760952 6.485692818 5.896758695
15.785350094 -16.368741489 12.679952832 0.299725745 -0.024828861 0.953660020 -0.008976205 4.598076606 -0.050760756 2.797187630 4.963308166 5.119402871 6.765501552 6.665319668 7.158998719 6.404688596 3.422370350 6.230924095 7.428438976 8.519167885 3.827287309 1.487911081 3.438784764 3.134204339 4.505845835 -0.183793743 8.403969898
10.887005271 -10.568925754 20.785770869 0.697703608 -0.314039699 -0.594520905 0.247252170 4.881194986 1.910625643 6.782147922 -0.093336478 4.612965162 0.823746661 -6.053302183 6.454807432 12.129140778 3.922319424 0.688752975 1.958884213 1.758558303 5.800451851 5.468874506 4.522910770 2.775503390 5.424883027 0.566826102 2.036043389
19.102052523 -17.737325689 13.828890739 0.430350167 -0.270837161 0.854954537 0.102463187 5.743193785 9.356876501 7.235780365 2.094126912 4.363973296 0.209690244 6.219319360 0.124500134 4.108878307 -0.215182791 3.261853798 1.926016444 3.914742607 9.734257565 5.791685810 0.432527149 6.151920446 3.222756116 1.745538613 7.406389437
10.267741646 -12.828576378 17.950392253 0.387348438 -0.187918328 -0.525596251 -0.733755048 0.285570844 4.405516727 0.936878694 5.867460061 6.128275794 3.539832504 1.809060336 8.076145469 1.760069292 2.315055578 12.036062692 6.650158044 5.824543018 2.374255183 0.410504592 8.773492158 -3.391749684 8.818383377 1.445978902 2.211036582
14.090605598 -10.241464509 12.355801572 0.321562420 -0.812412423 -0.485257878 -0.033293492 1.497196471 7.980456458 9.605393253 1.051430223 8.958319663 2.377608264 -0.667725505 5.084853772 -1.457018540 7.642511938 -0.780648735 6.847713144 9.091867533 8.271422170 3.332463934 0.198187911 0.419131555 6.849207389 6.225596597 5.336169382
13.917785558 -20.197452591 16.306746463 -0.847206281 -0.328842100 -0.345563650 0.233859262 5.615796248 -0.926300567 3.232737997 1.400029941 6.667057479 1.162226747 3.405582570 1.915649731 2.549445089 8.216310357 5.456675854 4.772312613 2.251451959 8.438499283 2.802784742 -1.608473230 4.191322392 4.160875491 3.453308420 -4.635648998
14.276007654 -12.502569677 21.705077306 0.253024448 -0.820816000 0.381471080 -0.341642413 1.779416195 2.668677460 6.420014654 4.677618663 5.623873151 1.549361340 6.751240560 1.687690565 10.340161576 3.068227786 6.894414744 8.773034198 -0.905104878 -2.433284328 1.494503783 5.368169412 3.484393917 2.944528371 1.964380404 1.279335208
15.892920551 -5.622094145 20.319594424 0.867079412 -0.039435380 -0.349694561 -0.352607228 3.592390894 2.321340230 4.935706692 1.746983381 3.183358101 11.431132894 5.098965511 3.359729553 4.854046832 1.830909009 5.743297109 1.887596397 9.148751899 -0.133334438 4.389316127 10.366190248 7.154273527 1.898789189 2.230277073 -1.329347001
13.629740944 -5.106890873 8.664442224 -0.855549378 -0.007762447 0.348348762 0.382920549 -0.719987670 8.804967686 3.197953244 4.456940168 -1.311884814 4.579188754 7.583402780 5.302164951 3.886213812 11.658624548 1.260921153 -0.693029436 4.819700619 1.438370318 -3.089881465 2.636807316 3.497367933 10.474185716 8.942693059 4.783649498
8.863606764 -9.991564944 14.039430103 0.346022395 0.391272872 -0.849913723 0.069431302 1.309171894 6.138549397 5.687161500 4.304581365 4.416765002 5.627527234 8.207598960 9.524709834 5.811612407 0.120771512 6.509426110 4.067087817 5.777318796 6.920109264 4.266931350 6.654014182 3.790250755 4.643443516 5.641877486 1.580072498
11.807537216 -10.880961228 13.802007319 -0.002633904 -0.235040954 0.608859255 -0.757653760 7.229065346 -0.245855010 2.614761455 2.494205375 5.557545167 4.646257641 8.177087597 -3.392957334 3.056340654 2.880169630 7.021705282 1.289076338 3.184034599 8.329512549 4.894519375 6.698417827 2.682649653 6.935048493 2.748257703 3.316988694
7.357339617 -7.880903916 13.779967953 0.094929158 -0.187017967 -0.829666466 0.517364756 0.767908607 4.657188865 8.545829764 3.725608348 4.616647056 6.044290093 4.431596128 2.873375340 2.687167723 3.917210746 3.637792002 3.448255579 6.084588174 6.819244193 5.434074576 1.827747069 7.270895705 3.240051944 2.033771744 7.069736249
10.608802410 -9.989905201 22.554099670 -0.110723564 0.976608103 0.118220362 0.141424365 -1.402354586 -0.815636306 5.853757390 5.153403439 11.656471141 4.777208698 8.805332256 4.787930578 2.391760919 3.178206824 4.678670702 1.290957157 3.960776375 0.263457054 0.192550190 4.692461373 4.793349778 5.992340496 4.682923085 2.007381620
10.224028500 -17.363266199 8.788961172 -0.811824851 0.390757705 -0.431293134 -0.047276408 2.953235739 1.683273705 -0.429724522 8.277666186 1.619917060 6.309980611 0.514518927 7.979476942 9.925102585 6.107869564 2.727704912 7.848690076 5.804423167 3.679441718 2.822645633 3.603989491 1.971684999 2.015824333 3.601432703 1.807484442
8.284827364 -8.340654164 17.216590919 -0.155513601 -0.248693425 -0.524376256 -0.799372655 3.374978733 8.758514402 -0.022787758 2.434321519 7.441060039 2.516151383 8.169522427 0.904733821 6.834792857 6.917725335 1.288578687 5.800526923 1.786790501 3.686361132 7.397418025 5.110868587 2.809539727 4.125265229 4.201059834 7.675293566
15.283327895 -13.576700067 24.207042650 0.213922422 -0.534757701 -0.489926413 -0.654403170 1.642626450 3.052176049 8.926693985 6.771808272 2.161776318 -0.289019188 6.571646491 4.953076790 6.627503490 2.493833966 0.831499514 4.979025202 3.716162821 1.326104221 2.320768654 2.908638987 3.901877562 4.836814953 2.177863929 2.297757961
7.437047653 -13.006903428 18.599317540 -0.312222497 -0.205722801 -0.924836563 0.069803815 2.401609221 7.168922999 1.873423951 -0.174196177 3.361722539 5.759927624 6.962753902 1.381632543 6.655458504 4.146905783 5.980119592 -0.523147386 2.788534767 1.481114348 6.435649010 3.235974175 0.940259396 3.991259562 4.011365504 2.790811628
22.791995460 -13.293241518 10.882213583 -0.945758155 0.109058315 -0.287835299 -0.103916490 5.590438583 2.386056272 6.045373421 5.375281348 5.281558265 0.191672004 4.379222821 0.943526320 8.523982151 9.538546615 10.155102685 2.953327847 3.601816131 6.055255540 4.337217802 6.032758880 6.529785193 6.241376168 6.486465263 6.082592824
17.345822076 -15.669666568 16.844937070 0.323880481 -0.585118082 -0.684971276 -0.289054693 9.172925211 3.292957690 7.883344902 8.005523948 -0.403329631 3.189683198 6.779985252 5.174681721 4.950601829 5.878595777 7.139352648 5.037738465 1.190614094 7.308771609 4.356613538 2.470761696 4.824498867 5.213666321 0.285979084 2.979254384
6.910526987 -15.631424912 9.347395283 0.690176856 0.024665979 0.692940429 -0.207077421 2.644424438 3.317074354 5.690230045 4.111740130 3.804003689 3.435408971 6.070812519 0.487604941 5.088625538 6.956963811 -1.403686921 6.805783842 3.504010953 0.694540149 2.995614394 6.597987977 10.404357725 2.680048218 7.575483506 6.285147034
15.936426991 -11.103798591 24.644074871 0.724108209 0.309856573 0.581444736 0.203907391 2.205072953 3.960957679 5.879755089 5.008576469 6.242309827 -0.669427885 0.470562776 8.094676587 3.188787782 -1.503578419 3.749038758 1.848180949 4.796086061 1.878472736 5.496766658 -2.107552646 2.105125930 1.411541891 6.943506412 4.492838360
17.239250669 -16.931093217 15.601251165 -0.287994298 0.899524021 0.288435812 -0.157227865 8.694826229 6.208683071 5.386220433 3.820110912 2.853832241 1.174669867 10.262669510 3.951070625 4.938088425 4.906664875 6.081589795 9.875150440 1.577089281 0.290899426 4.562304487 2.561886486 7.528555474 0.349771696 9.882578180 1.820965877
13.006121041 -12.067306747 14.043552773 0.062435639 -0.038285721 -0.964907934 -0.252167947 -1.608052144 0.928159178 2.394953420 8.851013041 3.119572416 2.704146900 2.461504619 5.091771520 4.265266362 3.744858954 1.249725923 1.771338837 5.612249018 8.571449222 4.667848710 10.827222250 5.342812744 6.013929698 3.749699727 8.385108837
20.231809348 -16.502096072 20.946513599 -0.340416461 0.892581557 -0.266957473 0.127076769 6.597856023 5.984929337 5.805609759 10.017152464 -2.473825236 4.433442041 2.362214499 4.656207413 9.617894183 4.935540952 5.368829661 3.918485361 7.225262407 8.486655820 5.657397046 3.788722408 9.925399948 0.905240641 4.752372691 8.790636061
13.027692689 -10.534361062 18.096258310 -0.728679222 0.011321971 0.412009250 0.546943126 2.532835607 3.917915931 0.495552138 7.944236384 -0.141946596 5.297401019 5.699192125 7.765034506 7.185639965 5.030319244 6.241371962 6.218185403 5.203608112 1.504711313 7.073993189 -1.148209595 3.402827861 4.051200711 3.107666141 2.085636151
10.737191168 -15.050437403 8.866639424 0.130546116 -0.012264370 0.960149815 -0.246819021 7.324130031 -0.114011179 5.736454291 5.747083923 2.245461216 4.074401894 -2.058482568 7.392242921 3.319386543 4.800487169 4.311175312 9.722824753 7.856523253 1.916180942 0.412717744 9.137011838 6.232189786 3.886655674 10.034878630 9.339030208
11.588185083 -7.572229824 11.487720459 -0.107303666 0.033618891 -0.739593678 0.663593916 4.482456340 -0.784235734 4.598371759 1.073757752 1.689242087 3.003833469 9.727472220 5.678590423 5.081481221 2.325798576 2.599188264 1.808608219 8.855349836 3.473880673 6.884037514 7.000927397 1.305010817 8.189894578 0.663033711 2.902373375
14.075451594 -7.916335215 15.000295905 -0.114829091 -0.623960708 0.602476274 0.484261968 2.971924933 2.151692767 5.711920115 5.009578066 9.291616736 1.651724841 8.722323004 0.143938382 10.052092371 0.715156127 7.597474540 -0.022744802 6.082952035 3.253910811 6.780543457 -0.075757096 1.371774360 2.453514664 3.719943749 1.430174755
7.482183613 -18.572488109 18.386864108 0.293306458 0.462781737 0.757136258 -0.355737364 2.370514805 7.731374767 3.773595307 2.410621782 3.667905808 6.319204048 3.622242685 4.170736065 4.948088032 6.531797435 8.547246580 1.417170615 1.093695949 0.026937577 8.123227392 1.967711770 4.703401987 5.581848109 2.894587323 0.146749128
11.603834978 -7.733131883 7.039059359 -0.296473579 0.439226392 -0.847879813 0.016834982 3.156907503 3.477727479 3.780366215 3.544442167 2.063746412 1.859710645 3.311836305 3.971928288 2.934055702 3.947582584 0.925733954 2.721481451 -2.262645494 2.227934263 6.878854400 -2.442431293 5.046833177 0.898793719 4.563035702 2.071101675
13.904762819 -13.045422068 12.560337091 0.257759265 0.335904337 0.520425334 0.741542925 5.073335520 -0.075086086 3.086919697 1.363918910 2.958918493 5.213644817 2.381967791 8.437832088 8.192815778 -2.642135079 3.463120159 1.096588686 2.567289041 3.106850580 6.977425245 2.824503004 4.043096469 5.724679745 0.701128752 5.967339909
13.812293482 -6.762155616 6.586787407 0.042949177 -0.122070470 -0.951452951 -0.279269495 10.929332541 1.657085632 8.393963969 6.469292112 2.831270864 3.118211938 10.236000939 2.374872284 1.073333453 8.123774312 2.334467431 5.298040956 2.107494446 2.708393113 0.170386768 3.094141076 3.845035077 6.448372581 0.844854453 8.057680850
13.051367613 -14.277863393 15.288805613 -0.485487009 0.448464265 0.358281382 -0.659406261 6.247450920 2.723056749 0.498986498 6.329323234 1.425352740 3.789416703 1.064205267 0.972332130 -1.179784885 3.013432424 5.186093460 6.961102677 3.272948996 7.028787111 0.526485711 5.226361715 9.045270112 8.133024032 7.037186161 4.930466483
20.925248264 -8.753611395 16.765562637 0.839051033 0.043195408 0.538254857 -0.066402033 3.418961676 8.200784314 3.622767379 1.284125005 3.354951307 7.029343047 2.476625522 5.299976994 2.892187850 3.318214810 0.119956512 3.870847319 4.911608313 0.251530581 4.653438580 1.064047438 6.390636373 5.996977814 5.648938176 8.993623873
14.340783950 -9.798127825 16.219505022 -0.643481418 -0.172235350 -0.473593641 0.576173335 6.872044851 2.901028961 9.500653208 1.340718857 1.974667245 -1.574126024 7.912919115 6.039020538 7.244927857 0.296855039 6.379841222 2.393305400 7.646049197 2.830462829 -1.946365345 4.900150465 2.938405077 5.709322089 6.618196883 2.202756986
13.808063540 -11.682507235 12.205023743 -0.639128472 -0.740322254 -0.018644179 -0.207581675 4.951410634 2.662966860 5.656406070 3.378246323 2.630545046 10.444147720 2.392679502 4.281817098 8.274622179 7.312389380 -0.132501493 4.127509870 7.532893473 8.592550819 4.120189077 2.040835758 3.652372440 2.491801870 3.769786738 6.198920399
20.713849319 -10.083422244 12.812905900 0.674160321 0.382803815 0.251623546 0.579357137 2.988949835 0.401528938 1.397565523 2.100540275 6.119335865 0.980877219 7.914132835 3.631113184 3.445841403 3.455181905 5.848594373 4.083688139 8.524591961 5.028201819 6.431003176 5.567528334 8.719527214 -2.308149425 4.985952093 0.963653944
9.086096989 -9.735385588 16.654199342 0.860189343 -0.292035254 -0.297546562 0.293693289 4.602914467 7.809136345 4.620049688 5.824529152 6.497463806 -4.453077159 2.970083957 5.917925734 11.142284083 6.118523623 7.476003162 6.221627631 5.917185201 3.723323594 3.821183213 1.867089695 -1.459374663 2.151922203 3.281971308 4.193131236
20.578454347 -7.316394889 17.102179665 -0.197044219 0.294282048 0.886425062 0.298030637 0.842814753 7.511438016 7.846617181 5.448103527 -0.128435762 5.830971775 -6.066926535 4.406177127 7.784620310 0.772367038 8.720812502 4.475848720 3.081350117 6.725885426 5.266713911 6.438674299 1.834996970 2.193395844 5.566222234 1.667629416
9.279050419 -18.719111012 15.509732564 0.669623204 -0.146622116 0.727136198 0.037143906 7.554450806 3.172605336 0.930432993 2.437044347 4.699694063 5.007001154 1.867399116 9.947253028 4.724687758 1.784425294 1.436553782 1.072113002 7.426467738 2.556539943 3.626972838 4.676806854 4.943386652 1.127688169 2.835952651 5.749706262
21.379585129 -12.473584416 9.665234622 0.075619554 0.377647243 -0.004217678 0.922846929 0.848456372 3.721806401 2.971563803 3.426383982 6.347264772 4.442019426 0.137034916 9.051404802 4.840677720 6.252995228 4.881901437 2.749356965 8.896160705 -1.604263063 4.025962816 4.529524096 7.287437338 7.221573097 2.437159886 2.961669051
12.443207928 -9.592414334 16.906649620 -0.835257328 0.356797846 0.005301944 0.418344814 7.928488800 8.281016214 1.925894039 -0.941348188 3.756710692 6.424835836 5.001714324 3.962867400 12.231851615 4.623021740 7.518447476 8.853447069 5.594653195 7.008632708 11.937299433 2.851988144 3.152271287 0.323964098 5.345120692 2.323526695
17.687805849 -12.602036276 18.489790372 -0.698224917 -0.624870383 -0.347672108 -0.033809400 0.738337660 6.836043634 5.606633853 6.061626218 8.439977187 3.703709002 0.614354912 5.097700830 4.532674489 0.644610986 5.316263794 4.370390308 2.862341114 1.724746079 6.284444567 -1.300071403 1.915438728 4.202445707 6.682597324 5.668937782
9.587107117 -10.754106533 14.857721784 0.116045853 0.637571123 0.745878737 -0.153952375 1.237561293 9.975966923 2.776331934 2.373186686 5.651346625 4.518559766 3.041976649 5.179271042 2.768032880 -1.024277946 4.671140317 1.201712426 0.783954656 4.018906538 0.372811878 4.582932676 5.408342674 2.238649109 -0.678397825 1.653395546
22.088799642 -15.300692101 10.314807941 -0.579824733 -0.093266679 0.566438380 -0.578145455 -0.791168365 2.991071072 3.253418929 6.933498733 11.339729193 4.488417605 6.559998837 6.524615183 9.066991942 3.946971937 7.919976024 3.467401212 3.967931953 1.889146280 3.980812839 2.043446877 2.673086625 8.299882491 5.214448366 1.524155358
6.945794748 -6.562448872 15.351313153 0.489143663 0.311002398 0.554382903 0.597223226 6.700825323 7.166713599 4.147580780 -0.495508452 3.514607101 5.277837688 8.289606601 5.166032610 2.232945329 6.233930181 2.473404612 3.063677065 5.600437857 -1.585701921 6.707625269 2.120631336 6.569322358 4.287239016 5.924418439 0.369878150
13.388001411 -10.481902209 15.399919482 0.544078097 -0.276515560 0.606999985 0.508988396 3.285453017 4.699140632 4.483235648 2.420587090 0.794675957 2.263151352 2.531755352 0.437851578 4.857329648 4.001912638 1.160868839 2.148533094 4.303787852 2.792285325 0.396427664 3.899779287 5.642187744 0.636439234 2.493759916 7.533457724
16.782580970 -13.117643525 5.614191823 0.087746337 -0.902229156 -0.392506152 0.155634352 1.508637375 3.742697485 8.141979767 5.040291366 9.217504917 9.617259765 -0.441929867 2.496606679 1.510301269 1.871911056 -0.845701011 6.049893911 4.815245734 -0.948244145 3.685994723 -3.011434636 4.942698691 5.552407089 8.108306249 4.048415037
16.517526881 -5.119529843 8.394469309 0.657238296 -0.081634723 0.716013443 0.220677013 4.829210399 0.922274564 2.572915799 3.004006183 9.918660845 3.895615088 1.524993592 6.522435925 2.843927799 4.126706307 6.616339508 4.330769317 6.113783479 4.719703798 3.537363680 0.263984500 1.503583786 4.530528063 6.218217481 1.935551714
6.068343142 -16.318564141 11.268677294 -0.492529296 -0.829628112 -0.229260924 0.128730403 9.439981938 -0.424402327 0.288615112 6.969932886 -0.853026786 6.303998141 1.404082549 7.924131135 5.093642580 4.829829147 4.679578832 4.724805175 2.384865603 1.160057761 9.106968497 1.350800456 2.950549326 0.673987942 2.931720747 -4.829057835
15.161458684 -16.486581299 21.504457034 0.009188200 0.534426898 -0.639616006 -0.552444416 7.587462116 5.482853098 2.680378784 4.944696131 2.949729236 2.422226824 6.196367606 3.169651293 7.247390886 1.140984178 4.845606513 0.544166345 11.582957068 4.790835987 -0.787544390 5.378033280 9.745310541 6.156504929 2.071177330 2.342313803
19.216965134 -14.821562295 9.054723134 0.393054632 0.772109973 -0.455595002 0.204419765 5.440677889 2.462673809 4.337368056 2.997545088 3.719604231 8.425351454 5.595005686 0.991332991 2.718393461 3.686669735 8.445047992 4.287422664 6.372050327 12.329508205 1.960819944 2.950632825 3.656135195 6.601010360 6.039577390 5.898568477
6.492111258 -10.661627978 20.794244484 0.831467086 -0.343696707 0.149692998 -0.410033004 3.592913665 3.332211235 1.459419714 4.971547061 6.783845831 5.440807525 6.298985147 8.463554280 8.029219853 7.257143344 6.011756330 12.003564205 4.823569094 4.742396694 4.955993938 -2.489368815 4.084955618 7.630196600 1.009684410 -1.779087017
19.806384390 -9.606273846 21.980350208 -0.624558391 0.490979694 -0.598916268 -0.100821924 4.472039416 2.597074942 3.196384948 5.175514097 1.977972957 2.976105207 4.057496510 2.848326540 9.976771128 3.373649896 -0.118898500 3.863666977 12.118560204 5.272439550 8.168886078 3.535167774 8.046947478 -2.571180483 3.652934480 6.473457873
21.660541571 -15.627504704 11.541077928 -0.582046442 0.453092835 0.317231697 -0.596064487 4.024611045 2.882609053 10.649960593 9.881772426 3.999308280 6.444290176 -1.329851761 3.677764828 1.070127980 4.103731274 2.812735089 2.096695966 8.951845621 -1.233275914 2.270919072 0.924051864 4.459271004 1.677378440 -0.095225057 0.154475057
16.503683422 -20.350397571 19.474528302 -0.272909829 0.060316415 -0.790109797 -0.545535209 8.761158507 4.057407994 -1.008695369 5.395323848 3.838328214 11.096319363 4.497507023 5.254676900 3.818641289 3.983415409 0.622267266 4.551591362 -0.237765125 0.450290191 0.932711777 5.710785382 3.203326843 2.713405525 4.590759950 0.518533363
12.135243370 -4.994895484 18.577790688 -0.468467735 -0.871869695 0.020849095 -0.141232192 11.124601471 4.865830654 6.675284799 0.847024317 3.810431083 1.587350404 5.128933954 2.030953831 3.385580979 -1.818239557 2.390365936 8.076990173 6.073374788 3.089082915 3.355952142 4.353259411 8.719961799 -1.438187359 2.351743257 2.160669556
