-2.273582502 4.208670925 20.180176231 -0.894818309 0.298815768 0.025278397 0.330711858 6.396044743 7.602966531 1.833016159 1.569596384 1.321541496 5.020048401 5.330766900 4.443014401 4.826757655 4.544287690 6.583260512 5.318220965 -0.424757749 3.009826297 3.480436381 2.850424484 3.457257319 0.331607949 8.380833899 5.094843788
-1.252184372 11.591948786 25.149248857 -0.107110575 -0.554669356 0.778937058 -0.272261438 4.188628046 1.134619669 -1.737447369 9.088501130 3.728671902 -2.066595266 1.176330987 3.487663634 -0.894646383 -2.371990657 7.013162873 2.689191175 7.501660304 3.473293627 3.299820690 1.123920514 4.205323057 0.966330815 3.284232393 5.839906204
-4.374709211 6.123403095 16.027878202 -0.226962453 0.377551775 0.089698743 -0.893250714 2.777370137 7.324069299 6.062512709 3.699991098 6.923762415 7.836416982 5.865589685 3.707493479 4.621213848 4.730155721 6.156716566 5.887392620 2.956122235 7.624018906 6.048316214 5.002665545 -0.512746192 8.309488789 1.482745003 2.330942125
-10.318413036 5.523361775 25.203727976 -0.146370988 -0.880267703 0.134259510 -0.430904502 0.442292934 5.036765726 2.135231997 4.361916880 1.973943731 1.803387608 5.208289007 5.879061764 -1.465687882 4.838998234 4.443267259 3.941866302 1.337207783 5.812361882 -3.322164358 6.125193281 1.795367717 5.629270253 3.907872630 3.328574385
-4.895333989 13.809623117 16.350263485 0.788778001 -0.345361004 0.440102664 -0.254685468 0.426424886 3.352117668 2.023249704 4.506955601 7.999528978 6.482380409 9.507545899 6.002659573 3.012011885 7.191901566 3.875467849 3.787052173 0.994159127 0.318617729 1.615200082 7.888142846 7.794821618 2.630507413 2.049374644 5.888470627
1.838055464 12.867591369 26.289684023 0.782374195 -0.043587728 -0.061510296 -0.618229094 -0.204251763 4.891139392 7.993398752 1.267892106 2.777212195 2.469653584 -0.037124236 1.534610912 3.200056837 7.264310666 6.923990648 -0.455720126 6.522063177 5.756607357 9.213373936 1.180581323 2.674188804 2.967981860 0.147908120 5.455701920
-0.270557937 18.064759339 19.873251851 -0.750366666 -0.493566937 0.336321417 -0.283248036 0.878279566 -1.147757294 3.236601728 2.731343277 2.669876030 -0.875319997 -1.247248471 1.851600348 8.393730422 4.800658969 2.203799689 7.889019005 6.770294682 6.368848005 5.563714386 4.208378089 6.442223729 6.470344041 2.195039422 2.857624039
-9.303358426 16.917085666 26.590864741 -0.131093591 -0.852914516 -0.203177012 -0.462677426 -1.657581999 2.539479898 9.141097290 6.655179340 6.245840118 6.432762734 3.570593140 2.079166707 2.668327562 9.395132514 4.898991435 2.608400596 5.038024927 0.264138187 -1.625770752 2.223706894 -0.593907020 0.218339189 2.099240872 7.385147375
0.234331282 3.941614696 21.874184929 0.146148576 -0.694721542 -0.115651821 -0.694713775 2.655227599 0.055534199 6.817876032 7.981324960 9.158684583 2.596677593 4.126411952 4.294152144 2.478470518 -1.415922015 0.839997379 6.595932567 0.684474845 4.814383586 3.417937197 0.431692459 5.547063745 4.001275638 0.737095309 6.224662102
-8.442823542 14.068413877 25.679160230 -0.566002234 -0.580461805 -0.307748909 0.497992141 4.451923951 3.208664717 4.031173198 3.193543429 1.899626612 4.485947739 4.976576531 2.224996679 -2.481011768 3.042147748 3.943290124 6.515986954 3.971115852 3.226897381 0.707556941 -0.044940765 3.354329777 2.122519405 4.451155282 2.145357148
-11.809426131 5.821333265 25.246246506 0.851908469 0.368896776 -0.018788791 -0.371233229 8.222843074 2.621175338 -4.033075064 5.309495386 5.526597150 6.508094835 3.768151333 1.410132245 0.283711365 2.465861103 3.934036592 4.246969448 3.977001675 5.513256927 7.292425925 2.882746785 2.963560898 4.575256123 3.736488156 3.466348419
-3.050977562 14.682011732 14.643674806 -0.212754654 0.776875580 -0.011691501 0.592505780 4.596362162 -4.611436684 4.386510940 -0.844409882 4.227912206 7.313490684 4.493868853 3.451043215 -0.104826272 4.256021064 4.252473696 1.564231821 11.783040641 1.663262626 6.589765661 11.598049675 0.326936297 3.232026767 5.635709085 3.969119378
-5.026818077 16.664474331 31.256507624 -0.338544050 -0.661353068 -0.013319668 -0.669195512 2.731408888 7.173836574 4.442461150 4.256229796 2.951136134 0.773215227 3.066851086 5.256938482 4.204162912 4.413882551 3.593269826 4.955617210 8.516930532 4.120168266 -0.038173286 1.760771634 2.047232186 4.760653728 6.234329507 2.072663047
-11.448791808 18.356932856 20.894613138 0.181658378 -0.731724561 0.150489873 0.639478067 0.475728690 5.200227294 2.690763419 2.120902705 3.653760212 0.607468785 9.624828828 0.258452974 0.222887918 8.523535365 3.676525247 -1.055775345 1.888557533 6.359144401 3.298174260 5.637308792 4.723496590 -1.914483681 3.525742723 4.187668711
-2.019007317 11.966310152 28.489551427 -0.458618631 0.521422209 -0.673795395 -0.252562066 0.897567510 5.497472114 4.366534572 4.055746966 4.320536191 5.346390645 4.797534033 3.246678767 5.527962753 0.940745037 5.005652662 10.903940011 -2.271960744 -0.168769430 6.704413157 -0.825551491 6.796420044 4.415523267 -2.618568345 -1.002850639
0.826402038 8.644953846 23.342598094 0.661273337 -0.533203180 -0.488688927 -0.198985113 7.757716389 3.688852524 1.485289589 2.834431835 4.483246530 4.609409659 6.919459946 6.595861017 5.385771103 4.454315300 0.495947852 6.380139831 7.963532741 0.868175502 3.302556585 4.840781081 7.789962782 5.814380135 3.700421499 3.700340135
0.111221399 16.504565152 21.689963467 0.681324218 0.574740335 -0.417192728 -0.177259937 7.026026539 1.503831745 3.839010093 4.845430035 1.095551118 13.021807072 8.656371683 2.211980994 6.363649317 3.634277410 7.113949722 -4.213755133 9.639287688 4.735258834 6.203934511 0.778766244 3.415812633 1.546146770 3.791153521 3.556119545
-9.406816541 9.283991749 29.849089455 0.199176892 -0.321054694 0.913559487 0.150537412 7.503824305 3.287627861 6.041584971 5.196210659 3.312125646 2.827445940 4.303386273 1.509587119 -1.050714867 1.487386954 4.048985515 3.416553628 8.247323151 3.106749106 3.157577072 4.122331135 0.348313290 4.080414759 1.977182234 10.725180693
0.664332519 15.473340729 19.606012623 -0.093551770 0.395939613 0.884884166 0.226847750 3.835579101 4.096160864 6.330423012 0.742596280 1.427304852 4.591869954 5.642352215 2.836722336 3.990277852 -1.372478805 4.827662797 0.296268918 6.158431688 7.293842529 -0.119238109 4.315254776 3.348148063 -0.463383112 1.756733669 6.777176622
-2.560205864 13.226593067 29.772849173 -0.195031012 -0.271415404 0.540380811 -0.772195028 2.808561044 2.967501567 2.575461868 3.269113049 2.309726444 3.325674376 4.797156987 6.847921934 1.991833193 6.465093308 3.862159819 6.227050725 6.233422693 -0.242559313 1.922090510 8.157335643 -1.101073104 4.523950237 5.081858492 3.661246449
-3.721239173 11.109354748 28.190668133 0.453078194 -0.399987279 0.729122781 0.321107919 6.501274578 3.935394998 0.294627425 3.336916042 1.018877046 9.164408209 9.824485142 4.262328584 3.926552932 0.555315213 4.326195168 4.954857436 9.336687671 2.628604363 2.844367104 4.179532380 5.632909653 2.565107063 2.678431359 5.020752631
-12.864513750 11.874598661 27.149576469 0.001901513 -0.539645271 0.605604707 -0.584826731 7.052113932 6.531107371 3.050029277 5.901149954 4.260772217 0.955804821 6.120364538 2.933155567 4.249551457 -2.909143126 4.973076133 4.849330932 7.943209429 3.718091231 5.958074622 6.845162035 2.569528735 5.485798677 4.009725855 8.736238662
-11.311520556 10.817955878 15.844383906 0.348330279 0.439078090 0.792003583 -0.242088354 7.172586416 3.342149575 -1.767127579 1.924897421 1.214008349 1.907867492 2.378652994 8.332501829 4.923526604 1.774509820 5.981005868 3.880740494 5.916908323 1.413265346 0.816008139 6.812481126 8.083053629 5.899770396 -1.069976581 5.716223024
-2.697958030 4.217413273 24.409803921 0.772712245 0.528561673 0.000526375 -0.351479825 2.249903874 0.205211760 0.836912494 1.268421813 1.410411163 3.941759444 4.375803296 1.685360124 -3.145238435 4.735476410 2.851116417 1.813611172 1.901066043 2.466906383 6.989873754 4.967801025 5.336622093 1.885325161 3.165388132 1.690558544
-3.729851639 13.557573862 26.972306425 0.223048898 -0.176947552 0.872005571 0.398177143 -1.060689575 5.885489747 11.392721772 6.160264547 -3.106466071 4.250684539 6.038267550 5.161508523 3.891378106 7.638022338 1.563866083 5.553862444 5.591522664 5.048563926 6.668694571 1.999368403 5.643385864 9.278309003 6.389487206 1.504732644
-4.009579789 15.735691335 27.099927840 0.344627144 0.598095018 -0.028413073 -0.722984909 3.426219678 3.836819461 2.697522477 -1.017092791 4.442429585 2.589744252 2.819695747 0.691398377 -0.356458766 6.973769099 2.584043640 1.959051997 4.221254887 8.862403135 9.418709667 2.176201165 5.923308727 8.596384008 4.707563879 5.852081934
-11.976651203 8.297454905 22.680404520 -0.177709475 0.648158935 0.030247194 0.739861098 2.871660015 5.639132873 -5.339225687 7.671684970 -1.017927627 6.335014803 1.310060599 8.118916893 4.598774070 1.883783365 5.315434648 1.071231870 5.823803107 6.928480827 -2.169110194 2.562307944 1.771734885 5.133212528 0.490896380 1.904223341
-9.541140189 18.695752271 26.419916673 0.174600920 -0.155914064 0.567393307 0.789474609 1.568200028 9.256718859 8.802104369 1.024956210 6.609367276 0.215812016 4.964066582 2.804033407 4.648424939 0.870858703 -1.769211962 3.935131033 7.377265288 7.063313332 4.271634823 8.008169442 2.526800559 6.372440854 4.506571507 2.961348339
-13.648514346 8.527156863 28.592326269 -0.544107893 0.158971268 -0.256955407 0.782718759 2.913706471 5.616286400 8.357363204 6.938550724 2.210809711 4.401651137 3.276956309 5.944920451 6.125717213 0.583369977 5.125561773 5.226036210 3.008531683 5.756981482 1.479955915 3.329470298 5.196734637 6.075932537 0.467848128 -0.876050342
-3.216881706 10.412432100 29.233985766 -0.709768053 -0.206961900 0.548176481 0.391022543 4.087069006 5.222626437 3.246692698 9.227348907 10.284445554 2.887732625 -2.750441043 5.093539272 -1.069140531 2.652056330 2.854420461 8.430339996 -3.227610418 3.068413911 -0.973848866 0.894484233 -3.063187226 -0.403278324 0.013489059 8.740204186
-4.287164009 8.021970680 20.647502204 0.113235482 0.341449236 -0.888178512 0.285882975 8.127612123 9.477542415 6.373452587 -0.622134764 3.312870417 2.327160365 3.316848029 1.634805136 3.801738022 1.967060308 1.800524845 8.439588600 5.804540627 8.363649030 4.352039836 5.256396274 0.254321415 1.879956789 0.086297379 2.029194166
-5.258742936 7.723030138 26.707030647 -0.128961974 -0.830400339 0.321203019 -0.436615056 4.720839401 10.057950028 2.406339707 2.027550413 2.904952595 1.851849228 6.860760695 3.378684913 4.783758409 4.008044501 3.663968566 2.519535115 4.521166567 3.989539456 7.458312444 5.966248163 3.769897004 4.522175548 8.310436492 1.964619691
-2.368757211 17.499840928 21.556083892 -0.400844500 0.564130635 -0.691969858 -0.205567575 2.634116919 4.991017721 3.586480168 1.332757626 7.191904399 4.669989099 2.802899612 4.589786786 3.725352449 7.581635945 2.636414079 2.101854054 3.065735901 7.597985134 3.016939539 4.889469282 4.204945899 -6.266830381 3.701498356 2.115876125
-6.380661951 14.421529296 31.472140667 0.886450048 -0.364409472 -0.150828367 0.242204157 7.399261836 5.563260305 4.688165484 5.727450012 3.326366676 2.720101947 4.435182598 7.241975097 -5.271129373 2.935514365 6.470553345 3.271317333 0.110023562 -1.847617605 8.222628218 6.447716827 6.149974314 3.328890057 3.549524690 1.295403026
-1.248928463 18.549309237 28.191980237 -0.133530099 0.020533879 -0.070869480 -0.988294283 3.642834444 7.493595492 5.509538289 6.815729461 5.449836074 8.136852341 5.761067423 4.135929004 2.456279582 3.825049265 11.340843995 5.192008574 5.313946186 10.112248618 4.680736849 6.448857812 2.636594765 5.845583610 4.289559487 4.348162448
-2.894226479 10.764396647 28.190290865 0.477555506 -0.634474699 -0.492733863 -0.355803225 0.212525253 3.073948320 3.682925994 4.707496661 8.569143030 4.309224663 9.149963663 5.322812716 2.856674358 5.395092056 5.446920496 4.323069485 1.484080606 -0.401563384 -3.877141178 4.098881885 -0.129603604 5.274015557 5.521571180 1.605935633
-12.337863393 16.247860912 28.174919686 0.158383050 0.898744057 -0.326618036 0.245956477 6.883161417 5.603020545 6.200186370 -4.496816595 3.631867701 8.694977222 7.610733599 8.230882618 3.729168693 9.656833189 2.939089838 1.173660853 3.738894795 8.148210487 1.099506123 3.170777079 4.656319504 8.939777176 -0.253664276 4.990765574
-12.506446183 14.064713764 21.100796794 -0.190548362 -0.616465956 0.698917004 0.308506191 3.358928454 7.062991619 2.964046526 -0.913052126 4.909357125 7.665597811 2.065161076 2.806776479 2.922765872 7.970692295 1.740666598 1.912112936 0.242032412 5.276355849 1.479585100 3.486052605 4.093015842 0.063777713 4.639155201 1.390288502
-3.498707368 17.231441691 21.837542039 -0.189586486 -0.788562036 -0.494488580 0.312582668 -3.083910710 3.998816619 8.708057139 5.216529788 6.783535561 0.931442938 1.154016071 5.992187026 6.089754176 2.248832136 1.086938275 2.135024957 4.932274791 4.393714282 3.505138875 2.185966816 5.515414339 3.124072971 -0.214669522 7.273030189
-10.915083734 5.671221627 25.891662807 -0.297612417 0.038424118 -0.942156916 0.149300977 7.155636942 7.296675851 3.522804396 -2.762920653 8.096394402 7.177843292 -3.279501334 4.109544453 5.274593055 6.150295891 2.796327367 6.384015708 -2.286811059 1.813738444 4.777546950 6.921523548 3.487213629 3.466741371 -0.395052160 4.272262438
-2.806308753 6.902998369 18.756835050 0.662125412 0.440398123 0.305936104 -0.523490718 5.686131330 5.785807443 -5.410367794 -0.551758198 2.443172740 0.190811445 1.185146429 2.906655187 6.089787265 5.453336038 4.213235193 4.009377518 2.198767884 4.377788215 9.982633343 3.560828455 5.202067904 4.492444143 3.313827242 4.988724075
-5.111954228 16.064667996 23.036981976 0.101302281 0.958613492 0.121972146 0.236475826 9.288751799 2.618343619 2.095394373 5.549514735 7.587921298 4.754662878 4.829913583 7.380890883 8.777443370 5.861876597 -3.025447345 5.237838506 2.576017565 1.840453183 -0.501496959 5.503585862 8.832320134 1.382911917 6.018903710 9.076660733
-2.915420851 18.975256389 21.368399176 -0.623468730 0.481072141 0.009858395 -0.616246014 4.999305967 -2.809755144 6.056539569 5.146986595 1.309762882 4.702319473 2.636583431 2.736610964 0.931243501 3.987398223 -0.487534895 6.451029376 6.242331807 4.141749644 7.248365132 0.126867772 5.641425883 4.218100020 4.871782021 4.398031105
-15.331617906 12.094840784 23.879745501 -0.372851923 0.552686306 0.649720640 0.365215527 8.736357584 -1.025376086 5.743813936 5.788982917 3.959695137 0.725414558 4.963567172 4.251384848 5.106103838 5.124674144 5.690023879 1.568038762 2.115257744 6.912885588 6.561528483 -0.833677228 -1.802229976 6.273160853 0.894841046 5.666010395
-3.014184734 12.458525622 30.421882389 -0.084924071 -0.923878469 -0.122083043 0.352607724 -1.233802398 3.474841090 1.830366699 3.380575638 0.694732536 5.702475869 -0.057009754 5.319156796 -0.108442263 2.864302145 0.559648556 5.770165872 7.890054781 6.760681883 2.245261585 4.416244384 6.838803122 5.546030198 6.876102914 4.464090511
-11.103584303 9.742418841 29.491845737 0.502683012 0.597177935 0.006412147 0.625017750 9.133010974 1.516301293 0.817584076 8.458230510 4.260065979 2.493200521 3.413935113 4.904606859 0.765441852 0.478930220 4.514194869 2.100732234 1.205548622 9.208893993 1.290251340 1.315825033 1.263269557 2.564527863 0.558329139 4.568105957
-7.623293080 10.764477846 22.044457099 0.344544566 0.427431233 -0.688550020 0.473804235 5.292782765 2.978452754 8.470588508 -0.328474598 0.241644288 6.561396543 8.298991773 2.528078210 6.663175031 7.196458527 4.845302902 6.074988621 4.619910566 12.260774261 2.835709238 2.903963026 8.307243349 3.666268813 1.605318578 7.170211908
-6.379358407 4.286074621 23.555433402 -0.745026728 -0.050284768 -0.623016599 -0.232931180 5.574275010 2.769895910 2.249197610 5.166215397 6.408265262 5.168214206 -0.007525893 3.741434386 1.918285356 6.181403753 10.729632420 6.342713789 3.503604607 2.019741408 4.373262105 7.783788876 10.016417260 10.267998437 5.470357281 4.098958716
-5.288067195 7.227858302 24.150239797 -0.458203531 0.229730528 0.858639942 -0.003295081 0.824383532 2.111254785 3.958806807 2.380380472 4.020642749 5.451105836 5.773912852 4.474184099 2.808889370 8.337152650 3.329838336 4.479854997 4.541589421 5.890546963 6.938547481 1.768691047 6.210967094 8.984122648 -1.383459304 4.402501360
-7.483495456 3.876786996 19.662394959 -0.113069437 0.081300366 0.130396716 -0.981632441 2.967642591 0.680311541 3.487850744 0.435417276 3.645506667 2.270842489 4.573183521 2.903381357 3.441518218 7.805265161 5.213934398 7.824208085 -2.507383563 1.799498746 4.105173998 4.107171369 4.895036620 3.292020704 7.024274205 2.399991989
-6.458235514 4.317293379 18.882847717 -0.477900977 0.235292566 0.040512460 -0.845344193 5.208583485 7.250233393 3.827949180 9.731763115 2.785265055 6.427942994 8.933297745 0.386081339 4.281055100 5.873161758 3.537233471 -2.763775961 10.040926765 1.310749751 10.834161039 1.349522744 4.169522386 1.036995463 0.474671434 7.840795208
-3.573584394 13.128033792 21.845042840 0.351482453 -0.587421972 -0.680353209 -0.261753744 1.375872482 5.749891864 1.673369218 6.715597711 4.092111464 4.869032379 10.072171308 8.558688364 2.967604617 3.290280584 2.272264348 5.724895217 2.432985419 5.794794404 10.058469187 6.192417974 2.237017704 4.568100728 2.800897586 8.394149432
1.171495630 11.371061331 22.568267865 -0.681695766 0.042638472 0.049695858 -0.728699640 5.211624709 6.530807848 2.602123755 6.578961130 3.773385777 3.808247781 1.290100544 3.770612703 -0.481122809 3.644520531 3.985152918 7.623482557 2.003906088 3.947785203 4.383978969 6.498609575 4.753899402 -0.575591308 7.877759187 4.221378834
-1.142752793 15.647390059 20.004443436 -0.932496631 -0.166702165 0.148843881 0.283735652 6.163506714 -3.300695365 9.595592297 2.828313443 0.593286909 -0.375369723 1.800098022 2.236833958 5.952924789 4.911319512 6.078947589 3.231463808 5.517251031 3.148898161 2.467841861 8.892443745 4.830444358 0.237289057 4.515340230 8.029941179
-13.164643390 16.221606258 20.328488212 0.530059811 0.065685243 -0.215028168 0.817609279 5.356711669 1.239612165 5.497974087 0.961491393 5.536543387 2.095878812 7.498811233 -2.059254903 5.604406179 6.184077933 9.095127656 5.347967109 8.114575807 0.326069626 1.901547734 2.752224038 4.282526601 1.772820080 9.929239680 5.824104777
1.702130715 12.187245620 19.363732825 0.121120555 -0.369651159 0.225321830 -0.893262506 0.636381045 3.371870363 7.474698226 5.482120942 5.847975206 7.936623546 7.520622059 8.718492127 1.525365822 4.888426473 14.237850947 1.064719172 5.331866217 1.627973519 -1.346139853 9.234861164 6.754623030 4.861529857 4.381529336 -0.606432988
-1.835496748 11.366350682 28.974948950 0.014917490 0.199536017 0.887585639 0.414915148 4.562361935 5.904472537 5.544113050 1.953923076 2.618479200 3.763497747 6.428991636 4.071598710 -1.211056580 -0.038440557 4.548284294 2.623093253 2.362841952 3.979940058 4.303263351 6.647514811 2.851029561 5.183821152 7.213284449 5.213374056
-4.247748265 10.561978499 18.899159682 -0.109981865 -0.900778559 0.254471322 -0.334284795 1.941027127 9.590100803 8.793632385 4.693953887 6.190446049 2.330313134 0.988216595 5.749327063 -0.112877565 5.846831994 3.189370869 4.458987138 -2.735360883 1.938765086 7.460254987 2.140704365 3.541704613 2.644888848 6.960959866 3.246555205
-1.541613950 13.202919973 28.642861782 0.918787770 -0.032136624 0.307005613 0.246056547 0.954229535 2.057214684 5.652199501 1.149545224 4.316011459 5.313960725 9.178362667 4.308447708 5.581616753 4.286887997 2.847610356 0.504909961 3.032717482 1.287058291 2.365222540 4.128064333 4.624704003 0.239977653 2.005277767 4.770954893
-6.918026541 7.202731850 31.960844906 -0.840885220 0.295118278 -0.398395196 0.217021927 7.141160843 5.177699218 3.942630406 8.814518211 7.239685185 -0.469965374 6.032721881 -1.222845190 2.553113076 2.105529264 4.373135762 1.268082272 -0.100752821 3.759907557 6.557022507 2.548883624 0.591421436 4.573626309 8.203267555 2.935216494
-2.998245715 7.407630036 30.945739345 -0.252167089 0.209695932 0.920507447 0.212380354 2.995552285 0.313765840 1.753923751 2.949735081 9.287288217 0.295618841 -0.664726787 5.437930881 9.834711255 6.256548431 5.726600795 3.737989708 -0.311748830 4.679687206 -0.178985165 4.778430145 1.941585111 3.380576387 9.286697681 5.529452670
-3.532350290 14.215380639 25.663232606 0.035647555 0.483577085 -0.805369798 -0.340972057 8.143311431 2.420356312 1.220739866 7.294068297 6.225912142 3.136052059 3.144604617 7.862026264 9.399602170 1.991458293 1.634748699 2.539043897 0.044172131 6.409165400 5.750771443 0.437281353 4.521210858 5.166279586 7.036197225 -2.199043262
-3.911344515 8.094365676 25.897650181 -0.094894636 0.707924677 -0.685562349 -0.140861371 4.995881307 3.853776679 6.816621050 4.482242905 0.108123589 1.495712419 3.991701507 1.464107297 2.611330264 3.081572257 2.051939656 4.959483960 1.873720962 6.104583748 8.356326717 8.250264852 1.531889357 2.164519858 7.008530994 4.094492888
2.406841493 12.936844872 28.544459822 -0.041243057 0.667993329 0.720448446 0.181763469 8.414952044 5.543073465 8.446786679 -2.000396008 1.918622886 4.847241405 5.243238653 4.029373562 7.169313914 4.893740376 3.103054293 7.173737639 3.148923274 6.942167686 11.760691953 6.044036624 3.419120774 13.240614276 3.174172770 5.749253189
-3.971042740 18.633002294 25.616177151 0.177876042 0.422408054 -0.785381152 0.416062489 2.514824424 7.658153979 2.929036446 4.145324257 0.717301323 -1.021121725 2.926326272 3.906049736 3.946982219 6.184674058 4.928826840 0.105640076 6.569191962 8.343028740 1.020966946 4.846594708 3.149906373 5.957957551 9.375787609 1.664531442
-7.538156017 11.757328161 21.351437024 0.504054951 0.260400899 0.188273426 0.801668944 1.983642604 4.921621855 4.239428326 3.407839562 6.966169336 5.819620224 1.721157987 -2.365948307 4.498063542 2.164212076 8.328026012 5.852255634 2.036870268 0.767764029 6.846132884 7.645912446 0.719383294 7.735818672 6.418417215 12.287576101
-3.121540116 9.076611758 21.902712774 -0.145673484 0.527546513 -0.204267537 0.811633344 5.848615519 -1.994758544 3.880189519 -0.205223324 4.847379990 2.272795377 7.243372915 2.183056594 -3.292561263 -0.346916051 5.366236165 3.728772449 1.656541669 -0.175618849 5.096260610 1.187290649 7.997181690 6.125217058 5.615027106 2.665350589
-7.046125146 13.681565325 17.435170861 0.042311522 -0.027543345 0.402276375 -0.914125165 4.014907547 4.156361937 -0.728898984 3.007278809 4.727718058 0.079794486 3.111330046 2.592699150 3.176340818 3.442849596 2.539248699 4.170911986 5.433986505 2.825890797 4.935994526 5.605390722 9.416132625 7.071375751 7.014378761 6.858278761
-2.693577941 11.107039388 30.917984476 -0.104143500 -0.674227634 -0.141019418 0.717415328 7.184376487 2.406610546 3.668429864 5.957377773 3.752340737 5.220939500 4.977480748 6.041851352 6.214657235 4.689087488 2.355134913 7.331913272 -1.284385568 3.603561646 5.902841033 6.306955988 2.713920539 3.784978090 2.332494710 5.143237354
-11.409728956 12.637321440 15.580078300 -0.270209790 0.100705341 0.849380973 0.442037404 5.961015267 1.889357744 2.478238389 7.977916393 4.368518541 5.290628111 1.987433847 3.674245962 2.367812315 4.686557677 2.530265439 8.381263416 3.387368552 2.868510836 11.527534429 2.174469831 -0.251213274 7.324331931 7.066856089 8.238133616
-14.707646265 14.510910848 25.854811056 -0.844612677 -0.192936824 0.196817306 -0.458985573 -1.811802425 6.149694820 -1.795189130 1.383014459 -1.643448999 2.186884324 2.949235271 1.010615577 6.606920535 -0.435141838 4.654652663 3.776930652 6.074516536 -3.801137074 4.554686700 7.897487226 4.626384112 6.596513611 5.577621740 6.837839008
-4.193281802 12.814724486 31.870065590 -0.050508210 -0.631286209 0.701662884 0.326490183 7.296900229 4.573530466 -0.624421930 3.796095547 5.411321288 4.300676031 3.682212404 0.529526829 -0.404672527 5.233192621 2.972167823 2.717269361 1.203296083 -0.755809926 7.175414410 3.850071842 2.278683105 4.835547326 1.773350515 4.719832986
-8.967653431 3.854127947 24.266969253 -0.100903082 -0.732937801 0.528103545 0.416806181 5.672648342 3.545844919 -3.106557184 -1.301098151 9.805791444 7.299363010 6.383611400 2.650740901 4.916815300 3.698281089 4.162133818 8.221172517 2.159206488 5.169743655 4.522052721 5.787497343 3.589286060 5.287113760 6.916655475 3.680578857
-11.486446505 15.625777838 18.723109676 0.454892899 -0.872566043 -0.095935964 -0.149990805 5.002161901 6.438409881 3.132921046 1.612224110 2.213761388 3.324050094 2.512634948 5.064197952 2.477585874 4.297937101 4.618381134 2.192908586 6.489787171 3.285206634 5.820198678 5.034189252 9.296611632 3.731331885 8.593616001 3.431186829
-9.558317115 10.237989224 28.170560035 0.672398149 -0.147950807 -0.220533422 -0.690909761 5.407564221 9.171535928 2.877327340 6.595338194 2.713029972 0.972182731 4.058192352 1.536542611 -0.385341539 3.992243982 4.557070450 9.513189129 2.668924597 3.097415151 8.861663220 8.577130714 -0.221042594 4.535509915 4.513620778 6.043659966
-4.682185926 3.772400283 23.703358979 -0.399910741 0.227848636 -0.065658490 0.885350417 5.366402451 5.614512646 3.440477986 7.414668922 5.054292065 1.328412837 -1.062163067 -1.531766780 4.414636979 7.678086690 -0.510782455 2.839084897 6.986682683 4.075372959 5.786255738 5.842654800 4.692267948 6.295237544 7.431034977 3.122373872
-3.069364292 15.773301497 28.309338127 0.583189993 0.248767033 -0.291560089 -0.716238165 2.313363794 1.506563473 8.204275860 2.992437847 8.324157859 6.009869042 2.836048740 6.346026113 1.518567706 10.384644166 1.504224166 1.809540772 -2.071531357 8.083684886 5.960725939 6.654039708 6.700822945 -1.746808168 6.322251279 6.779803070
-5.554094894 12.602115715 23.542549697 0.243790929 -0.437507947 0.797138308 -0.337228850 2.530867340 6.765377782 4.406778393 9.712290044 1.536090365 -0.693030693 7.946009024 6.468231107 5.233319524 -1.492483621 8.394817127 4.862860588 3.363295074 8.697802973 1.574631439 1.927112681 8.377326532 6.699382270 5.242919498 -0.106113923
-4.697494124 9.512635885 23.996151165 0.341734602 0.541739043 0.675024998 0.366165977 6.810802283 5.775319709 5.582993414 5.470778274 4.943647292 4.039718719 -0.139502390 4.987880989 1.615675860 1.040143923 3.609240898 7.633033407 7.027073836 5.006962677 0.487346265 5.365240230 8.507717710 5.833178746 3.041145135 4.362860494
-5.670531561 12.568228490 19.815627881 -0.251425354 0.776961657 0.345957977 -0.461983715 -1.033743646 3.691608243 7.097882427 8.234555728 5.637062407 9.334182918 2.822625064 7.168991709 2.653412907 5.382617124 5.969604440 4.761176472 3.866993251 4.424767637 4.673685419 1.382765695 -1.187336541 8.017652838 4.924729676 8.906876341
-3.878538008 3.579652732 24.351767865 -0.291733156 -0.540760732 0.389586156 0.686070130 1.660836255 6.779935648 10.496641103 8.742032551 3.018167524 4.435526377 8.045645896 5.445470574 7.154630719 1.926721536 2.985005443 4.430453585 6.355514668 -2.374854355 3.669950106 1.005727933 3.964087862 0.924241651 3.248274313 2.667663450
-3.487476809 9.350682359 31.630661372 -0.659185037 -0.258377552 0.482271421 0.515878284 5.226232366 0.120459973 0.670043130 7.438827118 2.153130233 -1.511477305 5.201890415 1.609331457 -0.964137649 4.673936600 4.796953712 10.090862324 2.809902030 3.796544839 5.573804319 5.442065546 -2.052319145 8.259733219 6.409075422 9.792817744
-5.435319821 6.680350141 23.936289841 0.499658298 -0.222472410 -0.791361780 -0.273119288 1.966655913 2.420002062 6.527268245 6.539054222 0.677689590 3.719309728 4.593360298 3.172901599 2.156779529 6.333916477 5.108330905 3.698750119 3.664903088 2.778106503 5.245004670 -1.373198267 4.815787734 7.877820585 10.270054105 9.595937403
-2.022171548 5.283231609 24.923306181 -0.121610439 -0.625306571 -0.441236402 -0.632070432 4.393733372 0.904414458 5.451013422 -1.022729191 4.266456652 2.621046174 1.684213904 -2.752498994 -3.419404287 8.176631921 9.559924967 2.952504646 0.576432454 3.346623476 4.013048533 5.158300859 5.338008912 10.171337871 2.213642460 -1.070745268
-5.137621598 9.767997822 31.447781381 -0.117636220 0.282548011 -0.408298368 -0.860012084 6.628081107 1.165716217 -1.214592694 6.145156902 -0.090177273 6.981750194 -1.686433633 -1.818655925 3.034789678 2.556855882 1.069815591 7.298543379 1.426983341 1.452797118 3.174521515 6.089522861 1.973701667 3.838952727 1.542718592 3.990580257
-6.730779708 18.879794303 17.923297331 0.382121290 -0.437834744 0.515310152 0.629872610 0.575985175 1.467485455 -1.437693990 3.769986175 7.927374148 5.311286023 9.012790806 3.659589400 6.604924021 5.482389382 6.110757481 0.351736276 6.948130398 5.666022787 2.274253004 5.884856131 2.685130959 1.605729104 2.982909505 4.471468023
-8.961198588 10.104983420 27.629950735 -0.349210054 -0.337512666 0.263710095 0.833423376 8.055033928 -1.363828951 2.675280483 7.069946905 5.773773661 6.245875150 2.366334142 6.014435249 1.845122691 2.953302673 -1.364395171 0.937338800 1.951772332 6.256077897 3.941981628 3.874349445 -1.235317582 6.646969382 3.472166711 3.682994147
-12.422034689 15.073523501 27.599215598 -0.594560487 -0.006970080 0.357797896 -0.720020771 5.700401340 2.292280767 1.171501418 -1.380569969 7.230387436 8.352726349 6.584596239 4.808616623 2.214796017 2.065391675 4.083972686 3.649542589 2.479953797 -0.478210150 5.672635709 6.124126800 2.357490436 3.676839994 1.114278350 7.215325088
-0.780483806 6.297496058 19.876131013 0.845202634 0.518815021 -0.001105049 0.128305341 7.412115455 0.746337404 2.960692208 4.763627605 4.302853337 6.175625518 7.097719942 -0.106807004 1.585114564 1.034864452 7.434488905 7.190435632 5.158260743 3.507781774 5.421943620 -0.686988380 -1.741830882 7.638063658 3.601786451 4.265167358
-14.324783118 11.965887383 25.123408546 -0.038127464 0.968274951 -0.178862453 0.170288398 3.370955721 5.979364453 7.749720708 4.227625636 1.588206741 4.435792018 6.178901023 -4.643897329 4.323033220 6.684690888 4.393810465 5.705826655 0.560866084 2.600417000 6.874786142 0.498430150 4.330042818 7.715609860 3.602401257 2.735853755
-7.413152033 11.768963659 13.630086948 -0.380334510 -0.532973765 0.161272948 0.738427831 5.107500758 8.669908131 2.754242375 5.525251547 7.738249102 -0.997820027 6.523088321 1.148837303 3.376246989 1.061456034 3.679325713 6.931796581 6.556777156 3.371576248 5.734663505 -4.460013975 1.730158557 3.680335596 0.832986848 1.841614428
-11.258288307 13.311596534 19.373118734 -0.647268296 0.387125333 -0.549735414 -0.359122129 4.895894575 0.073973537 1.557327741 3.444871517 7.048034785 6.289256985 12.200252595 5.894941475 4.032797259 4.682518080 6.050764452 10.465330774 5.716813400 7.704101733 -1.820094712 4.647028899 -0.891760603 -2.730091532 12.268632224 4.543514221
-11.366297081 8.493855188 20.079788573 0.426221556 0.493718016 -0.578930389 -0.489302882 4.680361547 6.642894438 1.272384430 4.656984885 5.724938180 -0.253465078 7.494826358 6.541391733 5.635654760 3.562536143 7.858553499 9.829341879 4.235253794 6.922641003 3.913387657 4.973652483 7.747415046 11.289297014 -1.581256130 5.733126183
-11.796442004 6.992393474 26.492564850 -0.348593137 -0.678939469 0.068215728 0.642550104 1.814304546 5.333181560 8.658235775 2.716715741 -0.070623782 6.062547020 5.226161389 4.620650558 -0.528756532 10.871509080 2.081210703 8.153695232 7.462688411 -1.051386248 4.599660094 2.012576822 1.403415592 3.209489622 5.595519530 1.776581751
-6.535627761 10.322753305 30.518196741 0.391386292 0.165269002 0.358570030 -0.831222269 0.563052132 1.154147558 -0.607449668 7.551469466 5.958248022 6.286733385 2.243368075 6.322542894 5.422726052 6.583766345 1.865920007 2.654379566 4.595523768 6.738636606 4.030657753 9.029463892 8.733336920 -0.469798335 8.338860262 1.936663445
-0.800159673 12.110342072 16.998131608 -0.097054375 0.051117610 -0.341870880 0.933322956 2.612522371 4.728668498 4.842920638 5.040245217 0.738186679 2.842066961 6.627328409 2.791575853 5.440225367 6.487080685 3.389477734 2.600465358 4.905188412 3.853999355 6.708943782 3.521028719 2.577305055 1.524214277 1.977977320 0.900641192
-0.457509412 4.755212012 24.630773482 -0.656397599 0.157070187 -0.619061271 -0.401539900 -1.613355015 8.155502654 3.709645442 3.509685999 3.073402606 2.139983841 4.254044672 4.688563800 6.080311459 2.951918229 3.440280212 2.657760767 1.771377672 1.635386978 0.681418031 2.134378480 4.636983214 2.944315725 10.472945104 0.140305690
-2.074409816 16.898250453 28.188455066 0.490327361 0.490851177 -0.402070524 -0.597480958 -0.013759272 2.460239816 7.883408822 7.172257312 -1.236894182 2.436361940 0.554102422 2.309871463 11.170153975 -2.785889518 2.750382639 5.931147872 2.102915237 2.049243884 3.562330901 6.289647904 2.325520318 7.624002489 4.158421586 7.825678522
-5.653569854 1.602615037 23.677552013 -0.009206482 0.081476530 -0.984301790 -0.156290761 1.492015223 4.393545548 4.430108532 0.598145730 3.086074728 6.635846626 2.503647724 7.164891461 0.660214389 0.998428235 5.207985745 -0.755884777 4.475385143 3.078912769 3.718289275 -1.452630536 -0.396214095 3.951568582 1.832134291 5.604138162
-1.763130030 6.612246978 26.367664727 -0.402278842 -0.370377930 0.286475485 -0.786717051 8.539460813 6.180882844 3.663850783 6.646735430 3.477248526 3.672782425 11.214629574 6.961130628 7.442574908 7.633990401 7.393867929 4.501804996 6.166594280 1.903009279 3.212171771 3.364586325 4.719290319 8.497838651 8.518635834 2.498859562
-4.077852151 15.012764959 32.141090877 -0.446915353 0.524623020 0.358817222 -0.629513746 4.148983752 8.436707270 8.839577564 5.878759865 6.347699543 3.873901503 3.016767104 3.822325624 0.617701191 0.981783197 3.585110994 -0.584147774 6.759958802 3.245014897 2.663743189 9.961829593 6.954562260 1.281357070 5.279151090 0.822769598
-8.604929946 9.581090790 21.166273280 -0.229813937 0.426098244 -0.849639682 -0.209136921 4.669536532 1.187021998 2.102335700 2.847899677 7.159731423 2.245765702 -1.853388965 8.800314827 2.615445932 7.762996445 3.907775543 5.408228744 4.577606993 0.517059667 4.537581577 6.345522618 -0.912503910 1.386528731 2.342088755 6.158230023
-12.491507424 13.243818363 25.255358622 -0.889006794 -0.433291149 -0.045514076 -0.140904822 -1.576216288 0.071346851 6.088339055 2.725551957 3.399633300 6.317048437 3.379082303 1.999863069 7.883369157 7.024884844 -0.860354243 11.591700030 5.305590463 0.333908873 11.579984164 6.956725915 1.163741504 -1.362278266 6.255773675 0.105138795
2.138515153 13.397813697 21.772286513 0.339299134 0.404310174 -0.710831923 0.464894997 4.709225546 4.067844239 5.869725630 6.102921727 1.788289472 4.548607845 6.526167678 6.171637097 4.410502909 5.649479653 6.328984577 7.966759840 4.734415527 -4.501999650 -3.548633636 3.524358310 3.268640619 3.513744457 10.856715525 -0.258364630
-9.447171044 11.311262722 31.284966177 0.499858454 -0.628180268 0.557620329 -0.211164975 -1.024377190 4.307495030 1.819264739 2.303567140 1.050854436 3.505827260 0.913157799 5.565690483 9.205249208 5.839965793 5.929724361 -0.053928951 3.469199963 3.145999733 1.565728869 1.591697146 4.608748260 5.876450927 -1.953926449 5.553923233
-4.503421563 12.585691100 31.434219498 0.801495298 -0.336364011 0.492828352 -0.039808979 11.407220065 1.243158362 1.870429424 1.795872813 2.700329893 0.645756176 8.551063471 7.570142320 6.162589954 3.003346292 4.811783310 0.699348162 5.586263567 4.497567670 3.907936784 7.640442910 6.399780030 2.745666084 9.841884910 3.346799796
-2.943597615 9.726557558 24.645409113 -0.578706731 0.302406559 -0.740232123 0.160328402 9.704947973 7.584550760 4.564769654 0.816485017 -3.006370021 5.920511327 4.494453786 3.918698388 1.737222605 4.511424376 0.526183560 0.479783137 7.018412626 5.034649728 0.762429151 3.302907070 5.281058619 3.943823087 6.465461754 4.824847854
-5.508840087 11.345281168 14.631843378 -0.555156540 -0.488118637 0.671705650 0.048507025 4.088175338 1.307115532 5.767133914 3.697497542 4.768030452 3.304223529 3.999772688 2.852044341 9.734594671 3.665917936 5.894498709 2.584115668 8.097420607 3.002114054 3.772840663 -2.393438553 2.521327755 6.007478087 0.131034337 7.929493841
-5.325196533 16.746625552 16.863840159 0.836931123 -0.517672120 0.169273918 -0.053927843 5.767680070 6.181396512 2.522011474 2.996930361 3.588027789 0.653649174 0.518164666 8.392186267 6.700066890 -0.441499745 6.455675074 6.259394243 3.103322899 3.407833642 -1.271849402 0.082438156 4.397167007 5.624784344 -1.324698169 11.650562817
-3.549981026 3.265136816 24.614238550 -0.509780352 -0.566427901 -0.233173648 0.604080686 0.485911791 8.289959422 3.733226858 0.722988841 3.523592380 3.532418460 6.721897036 6.783895886 9.909644961 6.167410262 3.605700881 6.979938043 1.527892845 -1.314293271 7.008263290 7.848675500 6.830456028 7.536437305 8.628876240 1.120231976
1.903948144 9.603453868 24.943411485 -0.340583156 -0.113449029 -0.625171737 -0.693031551 1.019419472 3.610584964 1.713624249 0.452659285 4.445391377 -1.571560733 1.350516385 7.224659397 5.457123835 4.839022471 1.009273831 1.223896045 4.502350958 5.659620708 5.892406662 -1.273727024 3.779120817 2.339410272 9.877999439 3.156179347
-2.854971684 5.648302269 24.002001910 0.859587715 0.137289309 0.491856638 -0.018375351 2.257197896 -1.587499943 5.509423190 -1.470320271 4.407809762 -1.958925928 0.067074725 5.922063512 3.969519385 9.174057869 8.898938141 1.678794045 0.639606779 -0.365961337 2.313136112 3.814936823 6.641363678 3.131853713 -0.325947331 4.876996179
-5.984482841 10.413683357 26.917594809 0.859977221 -0.476009123 0.109449912 -0.147902707 4.020723641 0.603133672 -3.375204679 5.599747880 5.316351547 9.123746560 4.127024772 4.003577927 -0.999078647 10.531780778 4.569237821 4.353372457 11.476851939 3.392916672 4.717874946 -2.274120978 2.689829869 6.586213280 3.700999421 0.385796542
-7.547895265 14.338006984 28.626715573 -0.577064237 -0.153332232 -0.772323667 -0.216800012 6.188198178 11.187077890 3.942856316 6.767965918 4.097269204 -0.647395878 3.594904442 12.401825301 3.863591676 12.504066889 4.362593108 1.822673950 3.650838552 6.107914732 6.236097185 2.380119511 9.363399411 5.432857258 0.539465442 6.080691275
-8.914776920 2.664165781 27.232010160 0.757345271 0.070777568 0.404579057 -0.507675549 2.719469304 2.722988154 5.473372401 6.140029487 -1.785833410 4.647471351 -0.456682298 7.109675934 7.377271652 6.260612330 9.819381057 4.854184693 3.895380755 2.283615867 2.117988931 7.892476562 -5.305139429 5.991012251 4.522732632 -0.970639549
-7.485319459 15.906151974 18.217359231 -0.993223634 0.031562663 -0.024526081 0.109128745 4.506206371 3.536056809 1.405565624 2.853853645 4.028365087 2.355270883 9.177584556 1.833115229 4.653383788 4.408016260 3.303696664 4.066264533 1.188806974 3.771824516 -1.823076625 0.360097292 7.443436986 2.503736234 -0.395313476 1.149945036
2.682277800 12.033090214 23.800982475 -0.561789051 -0.793133539 0.166302897 0.166359847 9.916884781 6.270001940 6.330927757 4.282699278 5.605156789 4.755550651 3.873957773 7.606790241 7.849762517 6.332422296 3.824000738 4.873208104 8.332289325 -1.402920721 -1.560332686 6.837859993 4.607371784 6.719359579 6.034418474 -3.125562118
2.806887249 13.811230679 23.202380033 0.145502992 -0.144506052 -0.971961764 -0.115053070 0.784151852 3.358760197 -0.454354578 0.569195067 9.804132850 4.199147266 6.252164547 -0.590042707 3.821233689 -2.692888301 6.671778270 4.918890615 2.258121903 5.974928393 1.509969672 0.223459066 -0.283712320 6.009896715 10.222804653 4.419187494
-7.025816828 11.195523105 30.170547547 -0.177865796 -0.195852744 -0.939740700 0.216547634 5.841275108 8.676288782 3.514556135 5.526373657 -1.730248606 -5.378286279 -2.017910705 7.932897871 2.044372966 4.608061123 4.380219199 2.164544880 1.454741990 1.749322930 5.823380833 4.462891460 -1.856967118 6.983759126 2.818121580 -1.539683227
-5.393675385 17.676319713 25.268406128 -0.487754064 -0.730460994 0.316429554 -0.358322546 0.441197221 1.590415564 4.930717136 3.732297492 2.528505629 6.608998301 2.859275802 8.701288653 2.251944527 7.646700774 5.988533184 0.633461212 0.745347216 4.673851345 4.715070822 11.610115094 4.970725941 5.788508689 6.033854778 6.112328921
0.939495148 8.728081228 29.465345874 -0.794894054 -0.482355920 -0.190604351 -0.314874881 7.891163676 7.790628053 4.293975920 4.507936632 3.648657355 3.390042935 6.022373176 2.543674670 3.492469072 5.039509930 5.732693748 5.461249031 4.718844404 -0.270693660 6.718521238 2.578530378 5.353785664 1.362436635 1.168014284 0.799406901
-0.141361041 8.929740459 22.754534934 0.372453231 -0.303794215 -0.110836854 -0.869886692 6.057879750 6.201504483 9.768552046 0.824403204 2.936236947 0.271326464 4.666167050 1.166828048 3.454484232 4.048840148 -0.341727313 0.668923737 10.393757009 11.090922178 6.546098668 3.367545712 -0.762113733 8.046399642 2.815536589 0.574322026
-13.985926699 11.004849777 23.023956546 -0.124259379 0.382054435 0.687090372 -0.605393125 3.574618210 1.705047456 8.150581130 2.684473023 5.776028348 8.505036473 0.493653432 1.038268486 3.938562612 -2.254493426 6.298090383 8.889605009 4.540768447 7.420162309 4.173975401 2.958305347 3.178915661 0.005072780 10.780949602 4.873196827
-6.871284436 15.367969266 14.999426049 0.184657569 -0.770977007 0.609448272 -0.008297053 5.858619127 3.987562061 2.902781272 1.448957642 3.860424329 -2.556269869 3.700292856 4.320977784 6.163690548 -3.167577803 4.194637200 6.671196984 8.055533235 0.573410744 4.082053206 3.908526836 7.367628847 5.969334110 3.654174942 -2.478565749
-1.971001089 3.907658417 26.501317522 -0.766576438 0.224948162 0.601381012 -0.009988393 0.273620229 4.670978073 8.558638064 4.425336571 3.016106339 0.497355021 8.746746419 5.473007170 4.759851334 2.147402586 10.133319168 7.536184000 3.959034842 3.371392501 5.287777568 4.693306797 3.409378950 3.368034553 -0.305831162 0.043993076
-9.790312702 14.283768154 15.734433408 0.049325392 -0.210806148 0.620369861 0.753836195 2.361141090 5.789280536 5.985775506 3.175093689 6.858490787 0.901381499 0.979135365 8.354157744 2.709718429 4.866534083 1.527089115 9.965026417 11.020590395 0.709366157 0.481949159 7.981675798 0.707409263 4.721315873 3.282448891 6.938214594
-14.426647991 15.603277675 23.361074815 -0.926601275 0.282092913 -0.168666008 0.182716838 4.188767100 7.850956909 3.027790811 2.915393008 1.985540461 5.115520021 3.981457352 4.554420222 6.929737760 3.310073870 1.881330457 1.398614674 0.299209717 10.078805869 5.760458431 6.711003870 9.107648626 6.373105106 3.972971988 2.113488166
-9.123991154 10.550703161 15.807413657 0.946290035 -0.057043142 -0.108329075 -0.299242478 0.932948403 7.177293646 5.864861332 2.238487585 3.355624634 6.108182548 5.469196855 3.306211331 4.219036502 2.461156871 4.637045488 5.323437570 7.604540371 3.891877160 2.607982067 7.107654060 3.112489118 1.931246032 4.586755349 2.505608190
3.327281355 11.063589379 26.455775760 0.529955211 0.601082179 0.365920816 0.473233182 6.653919469 6.669277371 6.331446584 5.628960464 3.048117108 -0.893806345 7.446669774 9.236939497 6.345703190 5.028225503 4.125877369 2.831826514 2.668555731 5.627128306 8.706696837 -4.395658554 2.991339446 0.954951518 6.028271524 -0.091157412
-12.291236064 16.517925113 24.601935364 -0.234763358 0.555387267 0.739485401 0.299320049 5.811896279 2.955167174 5.611527098 3.918612140 5.602057283 5.249820047 3.344343992 3.270131304 5.696737014 7.730906719 4.181671922 -2.016693337 2.221360782 1.430822503 6.214490499 -2.520640278 0.609124221 2.054249664 -1.416045907 9.148779960
-2.461632372 4.722220667 17.603754682 -0.325133537 -0.311428565 0.415054019 -0.790588764 -1.133257384 4.330739752 6.199611677 2.799587846 2.633566094 7.730510254 2.962776444 -0.403426366 3.834518887 5.402338672 0.972763071 6.626614502 7.435863550 -1.502281636 7.017733618 5.551225449 6.876382122 9.574271737 5.199663851 3.970023639
-10.570365163 15.713609711 29.997750269 0.439203468 -0.728494111 0.315507736 0.420537171 8.555389886 6.610327399 6.454283235 0.163665152 3.671978216 2.253157320 4.296268194 2.414668561 1.652216366 3.218876632 2.513001427 7.694631510 6.264740623 1.485044535 6.753704452 2.524264767 7.834266297 4.727662107 7.772228637 2.877115077
-2.960573233 14.737915929 21.572578562 -0.426939392 -0.697835880 0.002352721 0.575101995 3.841599918 2.594320511 4.692030362 0.510370074 5.370455828 5.652891781 1.356048223 7.141964623 5.880042472 4.215414898 4.311658532 3.304939621 9.306337742 0.036949674 7.749049425 5.151886219 1.980324298 3.350074260 5.209891505 9.976845706
-5.500364173 12.449633763 15.666546041 -0.023729030 -0.856457698 -0.401261342 0.323892700 5.079382602 6.540310854 1.539035421 6.402699401 8.715287594 -0.832528939 8.535396815 7.760853876 2.624378027 5.256535867 6.627274388 3.992069002 3.099042129 5.437989540 5.424996329 1.264166728 6.296173998 -0.710669287 1.385550244 -0.244854729
-11.695820909 7.454898413 17.992023151 0.508751240 -0.022236885 0.286059507 0.811694311 1.304281451 3.110277839 6.046391838 6.219202850 0.372067493 2.224848006 -1.480805096 4.922697332 3.594048384 3.502417926 5.063645308 2.073866634 6.379979141 2.832796632 0.957032029 5.752118982 7.448775729 -0.928260036 2.135754216 4.773988462
-11.976296805 7.471120393 22.738856856 0.142168318 0.344178972 -0.118083587 -0.920535318 5.713123608 5.921515857 9.448627411 6.860433758 6.152924143 3.486353162 3.956221301 5.081041377 4.022314867 -1.611471090 -0.171951489 0.865945841 0.544895765 1.869774548 2.909759136 4.191474707 3.768066643 4.861182806 2.180565296 0.957773447
-4.812118345 5.377687387 31.319739068 -0.802929341 0.116572140 0.541079864 -0.221241927 4.745843935 -0.707279607 -2.105421534 2.607255149 4.000531322 6.300927325 7.362989065 4.000893474 6.042184724 7.327126125 6.906518510 5.271834738 8.150275829 6.361089860 5.095872285 6.131597865 1.317885433 0.207123839 8.801284608 6.014852045
-10.313834903 10.734231825 29.462622945 -0.589114668 -0.553422366 -0.481807756 -0.338421157 3.031688213 5.301673244 2.431416117 2.784846503 5.420486072 8.914689623 2.091868117 4.014426367 4.857563085 4.825411454 8.873819023 -1.515997555 -0.795951816 -0.338347938 1.391860493 2.923938527 5.668911356 4.016929086 10.590779149 7.561886621
-14.117237954 13.327092802 26.270248240 -0.674786358 -0.119468443 0.728210003 -0.010042590 4.763564961 4.710443202 2.789696621 7.868964851 7.154862519 3.529438587 4.735649384 7.284655640 8.333279185 1.123284430 4.740041734 5.820690963 5.813979356 0.324795621 5.036261439 1.599057070 7.966769148 3.483459213 -1.004367421 3.202455846
-4.542848685 8.292473649 28.291265774 0.993323745 -0.018976771 0.064219235 -0.093934603 8.303611360 4.819141386 4.061638404 3.816047090 -1.699222315 2.073432684 1.460921764 7.158241189 -0.404124565 4.258244440 7.093392579 -0.322588969 4.653572145 3.337785753 3.609139426 8.189797176 1.725731109 6.058691183 2.975576025 -2.020703383
-2.286199011 14.629218238 18.764947273 -0.510124832 0.178075314 -0.226945302 -0.810282462 2.105062563 7.536062900 1.777633363 3.666668776 4.051993360 5.457640653 7.171397183 2.275804206 9.565006562 3.801419039 3.407602440 3.142508707 -1.707574024 8.699883388 4.783556342 6.436285908 5.142088919 1.444362725 1.261326965 4.150473083
-10.652543747 14.431274363 19.603674224 -0.297899590 0.523719683 -0.761244919 0.239749247 2.890955425 4.661983705 8.967825758 3.777194803 1.381367194 4.060216011 4.010397296 5.694585445 4.131464873 3.121540736 6.528261008 6.224055275 4.733750925 5.389152073 5.835550992 6.509821296 3.131059801 4.307784879 7.378778620 3.669475420
2.803289061 16.000057889 21.763112929 0.289955994 0.354998931 0.291777266 0.839504203 6.804742890 8.236902913 6.458867747 0.224224505 4.662815735 0.242366876 1.127036793 4.454371286 1.458319411 2.380174042 4.654308538 -0.616601806 9.885551320 3.310283944 1.585359750 9.851718307 7.167207825 6.650339128 3.707379669 2.108630257
-5.435769681 4.895312462 27.335223361 -0.051586600 0.214643220 -0.799654833 0.558407790 7.546231561 -1.277457892 6.870596560 7.774315177 2.509462301 4.816710695 1.254272369 2.590835649 4.195322347 -0.842487093 7.580964769 4.167706707 4.121405615 6.426891473 2.900123367 6.136817635 1.674084479 8.967007431 5.079134506 4.121337695
-5.648432994 9.540402788 24.529359248 0.109096438 -0.032231648 0.561884283 -0.819356540 -3.694152455 8.816645550 5.884545381 3.523785436 5.514046256 1.387526490 8.843008144 9.491004364 5.124050855 -0.303028151 5.011016643 2.857686285 7.843001842 9.210175228 0.085116975 7.139210599 0.898468279 6.914403220 3.705460848 9.211723180
-2.511703241 16.076083975 28.380383234 0.040047526 -0.538034416 -0.417891653 -0.730945777 2.852915496 0.978566578 3.014065044 4.108805879 3.366464478 5.663921931 1.172206509 2.093779962 2.667020961 4.382419273 -1.970082226 9.410796298 8.384262531 5.468652522 6.372330760 4.791489526 1.956512512 5.916820037 1.826593832 0.596537318
-5.485913404 6.604182585 29.230550066 0.800676554 0.157413385 -0.419041319 -0.398173900 3.866417822 2.996370997 0.030890558 4.656920138 7.322731534 3.117465067 -1.544887302 5.931162714 4.786598927 12.202329147 7.306304906 3.386786322 4.611752537 7.871235084 5.662631760 1.591858204 5.338146314 3.651147978 8.472483067 4.023752484
-4.282322432 14.686236609 27.983568053 -0.374364555 -0.224243113 -0.895978103 0.082398087 6.181563433 8.696732881 4.830541632 5.284188858 10.898525225 -0.517371028 6.827659661 4.332691303 8.897634584 5.439918984 6.327564331 -0.808707758 3.420936420 3.624080767 3.477868385 5.094171162 6.089377356 1.822469961 2.781529993 5.358044799
0.433104194 6.815892252 26.360219602 -0.616448628 0.526091331 0.089267500 0.579008042 4.268259772 -0.538711511 -1.042166369 5.419996340 9.461676321 7.464183496 5.124866909 3.430747797 3.646224988 4.009316139 -0.436249349 5.831004341 2.124734043 0.044505955 4.152904878 3.187259289 0.207293059 8.918463782 5.980601564 7.184010344
-4.603493751 5.088938591 26.971979869 0.714147306 -0.235730509 0.391670146 0.530112487 8.805691697 1.707946827 6.030702441 -2.555973091 5.605105645 6.961313779 1.911011719 -2.613233973 5.325471359 4.740483358 -0.855224517 2.784113486 6.464698433 2.990614288 2.478729393 3.688783707 1.873875426 3.953101729 3.368330272 2.033931429
-1.780421808 9.359426956 20.857018796 -0.986290212 0.160665850 0.029860436 -0.022944627 6.821934566 3.250617273 2.274060520 3.343647199 0.055379681 6.156640393 6.636149860 1.003782462 3.370959018 1.747588263 4.746672190 0.780217335 3.954699717 5.700669271 2.784473839 2.173194592 -0.254910034 4.951171962 3.403733636 3.458562551
-7.206770015 11.465166184 18.264866083 -0.338556484 0.867679420 -0.274956587 -0.238559858 9.532493032 6.612366546 2.557168602 -0.755218654 4.973788879 -3.029390663 8.039087640 6.336988270 2.785767304 0.645990278 5.714935048 4.111665962 4.869842874 1.010232536 9.272155166 1.757497932 3.870520975 1.809319549 2.414483916 1.229490760
-11.199797519 6.030595991 18.670964171 0.086795350 -0.704933782 0.537983473 0.453991974 4.628395934 9.476412778 6.265912071 -1.684700898 2.021523516 1.517260212 4.286538044 1.094389285 3.829031458 5.947629297 7.347054460 2.412700611 2.298529964 0.913520249 5.113468096 6.412029533 1.208409671 1.537696569 -1.707527024 5.032311845
-4.976786440 9.568743216 26.788817890 0.223776671 0.456018495 0.739858648 -0.441112588 5.186697463 9.394993992 5.980576950 4.031627298 5.949751697 3.736341777 1.525592675 6.105525315 2.082378140 1.092153455 -0.940984322 9.370705494 1.090989773 3.896162955 4.025553409 2.063856362 7.487717405 3.778429935 3.773653255 6.151491238
-6.166037205 6.210682781 15.097593611 -0.791661405 -0.419948450 -0.105699690 0.430979227 4.916955208 8.199645539 7.668611050 5.427820832 0.045460305 0.092689615 6.614107667 6.636418954 4.565371555 1.015097390 3.698246601 -0.338349679 8.622764865 9.436359068 4.314185519 4.975667392 8.449833289 7.015777181 6.265499065 0.628057791
-10.533865342 5.401779133 19.533487857 0.318023551 -0.807526762 -0.379204441 0.320882441 8.608381740 1.481602069 5.785334804 2.759136611 -0.003088239 -2.119805612 3.840191726 3.577430351 1.984213910 6.641458968 1.015768569 4.253929456 -3.895500731 2.684795899 2.514299009 2.409748356 3.608700985 7.219151099 -0.426912699 6.698819255
-7.622429285 8.570898111 30.949043343 -0.222309116 0.844469123 -0.444193891 0.200355544 6.542208543 3.608225718 -3.005397012 0.917717626 2.339003752 -1.116562460 3.690055629 -2.696092096 1.909206858 -0.630801619 4.139523790 2.652467536 2.336393878 1.792710127 3.773741293 5.332023079 0.099898119 5.544927126 2.432177672 3.550386289
1.246459970 9.808529788 29.872501658 0.022480073 -0.748179028 0.653475266 -0.112662614 0.376164907 2.809023756 6.171142559 4.768658891 6.549789881 0.945283046 2.170245609 4.317452156 6.086075488 5.477845687 0.911270407 4.147774511 2.127313954 -0.168274271 9.876729865 4.019022465 4.027824979 2.677901090 5.198295932 6.672944563
-5.344190242 4.308399132 16.352585883 -0.281555422 0.018050093 -0.796395721 -0.534934195 4.921534654 2.554631155 4.431894923 2.768082652 -0.288212761 3.637186162 7.547482588 3.759822137 2.137297388 6.567541629 5.689206048 3.118725794 5.406979879 1.100104604 7.369780308 4.234921440 1.881876545 1.693391859 8.435532647 7.785150151
-5.943144345 6.468537634 17.797358736 0.162219852 -0.643918954 -0.192337734 0.722536709 -1.136911575 0.235269585 1.809229914 3.429392633 6.038797959 6.194917693 5.914760196 6.008291365 6.114334131 6.137708589 14.334374804 5.985277957 1.320890294 1.553862807 1.008362509 3.649811570 2.730200064 8.262026002 7.772028283 5.562357054
-1.327792149 15.442506905 22.055559845 0.949065335 -0.184620657 0.154480404 0.203287991 1.558345426 4.609951600 1.469818671 3.622144674 1.871727444 6.085457090 5.595204490 4.908040654 3.509055355 2.963379548 6.929163834 3.513379739 1.017206676 9.252655628 7.284198324 8.791152433 7.656308101 5.355724039 3.001702509 7.605741130
-2.983374724 3.177319101 20.473704709 0.049429908 0.211455316 -0.082745439 -0.972623527 4.902236718 4.130426994 0.624998919 0.440334069 8.164343892 4.768481622 8.894982513 7.807686855 6.827572401 6.368188625 5.906274472 3.163577650 5.944470698 2.555461477 5.742586195 7.631141062 0.432141304 4.011678488 6.398391277 -3.350245985
-4.268144520 18.210268132 21.025491559 0.397147520 -0.583056637 0.495018553 -0.507223262 1.661824772 3.946186358 3.599552439 6.968249643 5.036151532 1.243526122 3.804237972 3.431467386 4.370992623 0.453147085 6.876350229 6.379200998 9.625332913 2.068276450 6.003246344 0.578762426 1.501270567 2.226059993 2.112496509 3.471682832
-10.911528871 18.463549736 18.757415712 -0.533136403 -0.073615217 -0.417830301 -0.731959163 0.100854931 1.178396311 5.472630925 6.333925225 7.380193165 3.789208454 4.502885938 13.486538332 2.571424055 2.608812097 -0.979245925 -1.819607755 3.353124586 2.128434208 8.994530376 7.011031320 1.317511525 5.181260989 5.244693132 5.118991943
-11.410047579 16.573324414 27.593214786 0.422872821 0.469961763 0.604916391 0.484139111 1.396442657 1.327437087 1.699670514 -0.872589118 5.471839069 6.361513688 3.423401582 -0.421493333 2.204125089 0.992178913 1.412048806 2.103036501 7.438513326 6.619113518 4.840961030 2.796636278 7.779589416 7.473956952 -0.456222609 8.634019085
-11.693374878 16.067861392 26.571612974 0.458948031 0.584082021 0.404664498 -0.533349361 4.604409896 1.587027493 10.361571963 4.919739056 4.083991696 6.224888322 8.077243831 3.171884124 1.331232604 4.104353395 6.157214451 4.072256555 6.227303974 5.148815695 0.606640964 4.957386416 7.258189412 7.492942438 4.069426875 7.911024157
-5.433610485 2.578447941 27.786814511 -0.531354111 -0.392068051 -0.515594604 -0.545992359 -1.820382092 6.900787175 4.602866036 8.265588401 -0.120708939 0.287130971 -1.160975645 2.563590677 7.994620132 3.599669614 6.279807678 -1.048117368 5.013088178 10.048917963 1.938559586 6.588075706 4.716636238 4.896133172 8.611342890 5.913164221
-10.074492188 20.228275007 24.622707806 0.616911396 -0.721344298 -0.010000122 -0.314615213 4.886094124 7.336119189 3.178096681 0.807829947 10.744752068 1.517934114 2.448461241 3.287237513 4.651081033 2.833161526 0.692796871 -0.232133034 -0.189459158 2.569552420 2.949461846 8.584707260 5.990658483 0.874602223 -0.118627116 5.791526541
-9.873244517 13.912694752 15.303635118 0.629001514 0.311924320 0.614019156 0.360611689 8.977373153 5.682138243 5.173955871 8.232974595 3.904397759 -2.795524622 4.223178318 3.980766595 4.331903671 -2.902266010 1.408666791 1.239956680 6.016227103 7.026342404 5.512969522 6.673376242 6.060675468 8.062262249 5.364996751 0.684141819
-13.379750064 9.470085757 28.664022427 0.488228645 -0.654282251 0.565816501 0.115754974 0.611203363 5.698811646 4.444290640 7.747887446 4.801125399 6.091258506 9.932456418 8.160882221 6.313648141 6.098839353 3.022152154 1.931728650 6.648928673 4.923774289 -1.337785534 -0.968116051 7.324806702 5.075628533 5.781413284 2.387212308
-7.751367665 9.994417954 25.929180934 -0.739738523 -0.258314926 0.320490022 -0.532302981 2.125911944 -1.080397478 5.609836019 5.565027331 -0.645884119 4.859238231 -0.496659019 -1.928378846 4.951078569 1.997213200 7.361658121 4.507977079 5.028092170 6.580245802 6.668155755 2.248316694 5.905577703 0.244110089 2.531112548 7.430130883
0.613243407 16.075913688 25.895745508 0.040713702 0.067759866 0.898722971 -0.431332837 5.821227152 2.975374501 3.783851815 3.029074610 0.724308698 7.609792657 5.111514672 3.674982674 3.864512584 5.559040832 -0.883269424 -1.888062814 9.407795573 2.682045190 2.055365267 2.179312493 2.033593974 5.622143929 -0.011239195 7.290222397
-4.538408242 12.109254840 17.932539768 -0.540524559 0.563245860 0.284707031 0.556353493 6.776605748 7.352894348 5.852691512 4.757665497 2.272479802 10.188624128 1.905613176 -0.291265410 3.332449842 6.428998914 -0.207884566 8.348908331 2.169721082 7.583239368 0.482541920 3.501588912 5.708588053 0.063492052 6.853850268 4.251639332
0.589003927 8.295633053 16.960478785 -0.503452207 -0.650453354 0.536810206 0.187832672 6.087304490 4.981398293 8.627051127 9.126744455 5.062977781 6.794977374 6.562800356 -0.217343046 3.535144711 7.248516857 1.883050052 -0.815562850 6.495191031 1.640620017 0.417191944 3.576263483 10.291997553 5.261421125 5.547918189 5.515710831
-10.853671911 8.347578472 25.529141501 0.736707253 -0.578477136 0.224566528 -0.268694065 7.794873535 0.687272898 6.466601379 5.430456086 3.831346501 6.351980593 -0.507810355 5.322957474 2.308569102 6.833248277 3.777030089 4.824791503 8.258544733 9.394599198 5.429392097 6.934259560 2.090627267 6.236084447 0.916553523 -1.798350301
-14.126964467 9.034722406 18.421109730 -0.435939266 -0.167525033 -0.359607405 0.807821041 3.986414486 7.227508058 4.725344535 3.132116609 5.314514093 6.102810791 5.469401333 6.034714321 3.661554208 2.905077290 6.356181741 7.248254547 1.005159387 0.623245565 4.730241723 0.745935307 4.557972652 2.383089406 1.760588330 6.699872544
-8.597086013 3.015170428 27.082436865 0.709524795 0.679595625 -0.123235969 -0.139775704 6.149275926 -0.913632526 1.545326161 4.471162432 3.423786264 6.810333749 -0.993039374 3.426605862 5.088438106 12.679842022 3.596977953 2.311849393 1.843965189 6.502821344 4.009011523 5.501850818 5.249220992 5.199007899 5.422649984 2.439502227
-9.150921119 13.294923212 19.355408834 -0.077501751 0.300554588 0.811187509 0.495616023 3.347351154 2.044400030 3.619690634 -1.219249340 4.462283858 6.096002358 4.652807526 7.044208317 2.003358987 6.406611872 3.007255874 2.977194781 5.673528014 5.764982616 5.053593427 3.384020315 7.577041361 6.744045706 1.896393436 1.543273231
0.243244960 13.944974413 24.037510775 -0.312270205 0.517365706 -0.766707943 -0.216746339 3.184555730 5.713301406 1.322077926 3.638965721 5.235344002 6.024245736 5.840648010 4.523453232 4.697242385 1.864844254 3.419562535 5.703268897 -1.122603134 5.109292972 2.068795418 5.169719811 2.294086253 7.369471913 6.236803071 4.470354705
-7.662598341 8.318963895 32.313621863 0.332193612 -0.309880514 0.488033943 0.745281384 3.418564125 5.563062865 4.792516460 0.814544952 5.888579430 7.874534489 1.348045947 4.500161547 5.039461132 6.620889208 3.144550338 -2.011552981 2.279301579 4.654268171 5.728645522 -2.228451149 7.395836428 2.858509284 -1.720671819 5.218932984
-7.208733901 10.694304502 18.758276083 -0.309178548 -0.198001857 -0.249750078 0.896007136 8.577427671 6.257719497 6.608951434 2.404493369 5.453752317 3.380107243 7.450205127 1.462633591 11.415984187 -0.154611625 1.640545247 7.342212369 2.713206673 -0.944960858 5.727211396 -6.506067136 8.811340472 6.359783575 3.303937404 3.851805676
-14.642308070 12.371716459 19.723585374 0.556254879 0.794811664 0.208823819 -0.123480933 1.642508678 5.037717396 7.116619133 7.364132386 9.599716833 -2.952194682 7.692479361 2.553076885 6.754085864 3.959548619 4.248351492 3.845210400 4.379140777 -0.168364267 4.422002216 2.695164468 7.466932970 0.993143600 6.168074120 6.870980348
-5.876525221 19.475111128 18.107547338 0.089269344 0.589373418 -0.657363830 0.461023593 5.462130696 8.217847391 -1.665143562 4.143265426 9.522928351 4.226920970 8.248146189 4.257550419 0.743694829 1.900097337 -0.153277138 4.732574794 6.769974900 6.217605112 2.782667319 12.667582591 0.368294936 6.140269496 5.271658757 7.840275502
1.345345980 10.246875189 20.434514208 -0.641979227 -0.104163069 -0.121874030 0.749772931 1.713299292 6.641950264 2.718942045 3.268542439 10.495758337 2.730493853 5.202031562 7.379821072 3.791844896 5.468610736 1.464776562 -1.290892109 9.238322400 4.429003881 1.241162169 5.477306130 4.619721702 3.863687045 7.136236010 2.182353736
-3.499155963 10.722247884 22.550848008 -0.442485087 0.506329070 0.470656473 0.571244523 5.561853543 1.350079394 3.527493251 4.871823459 5.335977051 8.242477696 3.523840683 3.637727722 14.683949848 3.013549621 -1.349192492 4.303959425 2.000878638 5.287146912 11.403931103 1.839718203 6.608887528 5.691791915 8.118069705 1.068939157
-0.529289661 15.482474462 27.436552221 -0.207084630 0.084198343 -0.671697166 -0.706292795 4.642140064 7.518854824 3.697045753 -0.771009869 4.187093495 5.010255798 2.202893219 2.248352189 3.846103139 -2.182975318 4.754254939 3.451206523 4.352152649 2.658789999 4.902068328 3.673699365 3.901769177 -1.578744875 7.467478114 4.273219253
-10.777190766 16.967509287 29.411379817 -0.324165451 -0.793451433 -0.259358292 0.445067254 6.840731757 3.742605768 5.156404258 8.992102769 2.801385702 -5.360548551 3.877952341 1.799180653 5.485917336 4.400759611 3.388825984 -3.243404925 4.867006008 8.563912546 1.696552414 2.251093878 3.547606486 1.336835909 12.818655642 4.717636974
-9.517705275 11.411385094 22.002141241 0.578482297 0.120791519 -0.548534418 -0.591504550 6.413368113 4.513997237 6.638560400 1.223140484 -0.613354380 1.589485893 -2.878275280 4.269861300 3.257828640 5.101468162 4.806982683 2.174675295 5.318294848 3.033248485 2.742098477 5.545513692 5.404615043 4.012992192 4.192691381 5.240563903
-6.342234168 3.274587162 27.469317766 0.562893813 0.292165146 0.415954835 0.651745087 6.091923772 4.689152213 7.554482913 7.592466382 5.459540973 3.820102533 3.152964650 -0.794625868 -1.366379240 1.286398921 0.687182084 6.371145722 6.261246536 7.596860330 1.849230619 5.496136507 6.978180663 -1.891615395 -1.267688885 6.208893531
-3.704945159 3.515737346 28.685434100 0.010522972 -0.735019248 0.657350092 -0.165912110 5.796520804 2.217184339 -1.677039547 1.241542137 3.050983500 0.692835857 2.110714049 4.343274179 5.272568230 0.330762213 4.029062588 1.438661568 -1.027358412 8.643017863 6.709390537 -3.326204715 4.025285478 3.455396553 5.672753770 4.740656343
-8.101636810 4.990582375 18.528999728 -0.191777817 -0.101936970 0.759283090 -0.613448704 7.211116317 1.388349101 3.500145057 7.731696002 6.896546559 1.778989231 -5.050880518 5.413504704 7.119048620 6.446426077 8.220110310 2.688951665 -0.585373615 1.562619571 4.280723151 0.022948817 7.163618546 4.776754951 7.862388185 2.814111449
-1.552323842 13.332106221 19.507238188 0.528090983 0.174999937 0.725480253 0.405183091 4.865275072 2.522447926 7.445187887 1.414164364 1.441653928 -1.040269596 3.567432853 3.675326139 6.869582233 8.001517762 7.805274092 -0.998511640 4.824190059 5.138223545 0.613008746 6.385057583 4.327182069 4.479852582 1.346313853 4.876920965
-13.343953710 17.218504018 25.101568471 -0.306484952 0.928624813 -0.202464894 0.052257992 -3.222253456 5.500356458 7.192759528 2.363428420 7.803129813 4.074140794 5.096617262 6.456013050 5.069082520 3.281583486 2.075405554 5.961032469 3.411048667 6.095342533 4.934231127 4.381223523 2.868583298 2.768570104 4.407459651 -0.704413452
-9.854269262 8.567843067 30.870701379 0.414053018 -0.684221730 -0.410695728 -0.437869549 1.611509373 1.325680505 5.573993853 -3.903118672 5.236439572 3.013703894 0.752786744 -2.163509084 3.881988756 2.670968773 0.678804998 4.280036491 10.787227413 5.721459745 7.668864629 -0.332714075 -0.954133950 1.316490076 5.019021188 2.752959516
-6.920976763 9.652642272 27.965170729 0.456846530 0.724071641 -0.514750194 0.045207785 6.765181770 6.279207123 3.121804528 0.672577813 5.387455211 1.767526703 5.689183378 2.040180536 2.343025857 1.781295371 10.933943005 -1.949067824 1.219846593 1.269039022 0.033271637 0.066582755 3.214670905 3.881188487 -1.890347723 -1.576057462
-14.638066480 13.790732975 19.551444296 -0.136741706 0.198739542 0.907716819 0.343299399 3.551714919 6.266451655 1.619776583 4.918966373 3.651770761 1.985636513 8.380617495 2.773193946 7.316767607 5.430534482 4.080427019 10.186307207 3.044556775 2.157842533 7.446252529 5.315532704 2.157390208 0.371069934 8.521451509 7.893146893
-6.278490002 17.320356828 18.747550172 -0.051236533 0.722883340 0.312392064 0.614187017 3.277242333 -1.088652016 7.571256140 1.705137602 5.679171130 2.527736924 -0.336222111 6.046458920 1.709405096 4.706798006 2.219445641 1.324511541 4.354393386 4.474565472 -0.098556131 2.080487039 3.571329132 1.303943148 -1.953443266 3.844386502
-9.211362142 14.238254962 21.742058401 0.296882314 0.049064088 -0.852545682 0.427339989 7.307848620 0.325648482 5.674095869 4.451507264 5.182659616 1.241107793 2.139861306 8.986214302 6.909023485 10.224483302 -1.405460481 -4.683771926 0.856234284 1.532632940 2.575108731 5.195454624 8.589160970 2.847126952 5.690296407 1.032486146
-4.973217452 18.334601995 25.025355394 0.598232452 0.218700298 -0.249479223 -0.729416363 -0.170252464 -1.537991480 4.272136203 -0.326553917 5.737753268 5.061516868 2.504252846 1.464620179 11.824986036 6.851026208 3.648699401 -0.081202748 1.777927094 -0.469747959 4.582494379 1.468512818 5.391404177 2.971464900 6.704408520 7.041706644
-1.772715321 8.568503273 17.858758796 0.194393262 0.961492129 -0.077964168 -0.177948684 -0.036758157 5.014619303 4.988987071 3.649947981 4.851704113 2.140440946 0.108413381 2.834913002 2.613138818 6.204649171 2.392753812 7.158700496 6.033403846 4.629766346 3.914137813 5.681697938 4.933111726 5.477698207 0.908918986 5.696097784
