2.579788502 12.238532753 23.400632539 -0.203678499 0.277536329 -0.479549716 -0.807168337 4.624570142 2.836607471 7.465199686 3.710191961 0.133579643 5.667308721 7.669224934 8.556551249 3.326663147 5.345787850 3.308868164 1.912259554 5.388700297 0.306288709 3.348971056 1.174798266 4.568230018 10.681286113 1.247116578 5.535357792
8.990896603 17.018174873 24.608199755 -0.380656374 0.894436357 0.234496173 0.009791448 2.086028948 2.097642210 6.819098563 1.241906696 4.958101440 9.014628039 2.183716057 7.021203855 5.931753099 3.107941078 1.906048120 4.546418990 11.419451817 2.313397797 4.315950391 1.897487847 9.575890958 6.213135437 4.797287219 1.121751445
13.066986665 21.060100965 15.862734182 -0.147948127 0.780908147 0.169647343 -0.582677953 4.972958560 -0.797762992 7.766618275 2.193813213 11.461861367 7.943007037 2.123895150 3.459834362 -1.389063862 2.107374322 3.612789494 6.477832313 3.940374140 3.222141718 2.954965766 7.266116265 10.959215173 8.786600153 -0.881273857 1.814177271
0.834386792 20.513385437 21.896563598 -0.251209984 0.626446243 -0.699504565 -0.234844657 3.667614372 3.008621345 6.232639042 4.464709354 -1.532519487 7.922909531 10.831077891 1.444230109 7.963615291 1.683011450 2.969446424 6.252336719 7.536187993 3.151008986 9.691043074 -0.130558887 4.729985069 0.188953580 5.608159355 2.986531650
-0.371806822 12.571006000 19.747235387 0.182557105 0.315854158 -0.615042791 -0.699021759 0.683707271 0.324448845 -3.236138693 5.020837050 4.319922476 2.703114723 4.633372446 6.029289924 3.942375729 2.870720234 9.652637802 8.574780935 7.118444332 -2.755262214 2.650214647 10.320817842 7.913390182 9.842524304 5.894346801 4.157617485
2.096911050 21.471301007 15.052477753 -0.200751408 0.886966095 -0.280855513 0.306773856 3.166391968 6.628719212 7.748511789 5.791886555 5.485183741 4.154177302 2.824858125 3.891234951 9.926244169 4.509791102 10.879588839 12.132631370 4.963800634 5.742962889 2.054450910 3.972153227 12.096270185 4.061935777 3.553133765 6.619879078
7.213474122 10.616082415 23.531284497 -0.286819728 0.142814168 -0.426434806 -0.845867551 11.241787010 11.040366435 3.342977078 -0.257400068 5.246661439 4.997566871 2.993224136 3.798397322 1.084281921 4.882386928 7.023758272 3.936430690 1.601092441 1.765262716 2.117165502 3.428658774 2.112487879 8.032081931 6.360883311 7.282512733
7.606004619 19.298885482 8.663428354 -0.899821950 -0.403498062 0.103601449 0.129524172 -1.605214575 1.916686396 1.159863524 0.938760234 4.462272648 6.146573954 10.502285466 7.296604743 2.084273642 0.393180451 3.815906194 5.645013575 2.913130842 5.631927420 1.288178908 5.649590776 8.192993421 1.970930624 -0.571829341 1.871507697
0.170893561 13.136215836 23.353184986 0.621574762 0.782306687 0.038735584 -0.011858212 7.108195740 5.851220549 5.684750376 7.331469343 2.508026793 3.255836092 4.310360280 -0.503515153 0.002476720 8.330523556 8.147025016 9.064905992 1.223172535 3.814936200 5.717123642 5.527720004 2.522372542 1.036662662 1.934263865 1.262185663
7.572936004 15.810718778 14.622758506 0.633093095 0.105045948 -0.764154358 -0.065012298 -0.067026746 4.922538614 3.788411081 1.233748050 1.241202456 9.238279420 -4.556158401 1.988175278 2.468172599 3.508639797 7.760491019 9.925103117 6.263883539 2.266865285 1.855858809 2.877416194 4.604442224 0.649733216 3.205132324 8.719927185
4.900365597 22.077662653 22.365479240 0.003575491 0.880622584 -0.422242421 0.214947479 4.123763756 7.686395147 1.554661466 5.437267169 0.587959047 -2.563200761 4.235658203 5.478692985 5.959656062 4.295228916 6.914142060 8.256690375 5.200402070 6.185376900 6.258377880 2.935669625 2.463286600 -2.872386894 -0.091163002 6.858232143
3.582548128 12.923664224 11.580853798 0.250091165 -0.111219141 -0.603695050 0.748756969 1.405854190 2.558024783 6.977431484 0.576198980 -1.653992494 8.973623287 -2.061994210 4.274951065 4.114073425 4.721483674 0.229772967 2.801028456 2.399334812 8.242479609 6.002614715 0.168713313 -0.748731808 -0.214482632 0.457323141 7.976126449
8.825143764 13.790941759 17.186104352 0.211233523 -0.763739700 0.421659774 -0.440777840 2.459569618 8.001558038 -1.962358739 7.092066526 7.183690346 0.838877409 0.804408489 4.136499673 0.269508132 5.573829778 4.616630338 4.704741385 6.224613610 2.248539542 4.755781571 3.649437619 2.449585965 2.897489090 2.004659777 2.358676688
6.882063824 21.115080694 23.736673226 -0.920179892 -0.234537749 -0.270589121 -0.158248344 5.670604694 4.175459932 -2.166236273 4.082094649 1.661965848 9.211319482 3.262973183 4.637766102 2.465042895 0.307475029 4.446617699 8.046269046 8.408668359 2.712656870 8.148834291 2.274878043 6.961455982 2.549439132 5.029161436 4.180205025
5.667114470 24.419972257 21.458829303 0.734928132 -0.090849062 -0.130799105 0.659180311 -0.620494059 3.692905498 6.356421834 4.892457815 4.624633725 6.131047810 2.606723385 3.390865985 2.810293684 5.537349524 5.319496675 9.035444815 0.681487710 8.858674009 7.509398257 -2.530488940 4.270099022 2.748609631 5.478586254 2.466657125
6.519773851 13.295983634 18.268555004 0.861570698 -0.038899334 0.433581323 -0.261132171 0.479016608 1.802370010 4.084092736 1.758777339 7.134774786 7.434019628 3.622415525 2.250056580 1.557122071 0.500689753 1.281397753 7.648310427 8.557970122 8.937080998 1.017175931 5.958237561 0.061770877 8.118816671 5.515346564 1.719433070
12.949929079 19.457056880 14.013685586 -0.675633181 -0.215379438 0.637264728 -0.301703777 9.361198070 3.832339662 4.214471328 1.541707653 5.280723809 4.616148197 2.673096634 3.174619010 4.092115621 0.683903789 1.494667995 0.412548469 7.086428653 2.785629733 -0.199806605 2.323312226 4.606195713 -1.412963158 7.298797861 5.214067232
4.634115986 17.750865066 13.437525977 0.029277093 0.683328581 -0.070076623 0.726150239 3.575025808 0.151351530 -0.896452717 4.809764131 -0.506557491 7.247711012 3.414770908 4.975968935 -0.978292155 9.773680073 8.310860697 6.669694088 10.863388926 2.136133591 3.788856548 5.673017384 5.485461072 6.133150772 2.293677987 6.527009886
13.328670387 17.858921577 12.099080878 0.641499035 0.139619275 0.509729158 0.556023050 10.566071014 -1.185823454 1.205796664 3.360836833 5.601064951 11.797585575 4.824813431 4.106392254 8.919277757 5.161599359 5.414637245 3.347362545 4.336321284 3.780629787 3.273472002 3.149227578 4.588442262 0.766878900 -3.271003683 6.250068508
12.830977805 17.445960544 18.294686547 0.856239561 0.036687455 -0.064972798 0.511161795 0.404086344 2.398112091 4.026910007 3.329893403 3.175837105 7.409118098 7.134275160 1.336316762 2.510868014 3.172569321 3.536014615 4.057638612 -0.525279588 6.485963337 2.282716571 6.713857329 5.539084673 3.273653724 0.376029614 8.543513578
7.937554146 9.369483338 14.582944046 0.460833349 0.029052668 -0.634636849 -0.619697214 9.245032824 0.323629149 8.282846391 3.012552405 1.355194126 3.515176388 4.593334678 2.632477750 1.086936153 1.741539945 3.212579482 6.785220066 6.895800223 2.841021543 6.371490297 3.215774194 4.154803780 4.535047934 -0.425911512 4.524520116
6.778397906 9.349731227 22.278002298 -0.917908547 -0.338298481 -0.166040940 -0.124211287 8.142155121 1.593672663 5.367362884 -0.410593380 7.385168887 2.271934684 9.277129943 -0.980723978 1.102705765 9.603328908 2.531974323 0.813893736 2.686056739 10.059487022 2.664114466 -0.089892660 9.939276269 7.955558520 4.816555573 -0.211191770
7.009974658 17.739293051 15.192226230 0.432433185 0.233672216 0.435368754 0.754223365 4.314391131 9.278250864 3.071285987 5.494949738 4.925771291 5.145718115 0.228615245 8.155417046 3.567878771 4.064764587 0.996789615 2.917136434 6.528216854 6.730743789 5.343977393 0.124378395 0.701174950 8.748835713 -0.431269524 5.885098553
13.645862276 21.049470875 19.598009815 -0.114489671 -0.856609726 -0.361762919 -0.349627634 8.199024550 4.857153339 1.255307659 6.892708029 4.914863222 1.578091980 3.101450094 4.673836131 9.407243695 2.062344580 1.311686482 3.374915323 5.733927468 3.654073167 8.547652632 9.234511682 0.582501361 1.178135323 5.015252023 7.279331416
-0.905821308 14.665103781 16.370589106 0.317576036 0.323143620 -0.711873592 0.536618721 -3.077974211 -1.589847573 4.156191818 4.318388937 4.102131357 5.284346363 6.275785936 -2.235250857 -0.237896984 2.170638146 0.774354766 2.909331676 9.191659926 4.141220444 9.221712700 0.409503051 3.542960625 1.249144370 0.204501219 0.326249265
2.043489119 12.092480079 24.663390401 0.962655610 0.080275529 -0.145385364 0.213806248 8.509031315 2.637122015 3.152394783 10.547012323 2.179981927 6.626377462 4.006294567 0.858121116 7.472492215 -2.895108711 4.951001035 -5.353793743 3.365641714 4.487277072 7.279773733 -0.372895061 2.585477850 4.096229570 8.072002944 6.964488885
4.580837996 16.069476794 8.662743917 0.183607302 -0.721366326 -0.510169065 0.430867157 2.395129975 4.441095055 4.909423340 3.844975072 1.690369505 6.822412504 7.335194954 4.225856631 3.743093929 5.638104412 3.452668025 -0.253012423 4.247691703 8.768860872 4.601289066 1.301547990 4.453007566 2.108329378 13.515589182 4.507222295
6.566827974 26.343341600 15.420132533 0.146242400 -0.299157400 0.609833915 0.719180510 5.901474634 6.361415481 2.772421780 5.343807117 9.577619739 5.224490940 1.934507909 9.029845075 9.648725628 -0.150238452 7.866523513 3.009453492 -0.373043280 4.762457280 0.429364290 1.634384041 -0.088529361 2.060719956 5.556579539 6.961054766
12.525338213 18.223243616 9.210775736 0.174294377 0.040370284 -0.650961665 -0.737726658 -4.031978225 5.315000674 1.785220203 5.009902815 2.282271058 7.842425815 1.211095797 5.759513851 2.836101735 1.132902121 2.923377490 7.176122911 3.435997429 0.495557150 2.830297261 8.893944548 7.320371157 -1.362393392 6.455578290 3.958472435
8.281688328 8.307379860 13.049128233 -0.220067884 0.328195558 0.361577477 -0.844464049 7.889249656 0.708419795 5.019943869 0.887372010 3.591152696 2.159304433 -0.447515339 3.939192506 4.286556105 1.394773463 9.833718734 3.501122025 4.491641014 5.049931302 4.330718769 4.134529483 -0.538196648 4.566150503 1.591108848 4.826665006
8.961343850 14.067740923 22.100546830 -0.332679623 -0.142190980 -0.232141866 -0.902893209 9.894767470 -4.186085914 4.283817797 -2.824225856 8.336356574 -0.269443838 3.249855047 6.886822206 8.913915283 6.315835832 6.934571090 4.574348944 3.720442700 7.449018978 4.974759342 3.775404902 1.379932099 -1.488925061 3.184249021 3.403435642
8.674823325 17.505473958 8.183195433 0.817752041 -0.547677196 0.027894251 -0.174794734 6.428017198 2.977149116 5.476182542 6.207171558 -3.220650500 3.442616666 7.330198990 8.596288430 2.496717047 7.725896656 2.802656927 -1.711917127 8.529230226 2.516463593 0.698186166 10.257473231 -0.229808571 2.397324654 2.664392361 5.610420116
4.091429778 13.916957502 25.882130650 -0.775397932 0.581607082 -0.173056384 0.174764805 7.859339281 3.017060616 2.905330455 10.374621522 2.402997315 5.240729518 1.641470106 3.740588670 4.577174945 -1.309501768 5.430556444 3.218303008 1.765658468 -2.225002083 -0.364246654 10.083365844 6.866999412 5.254683932 -4.566237383 7.864966305
9.910961033 24.317851675 17.886808652 0.419824977 -0.619888213 0.096938450 -0.655811352 3.021244411 1.031631659 2.957633130 0.752952433 3.653960204 5.322527836 -0.661458285 4.785185766 1.768741179 2.363390021 5.379104889 7.970425367 3.458262280 3.859634770 2.405202582 5.663383002 4.598430455 3.028717301 8.786352854 -0.079210304
1.474735409 19.495111475 12.075974248 0.015224277 -0.784435490 0.611580019 0.101975802 1.652133355 1.562229309 4.363180135 2.325191852 2.871486204 5.307069323 4.341411469 10.023944992 3.664754710 5.396599835 7.264603886 5.395893584 3.474366526 3.515402065 6.757711347 4.734883591 -2.938857520 13.830087469 5.916922177 -2.786403163
6.850048010 14.319539969 7.161694468 0.748818673 0.002961718 -0.488817319 -0.447570611 11.167615537 4.157565605 6.188719845 3.846038436 7.508911361 -4.311795053 3.082184968 0.730435072 1.086409558 0.086716781 4.908332713 8.574699036 3.446088180 6.559064248 2.435935263 2.317280308 2.970478311 2.833962121 10.765123932 4.561381883
0.880659409 10.962990301 16.610695233 -0.429271111 -0.218014834 0.539361979 0.690857801 6.502026746 11.455350408 2.615877030 2.072180478 6.259461093 4.160489201 -1.726636902 5.973904501 4.526846841 1.832899076 4.655544604 10.845836560 -2.463600469 4.579358414 2.637271130 -2.376600497 0.239735208 5.461253997 1.976623334 2.580898812
13.850023382 17.106112849 16.761152925 0.838796736 0.524426145 0.088949240 0.116126173 4.433646567 2.527507106 7.446546830 11.402649355 3.291247477 3.665334736 1.315238611 2.221768326 -3.170342937 0.339389878 9.526672617 1.561808673 -0.376458180 -0.044185127 2.572160548 5.947118717 5.690845121 6.356366249 -0.489359783 5.408656245
11.408707260 20.112821996 23.460979242 -0.910332558 -0.383765705 -0.113386885 0.105650039 9.296054948 6.189481780 7.118269432 1.338633248 4.875505272 5.760080933 1.967498351 2.986326951 10.311216119 5.549489720 8.277964040 3.356447049 5.260226884 4.898742746 7.744498574 4.114957024 3.882176706 3.101892542 10.900008136 2.627313056
3.037938806 8.965488958 16.815817322 0.065224022 -0.585926280 0.540002896 0.600693844 9.929446695 -2.234004502 7.001125582 5.691954996 2.569837908 -0.570416000 10.334258496 0.097029540 2.324603024 0.979889349 1.399223039 6.069084100 4.569556619 2.199485606 2.344186213 0.956004141 4.374843721 1.443998652 9.533967957 5.137032686
-1.146465730 13.585286102 14.095525665 -0.704132536 0.144174051 -0.514433317 -0.467728101 0.596155257 1.421378008 1.972923126 2.851864031 7.818083467 0.848536908 7.244069282 5.168228565 6.655231536 2.982568345 5.372742129 -2.335504366 4.804213545 6.048399818 0.908537816 3.292225238 -1.714455492 9.567694828 5.618963111 1.456792954
10.535554072 15.348759190 21.890094160 -0.597956646 -0.682166320 -0.229028873 0.353047781 -1.933969255 1.868586798 2.443559306 7.932679064 5.085190441 4.545352784 9.108077607 2.926760700 2.264067767 0.613065919 1.526354068 2.548971516 3.024954415 4.028704030 6.504985699 11.266671141 11.068070654 2.416271254 7.614037062 1.380528220
3.110765236 21.927675545 22.182524087 -0.502699847 -0.559411604 -0.382735928 -0.536530269 11.652715909 0.560059022 2.142318359 -0.573707398 4.315112715 0.275383067 3.843012162 6.617618673 4.282323460 4.063845629 5.330905023 6.746677972 6.212611381 3.498655258 7.380050943 2.669361604 3.742578246 3.891483345 1.962581874 3.774809332
7.399878785 9.739644793 12.844992680 -0.298696179 0.620372806 -0.507779608 -0.517762536 7.960533482 0.473475044 3.763103728 10.658935706 3.464667450 10.009270121 2.471369162 5.532242630 7.482772430 5.230745288 1.467762542 2.381384208 7.880258561 2.266127501 3.541402586 3.173474550 8.882154125 2.167522164 2.102071899 2.793954186
6.867687532 14.132448393 12.030638065 0.460187751 -0.210804654 0.341247076 0.792047388 6.439093528 8.209676311 -0.274682884 5.135301026 6.377802817 4.227470659 5.897691672 4.700359601 2.066248870 1.383474217 -0.117947206 -0.676795464 10.322314296 1.964244036 3.946369229 8.989183737 4.021211915 6.773101867 1.379547006 3.811457470
9.987544472 21.619176201 10.950455269 -0.629165433 -0.278223525 0.514165910 0.512226459 8.304070037 2.288290315 6.534039665 4.587767367 0.886618430 0.862755278 2.181282680 3.593658652 3.913594860 5.684460963 4.494887260 5.588813241 2.059544993 7.742240262 0.207797695 -1.157299699 1.395491428 1.113396839 5.677510793 5.113330033
1.539903298 24.888886216 19.621744914 0.157408248 -0.073942305 0.534057052 -0.827368264 3.165680600 -1.498140705 3.869802794 6.490373302 6.582342049 -0.297235619 7.275193593 7.120282301 5.524663623 1.052624817 9.979847904 3.886624100 -1.389882976 -0.952275991 3.757915018 -1.218487587 5.094703089 7.285440982 2.870435577 9.513097641
1.304742596 24.128822905 18.455546876 0.325007243 0.626570978 0.110915109 -0.699626286 0.975016812 2.681600700 0.450586310 9.006269313 4.939280226 3.507983918 1.743439375 -0.201861088 6.719447986 5.418230909 2.902218617 4.900217645 1.259866889 7.004770460 -0.787785787 5.617705188 1.791038317 4.727486674 3.648809994 9.189941620
7.253516272 11.656971476 20.227570821 0.572672898 -0.274129569 -0.772540600 -0.008930446 -1.104318971 6.939886213 -0.377704054 6.085811566 3.767526721 6.930238981 4.616023490 7.232748598 9.592383641 5.362262632 3.030484398 7.576613364 0.108852283 5.404139428 4.148425046 4.552325794 3.610503309 3.116077238 3.326636700 4.105793121
3.063545282 17.835179009 23.950256288 0.571756032 0.637677068 -0.475467199 0.200982435 4.085476606 6.452353089 2.219911927 5.296876663 3.832994581 5.497815455 2.737774418 9.982254900 5.961254810 4.760501270 5.128703163 8.641498539 4.763654373 -1.287180039 3.885944663 5.837888771 3.575902801 2.841844195 6.953173347 2.444009206
7.676224664 9.420602773 15.724647314 0.993314977 0.075893876 -0.004616093 -0.086857170 5.189750587 2.714636597 6.423717922 3.310929723 1.432077776 4.697979236 5.857043842 1.850959083 6.915066401 4.518175711 5.094323814 7.485466184 1.308738523 5.746085100 11.343531264 1.606396465 2.762257567 3.625054431 0.119606775 1.845577234
5.077457327 10.864678179 23.649060291 0.421445962 -0.365889757 -0.243287344 -0.793296448 1.678679087 5.584115385 5.049779637 5.842108276 5.707132556 6.096233278 6.371126040 8.170659250 1.084192256 1.455368256 3.974507609 3.868959551 5.417829917 3.732659631 5.540974835 6.160572571 5.755348527 5.873859589 -1.678403988 2.580210768
6.398816001 26.059412981 16.779078618 -0.811653766 -0.335638338 0.312353607 0.361939628 8.419854126 0.706204162 -0.756337608 2.948060220 5.075770857 -1.785697538 8.394659130 1.216709563 12.608926891 6.506978809 9.710055966 2.155977000 -1.199792059 6.882617841 3.253695083 6.159909903 1.462007200 3.030059727 -0.032061944 2.276942699
7.284329201 16.341843251 10.115207006 0.881849064 0.309582572 -0.286088824 0.211315035 1.469916671 8.389837415 4.930025501 9.222630137 1.565777988 5.232760744 8.272898818 4.971236993 -2.548125824 -0.360890487 6.460844988 6.171599961 6.523679585 -3.498242820 3.618886031 4.567915369 7.238489523 4.830212489 0.571995852 6.311220947
-0.561918875 15.160949268 20.256348153 -0.387879718 0.618757756 -0.075980352 0.678907321 3.491775792 6.260744862 7.612052503 0.826196600 -0.255657607 6.893964452 5.592285104 6.250636907 6.470725569 4.149454315 7.780713218 1.750874122 5.838596905 2.492233189 3.513422693 3.807895024 4.543985256 1.153859755 5.892244223 5.131103757
7.697500132 10.167529777 23.914869234 -0.492748136 -0.816736368 -0.168503834 0.248490318 11.281219437 3.834687571 1.809250364 5.228540640 1.352062289 2.277767332 3.826861638 6.187417018 -0.816459109 0.285167536 1.711805017 4.334497016 0.993947008 -1.237764025 5.278926427 0.683246681 3.932917614 5.827631854 5.187302205 0.861116101
5.803395991 19.426080083 18.626029551 -0.620801398 0.707453887 -0.337009547 0.023220416 -2.793039066 3.294711584 4.246560546 5.097612940 6.617870823 3.293046059 7.661954339 2.618401329 2.224572609 0.162433179 5.419547463 7.681860721 -1.939626065 1.700907171 0.153976142 6.235043932 4.266974071 0.277995908 4.874166893 8.946530775
12.897169914 13.447637657 14.387434093 -0.107242856 0.426036767 0.372537308 0.817439660 8.121282838 0.536604812 5.101973925 9.232885635 4.433355734 2.690430303 -0.366962599 0.920022532 0.585056152 5.839707965 2.340812526 4.883790786 1.189212302 2.112029217 4.070841595 9.715572861 5.859077387 1.978532208 1.741155221 4.991428167
7.742852767 18.804240229 14.155778817 0.532111964 -0.418821929 -0.366230011 -0.638216757 10.865018689 -1.304082682 5.427825780 2.012210202 3.488452691 6.465325577 4.364461950 1.744975261 2.994928906 5.681682351 0.101681246 2.715622298 5.289750873 1.852554391 3.914457143 3.250563715 5.945960669 4.983166775 1.951146187 1.476596115
10.118608432 13.802348026 11.326775533 0.891011331 -0.156737243 -0.426019982 -0.006262610 10.566401840 0.660648091 2.791775351 -0.418605642 2.597207996 -4.686063738 0.816438385 5.549932865 1.766505713 -0.059165732 4.307584379 5.831979884 5.843958937 7.409663328 1.607235044 1.697301783 6.422650424 1.418530269 4.632847491 5.549492140
10.838776267 12.411937728 17.803273425 -0.152685445 -0.955896902 -0.104016746 -0.228317287 11.359131529 1.412053884 -0.252959124 -0.037695772 1.117729259 4.821520718 6.833544539 4.632553232 2.515851294 7.127299487 7.105640437 4.941632619 2.253464496 5.276020800 2.438173155 5.267731624 6.448199848 6.581226817 3.870155852 8.276585469
13.052479007 16.592281734 11.913942935 0.487000667 -0.492030516 0.505014140 0.515458087 7.668750951 2.440060370 5.440537261 4.262255405 8.461108423 6.290365497 0.266383168 1.981043994 2.860218160 3.141852929 0.133955071 1.108250186 3.029666556 -1.600383549 8.037646195 -0.301533849 3.085704451 -1.529049109 4.648453799 -5.094292209
9.671603079 19.707555419 12.762340696 -0.929201208 0.169735269 -0.001782512 0.328286271 0.362210035 -1.781434624 0.568385563 0.713684013 7.828692178 4.167440850 9.712190251 -1.161531555 7.354452067 5.589566352 4.211043846 -1.234403019 4.648669948 -0.088606983 0.337372627 3.568613314 10.841376484 5.865308067 5.423602910 4.268445444
0.590164327 10.977561520 13.135600652 -0.883807343 0.188110341 -0.423999662 0.061019396 9.477388650 11.173907270 1.747854627 4.805825560 -0.714537050 7.595249073 3.497348584 5.970403004 7.934195075 5.392350962 7.728533343 8.367213686 6.291856480 5.216636262 5.481079317 5.864327369 5.642988580 8.360391486 3.517070557 7.314398130
11.556768580 12.802614423 23.253438789 -0.540053295 0.554122497 -0.502486115 0.385743958 3.189084995 7.496986756 2.209317888 3.092776273 7.140690533 -0.446303684 4.828571443 5.747332663 -0.031925542 7.134200601 6.167595465 1.738842411 1.450775139 4.294098939 11.588041445 4.454650364 0.450285903 5.653734226 0.683999595 1.468423664
1.004711466 13.080298262 19.378048005 -0.987664431 -0.061453265 -0.142352286 0.021869966 3.059239312 7.150320709 0.313723252 -4.054209100 2.647751610 4.585157716 1.844113623 3.491148092 8.597157319 3.782697911 6.124858434 3.875634020 8.960419851 6.489293194 4.266392193 7.009441381 8.694517524 3.832850294 4.208188519 -0.073597687
4.857851263 23.043856216 12.499537977 -0.475542885 0.453856315 -0.752442910 0.041268350 6.211256168 2.730105785 2.593258560 4.380985605 2.765157821 2.164977457 4.521352073 2.747175835 0.116450830 0.734551238 0.191936776 -0.379098700 4.029712244 13.818868292 0.123580063 5.645916348 7.304537569 4.074204840 -0.521607058 11.720436294
11.611980229 18.761028204 23.913710016 -0.178914952 -0.617349938 -0.671138061 0.369380830 3.353964986 3.749793117 2.323963392 5.655393880 1.490423204 6.537264635 4.947073713 3.643201922 5.317446054 2.577252206 0.782107355 1.837146015 5.442400916 4.328916611 6.512916253 3.119248617 8.170839672 3.268818796 5.171596582 3.566714431
-3.312847496 16.786222265 15.661931763 0.213502337 0.525080015 -0.291463656 0.770556077 9.644797816 -0.419431589 3.713421843 1.443100082 -0.422185432 4.595351133 2.575012991 0.725327293 4.055400235 4.648722133 4.698319437 11.778653840 1.494907853 -1.041539287 5.081055184 5.129761973 -0.036723149 3.764313643 6.840443708 9.032442143
8.951786547 20.324384658 24.346296422 0.147373405 -0.826730570 0.337082065 -0.425644599 4.432619519 4.360764784 -0.601046624 0.993926185 5.832809368 10.737970477 3.291396152 4.601275115 7.021664228 2.057980611 1.706215513 2.621149320 4.507589821 2.395103090 6.020731823 -2.740531634 9.470351004 -0.524234066 1.774582265 2.100793996
10.833860130 20.268596901 18.778420765 0.642490267 0.507577136 0.500921538 0.280444860 1.813648900 5.477739121 0.335624293 4.500526859 8.090960345 8.497947801 1.175605868 5.092478673 -6.017643792 5.258907869 1.964660826 4.337703472 1.210136766 5.859179808 6.104200407 6.483824107 14.573168859 2.159801430 -2.423754366 6.518851459
13.079985077 18.175138279 12.693053111 -0.419729282 -0.053755714 0.904712720 -0.049320860 4.127119971 3.105351499 3.978244549 3.001334288 7.919680054 -2.769627566 5.236918684 6.229567550 5.493673654 3.836980216 5.360316991 0.933704535 3.063600647 3.858346333 -1.003590132 2.815115947 4.203191866 9.244256850 6.037605089 -1.171950736
5.377494089 21.037347825 18.363847734 -0.289224148 0.456270627 0.399273733 -0.740774590 4.706859659 8.805830742 3.251253312 4.577313526 7.823379954 -1.546340157 4.238230854 3.924431742 4.318309791 3.460988336 6.702438032 3.008427579 5.748899451 2.262688489 3.896614411 5.012200523 9.689442623 9.719873872 6.100485529 5.769214312
9.968035638 11.922987304 19.902816984 -0.742517931 -0.152931007 0.623568539 0.190896584 6.367412883 0.215780115 3.196519530 5.366198093 9.136125751 -0.547834836 6.469725365 2.464961653 8.415135674 4.908806122 4.854049166 5.492018660 7.227485500 4.658343984 2.879706849 1.650202429 1.435931640 -0.303278895 2.012542174 3.199298135
-1.481229620 21.667652684 17.860234045 0.570662567 -0.703949970 0.313696750 0.283536633 0.902822395 1.293031736 -0.888787897 5.511498624 5.384719773 2.036283661 1.876592916 5.956491461 1.352823029 3.387698969 6.350793295 1.758405907 2.245174989 4.594774822 8.244694279 7.313392119 -0.197763691 5.385937689 0.498196640 4.678811020
-2.052661083 13.239739001 18.908338748 0.249434656 0.610692071 0.665962657 0.348326407 3.179826409 2.495013284 2.797893834 5.609684169 4.580050266 6.075584974 6.101915483 6.254326857 3.718745504 6.816104961 -0.772595173 -0.659020773 6.205257453 2.701366025 5.593740382 -1.686954805 9.454925862 8.373179027 6.855825963 4.230084714
7.693687818 14.588210429 26.389794134 0.088491727 0.786764680 -0.228384612 0.566578346 6.524410112 6.045973158 -0.798371456 7.625493763 -1.885520175 5.625269980 2.723024987 4.376490277 2.270406922 3.766221042 3.639326875 6.813093349 3.404253603 3.949560666 -0.446573738 -1.034734053 2.906613803 4.108073316 7.363490642 3.041851293
4.153864963 22.627480522 23.521118280 0.534211765 0.499773264 0.591161668 0.339665066 7.297867129 9.830427393 0.982541129 0.995250766 6.295968589 0.471308765 5.831433705 0.274808968 6.537600830 5.342891192 9.968580856 4.539056803 3.271528302 0.296353544 3.123618532 6.080187820 4.067427311 1.902822719 10.071611028 4.372894943
11.637849385 24.146530363 14.274607078 -0.321786084 0.653226988 0.138675715 -0.671205829 7.715158678 1.753405652 6.619507618 -1.289857003 1.893334523 9.053010618 8.009058138 0.967453715 5.021740812 8.224106775 8.786609151 -3.895774900 7.605633226 -1.056130506 0.377007546 5.052558845 4.680554642 8.306050899 3.771423877 5.157751060
-0.176269707 13.198194561 19.213403912 -0.109455797 0.796344554 0.216386381 -0.554104425 5.786802406 5.136634893 3.282356920 2.543954601 4.808948319 10.161322021 -0.349923814 4.103778908 2.701093222 1.364311169 5.753822392 3.102359911 4.445963874 4.290947315 5.696994453 1.435823925 4.525111080 -0.767441150 5.137139170 2.991833087
4.438015895 21.348802303 10.226445666 -0.448184188 0.769452445 0.183605080 -0.416368878 2.482278310 7.015991778 -0.169191027 5.511930324 3.096188568 6.015307039 4.643832589 6.463522953 3.584170210 0.901972217 6.697542542 4.300683381 7.188816107 9.094146766 2.368987083 2.138459256 3.138923508 10.262463591 4.860897917 0.382364678
12.365505040 18.398177799 14.288218108 0.450299756 -0.696690342 -0.193365351 -0.523891723 9.410381620 -2.448476400 0.868040011 3.790915658 1.203923498 6.914165194 2.051503283 8.091980951 1.365369975 1.945088155 7.432550480 10.087169066 -2.040087275 2.021176624 5.225490035 4.023299830 0.347872691 2.530613209 1.865612552 4.873209070
3.260586749 10.562684768 13.354065912 0.913271865 -0.274870485 -0.172270123 0.246381252 7.773152986 2.145621158 5.985586052 3.541956171 9.247812194 6.431982484 1.331107575 6.497309491 5.745414476 3.276721988 1.254911925 8.863756462 -0.491931644 5.913062023 8.747958310 5.836705094 2.424333973 -0.000857369 4.712740876 6.938953545
7.882287391 14.156464966 22.086076523 0.617379124 0.249651350 -0.698798962 -0.261145997 -1.768273745 1.147588612 2.520903073 1.675169723 2.987605472 3.146669246 3.784216328 4.948306038 6.150884572 4.289897642 5.621647241 5.824832880 6.462178881 1.580557881 4.286887442 2.196192228 2.770214324 3.690030302 3.890892749 2.997495823
9.766855163 12.552888788 21.068530025 0.282557963 0.120796568 -0.947060119 -0.092985583 4.282511905 4.640132396 0.763668679 4.756515060 8.493103094 5.778453218 3.793826822 2.477553781 1.871324184 3.854595226 11.171842899 6.216679029 4.497064613 1.566536597 2.263562568 1.647827285 4.763686812 3.832119980 6.501404661 0.374831382
6.412282534 10.189838582 10.616808047 0.240731550 0.621522119 -0.399135754 0.629642141 5.249657406 0.823067389 6.782198376 5.819579937 5.437946052 2.524925373 7.120733180 12.452338109 3.862861193 0.547093648 4.510305949 2.356794646 5.345979641 0.526313893 6.357687568 3.633572271 -0.657695671 6.325402193 6.173538679 2.290806609
9.927983107 11.859230541 22.619518420 -0.563810376 0.190434507 0.668607034 0.445889216 1.757059454 14.752192368 2.788045684 1.990468748 8.603211573 3.313001851 0.753873111 3.009039818 4.326403742 3.372354332 6.705204996 4.395599019 -0.926989827 1.665140281 7.732475551 3.930415996 10.997624240 3.824825380 -1.283090000 6.847549310
1.119120298 19.010124176 24.683762374 0.456873906 -0.354340692 -0.732410049 -0.359561439 5.112756772 1.318958027 6.927306180 4.253145186 1.884848653 5.986440331 3.589388642 2.046183213 2.075767341 0.347258952 -2.001606808 0.942385299 3.690365049 2.124193448 7.926826480 3.262977174 2.837971962 5.896335224 2.985443910 5.183455833
15.353915320 16.143255476 20.817382429 0.029279039 0.826191901 0.436307689 -0.355225677 5.792549874 0.125335847 2.496015323 5.402277122 -1.049653435 4.335351476 -2.353797746 3.180665596 1.977751613 4.347456068 3.532513991 0.835615894 12.026787652 6.919827119 2.385391753 8.003149291 4.827263348 6.464928135 10.512066630 2.546747930
4.514607620 20.594756122 19.249227174 -0.063414657 -0.627909150 0.581347847 -0.513559501 1.879257689 4.750255990 3.194811044 5.780150950 1.157808448 6.489366599 -0.638570162 3.818972399 -2.244347528 0.680255657 5.266660597 2.381315034 5.427200391 6.800508799 8.449478081 3.392437716 5.616017202 1.178388583 -0.654845297 1.525627983
4.109981705 20.999993678 20.348583163 -0.224461772 -0.042816079 0.049221012 -0.972296759 9.614149724 0.645116969 3.726813047 3.137454612 2.885466699 -0.281831701 2.947542259 9.134609998 9.320376435 7.878892057 -0.479267985 1.038235984 3.229114864 -1.416468839 1.350619825 0.338744112 5.043722890 4.420182976 5.098938251 -0.323455485
11.044196227 14.798947992 10.430746696 0.353976244 0.634354339 0.549435521 0.412814729 7.040189360 4.148985011 5.355906579 7.112397207 10.054296262 0.942960985 4.801628987 4.248234768 6.909842538 0.585687718 4.823873354 3.365557813 1.514188442 3.595352673 7.644014177 3.554590419 3.264738029 6.742334531 4.877969237 1.057084839
-0.745791012 14.852189472 20.310860187 -0.021552325 0.866187354 -0.492447994 0.082158008 7.009702558 2.431659427 6.687096606 2.357235628 2.016208444 3.374809817 6.112647758 7.054818366 3.066353303 6.410470555 -2.764696427 1.171569275 2.515462844 4.216090026 8.155410443 0.579617115 9.037458420 1.259952160 3.855532593 -1.281557243
-1.808409004 18.687281499 15.115231641 -0.729361190 -0.531245403 0.322797943 -0.285678255 6.251971696 7.009969646 10.148213257 3.994426936 0.198715818 4.773471730 0.781320336 3.138141004 1.725427088 8.697570772 3.723555338 1.474389693 1.285644916 2.423197847 5.039212410 7.493574318 8.333984071 11.125741917 2.581083980 0.991188327
8.941884796 9.889014151 20.136298554 0.465123766 -0.037234834 -0.883691812 0.036908405 10.166627629 10.594381950 2.225453644 4.101032640 4.961345730 10.274690611 2.219968188 0.888005131 0.331735968 -1.464562553 1.982211696 7.230562572 0.841203888 1.466411323 2.182087546 7.682880030 6.123010652 0.922579519 4.554482864 2.239957696
-2.950837471 17.438363271 19.265043276 0.290779602 -0.897850861 -0.203407498 0.260646204 9.860510301 5.242181365 7.676338171 4.338639880 6.078990554 2.810784725 8.523392145 -2.574513436 3.003609879 7.039000508 2.061083216 6.645331640 2.532430067 0.236215370 0.160929118 11.450219311 8.250918478 4.083196569 4.482511962 0.062298820
1.489211932 16.851124550 18.716405685 -0.802689117 0.074444241 -0.233103360 0.543885154 7.785963613 3.861048218 2.555177215 2.760863500 4.706473973 1.032595644 -4.552218216 -1.100371666 4.510835403 3.911044238 3.730214600 5.273415950 0.805517290 6.854872917 7.906470468 5.516029233 2.787651686 6.037245192 3.855067918 4.432799069
10.660504982 18.476893944 16.635191570 0.104015547 0.646538099 -0.091703729 0.750173099 2.664849791 5.846021775 9.132634557 3.610086782 4.697013152 0.005229537 3.338532810 1.929908956 -0.488977759 0.397354395 8.377384924 6.847814273 3.894959261 4.188917041 4.192989724 8.496179462 5.229340219 -0.170865410 5.715243831 1.924603632
9.298515688 17.468599512 25.546806962 0.892671263 0.341227744 -0.293182220 -0.027309861 4.129555726 3.854237479 5.350179045 8.568143448 6.099814406 -2.073437189 5.520128260 8.094817429 4.692315347 5.571307629 9.086365684 -3.537979824 6.449958513 7.757018920 3.144156061 -2.788316479 1.196675024 2.377168930 0.791244370 4.446972454
5.585712734 19.027780017 24.825887234 -0.628009898 0.627549508 -0.422653801 0.182068526 1.958800910 7.354444972 6.132596678 0.189350521 1.995832441 5.013525272 9.199058715 3.545231692 9.060913799 1.342117820 2.619213523 7.463141223 7.364847109 5.314715123 9.914294783 8.863996592 4.069378934 0.261187015 4.270326624 7.932930759
9.845307966 21.510613171 12.846030094 0.882235805 0.398588581 -0.147327530 -0.202686276 2.327516407 4.453071830 5.565801590 3.056669261 9.168644939 0.702068810 6.035896010 4.520340432 5.498369314 4.815537331 4.120491056 3.887275656 7.126932125 1.811727675 9.354402331 4.864559916 1.812228531 7.478145920 4.175635480 3.691165571
1.924187738 17.678864235 14.191655705 0.556347848 -0.512127754 0.433602980 -0.490092534 0.147954525 1.702506423 4.488479307 4.286331845 7.582987779 3.277248934 3.369226646 5.153257474 6.008346916 7.118539421 6.253448311 -2.024716330 3.155614199 2.896100182 4.083771740 1.676031436 5.421498433 4.853289218 4.534466453 3.208842371
7.065520029 19.869687647 22.007132909 0.720121124 -0.207904402 -0.660604395 0.042463637 5.567741286 4.199280541 9.065359227 5.844594544 1.602004316 2.757083850 5.780911240 -3.056115778 9.239348865 -3.677477478 2.894706872 4.696221254 3.861979789 6.509486530 -0.266642259 1.985838887 5.023032793 1.292074848 1.616817996 4.527707904
4.906044707 21.442540489 18.752927081 0.310778594 0.353857879 -0.832487333 -0.291832327 3.192550528 1.542162542 7.338143850 4.487063918 9.933143372 -1.064462403 1.339835122 6.379403553 3.911037773 6.640283155 0.889670704 5.028517947 2.441651399 -0.902043636 9.412199110 1.154666422 6.144740141 -3.080543160 4.092605869 2.505765445
6.398617068 13.588251271 8.863681827 0.060712782 -0.109508765 -0.464533589 -0.876658618 3.969709783 2.727135891 4.668470248 6.089201129 2.293299860 1.603164331 3.295472590 6.534067460 3.962277648 6.668644440 3.286239759 1.627484092 7.302541466 5.464739701 6.341860913 2.973332871 0.804419433 7.959117811 3.464742547 3.594998138
5.312813287 19.208886666 16.711764156 0.385395755 -0.061018709 -0.411302662 0.823757822 1.155445628 8.319722664 1.869625632 6.819791842 4.934457068 3.339435762 5.357350556 5.822743624 4.318042923 0.614470248 1.946866722 10.263239836 7.241265683 -0.384391387 3.413701598 -3.616118760 -0.491997696 3.336060027 5.256964646 -1.422803386
-1.848280543 19.099886831 13.599212867 -0.152813355 -0.801777303 0.059772288 0.574655122 10.319854120 6.035768502 1.428996559 3.225539529 4.010440225 6.988322919 2.710511982 1.506485383 2.837173191 -1.728156457 9.743984367 7.977129551 3.944575715 4.695595861 8.452599266 5.641813171 5.617007979 7.144578196 3.404997976 2.783316698
-1.162541478 21.561290146 18.880628662 0.169138379 -0.617011308 0.499368072 0.584226654 3.905694886 6.125548991 5.673564945 1.106889667 4.048362035 3.220721910 4.433248733 5.197349100 3.079036390 7.778907318 5.847265224 -1.299849723 1.381139753 3.017410179 3.631167227 2.066521390 4.794641848 -3.998590923 6.842156462 4.531932125
13.806992597 14.155633395 11.962709080 0.825272630 0.276810209 0.460871736 -0.172911649 4.228756427 -3.182348574 10.416207293 0.619300262 5.680795160 4.342984734 3.522080920 6.029831223 2.743638069 4.457541869 7.849661107 1.523788561 3.857810134 3.645009354 5.260678210 6.695899250 -0.267431769 2.493022154 7.083246238 6.659291137
1.337387385 11.741893590 10.797464677 0.052475136 0.463529964 -0.594769324 0.654702820 0.568372489 -0.329093814 4.123049039 3.281835123 -0.474715382 5.447469844 1.534337913 2.442080534 2.728391159 -0.441361293 0.359815373 2.695208300 -2.189122530 3.671109242 3.787648751 9.183231178 4.457890151 10.220195761 5.002603278 1.208206386
9.674961866 15.297898031 19.783472318 0.084380004 0.563889704 -0.357686835 -0.739573218 5.625922908 3.980041955 7.150324788 5.862355546 2.846242757 4.836696462 5.272874696 8.982361136 9.886560087 7.168270065 6.589056831 7.566268839 5.751296564 0.712407565 2.319595862 5.577796798 5.924883011 4.697365456 0.773914777 -2.839202146
7.237359888 9.999275854 18.050323579 0.493303484 -0.529957916 0.615248689 -0.311873902 7.852929321 2.581045396 8.165723273 -0.383091762 5.436405558 -1.794758372 6.280928854 2.988671271 3.154017017 5.611164522 8.770496132 5.954293593 4.388204991 2.500679823 4.929357929 1.401001206 12.514293484 5.793562246 -4.452802811 4.174329557
4.137697384 10.155644191 14.108543933 -0.372526884 -0.864133025 0.241190632 0.237328706 6.632390172 -2.365028405 -3.037812898 3.365685753 -0.893337918 0.324812467 6.334497708 3.952739273 5.519693112 -0.896126840 1.390457286 3.703555370 -0.288573116 5.225591329 4.161098183 7.513570534 1.115790960 5.919748549 -0.529113915 -1.964928109
6.803723374 15.387693083 15.410168793 0.913697661 0.119443557 -0.310704747 -0.233135969 5.921095285 2.547895210 1.114012199 4.418847660 7.044605842 1.445914945 3.794058899 9.795126258 7.278157469 1.000037187 6.177778318 2.169376703 6.300129033 0.757058569 -2.118512428 3.855379707 2.634092134 1.098590065 3.259076256 3.923802313
6.758083931 24.257120499 11.334913126 0.085734611 -0.776478010 0.623434411 0.032573180 9.045709634 9.619255482 -1.095532985 4.879961117 4.083364044 -2.237015921 5.996389796 1.273935257 6.438725009 1.749266644 5.677968108 7.441796861 4.595673421 1.185649125 3.491136898 5.424875112 4.395957546 9.131745789 5.383383095 6.430218924
2.235349491 13.368379555 23.016626122 -0.541085054 0.285584775 -0.415735133 0.672928377 -0.534386981 4.678518879 4.048041108 3.186530858 5.518218353 4.829893124 3.491822135 2.326318882 10.490980945 5.646836313 2.779721397 4.402566184 5.107455443 4.107269819 3.801132363 3.409931717 5.145255206 3.210634187 1.775526629 -1.735732245
5.802452787 13.645317180 21.685358964 -0.922661499 -0.000021508 0.338089338 0.185449067 4.473063730 4.540760892 7.683108661 3.696042452 3.476740394 1.998959936 0.180633456 8.389235133 5.029784979 5.781030628 4.209698984 3.735365428 2.138902139 2.625649951 8.669532150 2.641473585 2.410045306 -2.996428581 4.909920171 5.704141599
10.499333215 12.681400131 18.306055222 -0.254024710 -0.549916685 -0.765399606 -0.217316657 -0.603693491 6.678030657 1.440920321 7.013062337 6.035732773 0.617127197 2.309944428 -0.605763755 1.988481672 7.908093260 5.418244238 -1.213771554 5.119008382 -2.065106340 9.078628349 4.626963102 3.814479086 1.469268835 0.466666011 6.010588629
6.321101465 13.183364539 7.652277810 -0.154074580 -0.585173856 0.040155588 -0.795122702 3.969219582 4.160519336 4.549636497 8.782727788 0.480173957 3.260480031 2.300270866 2.191495718 1.337904360 -0.414420013 3.003412147 4.906285780 -2.560876748 2.082534141 4.474841304 2.192650722 -0.514727456 4.200878969 7.722906712 7.064373361
14.232398079 18.767454205 13.010150868 0.351489762 -0.914748915 0.069489313 0.186709948 6.742332375 5.500520475 7.685453386 4.133063897 4.119509518 3.618438648 5.778450346 2.372644701 4.255737656 4.896929430 5.516825045 4.095111496 5.048727362 4.132726667 4.260139478 8.308395305 1.879858608 7.090512373 9.994698785 6.346725142
7.939281467 7.667677883 19.978093675 0.258202864 -0.962339437 -0.013394816 -0.083992066 2.571898186 1.532001734 0.622884623 0.593229366 1.522265734 -0.582886751 3.630785642 3.458259162 6.299013870 6.869722678 -0.619990427 1.622633238 3.653838402 6.393945581 6.944121065 4.825120472 2.464347228 2.902377031 5.494137298 4.224917640
7.915768515 12.658357018 10.221844335 -0.105557226 0.510461415 -0.786059561 0.332260715 5.232636391 6.943308040 6.361909992 4.511259187 8.084709601 -1.773139024 8.120405504 0.172618438 2.502329381 3.625090712 5.196646800 3.768854004 -1.718116457 4.029557342 5.319005813 3.254804661 6.944262704 2.778970463 -0.468308641 0.623323327
8.418966861 20.584466409 19.631284295 0.157304496 0.361527723 0.172598965 -0.902642010 6.633946498 7.736005237 4.975946819 8.383435327 5.486379549 6.522539970 6.734436124 1.436212463 1.847986983 4.129690286 1.381248761 0.464709478 5.863597686 8.477045273 3.858674409 3.511686459 0.007360158 7.277903310 5.308488858 5.384540731
10.228580358 22.505809326 22.567379998 -0.103308932 0.075392666 -0.979635792 0.154780252 3.732073093 -2.744555449 0.433751150 -0.931903554 4.064005393 7.718671029 3.840764295 3.400973440 4.118827640 4.160864391 5.790987692 5.377147718 4.107304215 6.655309797 7.886606119 2.904421765 7.894988630 2.615832664 5.081839569 7.184068048
0.380541976 10.862835271 21.732616110 0.398328617 -0.855088331 -0.171103821 -0.284397155 -0.337442254 4.068327029 1.957655580 7.151315670 -0.533089723 6.339884293 4.163364796 2.038769509 2.946929437 7.231017254 -1.422461297 3.037314029 9.578078605 3.918281937 -0.042658244 0.174333381 1.669750603 0.442219447 6.254918321 6.431289381
6.370793968 17.737548466 15.360440614 0.654119658 -0.745668588 -0.072362614 0.104256811 3.993908755 2.622960185 4.606852184 4.364832697 8.409072016 4.761348826 10.658322375 -1.482960088 5.958847944 0.770785856 1.805728826 4.125472099 4.594293839 1.367930888 2.349561827 5.078425206 8.627737008 0.307889239 4.456406240 3.212823661
1.797058240 19.827530068 8.905958264 0.198342681 -0.216245850 -0.855645807 0.426342780 0.889812039 10.184021812 1.446899162 5.039920475 4.941069461 7.103550641 0.442074817 3.788132121 3.244061921 7.404531106 4.570154515 3.269441484 9.673285853 5.965824937 9.886134148 5.440254919 4.764291448 3.154372086 1.763151224 5.075240934
13.839135694 17.352224614 18.085509400 0.294959688 -0.393387507 -0.394315814 -0.776376256 7.828395450 2.250274053 4.477019780 8.026363630 5.783450243 5.576286760 6.843495380 5.677142551 6.748523918 10.196986869 2.480497715 4.136603752 -0.898639620 0.363809177 7.275641835 4.911231710 2.022185366 5.749672529 6.276381830 2.183465629
4.233399202 24.003284559 14.992553121 -0.879964880 0.313398878 -0.355239038 -0.035329590 5.658001073 4.784218900 4.367914972 6.773107001 3.992113433 1.345622058 -1.300103802 7.065615930 2.462556350 6.099366462 9.876405300 4.521141266 0.637282216 7.160036647 -0.280822486 -0.545100790 6.101291528 3.398826059 6.228451586 5.166763379
5.794208756 16.763490168 20.057079900 -0.205160157 -0.808590175 -0.239662621 -0.496641789 6.523180981 0.520017214 5.210077187 5.046105928 4.661595763 3.476742610 4.961952723 11.920639860 4.501237653 7.480864448 4.121424506 -0.017706917 3.183326182 2.379000992 3.758429204 10.275601480 5.231957840 5.296688006 4.496204443 8.438780450
11.155958033 22.429574578 11.048646486 -0.039422105 -0.355712339 0.740587619 -0.568721908 4.942330973 1.335877411 3.359479440 9.095778137 10.610332464 4.244080826 5.275787524 5.618384066 4.849227617 0.092753626 0.769933222 1.684449981 4.892468176 -5.035024300 7.185637390 4.348231444 5.806050109 0.900832749 1.744085581 0.760403108
6.455059483 15.046080765 16.310255484 0.064660394 0.158294976 0.822148610 -0.542985633 7.721593634 5.889481083 2.665370357 2.156364505 9.645833626 4.066942402 5.883291090 2.932412347 5.071202365 7.707601331 3.050644352 4.358503855 7.729246307 5.541404079 1.287217778 3.455857491 5.537772518 4.271240215 2.027195644 5.833102370
0.301842158 23.319194779 15.215503598 0.111525209 0.444856503 0.867814804 0.191212669 4.542975920 -0.479317885 4.602657954 6.906622744 1.705580357 5.088255010 3.535223790 3.959685613 2.838580041 1.845375350 7.529641826 5.211981593 1.732611249 4.844215627 7.364607733 4.274617705 1.700492579 2.776472476 5.567788285 2.467141724
12.963619244 13.369843560 11.084235861 0.042228292 0.531415566 0.202017086 0.821585884 4.132577937 6.908480896 2.371171326 1.130580385 7.700989356 0.705627805 -1.446609380 -0.115286390 10.559684109 -0.011199237 3.142260521 6.889529780 7.258415953 5.807089260 4.338950605 6.769582926 2.037370452 3.070267164 1.570309194 10.100290623
6.027546325 18.232457059 13.475149463 0.300908845 -0.165213340 -0.527716244 0.776964597 1.745800834 -4.116399335 3.354379393 7.227941871 1.884224814 3.639463411 2.342521644 6.991163639 6.872243613 3.531388920 2.831836363 1.408026098 8.135572171 2.949890390 3.210256838 5.913984393 5.651369667 3.985944325 2.197180331 3.014159358
11.262981835 15.404962195 23.516882050 0.544120657 -0.071578948 -0.834350187 0.051661697 5.872684466 1.105754087 -2.843332367 1.277998260 5.181379137 1.577391469 9.345724337 2.818111889 2.136316495 -1.155500588 5.979915108 4.357347151 5.171777872 4.507809552 3.104952938 3.578517702 3.862985720 3.350326191 4.215732594 5.821390793
2.327505036 21.770598752 24.239412121 0.606202864 -0.715971666 -0.346022657 0.013076007 5.132657563 5.588377412 2.736312532 7.114140106 8.223829618 7.628945184 0.178162396 1.909736785 4.361733866 -0.731607018 8.765287470 -1.418130599 4.527268447 3.274068129 -0.247175881 9.042241346 -0.658888071 4.139580601 3.167551534 10.850860304
-2.416168090 14.930672824 19.574504060 0.163847330 -0.536268197 -0.779777514 -0.278419649 5.883114709 2.378137119 4.178529091 2.375888048 2.113925489 3.931228939 3.048824284 2.161944497 4.585031726 2.863236764 5.755658089 5.262110335 6.021887015 -2.923169487 0.536905010 5.451753474 3.126502658 5.964886409 -0.345452523 3.105752265
10.482712958 20.102077853 16.600768193 0.076620044 0.342361953 -0.464191007 0.813292303 -3.871407721 -0.244748277 2.841027427 1.657946222 7.166966428 2.058329525 3.714187506 9.198080646 7.752598582 5.885081666 -0.659781666 7.820166078 4.304739762 4.907870389 4.747481049 3.853567047 8.683606145 9.716437464 7.112449523 2.005662091
6.093665271 12.367533729 9.643088407 -0.535061313 0.011653978 -0.771916981 -0.343100205 3.698700736 1.762857439 7.996473155 6.881917513 -3.189898126 1.598311244 7.812889806 3.973942793 3.458885073 1.184136070 1.757695399 2.069299154 3.814417073 8.028010899 3.862484648 8.251916278 6.027278105 1.352811966 7.650913087 5.296386479
-2.245951131 20.208171838 15.767476156 0.573126419 0.616750908 0.366715763 0.395808003 5.694345250 3.896899495 7.801117994 -1.829524685 5.203637320 -2.368702755 3.060020354 8.858593596 6.881147173 5.224796794 3.734988965 0.551878839 2.271927705 2.772309950 4.134654366 7.776708823 2.302732348 1.317353959 3.579408262 7.457973766
8.256772890 8.841423720 18.856280557 -0.846453459 0.405569017 -0.107427551 -0.327856120 5.506394443 5.271511775 -0.043477234 4.709581043 4.050536869 1.795314004 4.850384733 2.360870484 2.848188250 4.472853546 0.262328208 7.720207759 4.619281757 -0.205241220 4.607384647 7.396561626 9.429651974 8.300546641 4.440481027 2.697104993
2.894628604 11.018309370 14.650334431 -0.533405126 -0.101046621 0.050494592 -0.838283274 0.224999117 5.782757932 2.485755745 5.508553213 6.863174938 5.836291824 5.736661096 8.009545559 6.833457597 3.010719507 2.825052046 8.961061326 1.818842855 7.268105224 7.244905256 4.698103705 1.269935744 5.942508887 4.311816047 2.048036809
5.323437971 23.041483750 14.227412832 0.369898783 -0.006189259 0.900448045 0.228757298 4.812183614 6.713499164 3.917779253 7.522899027 8.465775459 0.334852630 4.873699478 4.800361973 4.508394107 4.541063915 3.497352671 4.905111857 2.273596853 0.205202814 4.229629084 7.045681808 5.761806397 8.478963016 5.455441840 5.423618229
10.461562405 10.175324498 14.934275249 -0.231655238 0.250395750 0.385869552 0.857171224 5.943839786 7.176564013 0.994166897 5.086580654 1.780066823 2.695042944 0.379260059 3.350823066 3.292768253 9.383479583 -0.915327469 6.389472153 5.151863212 7.566706041 3.492198389 2.340152307 2.818204958 3.367283182 3.094324789 2.765765393
9.070293180 21.986814527 10.721021056 -0.758668835 -0.175891480 -0.275400113 -0.563594325 1.447978762 2.114227235 5.365975808 5.145096295 3.502724655 4.198395585 5.557200515 1.345905381 5.067104674 5.586773501 4.747930696 3.825231804 4.776417425 4.048785880 5.470936634 5.596355754 3.493964184 2.436394072 6.060557724 1.370002644
6.321697863 15.333424052 19.693124449 -0.373050946 0.879869938 -0.287353273 -0.063952955 2.340446683 5.564633103 4.767791891 3.209832226 2.483133612 6.814794351 2.783112302 -1.096594076 6.641782358 7.787351619 5.836190260 2.342830322 5.883052581 -2.135368531 9.290124485 1.982981822 3.633024289 6.327760887 7.437498132 5.929629714
6.149866748 18.399985363 18.253312350 0.370132746 0.882246904 0.171271836 -0.235176761 4.181668981 -1.602240262 -0.778377939 4.393079734 3.050896051 -2.810778464 4.488692616 0.409482117 -0.099870493 2.169686653 6.511826933 -1.236048726 6.653122341 2.397636737 0.116188436 4.779741644 1.576417014 5.727362715 10.128625587 6.282443993
4.079701349 12.382383528 16.486028689 -0.318453694 -0.745502300 -0.431983130 -0.395226696 4.927106830 3.331530410 0.307520925 2.079794372 5.092820420 8.462765192 1.863293651 2.722991980 4.684348076 6.582910075 -0.767344631 1.701250288 4.676468136 1.681447612 2.108517175 0.502982288 1.276691361 7.647740884 13.790314114 4.172719635
5.387555653 24.951570025 21.336964329 -0.487342786 -0.535221809 0.658069904 -0.207312868 5.893944929 4.594007612 1.808019595 0.731839148 7.069821142 5.258607872 2.354743632 7.472517793 7.010892368 3.318683187 -0.380181669 4.978056325 1.262374757 4.870371071 2.701318630 5.510465284 1.739913124 6.516187347 -1.220457718 10.373294159
-0.438770796 10.448873221 18.632050274 -0.449129621 0.701609498 0.041956615 0.551603425 8.562750850 3.220351167 5.591399903 3.845404596 2.652390367 7.671476490 -0.145587833 -0.799367407 5.983446453 1.906050804 5.587785352 1.761891624 7.915825191 1.687237736 -1.628546447 -0.520466152 9.365400444 1.215117350 1.677248182 2.627934139
4.590631975 20.643310177 14.720191773 0.087788516 -0.509247943 -0.412625176 -0.750133437 4.523328154 -1.255979919 1.105264661 1.023732327 2.601636162 3.325925977 11.864004424 -0.427201813 3.697348302 9.280452523 8.467249694 8.546867670 7.497762415 4.896179885 6.191884959 4.385638372 3.480002172 4.172081621 5.897592747 2.163282776
10.675797873 12.592381327 9.943986041 -0.058804159 -0.691796544 -0.582274374 0.422984829 5.282963410 -1.933202721 5.205508892 5.102470400 0.818017764 4.919055535 -2.497413935 8.770100498 2.582861819 0.921230378 5.790840305 4.708311394 2.746088815 5.243124331 7.306624428 3.035896262 9.496384643 7.015369379 6.186707506 6.225365515
7.508672215 12.453067823 23.690320773 0.173146069 0.472551716 0.534299835 0.679145788 0.098043543 11.871680847 6.456556613 7.141236943 1.097568225 4.785416974 10.007098920 6.527545988 1.408278813 0.932275700 7.791899981 -3.578440552 3.617116423 8.549742914 2.610651505 3.723188982 0.520545281 4.602332549 8.148480611 5.211358303
8.718117899 13.974594290 10.672492443 -0.352966163 -0.245900943 -0.896734164 -0.103997366 1.724198618 7.961693136 9.636167478 2.626645922 4.306080082 6.070335005 1.522820905 0.622263674 4.786903631 5.517276879 1.206127459 1.159645689 2.530174172 3.661134214 4.983406861 6.888639850 4.861172599 0.684439795 2.694870663 4.941491277
-2.283745994 18.659656420 19.920569114 -0.442224721 -0.564189474 -0.215141496 0.663205602 7.706470418 7.824020660 -0.543253942 5.479548602 6.608649437 3.190941325 4.799806576 3.980130590 8.167946779 9.096051256 3.451565917 3.978576627 0.194789184 5.768721586 6.278210234 4.554318201 3.730757434 5.374795743 7.422742934 1.342106023
0.584123107 10.539026522 20.501797061 0.245849179 0.071328857 -0.966343796 0.025495946 1.716710450 0.637060617 4.397528878 6.530634307 4.484076605 4.428867813 8.993080012 7.368588836 -0.934190090 1.988628359 4.009835854 0.342816341 6.680560716 6.925868355 1.135107159 1.306246303 3.623547103 8.271913855 5.909754460 0.078900170
9.965918563 14.020252470 8.575448175 -0.000431493 0.187115442 -0.973345765 0.132610889 0.647522830 6.451071832 2.445959070 3.227601722 5.250484038 1.860936690 3.379005126 2.925680852 -1.111910952 3.246706872 8.996241091 4.108924788 7.255238865 7.574105536 4.432789174 -0.132991741 10.038518282 5.898908339 2.411856833 3.937312573
14.963310443 21.024387697 14.384270114 0.502398538 -0.033630033 0.176231572 0.845817453 1.157404490 -1.895040197 3.546469474 1.760341898 3.581342521 3.790097499 6.067306111 6.149256529 4.732945549 4.748032930 3.175589590 4.492397423 1.653095202 3.223886103 6.895119057 7.420352527 3.088723875 4.296678102 5.246679161 0.610299712
3.052637089 18.991371443 14.658934302 0.984609534 -0.092477598 0.019822971 0.146966017 1.958949460 5.386305148 4.141011639 9.390589388 3.895835903 2.305839969 10.541193518 1.467841148 2.698426457 4.558348822 6.016452401 9.153364158 4.432441475 8.495373446 -0.077349790 2.777931427 -0.541472871 2.300727279 0.598089307 5.889086609
3.251643555 15.042634010 20.024060421 -0.973390012 -0.010385403 0.212583214 -0.084925880 6.075232532 7.484342876 6.736379593 1.381993448 9.145971364 1.969957728 4.507865617 4.789051712 11.681623653 4.193062349 6.639793339 3.261062778 1.387309043 1.445341405 3.850421063 2.327255883 5.732832944 2.844371466 6.069031744 4.889661890
9.473394869 20.664145302 12.067082284 0.561985999 -0.132972291 -0.650482924 0.493317415 3.661632847 3.358942360 4.667997102 7.446700004 1.836107564 4.369759466 -2.827325680 5.753255518 2.158126045 1.578099092 0.919418273 4.554797087 -0.765787410 6.355420683 9.044730112 -2.242254344 3.998422919 -2.456994992 0.618805686 3.780120028
8.918640572 21.832811998 22.707248669 0.420227441 0.235267338 -0.683817835 -0.548134423 2.970790480 8.732921974 9.863918083 5.525400610 1.906024798 10.119630113 1.532952896 7.676595379 4.806584278 5.304833817 3.361800994 2.947373099 7.134648714 5.711338533 1.159976678 0.245608453 5.946521330 4.109146279 4.814377003 5.130453687
1.306758972 12.457789430 11.426690379 0.528729217 -0.282898821 0.787408139 -0.142835900 1.658718998 8.508691832 1.444287714 -0.437367121 2.354108243 6.546238606 7.696994587 5.829397234 -0.855783278 0.023327745 3.167892896 -0.894584361 0.501451495 2.918482409 -0.514590078 6.938277906 4.351644739 3.260257218 -3.320979959 0.885552475
7.562658111 10.417353290 18.112967546 -0.589642297 0.124283132 0.321189918 -0.730556433 2.718729050 5.610893612 6.848879291 1.037198895 3.168375054 3.611906990 4.315153543 7.118969395 5.424402569 7.801113619 6.104858673 6.480681291 9.047112344 7.680063455 7.445480935 2.261807280 10.314812167 1.130739687 4.314749070 4.011950790
-0.065209456 19.414164406 18.698380286 0.895758856 -0.120668420 -0.134130580 0.406280927 2.075391860 1.392860842 3.507566459 1.402130519 5.186713149 6.089982438 -3.504594705 4.182602043 6.926218941 0.202461067 5.927527587 -2.139932637 4.316975876 7.935500824 5.959112510 -0.693603320 2.952354487 6.876872628 5.233872543 2.636135964
-1.757912319 12.386274898 13.781439628 -0.593649766 -0.380906193 -0.625179069 0.334128058 6.049698167 2.187258770 4.940614636 4.649119166 6.763922339 2.916398048 3.588329443 10.674632272 1.649299403 3.710703671 2.503407391 1.134381634 5.538054362 7.548273865 4.399572770 1.819436478 10.249103616 3.343612000 3.678316709 7.968584781
4.307684000 14.524842559 25.332095570 0.076735441 0.148253209 -0.069423466 -0.983520737 4.232782889 1.371048321 2.499121148 2.765820585 5.747679124 4.115851743 3.887705675 -2.394002188 1.079767800 5.893470248 -3.513100537 3.313743377 6.228502176 3.819273008 0.966528262 8.732478251 8.518489074 0.422873090 0.342211495 0.025005829
10.407783284 9.109480513 16.284296541 -0.097411180 -0.029829725 -0.196593717 0.975178015 7.271640846 9.225156160 -2.363295688 2.740353315 7.677753137 8.089584755 2.030471470 0.939651952 -1.223835400 8.898433455 4.941070268 5.839696841 4.500114522 0.006608874 9.778661168 1.970068825 2.991289305 4.200019208 6.676787814 8.064573804
12.611219690 15.240025845 16.014064750 -0.938746316 0.092213718 -0.143598663 0.299385052 4.755268473 4.817979599 3.393061109 2.295451922 4.366665060 5.132297986 4.657124081 3.061066560 6.522215583 1.843906352 4.416670697 2.360994017 6.319962087 5.157295346 1.069388687 -0.983562589 1.603698905 9.239123399 4.319610734 4.405915010
4.227943479 24.520166896 20.086937741 0.433769499 -0.036135207 -0.311310330 -0.844762775 5.219899670 6.752977373 0.369167677 -0.340122484 3.653212052 1.627584209 0.406984435 -1.702761952 5.100741911 4.548646886 4.751986238 6.318266957 5.678192689 6.162313295 3.523357849 9.148941529 4.227791589 2.134502160 2.683693189 3.163784760
12.195761387 17.742206395 16.356052428 0.176860671 -0.257627677 0.925155235 -0.215490313 3.411527119 2.455750109 8.701232396 1.741215959 2.444376411 1.416055333 3.822712142 4.095883433 4.061304408 2.380715214 5.137434250 4.546459233 4.097844580 7.363016513 3.421221854 3.117822512 7.033432318 5.410944294 7.500759916 2.876898538
2.713309758 14.728993389 24.631149029 -0.482009946 -0.275516110 0.622236832 0.551886411 6.306389428 -0.895754414 4.068900811 3.095705094 3.379483809 0.760609201 -1.294354161 2.324263382 -4.623352696 6.926054449 5.143207920 2.556344327 5.064451384 10.211581979 4.901589854 3.013074644 1.739094582 3.864203082 2.501524314 3.249339876
5.351111967 14.881293137 24.444391865 -0.902382674 -0.034992290 0.408506318 0.132678698 10.726415514 3.125255530 3.954901090 3.864481142 3.007671478 9.776331718 5.437940396 2.955446345 7.181053629 2.702639164 3.813800885 1.811484724 1.879971659 4.732879300 7.232736472 9.599899708 3.332221554 -3.077734638 4.244367378 1.416321969
8.352193136 10.584957985 13.036192766 -0.022680543 0.389014030 0.750819669 -0.533313699 2.606868187 6.924772066 3.711238934 -0.773174905 1.948186010 10.412528707 1.883266554 4.456488552 9.075332770 9.315602090 -1.094651067 0.101608918 4.538551753 1.031921930 7.773227049 6.916894831 3.197618768 0.815246295 -0.316023369 7.732095388
3.973377633 9.803008976 14.607891578 0.370765894 -0.919774906 0.009301357 0.128297541 1.493587439 2.204319752 3.961236940 8.174915313 5.763388407 6.937819002 3.080665034 8.478927802 4.232024424 3.307187127 3.766273584 -0.612800984 -2.736819255 -0.018646162 5.123961828 2.962405477 -0.192277080 1.932470734 6.146176235 8.953945749
4.110102303 18.071895625 25.812988286 -0.598957300 0.776230192 -0.119795568 -0.156095686 7.696906316 1.056870662 0.274958269 2.451243706 -0.984941580 -1.567150371 3.407648056 5.258450478 3.145555245 3.984945706 0.851101207 7.228600702 3.042239663 5.235751099 4.048051423 2.483572875 5.501409233 4.605681448 6.183282620 9.303796144
9.012802463 8.996240663 12.077266236 -0.219275900 0.068828537 0.319245704 -0.919381799 0.383044442 4.983715364 2.951578304 2.192777884 3.500419436 1.685775490 4.297800972 1.534748652 6.755688078 1.148364136 3.423865141 4.748041905 -1.244855931 2.741193500 -0.683252063 3.572392134 3.808008281 9.307183642 8.520166909 3.405851644
0.628591953 18.831503851 14.886146600 0.348712314 0.573474267 0.646716122 -0.362333058 9.390076499 8.440358422 5.754031858 1.003095901 4.125491487 3.490310981 -1.479563241 2.101923271 6.586789875 6.905550957 11.119888089 2.198200380 8.424397871 -1.155240251 1.227114889 12.831284941 6.067109462 2.481224815 6.184682364 1.651943258
2.545422500 18.838842753 8.959285715 0.487905439 -0.324368900 0.633935954 -0.504834929 8.177560601 7.698023915 7.789604273 5.468536222 1.939798314 4.489458271 1.230183293 3.910166791 1.957548282 8.722953829 1.919145098 8.830963865 9.893532821 7.095959443 9.302729296 7.018064906 3.470223713 2.853602419 8.838496259 4.857287695
13.127705999 16.138100043 17.023814433 0.190743738 -0.002726858 -0.828315270 0.526785729 6.963944583 5.677306914 0.832765173 2.277889457 -2.406507801 5.154733722 5.348676124 1.098667700 -0.205037654 5.716071679 6.143243611 7.480858396 3.828197055 0.382343390 0.600291441 5.095297558 1.682983269 3.301869385 5.420381872 5.467053480
8.478230261 19.197564595 9.961466809 -0.782349204 -0.139685321 0.563101003 -0.226572271 3.404367426 -3.025514946 5.652580428 3.368794823 12.753839758 8.098114360 -0.419732897 5.553574714 6.314225741 4.864704039 5.974677612 -0.928199813 1.514404776 1.059726514 6.068722564 4.256085392 1.834408760 9.153298995 7.366453447 -0.464729621
4.035594414 14.885050096 17.242029582 -0.773459861 0.337116329 0.524006074 0.116318781 2.722187986 4.358602057 5.660901599 -1.060190541 10.693043786 2.327176675 1.783468548 9.718127745 4.159695888 3.008312660 -6.497200665 5.314098139 -0.140435081 4.647268970 1.912873131 4.460426860 6.735280992 3.439895362 2.924026165 3.050124748
-0.845888157 17.621350342 12.305418125 -0.494211869 0.358623788 -0.674800175 -0.414473559 2.739586135 2.312719673 5.466379802 4.307680985 5.498323604 3.282266440 4.847074733 4.010214993 1.059430791 5.893838505 1.419101698 4.177324841 6.041872790 2.894842536 4.932173594 2.749459366 5.362718796 7.873818188 3.169041739 3.703904535
13.994909320 14.220615419 22.455500238 -0.195174457 0.852594812 -0.216878306 0.433535257 5.461822261 5.771340503 4.199962659 2.697525415 0.631378568 5.075457573 4.352382487 2.296991534 4.615731627 1.866121990 6.322947577 4.668430704 4.924380532 4.548954990 2.165967890 4.880773829 6.690034051 4.745485107 2.154361596 3.679569524
2.229746808 22.491498105 17.000683566 0.282698725 0.815540112 0.276809047 0.422318017 0.092931273 3.325619655 5.226066879 3.905588558 -0.619593849 5.677898755 4.824344867 3.839109765 2.630123267 6.735240914 4.565794071 9.726224789 6.388225445 0.686838898 4.662241522 9.726461223 2.977597064 7.201113594 7.979787241 6.995848753
7.568859967 17.276491181 24.789929584 -0.070045834 0.112658652 -0.506584826 -0.851923367 3.842385607 1.546163721 3.405675082 -2.215685555 5.068266861 1.701375611 7.514292552 3.972307813 -2.037614297 9.683408723 6.520947734 3.066167880 1.425444620 -0.227702980 5.773701100 5.384910820 2.714989133 5.273596877 2.047822127 5.825195110
2.788233633 12.419837804 14.160053445 -0.737466433 0.366270974 0.534189584 0.191390499 0.538600816 0.188955161 4.831520607 1.503083657 3.788610789 7.922730793 6.816655789 10.083136615 7.150765622 4.438715700 -1.594726168 7.551255680 2.238933585 3.217531000 10.142083174 1.334396315 -0.564097495 4.609934307 1.538516045 0.700081388
4.985031276 14.464538229 12.357876202 0.547550576 -0.152519847 -0.542016365 0.618986529 5.317683517 3.865585950 2.889671551 4.325657085 7.702579208 0.546909231 8.239266325 4.764862116 7.287911845 2.786721757 0.336378716 9.246075974 -1.380352082 5.092435210 2.283670459 -2.295432855 1.912955791 2.060199059 5.571859465 6.833099775
3.950859391 22.732173252 20.491100207 -0.074809489 -0.339980045 -0.046790808 0.936284001 8.327261957 10.274300822 6.717620753 3.152270429 3.617329197 3.699076789 7.092279303 6.847830923 7.843516862 -3.399885668 6.367206459 9.665502500 0.924090488 10.919030710 -0.592527952 6.486855774 0.888350497 3.062896903 5.718113454 6.560358748
-1.375846435 15.396653696 14.905313666 -0.465647471 0.461865052 0.675584358 0.336806892 5.408138652 9.094832430 1.623196799 6.207786359 4.926937085 5.100126206 1.004823505 10.060357502 4.317630688 3.435570686 5.612133415 5.099043243 12.067121990 2.224890079 0.923120580 5.386058591 9.038735421 0.537079678 1.343880862 6.264262003
7.158002396 9.741655679 20.936022233 0.190904570 -0.078513547 0.423057822 0.882277251 -1.407504074 3.237908207 4.176637215 5.968173303 2.855883913 -1.220113616 1.133401554 -0.361642169 5.285834447 5.371045151 6.866381799 5.090108226 6.916736060 6.478190808 3.691147037 5.405365574 7.989191733 2.217866894 3.201037653 6.572244368
5.679440983 10.930348167 24.734074579 -0.873682535 0.219777857 -0.191703359 0.389392275 9.799999498 6.791406404 -1.095052407 0.352613744 2.639041134 -1.964472254 6.397266144 7.374396638 2.279447971 2.851496083 5.012001909 7.038894390 7.200736239 2.460976583 5.292884527 8.677872127 4.491852523 1.210717443 1.760514534 2.120904036
6.700269994 16.939949996 9.689352151 -0.026220657 0.196785233 -0.604962956 0.771108210 5.162382525 3.394974101 1.757274855 6.938092212 5.554133144 5.839590413 3.920816962 -0.785406203 6.615874197 3.795676065 2.942616396 2.331375019 -2.692549751 6.346964111 8.878872536 4.289470706 5.004145463 4.186382835 5.340870638 2.608415508
12.356930179 23.543194277 19.332061437 -0.133294049 -0.861844155 -0.263752227 -0.412179707 7.697665968 5.961665245 -3.079762316 3.072915200 1.190034019 6.668989271 10.803950091 0.467009263 3.938774756 2.081332485 4.837319320 7.774483592 6.926239058 8.541997869 4.421287331 5.788326405 7.482250729 1.005084303 3.810669431 1.753620127
5.858419062 14.237670885 21.158305367 -0.404397990 0.272012804 -0.547721677 0.680053134 10.587801443 1.700500693 5.453427016 5.111256974 5.323521145 5.172595011 3.316127117 6.534935573 4.745426006 3.160882218 4.593079877 0.942653643 2.442540193 1.589396739 1.061363920 4.437623904 4.313242429 7.050163550 4.455875235 6.259675856
10.758456700 19.606244201 15.780256830 0.422550163 -0.715330568 0.534204423 -0.156138313 13.138804214 6.475586911 6.016511633 0.758480643 6.370058451 5.457058087 -1.145971039 5.883667045 0.706056776 5.628240148 2.305775915 4.066402838 3.583508151 1.725639424 6.063146146 5.623643861 8.004998524 3.891342828 5.942669053 2.404397763
5.603068134 8.515236197 11.390239891 0.238984196 -0.955481406 -0.130771052 0.113317118 1.608865881 4.507374919 0.856735894 8.253582683 3.330708412 7.082641705 11.493743503 11.130144119 -0.152631192 2.560309742 2.654146282 4.265685773 2.472410198 2.341773340 9.518342759 3.072074379 1.977202849 2.666532999 3.346501796 7.516725074
-0.284613050 11.826173966 13.955902730 -0.360188340 -0.048730840 0.307773856 0.879297969 4.684261062 0.885633751 2.704767707 4.002334212 1.771138387 5.318690888 3.930249299 7.263745036 7.152914575 6.113231408 6.271393462 4.192635141 -0.233398759 8.519700284 6.836753086 5.794992169 0.916745228 8.754520725 7.625130022 5.738258951
3.525595768 10.854775856 23.386044861 -0.379726553 0.305748771 -0.128137512 -0.863658620 5.328712099 4.139321293 4.933031370 3.115133426 3.596478584 7.120482189 4.085309610 4.339906296 0.912416462 3.440355437 2.295694827 3.489288317 3.088789569 5.368611759 0.755968924 8.675557237 -0.471983295 3.780891098 2.599314310 4.334005583
