-22.153591278 -5.201373256 -18.837451321 -0.198098660 0.396572663 0.153980928 0.883049782 0.730759154 5.439782901 7.812364268 6.272235096 1.156555504 1.193943534 2.203941991 -0.552352491 1.057264530 0.936672827 4.426578517 2.524713615 7.735456432 0.326939879 4.125615717 8.328356106 7.352958764 -2.201582279 2.011617410 3.423861198
-16.113083110 -15.355192950 -11.057605123 -0.112396272 0.986165409 0.051652219 -0.110349049 5.995674674 4.200680307 4.002181939 5.561508887 1.958077852 2.969887923 5.896838246 5.597134587 4.046205063 2.363161432 5.868726383 4.450414021 2.166505190 3.871718559 8.517868522 7.528654170 2.443620278 3.367817520 3.943278661 4.036365613
-21.153537122 -6.314760243 -18.075784150 0.633086012 0.517817495 0.378212424 -0.433615620 4.805781240 7.015507183 5.231726556 3.671148270 3.006709106 4.297701729 -1.814670919 5.612173695 6.225916215 -0.166845048 1.689849132 0.915384045 3.313900884 -1.204574974 4.700279127 6.578702641 7.114626956 4.789541670 -0.399223589 4.771616815
-16.191449432 -19.648055484 -11.310384567 -0.673872206 -0.527834149 -0.510254025 0.083235757 6.227993382 0.332360113 5.043438454 1.684568933 5.337045576 7.181269700 4.555873517 7.528981370 8.240689267 7.559558200 5.218030606 9.558109193 3.507292368 1.621838447 4.970717741 8.249392823 6.119939708 6.266465829 -0.355852944 5.571209156
-23.029050489 -14.124698366 -7.488714896 0.460209133 -0.512665591 0.332454247 0.644092943 5.079661720 3.700807416 2.965231967 1.772274131 4.029464471 10.067520777 5.031476701 7.122038991 6.159985932 -2.913876501 3.012085520 5.442794986 2.306466880 2.310022858 3.651597981 11.161338888 6.077317700 7.928568233 7.983492722 4.479582036
-27.520912660 -17.205345790 -13.453483439 0.324707088 -0.478521649 0.509360655 -0.637286483 5.119112044 6.452566251 8.081339660 1.335826861 3.040684277 4.289548634 4.565239222 1.072081924 6.473108602 5.154222527 2.772605879 1.902062772 2.859006231 7.077177432 2.002009114 2.484238072 7.988303191 0.407156791 3.716625568 9.571148418
-19.839020662 -21.185672460 -14.788961459 0.192710102 -0.972271907 0.103902229 0.082185653 -5.191958796 7.190549937 3.161463288 4.375006158 8.858226401 8.445459077 2.630181884 -0.223517602 1.376006026 5.080315468 5.501317637 0.140602736 4.986104590 7.315945906 1.074331657 6.798069552 4.431979002 -0.922040571 5.917465524 1.217379471
-24.031085674 -13.425132016 -8.464858098 -0.838147846 0.189301610 0.176482155 -0.480132417 6.354241419 6.740583945 3.776963912 2.830631969 0.136115331 4.412225240 4.612516732 6.760383830 2.480271965 -0.015191504 4.458944274 6.910246838 3.773600846 3.966173039 1.340047096 -1.071675914 3.212255790 2.978822650 6.853319032 3.563474115
-18.302676186 -4.602071801 -10.724401963 -0.676421027 0.083977645 -0.045094670 -0.730321039 7.715951024 -0.288738908 7.570951053 1.070231692 2.039551057 4.102716713 0.293543085 4.884782741 9.726612674 9.996949428 0.026303411 1.355860220 2.583404511 8.493272147 4.284196641 0.696486715 1.919969729 0.073448000 1.188937209 10.574844694
-15.336171135 -18.569403820 -7.943120978 -0.663028821 0.379202003 -0.561198658 0.318833326 3.735423950 5.585387097 5.790871092 1.262157108 6.333510901 5.029336155 2.865517491 4.720976251 3.904646330 4.118087568 3.805479841 7.336473658 4.596738647 5.390126939 1.362487907 -0.175419704 4.921510011 2.307318103 9.186941943 -0.269497120
-24.428054652 -12.356322126 -6.235559396 -0.182705898 0.923095434 -0.308114906 -0.139923475 6.783444753 -1.942266215 0.747227160 1.847704139 0.070066198 4.745983751 0.289457808 5.893510613 9.840759054 1.140260571 5.878922430 1.021197776 4.107357881 9.975188805 -1.414162249 5.553245300 2.397463587 2.619243658 8.475366894 3.578703473
-18.724581238 -18.182672594 -16.426295012 -0.117484635 0.376626951 -0.664580539 -0.634572461 -1.371302650 5.272162555 4.788646386 6.698843506 4.446395616 6.672848632 9.688435598 2.911904814 7.050758976 4.960171214 2.409968366 5.420497097 6.172487587 4.703137751 4.428782813 5.194482496 8.703207245 0.935933510 4.075032553 1.873325083
-26.616198201 -18.483438868 -18.910310284 -0.249579190 -0.557429806 -0.704724517 0.361034063 4.304576524 6.676106395 4.773535702 1.576168013 0.348912502 7.801120599 1.580013546 4.030287264 5.777603084 2.882848537 3.964691502 6.576860897 0.464657670 4.307724228 3.440645146 4.288133179 2.978850498 4.305087819 2.875142009 10.771760725
-18.429830397 -22.181750846 -14.999712197 -0.443209940 0.604029033 0.614225297 -0.247873275 1.777031531 -0.092547770 3.956944966 1.252915977 6.470259715 -2.069771329 6.572832494 0.675231444 2.629630196 10.446152264 -0.321559600 3.748390132 3.722174557 4.740761169 1.548983755 0.541670906 5.001359730 3.147468995 2.804383685 2.167068228
-22.310188519 -17.428545407 -12.457741395 0.064068518 -0.540486039 -0.492990346 -0.678771380 4.981285155 6.665792711 1.941286160 0.595283524 6.353707325 0.931346547 3.740286966 4.629603138 2.124450846 5.195219525 9.591635738 8.433771889 10.993532431 1.391674830 7.052328845 8.454131450 5.977360074 5.370762298 1.273091495 3.492183254
-17.509127494 -18.075781190 -13.651523420 0.431184034 -0.838604266 0.220076868 -0.249778676 3.944092449 6.373180559 0.277682163 7.338710584 13.257717263 4.666349523 4.880541181 -1.934440408 1.371565978 13.389774478 5.522890631 4.576469565 3.060125165 -1.372962961 5.219051447 7.329618173 -1.489992573 3.385148516 6.982897372 -1.100942656
-27.768654895 -6.789842484 -11.599216584 -0.032339085 0.950587198 0.020856289 0.308063594 3.148369515 3.693525686 6.024312777 8.620871856 7.558071254 9.182401196 7.433537447 5.773123590 2.078573752 4.688817403 4.892414147 3.139008889 4.232517707 2.494915372 1.523697756 -1.161826564 5.197720482 1.794106987 3.533923706 -1.539984522
-22.358560621 -11.397536012 -12.596610204 0.037487026 0.820984313 -0.499667270 0.273700748 1.691232008 8.404151050 3.688107357 2.873639611 4.629029122 0.861265635 2.508320472 3.497163098 8.712777361 0.051819522 8.925906258 2.544572365 4.436818829 5.581903378 6.319771090 3.114319901 7.251006855 -3.919041612 6.377339596 1.914722653
-19.380769380 -19.613604098 -9.626252787 0.655913589 -0.146944767 -0.419080084 0.610374051 3.899775383 0.353006896 3.972522442 3.193757180 5.725100675 8.203559220 5.449427891 2.822476272 5.488992638 0.912764173 3.983841635 4.069182590 3.615669760 1.536134316 5.094587760 2.660940408 1.067444727 3.762628763 1.615957502 6.668303002
-20.512445587 -19.929591018 -7.798641956 -0.810550157 -0.071876885 -0.422960545 0.398680993 4.356342419 6.985010797 5.242226207 4.311838359 1.446348254 7.514919462 4.409207982 -0.108320792 5.383744537 5.810169416 6.531730650 3.434261326 0.000242583 2.563333177 1.957312141 3.786276277 5.066903877 3.772095773 5.464704877 3.087409993
-13.654112930 -17.304668821 -17.824055478 0.710357945 0.415328963 -0.316198358 0.472135616 -1.176992802 3.568373931 3.503183092 6.593086960 3.914398585 0.717069522 -2.410562577 1.973696448 7.187221218 1.844569993 0.645604833 9.149872844 12.252005989 1.422644758 7.527621867 2.253970864 8.546818006 3.552295979 5.264416165 4.991212716
-21.952887200 -18.505797070 -16.901224654 0.757231237 -0.166722769 -0.211285856 0.595115669 4.691313821 8.562643377 2.744448342 4.219809626 5.118171429 7.454271278 8.905798396 3.056399538 3.157928736 3.123627740 0.405167332 11.044264807 7.775347265 4.336299935 7.039390238 2.416390002 7.839166142 -0.193388122 4.458602424 6.604989159
-16.744275562 -8.943091575 -20.410043108 -0.310230372 0.846243272 0.228904034 0.367739559 7.920638226 0.708212286 4.556745589 5.652428982 4.417404257 3.234779515 7.860902969 0.830782369 6.499623948 3.385912927 5.589306144 -1.417616021 4.523007135 1.058851258 5.415089123 6.423520374 3.356475228 1.760490075 6.475550685 1.368136333
-24.338151553 -21.133878552 -12.183048476 0.153510805 0.017941283 -0.700586954 -0.696627922 6.579965825 0.933746461 2.776835370 4.929587408 5.921317805 -2.151427704 6.505638194 1.561108940 4.040826344 4.579427218 7.795571906 1.416418349 1.208822803 1.200640933 7.839449967 4.078612809 7.720004179 8.665719449 6.224018884 5.315589291
-18.174104361 -3.428439021 -14.022650634 0.708124236 -0.243960764 0.023451318 0.662188227 8.129333910 2.434324833 6.136338310 3.301487010 6.913353658 3.042314310 2.111005511 3.148294251 8.848408603 2.376783910 1.615185299 3.508564144 7.513255063 8.437005998 3.505087284 5.133802397 0.938555212 0.013701892 3.909196593 7.878955115
-11.633979449 -16.111641745 -13.170391461 -0.425907091 0.381064646 0.213271912 0.792406446 7.053512645 1.530705629 2.509160123 10.319763166 7.792711747 4.256656245 2.264853952 0.598257123 1.540190071 -0.528792521 4.541531376 8.183655466 2.609926285 4.614089682 2.763546403 10.273357264 4.128810258 1.900121346 6.172319437 1.460675912
-24.675462698 -11.249158361 -6.220453507 -0.597562850 0.592057558 -0.445559589 0.306370920 2.306710140 4.815841966 7.051285246 4.135937516 10.917195971 3.160807512 5.385878104 3.272927338 -0.880055054 9.127493805 3.273093501 7.247790980 5.872998048 6.623818892 2.020924835 4.065702049 2.391200871 4.595045824 1.644080456 3.816671958
-20.709708461 -21.057241236 -14.557987634 0.886855495 -0.341077274 0.289211613 0.116233673 3.455273931 3.025651073 1.384976881 4.583595545 11.725839975 4.090215153 3.927848497 5.432452592 5.900378710 2.939337706 6.854199201 1.669196067 3.543279255 2.325507302 5.024234818 5.596775821 -0.189684531 5.301045647 -0.710091535 6.971861528
-19.018336587 -16.204913369 -8.324844275 -0.098531494 0.693291487 0.712330620 -0.047154496 4.605206491 7.029455245 7.519664901 6.051774956 5.407694720 8.080246778 5.676327372 0.053266205 8.742464963 3.980758222 2.591429090 6.511717595 5.036068473 5.630738251 4.237020900 4.071963504 -2.434873784 8.299659255 6.181427144 4.880938230
-25.979282798 -6.199276600 -18.147441718 -0.445292294 0.644055895 -0.556783450 0.277306629 7.568811546 7.183455207 3.375288388 1.931788827 1.627535476 7.862999808 5.275998966 4.640347518 5.282450381 11.230839998 0.289510321 6.950425329 1.786090798 4.280267853 6.218660475 6.594366746 -0.626367801 4.216806285 1.757804108 3.783852121
-21.936472745 -8.591101546 -7.287585346 0.495641634 0.710148404 -0.382729298 0.321787041 8.134437766 5.022579864 9.269204902 3.251301127 4.904306490 1.414655417 1.891972344 2.065506698 4.686875810 4.240190596 6.790204730 5.847000173 1.579410590 8.903365498 5.646910924 -0.909312849 2.833609110 0.649764767 1.682435350 7.580084080
-25.001186621 -7.503832829 -15.998933343 -0.223371454 0.545620965 0.793725715 -0.149674463 6.004237577 2.657111056 3.141257328 0.852019265 8.248592201 4.640439953 3.166539508 3.769314995 4.534367481 5.585685231 4.966072197 -0.491739738 3.887929944 7.253747104 3.367729672 9.034703221 0.809926543 7.035991466 5.375778777 2.447968872
-27.951328124 -8.094610828 -15.541475348 0.383338598 -0.682411192 -0.622211854 -0.014795072 2.489531713 -1.458205914 5.952393450 2.718663235 3.255564151 -0.449715584 7.100740852 7.465964751 7.670998307 5.323163893 3.944674619 1.795483867 6.564747546 4.620293113 0.889528100 1.804619728 1.903218889 6.817380543 4.033952548 1.091516719
-19.178818294 -7.110174357 -10.425139853 0.142701025 0.666755101 -0.683977737 0.259323174 3.870305557 4.221043622 1.943607763 6.243825229 5.134315479 -1.811730584 7.279317355 5.019805984 3.319203938 3.644219505 6.754417691 3.865835367 0.840654847 4.272111787 3.760411839 9.127017512 5.149243128 8.652981395 9.594427728 6.332527955
-25.977052494 -17.236793308 -20.625171267 0.446045857 -0.883774593 0.016796909 -0.140368893 2.905142812 5.446262098 0.916748656 -0.686404914 2.057719389 8.416743062 5.497027162 3.183753307 3.053560408 1.933565734 5.537922303 4.485578673 8.902723281 2.600622972 -1.490023165 3.578703182 6.154153740 11.229758848 4.074110990 6.804142182
-26.491033166 -10.799990881 -8.902803117 0.084042384 -0.785239769 -0.550693129 -0.270319182 2.970470887 5.664891470 0.540119039 2.898819042 7.522690540 8.530832781 -2.159324178 4.671243184 1.561507522 0.906803452 9.204428504 4.747970976 0.711011520 2.918835017 8.699975186 5.605117001 2.865985850 1.455949563 4.186345444 4.471467820
-22.887757468 -15.827894897 -19.167474341 -0.051173882 -0.839464744 0.487973206 0.233585805 2.770952993 1.548152167 1.276424698 7.741418878 4.868928450 1.522351829 3.209057653 3.078931500 3.788897137 8.425292993 3.613120911 -0.140450824 5.196785276 7.686189140 8.415360051 4.628235148 0.462566544 4.429850700 3.441037392 3.144243844
-14.360993131 -6.412980070 -15.925361552 -0.379299101 0.581283950 -0.718737938 -0.040705508 -0.933977509 1.720405358 3.896661021 7.562854558 7.043842610 4.270110888 6.597128192 7.166814495 4.748552199 -3.033583107 3.363432942 7.282947232 -0.554428108 5.280005383 3.913904925 6.112308008 3.091265506 3.872715482 3.831147182 5.508321508
-23.742315330 -17.669248904 -21.158482374 0.462751926 -0.365562719 -0.716671373 -0.372299204 10.427056731 4.984525360 4.253988954 4.952619761 3.177817855 3.661305827 1.883951302 7.454795739 6.576401176 3.088383605 1.844241182 4.987291424 3.606923470 9.227848174 6.642984030 6.869317675 4.304483317 8.393949812 2.386500346 3.024218066
-12.491584439 -7.834670805 -14.647126582 0.490559699 0.027360058 -0.155583873 0.856969234 6.156506791 6.676098404 4.750061015 1.576655691 3.488987772 1.866728685 1.684737918 2.358141415 3.751551478 4.750260421 4.604654797 1.773827820 0.633006473 7.617652108 9.109776940 6.874001137 2.603170345 6.132438234 5.995098863 2.251716778
-26.443057640 -14.778719678 -21.092227760 -0.591468652 -0.624611740 -0.174922279 -0.478985599 7.768207054 6.218843383 7.749449122 2.878252683 7.145143262 3.052283061 0.883487896 9.091798581 2.505777860 10.172762497 1.014152624 0.055366140 3.114025866 2.317423304 5.828562943 2.025128106 1.586497234 6.141616210 3.373547422 3.963397021
-14.632181778 -10.976462845 -9.302349392 -0.064151682 -0.076164175 -0.374203422 0.921984479 3.967577868 -0.447518819 5.201906902 6.052324977 6.058632802 0.440746877 4.883595338 9.678014915 1.238626632 6.997793458 5.308212600 -2.425792493 4.772699681 -0.171097274 2.832673828 -0.134227578 0.550240301 3.962407784 2.102415599 2.421137704
-13.069135754 -13.278995796 -19.233478420 0.258140348 -0.123559960 -0.154159555 0.945690927 1.354075740 7.509586850 0.572071061 5.905237755 5.801690007 6.066707160 5.242871567 4.608122932 8.051879796 8.684114712 7.328121252 1.066886256 1.218289072 6.538101453 9.363039766 3.460393394 3.544407641 3.263560082 1.150383213 6.132597852
-20.353398296 -4.469864529 -15.265930722 0.556407963 0.647799947 0.409951327 -0.320476703 3.503511683 5.611416295 3.150406013 4.934515314 -2.240416626 1.885872152 7.087148235 -2.161954675 3.998025403 8.268234160 -1.286590829 0.055328998 -1.204257004 -0.368652863 0.670638904 10.556142294 4.265388885 3.394382125 3.565413603 3.549774767
-17.972589834 -9.558258353 -9.981120103 0.016281714 0.299194977 -0.876515270 0.376746936 5.159831670 1.556792428 8.021991996 2.796565061 1.954291643 2.193463363 7.141275559 5.821011743 2.145556092 6.512431581 1.321730252 3.929563494 0.818588865 6.306587088 4.889717510 2.401888480 1.427567403 -2.948293864 1.159086763 7.508467740
-21.928975425 -13.172682484 -9.569716129 0.704785833 0.539546295 0.068380925 0.455511553 5.732073670 4.624388956 1.659215199 11.967716859 4.799923891 -4.523090009 4.579925416 1.531668147 1.200413703 6.644821877 4.355423752 7.393352064 4.712783252 2.899924762 9.697775187 7.282758627 3.731423684 2.471407548 0.539491843 6.994073270
-26.313140325 -18.859256842 -15.986758684 0.618822463 -0.076795386 0.217930679 0.750777895 1.534929678 9.138204257 6.608386954 5.109843969 5.089084204 4.941466671 5.553737765 4.087792986 4.040645104 1.946192738 6.465065292 3.856983294 2.008055648 8.129276701 7.935131784 1.895963850 3.564759076 1.119767669 4.386648915 2.763786152
-17.739522137 -7.985803340 -5.250869527 -0.390680650 0.521366003 0.226391977 -0.724080653 3.653690263 2.460500948 3.558728481 3.476481702 7.950785866 1.923466538 2.186326522 2.419571906 -0.024422767 8.475333575 4.330307996 5.925389457 4.026775959 7.058600235 4.161067635 -0.080877094 1.332384919 -0.697723416 5.604809369 5.159696815
-26.760201091 -17.424945157 -16.137066944 0.230019379 0.506718711 -0.557526737 0.616028547 2.487535113 2.274593524 5.877186888 5.159577446 2.340508689 1.952443842 7.049628441 3.980889979 9.451019208 6.206252852 10.290174286 1.384899816 6.358998906 1.136768697 3.881319299 3.782101092 9.393677504 1.189476307 7.058039225 4.585107654
-23.172153334 -8.222341304 -14.858801991 -0.483121393 0.647711174 -0.547371083 -0.217827574 1.123922902 9.457936111 2.239852166 10.165480631 6.082883326 5.957088594 7.053709233 4.168172926 4.277270572 -0.365723164 5.273448016 3.997975396 7.823406219 8.748730857 4.002993748 8.952474045 5.433311702 8.486469940 2.322385316 1.782004998
-17.182479463 -14.491822531 -18.497634420 0.576220419 -0.616303695 -0.432688796 -0.317679383 8.007710601 2.114545114 1.045563724 -0.695322293 3.469947671 3.753828823 2.189067426 7.901340888 7.332105349 0.000966347 3.525568391 2.714076088 0.568822054 1.203045667 -0.618990933 5.586557228 6.932830258 3.052140778 1.062335224 7.056166379
-19.341531750 -7.873837624 -19.225736744 0.406726246 -0.469658806 -0.387708798 -0.680937776 8.491389599 3.860712799 1.275683404 6.643016948 2.433384754 2.150593763 12.487063963 2.639252539 -2.912550179 2.042522625 0.279627246 -0.426146046 0.342343775 7.111478796 -0.872949789 1.187749945 7.318729402 7.645660800 3.306913053 0.233600840
-16.558732378 -17.251505236 -11.055836849 0.552787474 -0.165489444 0.666357627 0.472235922 2.575930223 2.805437914 4.807103944 4.304602530 2.670608598 5.753165009 -1.779008525 2.204812227 3.173558400 0.271018724 10.436826489 8.130254023 1.900412469 3.873133641 0.179219535 -2.742662002 4.654236892 3.213184865 6.605708919 5.408635623
-16.429096688 -19.064725665 -10.804394277 0.003415114 0.916328505 0.248016535 -0.314353634 2.965150507 8.007857042 7.688312851 7.429857501 2.495415296 4.696686626 6.918135624 7.040317578 3.441614752 4.904181716 7.918830944 -0.259444792 7.668235974 3.133425560 6.470522405 0.613379283 2.053560906 5.554713628 3.843875889 5.610368185
-24.973411096 -15.321579212 -17.306484189 0.113087871 0.238945238 0.870318641 0.415525896 2.052789368 2.164969807 -0.186704603 2.641126701 6.328617775 1.324769045 2.760061427 6.675490385 2.891045780 3.364501455 3.527976106 4.582629504 4.804683622 1.257878351 11.272580929 1.636102086 6.368297506 3.475992807 4.253344973 0.034527975
-18.827046291 -8.949309777 -14.851224408 -0.674437118 -0.433535726 -0.382623965 0.459108102 1.014823201 4.222236660 2.922475202 6.857717231 9.378445309 6.319428161 4.120458115 6.519828435 5.479210919 2.386870298 1.732898400 1.200618185 2.706011091 -0.701844063 0.161050473 5.625151714 6.103921609 3.120871580 4.182999797 6.488952639
-18.523208774 -13.658799741 -18.278699651 0.032055891 -0.816229241 0.022903817 -0.576383259 0.129819370 6.352807921 4.807457599 5.109642833 3.118856486 9.325568813 4.718836533 4.136911995 7.105594837 5.609939213 -4.087282948 7.178945782 5.613967414 5.006020038 4.275958718 0.457056182 2.495535880 9.544083313 4.479179820 4.191732646
-16.053338076 -17.898043275 -7.144249603 -0.394885646 0.075580941 -0.741570958 0.537052476 4.806517919 0.587305335 0.254535282 0.056195689 6.800080093 3.497284003 1.956842180 3.466836310 -1.090605126 2.215383247 8.308709033 0.944566319 1.354435953 5.211202359 0.918584906 0.606115125 6.391421050 3.209845557 2.166089906 3.577092560
-16.338305704 -13.619577056 -12.699072147 0.974032679 0.085718866 0.165720034 0.128255553 5.065625355 5.857784793 7.476369158 2.771821366 1.186823576 2.682538210 1.953609573 1.811612471 3.213243074 1.473682452 1.509981734 -0.785709584 0.574070988 4.173790211 6.855989043 -0.181696065 5.437162864 2.698186245 9.010017324 0.165615071
-19.790196348 -18.449036254 -9.165950357 -0.156638106 -0.199419956 -0.958979130 0.126709171 2.261712174 9.016354983 4.257247161 3.349281567 3.354799432 6.871355701 6.581961554 7.308035649 1.391553085 6.082495660 3.918875956 4.584122987 1.082510140 5.396473465 3.153489650 2.467214002 2.903439915 2.577161388 6.411654503 4.055445960
-15.719192580 -8.821870189 -15.770230889 -0.371365471 -0.264533366 0.873247861 -0.171895198 0.033892951 7.202867391 4.820491690 4.407032316 2.364534282 2.105330612 4.636268972 4.598986760 0.897748042 8.394290447 1.934407327 1.050137418 2.146239982 3.414855240 6.207923440 4.259235173 -0.569032882 3.356929138 3.127392762 1.399486310
-24.433312829 -21.285169771 -9.433768858 -0.561780233 0.043821279 -0.610922336 -0.556108411 7.002205418 6.975563729 2.456042073 1.210047614 5.217716632 4.554697102 4.365811580 5.922807564 4.832164391 4.558530381 1.858380557 6.336169877 -0.731281791 1.976062415 0.662325386 3.401984090 5.617721741 0.529003017 8.120221992 6.609155188
-27.239772686 -17.709651814 -8.763841999 0.892082212 -0.316096523 -0.317314153 -0.059866880 9.296995191 5.911320162 2.366591456 0.343775766 2.158433653 3.036748753 5.029125959 0.177989209 3.031165540 6.881819869 2.629912165 11.736688558 5.861115877 -0.140524373 3.718385475 4.092351902 4.573847273 -4.341171301 3.968279783 6.131606685
-21.025534705 -5.487985125 -17.449622164 0.126573454 -0.408807065 -0.874065819 -0.229923657 8.517529555 9.046533436 4.117661893 -1.889542516 1.777493525 5.246156445 5.709508238 2.937420685 5.764820204 2.418020088 8.249715638 4.927037879 2.163884020 3.571143299 4.242667905 5.713700116 6.020251406 9.389776221 -1.350197843 6.211176791
-19.947904141 -3.634196760 -15.832157337 -0.849355769 -0.088862496 -0.283067577 -0.436544363 3.329162886 8.026576460 2.582300926 4.643177060 4.234609305 3.612619885 5.749801150 5.793666970 -1.733022410 9.087527059 4.377298699 -0.567788541 0.325690022 7.548971510 3.170255760 0.002044759 7.816984319 5.172376410 3.399090394 8.875982283
-19.574322039 -8.778160284 -22.126599465 0.264931493 -0.468432643 0.187127830 -0.821806144 2.246338896 -1.193464109 -3.058913878 6.346275764 -0.345232697 5.025412277 7.089702945 9.016257110 6.339148616 2.990352017 7.390299794 9.347935545 5.778481900 5.749087519 8.117881652 7.179473303 -3.222797874 4.958715716 6.191916201 1.210235767
-26.653946751 -17.164149705 -7.262018665 -0.536513733 -0.300618738 -0.044184366 0.787292278 9.564438208 1.115566958 -0.321208209 6.936834115 5.164313734 4.298230975 0.055422137 3.647980502 1.688832040 5.955695727 3.537923924 7.792870198 4.715236250 4.076903823 7.216417600 4.310338053 0.754977755 6.329035024 6.241171047 1.833513160
-13.601893338 -13.679171026 -15.884106586 -0.045105331 0.316772760 -0.945115847 0.066155606 2.726406378 5.042932908 2.750660912 -0.918682603 5.492422185 3.507971678 5.670667165 2.090235171 6.670923749 7.698519811 5.101618370 3.589693982 3.810501306 4.713214884 7.851493631 3.121895136 3.470968096 8.338944221 7.074321103 3.966644176
-20.305824459 -7.350540174 -14.007005463 -0.377308101 -0.771164964 -0.392972389 -0.329417512 1.241251382 5.380476574 8.133017256 2.684219346 2.398611596 3.826885232 6.961465631 10.006357957 6.905770847 4.744336054 6.932617692 5.650448447 2.993602773 1.931352053 1.321770861 4.210836471 2.348373159 5.948676122 9.712771276 5.428929331
-24.342872208 -6.965844102 -19.434701247 -0.514924147 0.690375935 -0.393893813 0.321063631 5.319539203 -0.743240887 3.311326047 4.185066384 4.604841617 -0.764877907 3.377478226 2.705157786 3.707765199 4.747229320 6.165178064 1.963786185 5.589002040 3.839686938 7.569102575 1.882914798 10.468680748 2.222675380 5.051217750 -0.137202498
-23.480546169 -15.578015497 -14.537529914 -0.726184233 -0.063017908 -0.182422454 -0.659853962 10.831511691 6.949506294 3.657729707 3.543018264 4.711659557 4.963275348 3.164906945 1.438091314 3.950688232 5.074757847 5.310084769 3.603230885 5.061622275 15.084947038 1.880914175 2.087361331 4.412758843 4.590633450 6.425873454 4.000445581
-25.305529756 -19.702648313 -11.976599804 -0.563217775 -0.699869090 -0.373794428 -0.230752507 8.949832123 -0.838482322 0.553990343 1.396034826 4.582863684 4.102299732 4.223729377 7.376342917 5.925858468 6.262018773 5.054988363 9.054014341 5.577323913 0.935119432 2.930961732 10.226963960 6.556752563 4.674510098 4.196024057 4.289984959
-15.268579063 -5.583261627 -10.072127033 0.651753679 -0.345115900 0.674916618 0.024489102 7.818161012 2.426897838 4.793909697 4.251316134 5.156473519 5.578483298 8.266689251 -3.297713276 -3.115531101 -1.860244939 4.526957387 3.451452747 3.657897148 6.263254478 9.547398463 0.254927081 3.654734613 6.888529091 4.836255587 4.142878498
-13.581258630 -9.261379525 -14.525820865 0.415090664 0.065660619 0.887611832 -0.188503739 7.201077409 5.504590108 5.112640409 1.697839204 -1.149679494 6.125899795 0.459331913 1.156141927 7.247602850 6.025260424 9.985947227 4.398838582 10.390704578 5.088476980 9.012226711 0.547681232 -0.078304749 3.907327717 4.666425200 5.837825936
-21.630498084 -6.659946513 -8.423779378 0.427221775 0.629055326 0.348015087 0.548321485 6.128986219 7.889781816 7.534666536 7.577960095 8.706104721 2.519081436 1.546684513 1.144961000 3.552818400 5.348325149 6.814192970 3.187781238 2.663549088 -1.833561852 3.464787419 1.477691153 1.298542668 2.393234637 7.333483510 4.536360943
-21.287217110 -14.618081099 -7.383766888 -0.642126324 -0.739441454 -0.161176923 -0.122156127 3.632956804 -0.122207648 3.281964461 3.565402792 4.166976529 10.418732220 -0.741178480 -1.589546799 3.234920059 -0.824169333 10.376775214 8.345284243 5.892520377 2.525497088 6.487750990 4.182882179 4.104380489 5.439114925 3.890012366 5.480056267
-18.585443831 -14.742610330 -16.365996422 -0.192970899 -0.241030146 -0.743523421 -0.593160706 7.515902713 5.318796121 -3.736734122 3.609077251 3.997642848 6.015221483 0.453051959 6.788544002 3.776010941 4.699611273 0.309608657 -1.493932698 6.405716157 2.964383852 5.281819104 4.937229126 0.399015629 3.775195243 8.892017845 8.681080391
-23.776681034 -21.907683677 -12.982428572 0.623157941 -0.256718994 -0.058191663 0.736466747 9.245524943 0.358761987 6.970140631 5.149798058 5.654913889 0.989350835 2.218434076 7.399422246 10.017290514 6.932231881 3.366081798 3.239962387 -2.598243610 1.659554351 6.171922517 9.072917463 4.367440288 9.207759345 3.976524368 1.839351193
-15.241818741 -19.176503660 -18.139860384 -0.135093414 -0.125380428 -0.904450845 -0.384705324 5.565118598 1.094696481 4.296275658 2.157646014 4.369096872 3.290157512 3.702927745 3.315349649 -0.872300369 3.978780591 0.840096594 5.669252348 2.409796175 8.755666347 2.662150137 2.644294580 4.802585695 4.679475230 11.957284107 9.970343897
-25.802697752 -10.529721252 -11.810014621 0.253508821 -0.190350790 0.454205690 -0.832584558 4.777703950 4.390429000 4.395464940 6.302765835 4.337758793 1.010842983 5.674051029 3.549566214 7.597787673 6.155982205 2.574962984 5.797297302 2.684457438 0.164004621 5.156341043 1.481263776 5.039131195 7.001273914 2.234339523 11.673406779
-24.550455846 -17.417165560 -10.569922919 -0.578479955 0.052014691 -0.360918865 -0.729652648 6.283974076 7.313432614 1.781777794 1.687766593 6.124775616 5.815125710 4.168253819 8.636396279 0.763461054 3.417799658 5.002832648 9.301293653 2.883798964 1.477496332 2.375311283 4.506675000 4.159641976 7.142496629 0.798256179 7.736607045
-22.196123941 -6.399142356 -17.078077598 -0.438522493 -0.733997183 0.421848685 0.301645232 5.483714037 8.185766786 1.187960140 2.990715400 4.326411063 6.718277263 1.292584926 0.167853639 9.112590605 4.799318632 7.511939141 2.770464208 6.065277796 4.452369716 3.656408940 7.134301814 5.213595698 1.715619216 5.616720887 3.674871595
-24.000581554 -11.062229134 -16.521696917 0.707027823 0.411306929 -0.500991850 -0.282746235 4.591971533 5.175624431 2.773996912 2.567500573 3.610588596 2.971260138 9.558602398 6.477814346 -1.079614668 3.778596137 5.233633803 4.091153285 9.547644488 4.409210756 1.361156773 -0.036944914 6.699173187 6.926856466 0.678509975 8.287511290
-22.790695528 -13.489818743 -20.183113466 -0.610649301 -0.514692348 0.187003664 -0.572039202 9.252810575 1.308073092 0.756821040 1.613512171 3.864390325 3.533397872 8.198940384 0.084295856 0.007564699 7.817947523 0.960234647 3.863280166 2.924282748 8.344744282 2.938114646 4.917837547 0.278613056 3.500412217 5.219391697 -1.836800446
-18.257501323 -7.286223957 -10.197047966 0.313631718 -0.232971533 0.151718367 -0.907932237 5.687981594 5.833884295 1.253729501 2.182136986 4.261888292 2.399464823 6.275897590 2.837710510 5.660808128 5.536821603 1.789253206 5.374648236 5.295368356 10.768890453 6.701718973 4.515540725 5.734228362 4.398371831 2.326716510 2.522702265
-18.255676807 -6.158710947 -15.698051738 -0.201850684 -0.389594194 0.091343871 0.893940133 3.548550106 5.754586236 5.697836137 3.351025407 4.437257599 0.587330401 -0.075260212 7.429412463 3.293363637 5.145445944 -0.003073610 2.126559725 7.797444988 0.560198527 6.166735656 -1.153672518 5.825394095 2.830854212 4.576312195 1.678831013
-27.992274557 -15.857304982 -11.165309161 -0.438293379 0.013344743 -0.044043186 0.897653067 4.264258257 6.578289212 3.328018273 6.651436241 -0.344872205 4.068825190 7.699413774 7.279040764 4.475885910 0.251298860 5.880874862 1.253571167 8.930016257 4.967249073 -0.314301673 2.374143579 3.393857466 5.167344678 7.699614805 6.003563760
-15.222324441 -16.660813132 -13.934989479 0.404370424 0.437948856 -0.172615790 -0.784148678 9.132587618 5.424862042 6.726171425 5.677177282 2.643418521 1.541651871 3.086706888 -1.309819743 6.906809393 9.179698903 7.012336842 5.719688740 4.222684876 1.232192237 6.133399742 6.342928465 2.488886041 2.857257194 9.641893685 5.032539771
-15.489364052 -13.864819145 -9.011725311 -0.677854921 0.052542501 0.589268077 -0.436480385 0.731455527 0.610164616 10.225011798 8.568325863 4.879628850 3.358602854 9.821076996 0.321482968 2.358454309 3.044543315 5.071740630 6.668656376 3.060346486 -0.527420034 6.813789677 3.057184462 1.319292085 1.647107551 10.851074864 5.370943728
-13.024795046 -10.184768719 -17.015184280 -0.749941893 0.191388061 0.630920012 -0.053830346 6.069676883 5.785134428 3.526001951 2.595715939 2.388044889 9.847636216 7.354790014 3.491676466 -3.251792992 1.208895027 4.596221154 5.169943520 1.115445811 3.485321736 5.330122177 2.858050823 2.005494095 5.650402022 -0.729069899 10.071709717
-27.795323814 -17.077598118 -10.288424937 0.282708802 0.752889668 0.047290890 0.592449536 4.345351958 1.075332907 -0.651980127 3.298839919 3.191817473 4.547233517 6.321385908 1.681891297 5.414879310 3.913086915 7.058598237 6.457071305 6.071495807 -0.651959826 11.744783303 6.148287818 6.954441261 -1.576376098 2.157457379 2.530085181
-15.067880085 -17.536277484 -17.310888051 0.326746312 0.222400023 -0.022302540 0.918301516 10.377935104 3.136821215 10.794261639 1.745210001 -1.103928451 5.046437654 6.541258326 9.763668972 0.171142916 -4.216570689 7.033946703 -2.148008611 2.765563654 1.350846241 4.451936283 1.697301076 1.239547061 -1.119201301 5.016232336 7.823890422
-18.938583682 -10.349298827 -8.154489366 -0.323322169 0.533903794 -0.656358018 -0.423796727 4.811566781 1.337002003 0.302210125 2.308795685 7.563148515 -2.258845197 8.015117545 4.244990854 1.756393826 5.053770460 6.116672957 -2.388753160 4.234191693 3.505216817 8.906451594 5.040520954 4.693490712 3.709189766 5.272786028 6.040747471
-28.731302606 -11.001727642 -7.575331307 0.761868947 0.311299383 0.501642154 0.266464915 4.407171924 0.448877137 6.352210765 1.758284231 2.328099694 3.384486017 6.937198629 7.650165935 0.394555302 0.601356120 3.550810224 2.347370702 4.205260565 0.947394357 7.656340083 -0.251053693 4.348510894 6.628568549 5.529062213 8.800697380
-21.198079289 -6.197578214 -11.538169410 0.924723253 -0.180775518 -0.286257347 -0.173965077 6.595600302 -2.375885410 5.489687514 -3.250162986 3.788778045 5.804623134 6.814166489 3.345464344 -0.200241337 4.626342128 2.136225682 4.926981731 -0.505392668 0.933730413 2.299922820 4.083109884 0.055808197 4.458328198 5.631996171 2.412232587
-23.985895540 -13.924100035 -4.080040081 0.236721540 -0.402841390 0.018630542 -0.883931349 3.629938185 4.878633083 5.301894161 3.023162190 9.393191364 5.519906751 -0.259054504 3.714965304 7.192930308 4.544967873 7.139544432 1.289569909 4.078187696 4.491436852 5.269394114 10.602810213 3.737346030 3.563574435 4.243369354 4.605701654
-20.169202962 -10.672424261 -9.818971932 -0.005029594 -0.570563254 0.592612670 -0.568544193 0.078347520 -0.246476696 3.908883126 5.337560744 3.639178621 2.978128675 -3.079658078 -2.120036957 -2.027561761 4.897775148 2.634645486 3.445590205 7.754395101 3.216475250 7.327724224 7.795103493 6.023868644 1.102843388 7.693247431 4.520444698
-24.767980861 -11.079824150 -17.255772423 -0.016321302 -0.420336343 0.742294373 -0.521584162 2.537243589 3.971499387 4.292066111 4.144278358 1.951471324 5.366520347 9.102580296 0.857960079 1.392301714 10.698341176 2.502698215 7.422215903 4.595505432 3.972865280 2.760587001 3.978900773 5.568888677 5.557468180 4.699770178 -2.531773818
-21.659593346 -17.928984850 -9.539199030 -0.943524766 0.219077910 -0.116661634 -0.219444636 1.770833704 5.064226627 -1.302450440 -0.962182002 7.049855886 7.577909060 -0.049447265 2.059219908 1.857609745 2.742188466 4.016530364 -0.125368202 3.046815588 7.428989206 6.901901826 4.090684789 2.748634068 3.371925063 6.307505415 2.962770639
-24.969847312 -19.192275226 -19.109779111 0.523229673 0.642161685 0.552026928 -0.095526699 5.633569840 2.910738734 2.263102080 3.620261844 7.796440815 4.008615917 3.968578603 2.201527836 3.582840503 2.759614650 8.037345610 3.672695700 7.854308512 6.477970752 1.866543103 5.787785333 4.585275726 1.299170414 4.962454434 4.976627658
-18.438426809 -12.537924630 -9.163706692 -0.500823571 0.409144919 0.576249669 0.499712422 2.087007910 -1.777881738 4.400921087 -0.241217653 -3.377968153 6.255924776 3.187844351 7.753994922 3.373194341 6.306889957 1.549511933 1.474812631 3.847433336 6.484209758 5.478747432 -1.683814977 4.789677051 3.336610925 4.567544141 5.908034212
-24.189982694 -12.384282809 -10.391067313 0.103434667 0.467552955 -0.345407080 -0.807087017 3.659141798 -2.599281280 5.074796393 11.421466133 4.790343292 7.242762129 3.465353272 -0.123573544 7.189421432 4.921899501 3.558733695 6.115683765 2.986500397 0.720166831 10.741488103 7.776377988 4.324141473 6.503510705 6.447354687 5.484411478
-27.307615598 -8.840963817 -13.723306689 -0.323572580 -0.295631413 0.897995317 0.038823500 5.371225722 6.087530152 4.061517755 6.863773498 1.887179376 4.427671222 6.727873136 7.063196363 5.983298852 4.060869877 4.282842675 2.034818379 2.078766923 0.475240722 0.606344558 6.421300739 1.241323298 3.456606262 0.517643217 0.914490406
-26.728467647 -19.429462253 -12.257975925 0.622402876 -0.067958977 0.661383117 0.412999528 1.168350466 0.760571718 2.065744875 10.971581240 5.530536465 5.693941194 2.162580225 5.461571483 8.794635911 -1.254493380 4.651514684 10.026775507 10.210257152 -0.307275250 1.570481733 6.179321234 4.423776301 8.339790433 2.186914704 1.537352901
-21.728939371 -18.918056798 -18.175277459 0.715327568 0.581873072 -0.344011019 0.177162687 7.104627868 3.429996956 7.572040421 -0.128614656 3.717579782 1.966520918 -0.120502466 -3.513132101 7.451972720 1.109043685 6.744359412 4.223501822 4.142610328 6.299919171 4.488033361 3.287331404 10.131437943 4.529419151 -0.968893966 6.819534177
-20.883956271 -10.986499523 -11.579240850 -0.369625852 -0.166261721 0.548159614 0.731611104 -2.648481871 6.036439217 5.292256301 8.611026161 8.850005948 2.278962715 -0.890938740 -0.459921672 -0.519731208 3.058975097 7.309490242 3.983858255 1.220341660 2.275479266 4.661126281 3.778738308 7.145538170 8.012397958 6.088475993 7.476888225
-25.414488579 -15.298708722 -6.869334332 -0.397012618 -0.271281712 0.813092769 0.328127054 12.526050562 4.422603500 4.884760966 3.743829201 5.383395130 2.703555503 8.211044118 10.419655536 2.366343654 3.817809365 5.753358086 2.277058151 1.591308694 1.137325614 0.015857335 1.414693655 5.532468984 0.002483948 -1.262766735 4.912182967
-21.968400543 -19.966796172 -19.026334009 -0.254547755 0.023760725 0.962303725 -0.092803063 13.298993554 0.963395274 -2.234653639 6.129495987 2.524003246 -2.998198294 5.179845707 -1.097505923 1.194207021 -0.379574715 5.015037402 2.893686017 6.190706074 4.447617197 2.117687013 8.132350585 -2.567122850 -3.093981813 3.659773363 7.872942619
-18.179271684 -5.129372476 -10.457217018 0.018576885 -0.339406986 -0.911925055 -0.229892348 4.121294878 7.554972753 7.670597762 2.997990293 6.399006569 4.655366679 1.398526398 7.661292748 3.503166906 9.510768171 1.642891989 7.220546576 3.000871073 6.160163580 6.354659876 4.287411967 9.346496079 2.964952155 6.187980785 5.929614041
-14.681708081 -14.728328862 -7.858626327 -0.722684051 0.431694005 -0.139908104 -0.521338442 6.805800453 6.983506673 4.801341251 3.371491480 -0.306458903 7.837401584 2.889700085 3.378204950 4.418016080 0.986922888 6.423525724 5.683097324 8.438274444 5.434680183 2.954362932 6.659807855 5.890464665 8.743298302 7.655337708 5.161119165
-20.386986541 -8.723074150 -7.064483407 0.196400948 -0.639981260 0.565900057 -0.481256460 3.072625306 -4.737537272 0.484595276 2.757407433 4.974361077 2.628214895 3.938761538 3.598637235 4.726658936 7.366467819 6.586181538 7.279588590 1.804273277 10.517269999 4.598537885 9.773517786 1.765334236 5.635257992 6.112792338 4.000274446
-20.861888303 -12.685744199 -18.724162556 0.390555246 -0.214260643 0.345633603 0.825891270 4.144316710 7.241045935 -4.411400427 3.459437429 6.381681851 0.384475688 7.895034683 1.084749381 4.540709565 2.973739606 2.652692011 8.418589538 8.264619015 4.102364219 4.300589855 5.822083727 4.009340059 5.574458192 4.452270536 4.903999718
-25.350230789 -11.507252795 -7.567385359 -0.257709674 0.051136661 0.743170828 -0.615359965 1.702099091 3.047414573 3.534914238 6.894948746 11.078694436 4.936662679 2.781485774 2.943274809 8.555583964 3.436047302 7.769409806 3.756721578 -2.533196014 6.972084740 -2.496816122 3.932675120 8.585768726 1.561406426 2.391569078 6.282026023
-22.606579398 -6.000513008 -19.024696652 0.415005867 0.702881557 0.399694732 -0.417099231 -0.300868350 9.930982199 11.306246551 5.199153949 6.119470761 2.304101108 6.353922282 8.224836921 1.144942279 7.312714606 3.382311688 -0.581946010 3.175140943 3.758506643 1.159401267 9.365942228 4.880792774 3.950825123 5.258990409 7.484155946
-19.384152945 -12.347209884 -14.945244276 -0.078043397 -0.538712854 0.328140872 -0.772024130 8.640863263 3.377090699 0.570576503 3.180504324 -0.844100630 5.749821396 2.652733668 -2.740152644 0.835550223 8.501304902 7.130857539 4.910315282 -3.803129453 3.118705627 2.767227136 7.226122225 6.422397085 2.900723532 -0.137008540 4.776382011
-19.391689431 -13.706731054 -5.991000543 -0.405489502 -0.352213396 -0.429201511 -0.726161174 5.162902655 6.086510042 4.373529384 2.578017376 2.876933592 5.506186270 4.070856649 2.690456258 4.933033335 6.182087337 6.627833006 5.089277834 5.851967107 3.878362407 0.786959449 7.919880755 4.488702482 3.070714134 11.349773411 6.505780411
-20.808040871 -15.256799258 -5.447544757 0.301794686 -0.685660550 0.515429223 0.416079671 2.107759202 7.968129811 8.581219907 5.532745850 3.738723480 1.424536565 0.926476792 3.909422145 2.490717262 8.829827359 0.113777697 3.166821787 1.032279584 5.254014572 -1.316007919 7.669227490 2.008490872 9.341513413 3.085896587 1.481531433
-20.860547533 -7.079291914 -16.224549776 -0.537609285 0.373004565 -0.418184062 -0.630052333 4.377661416 2.961119212 5.922952288 1.166881523 -0.958518529 4.589952909 1.588742670 4.851175577 6.649771625 6.349193395 0.193444168 8.471362529 5.581109375 2.838550674 -2.997176704 5.670144148 5.727987697 4.842345357 4.795828150 4.454593903
-16.404741282 -8.570723583 -15.297544922 0.538876025 0.750396410 0.378280145 0.058497773 2.351392007 2.721395025 8.797096814 6.901411398 6.187284551 0.953775882 7.977621254 5.696760890 8.061201858 6.344331893 3.541599934 6.049854789 3.582453076 8.824293368 6.208501029 3.528578674 5.428610989 3.908277795 -1.308172461 5.252209088
-20.510033640 -13.017111499 -17.147507835 0.052127283 -0.009273728 0.981608817 -0.183414488 2.610087022 6.733816058 6.391882734 1.144042700 1.242913868 1.933748611 6.978969344 3.027279152 2.290048073 7.779124844 2.300297327 7.719958365 4.325007251 4.097113822 5.101613101 4.261103420 1.276725914 5.391741183 2.206654656 1.722357874
-17.911152229 -12.542174944 -13.128929182 -0.313911558 0.464436634 0.453899900 0.692627626 8.563475839 -2.019474161 3.927699174 9.668824927 4.264382094 1.618890354 6.357556073 1.514296398 4.649340408 0.795269541 2.906492972 6.162087366 0.519509205 1.842225543 3.406859474 -0.292496798 4.216662497 4.824121228 3.587357348 4.299481941
-18.029228247 -10.540537396 -14.606253654 0.593242250 -0.170480753 0.783299689 -0.073766814 5.909228772 -0.845376141 2.420261039 -0.809869238 -3.509281320 3.602242757 1.424298456 5.767583868 -0.692625237 3.445365131 9.253364412 1.553529753 5.648056071 4.525952372 7.314448348 5.724844648 7.107610409 6.720746662 1.388618058 6.516531006
-13.587905296 -8.033263462 -9.209535549 -0.985124665 -0.084154137 -0.071660741 -0.131575887 4.516980358 6.614661053 -1.102427609 7.514541072 6.171321317 -1.370044969 -4.019548052 4.306340947 3.190478073 4.894754924 4.316000521 6.943009687 5.473833732 6.048236431 6.443262454 7.127979502 1.000968986 5.535900806 7.804933120 5.699604719
-25.148604245 -8.968962699 -18.462762107 -0.262718607 -0.730973956 0.027170939 -0.629219953 0.915850942 5.003572330 4.714221806 3.706311150 4.747475933 8.525917336 0.260497083 4.223586099 9.771197494 1.611905425 7.845719577 11.916834390 -1.242810695 3.761471707 4.032395489 7.448712992 5.098894097 0.585686818 7.596978098 3.998882935
-24.164654980 -8.909426044 -6.992765603 -0.274208873 0.190955215 0.714892853 0.614226187 4.231214217 3.928344324 4.553684793 0.762581725 10.749971189 0.657140758 1.575772657 5.001950114 6.309519367 2.023342519 6.486205237 7.873202796 2.857655327 7.974361595 1.371059874 7.667769141 3.310101878 1.978436169 -0.439763096 4.649968434
-13.930765817 -13.963564747 -15.583696193 -0.062380443 0.090261606 0.202218419 -0.973174822 8.059318480 2.342012226 3.657204649 12.582910732 1.552570979 5.466315955 -0.420386808 6.153140679 -2.088646342 5.771781148 6.791634944 2.972152351 4.354610869 0.926699450 1.263447189 7.134551799 3.633922513 7.489417438 4.415851066 0.687741605
-22.107627648 -18.323214821 -7.896206076 0.130127320 -0.022725624 -0.941806484 0.309113204 10.223768702 2.847609604 4.481303393 7.430849032 3.484744098 5.080998966 0.205858227 5.574494726 8.156853037 -0.537138018 3.165726292 4.182466611 4.290589670 6.479699485 3.220115191 7.464761161 2.598120247 2.611791950 9.392668426 5.414377379
-12.760116436 -16.586246469 -15.814766099 -0.026096730 -0.953965878 -0.059447827 -0.292803722 2.056604114 5.003302642 7.525187158 3.115641435 3.763409418 8.779168132 1.608138912 8.289679574 5.866751721 0.876764533 -0.108799968 10.493872962 1.286179709 2.894789551 9.716920505 10.146144812 1.237892566 -0.578088212 2.492572431 1.172017748
-19.136338570 -11.138222695 -22.717606443 -0.480206706 -0.633036583 0.564224247 -0.224314966 -3.037118038 5.740358034 6.262822129 6.785212010 6.998844573 0.799610333 5.671037341 7.589697410 0.637399335 3.073091965 0.816893145 1.803300591 2.878836104 4.687077386 1.741276919 7.099281181 -0.374503687 0.061813080 3.598764793 1.136737707
-22.740162495 -12.816921536 -20.855566981 -0.441776986 -0.282740574 0.532212651 -0.664560424 1.546362046 2.695841900 4.816554109 1.903599055 7.360425154 2.038060478 3.599837056 -1.177419192 -2.420261388 6.942420128 -0.122685191 6.646692511 8.755538199 1.522437432 6.922891056 3.033757695 3.046510234 -2.506738007 2.147693134 3.288535585
-19.942647848 -9.738841254 -3.814971885 0.331389972 0.674751673 0.174288024 0.636014583 7.440224900 1.914051307 3.792150250 -2.027353676 0.987891109 -0.443806684 3.772043961 3.870203254 5.367026885 5.529758354 0.438055127 2.466675907 6.507814410 -0.294184106 5.804358396 1.249777912 4.761426458 4.516652654 5.209771718 5.725061891
-21.366870487 -12.897283905 -20.040270009 0.308387855 0.432871085 0.546979462 -0.646786690 2.456603345 5.457519583 4.047838064 -1.048892438 1.408480999 1.147259408 1.091810341 1.436016686 4.553333764 4.069748225 2.476038740 2.699775633 4.296035827 -0.881444707 4.407272746 4.141882155 3.080115035 -0.562879344 -1.524711946 7.377886217
-16.478806900 -19.525465662 -11.800513718 0.853071742 -0.042403901 0.161935096 0.494214060 5.201862543 1.271560970 6.616127814 4.453613178 -2.392708596 5.720109932 6.009979549 3.545188782 1.018877429 7.184939280 -4.126976749 9.546361348 7.267422986 0.551056554 5.759878108 2.662693943 4.016731028 -1.080346214 1.773670771 3.270573473
-16.329829608 -17.287434005 -7.724639441 -0.343230011 0.726921903 0.032243195 0.593917573 -0.261945461 7.306593303 7.984151928 7.150500358 -1.602593977 4.032013100 1.970866941 1.006233822 4.502195212 6.907811936 0.193031470 3.126939533 -2.333093908 3.518340127 2.434747478 5.493639943 7.911771605 8.472914704 4.484416860 5.686835500
-16.170491566 -7.275960866 -11.561805187 0.026557464 0.931585824 0.218495614 0.289313359 0.800414024 5.843112749 5.310391796 1.149656955 5.968323605 2.914755547 4.229567072 4.883941898 5.418037043 0.515999051 6.072917630 2.555861565 1.262379601 7.250489928 0.587656420 2.364635561 2.878133368 -0.128202529 4.316805747 3.516770362
-24.331863440 -12.939943471 -18.131813637 0.359588379 -0.507166160 0.433568309 0.652301468 7.198309717 4.300099551 7.991616134 7.742862833 3.172893118 8.467887535 4.251723258 1.600166468 3.059482540 2.804703810 0.940459344 0.649551242 3.266170137 6.987129407 4.177873110 3.677017373 1.022205730 3.580125056 2.652319431 6.818215689
-18.254607322 -7.627617110 -20.766605874 0.548603412 0.629728000 0.036233625 0.548784171 7.688363484 5.175098500 8.839087818 3.004770794 1.467998765 3.599513958 4.305275299 0.005220816 4.546859709 8.708654553 0.336430103 3.395172728 4.389506177 2.670374175 5.880642559 2.520370624 5.770794694 8.030504651 3.504421463 5.686706643
-21.979865979 -14.567964606 -5.303987285 0.577809513 0.064148043 -0.015032994 0.813507962 2.133066878 1.660811190 9.861053833 -0.151836569 5.479473890 5.775590059 8.543564403 5.575990819 5.506316790 8.774469298 0.199479044 3.358679570 4.511838927 4.724901317 1.028324961 4.927277835 5.006462669 5.681408028 -0.008185959 9.253750657
-24.373550936 -13.092077858 -9.819797047 0.527043844 0.590305563 0.348959821 0.501987223 4.191295981 3.559959055 9.386474040 -1.873496275 2.839272090 4.783295544 7.805242916 10.006550683 4.699310054 5.521749477 8.795802278 0.646898884 3.165021997 5.975234218 -2.796748466 0.699140799 2.319681161 7.599860621 4.691474651 -2.122089109
-16.968487131 -21.995135602 -14.259302024 -0.581375503 0.001457377 -0.345117370 -0.736813682 0.178131935 5.054257983 -0.131696836 8.931833613 5.914215845 2.601206975 2.157045309 -0.144755233 5.258919578 5.583032669 7.122283751 1.702488319 2.522516705 2.194140176 6.983675258 10.422886265 4.140317854 4.481646008 3.586544955 -0.328709203
-17.422626680 -15.889502817 -4.772054154 0.298220661 0.716797700 -0.432379388 -0.458599564 4.487156474 4.384502505 3.314631234 8.477131633 3.696449338 5.396184393 4.327048537 7.019514563 3.231781997 1.054407308 2.460164324 4.517305078 -0.611023011 0.004479040 2.272519054 0.826158329 5.041778059 -1.935255118 2.713228488 7.066026537
-28.609590863 -11.020722438 -12.969771219 -0.864290013 -0.500450121 0.019258351 0.046707229 5.842608857 3.854654608 1.620552589 1.543059978 7.322189454 3.037979420 2.798992452 3.753791937 1.525446672 5.441094048 4.497877685 4.079067413 3.283939853 0.214272706 3.774195991 6.826815015 -3.332763138 9.230066102 2.740685014 8.310908987
-24.275702881 -12.558261992 -4.501605412 0.310843020 -0.937010327 0.057226855 -0.148705587 11.067886212 1.210775883 2.523112160 4.156238619 6.795764425 3.922093242 1.634922213 0.965560375 3.468104195 3.835769470 2.008831115 1.542635267 5.002208350 8.475285935 9.217017424 7.782177366 6.402884006 3.360891143 -0.221668318 -0.019307262
-20.178701593 -17.111216484 -12.969404213 -0.062750807 -0.012186505 0.860503718 0.505417825 0.195977071 1.821061515 0.570750655 0.249232673 5.420553213 5.056079898 0.433999040 3.889247843 0.397778584 7.439049839 0.402811087 7.281083945 4.042464672 10.561620267 -1.170416495 1.955170438 0.803290183 0.566698076 4.459075174 0.895904614
-25.926828216 -12.261095316 -12.464932815 0.700247952 0.542902307 0.453488515 0.096218801 4.831718434 6.461801831 4.333786285 3.555371329 8.823532587 8.825485900 8.512557614 8.791710774 6.793120490 5.821236780 4.882471305 4.644636788 4.935539429 5.348866887 3.199825836 1.156931153 5.501956943 0.534127210 3.532351130 6.717097011
-22.393008282 -21.603909231 -13.827401326 0.225073395 0.661910709 -0.547805846 0.459483334 1.393771022 4.017899593 7.697735371 2.881863141 3.573827798 0.279039902 3.797623342 3.522117546 5.600676386 3.060696153 2.806293863 4.179880789 5.360181234 5.723735215 7.769656858 6.803896510 3.226998018 1.784025207 5.154505091 -2.194605212
-26.976922764 -6.926267253 -10.711471807 -0.136621548 0.118578925 -0.742980200 -0.644402059 0.702565316 1.272643760 3.630503949 6.253237052 4.506635366 3.742385855 11.442335061 0.513707265 5.380065139 5.268350148 7.595966506 2.464670741 3.558556652 4.644419650 -2.697725831 6.664915473 3.415593146 5.381037791 4.875356826 3.339426347
-17.803329586 -12.611589566 -17.893799196 0.716806712 -0.252044323 -0.636496316 0.132416905 2.212773828 5.101221377 4.585409458 2.936113059 1.868810641 3.833754521 7.552976393 8.621302740 4.563555705 5.321138490 1.768743113 3.779940709 -0.554774288 4.568404397 3.175874518 2.580790787 7.905755651 4.121151035 10.497389716 7.006711513
-17.466302655 -6.192438374 -12.043480654 -0.638794383 0.675434643 0.356244971 -0.093911129 8.452071517 3.340430571 8.144100904 6.452330619 0.292915959 -1.943833290 7.861142339 6.667217896 1.068670111 6.183466709 7.538474835 1.329367600 3.135604447 5.038542459 -1.017157059 5.136518225 8.812832417 2.630799494 6.526143951 0.533509268
-29.642284873 -13.566219125 -16.955896739 -0.403139705 0.035079947 -0.132986776 -0.904744325 0.792836739 5.703015997 7.533156974 7.536539693 3.874709486 9.004242240 2.175868665 0.656513664 2.453872186 3.431392970 1.284228575 4.368959006 0.053017603 2.533169062 1.167216697 4.911687066 3.373606206 6.641358064 7.076725874 4.364473108
-17.999259668 -13.731732791 -20.713573459 -0.496899023 -0.263262109 -0.517450764 0.645003202 4.466768530 1.702465192 6.120460077 7.010391914 3.044468465 4.260150721 1.771157491 3.493533870 2.198944960 0.543618816 -1.338529715 6.628831098 3.454440291 2.060475863 3.965977153 4.395062300 4.625725684 0.388591706 4.559675175 3.853262510
-21.241913689 -11.020808939 -11.519890055 -0.083206027 -0.091626650 -0.144431632 -0.981743764 0.689741673 -2.029447919 6.120100666 2.184581527 -0.890507679 1.993095856 3.083774548 8.207626340 8.724672273 1.093960405 3.301313059 7.011117813 8.775053239 7.862414332 4.422278365 7.427580392 0.667636719 10.689284965 2.263629325 4.258289570
-18.259012056 -5.598060231 -8.466454124 -0.309856689 -0.096630204 -0.526237903 0.785954901 1.062381844 2.432870375 4.830632152 1.836112681 10.081376346 -0.455725005 3.736253113 4.462180594 3.784922505 6.729112143 3.297705251 -0.134416691 4.225695820 5.556602309 6.349882074 5.624626918 1.387065324 -1.028644898 5.763367840 6.492904402
-27.262110366 -11.881077656 -8.389853746 0.509710690 0.682746305 -0.447849776 0.271077616 3.094203878 0.200039980 2.185148854 5.403127059 3.534949550 4.571897600 4.524812772 7.472523108 3.531819326 3.442749697 4.582738583 7.742780867 4.139370629 3.102158949 2.934988665 4.657461451 1.638447384 0.635900755 4.279432911 7.868782603
-18.722042576 -10.759816094 -20.847561624 0.387526606 0.261525901 -0.810884729 -0.351984785 1.519138404 6.019849732 4.282217935 2.400892445 2.865699350 4.212950795 4.962785548 1.820599624 4.765514039 5.220907915 9.417217643 -0.189643954 8.152154133 1.661644266 4.060464697 3.841767857 -1.495218029 6.343258672 2.268401523 5.528042964
-17.847150293 -16.203014797 -6.407748480 0.556384468 0.438401991 -0.022947317 0.705488086 2.941955870 6.156699760 2.735957134 4.982679567 3.734522459 5.806505752 3.355888428 6.291610328 7.874605126 3.660278153 1.504068507 7.061042246 3.135599641 -0.592137973 2.721957866 3.488051485 3.064464925 6.943669011 4.910729394 4.217086670
-14.972326628 -12.184049540 -12.014655206 0.915422385 0.030343858 0.357240773 0.182921121 1.574461237 9.166792451 1.957880921 0.339621493 3.671043963 -2.278153313 7.021288878 9.517230173 0.018188722 2.892335167 5.860071173 6.330296103 7.838502970 2.929308856 3.068574272 0.417415796 6.037782431 3.910291559 3.359425333 2.103627118
-27.780102971 -15.486454016 -13.831637196 0.125741265 -0.027387297 0.991607380 -0.012404585 3.753535770 -3.439269238 7.459819313 9.913356791 3.026331827 2.958899150 6.821892236 5.338544313 5.122516460 8.351015271 6.025844193 7.507520914 6.899914887 6.879286315 0.372576972 -1.219996102 4.614447863 0.711070578 4.047600907 4.344385453
-26.904192749 -14.028213344 -20.300359679 -0.828669939 -0.273512845 -0.483367638 -0.069660483 7.844441483 0.581993812 5.793226414 3.382231170 1.662176736 1.647562651 12.964781955 6.734077345 1.850002583 0.616847958 5.222174744 5.885771939 6.466907387 2.029400802 3.827664837 3.722804009 4.277166502 1.234881241 2.836873895 4.685774582
-27.840980659 -7.788600052 -17.821990459 -0.049236593 -0.673203462 -0.349272748 -0.649908766 2.403346106 8.291968008 0.066763480 6.341081519 3.242749757 5.455959325 3.071219014 4.324773475 9.442686951 7.113415867 3.659081334 7.024737877 1.146513806 6.361458616 2.365073004 5.923647939 7.337768029 6.711263755 8.170000966 9.233103294
-16.644524476 -6.967575706 -19.104803039 0.150551124 -0.974485388 0.108873012 0.125933533 4.985812682 5.294361306 0.654772712 3.033512998 5.860340706 2.123615397 3.724439867 0.939166643 2.733834668 1.669219533 -0.000025903 0.709289513 7.841595485 5.715608747 2.197730525 7.621096808 9.825943268 7.750957389 6.782810352 4.970576190
-29.118596572 -13.698604349 -16.923136115 0.224313862 -0.627687749 0.141088144 -0.731973713 5.651710192 1.652850648 7.437168787 6.397058471 5.132657650 4.713154134 4.015214278 -1.075446552 0.761400903 2.291138049 0.198086859 4.505224186 -0.538646953 7.916848032 0.575372628 4.309720407 0.762821092 3.368186520 3.439129624 4.427814618
-18.700759538 -20.978464236 -7.565965244 0.714083837 -0.201319541 0.626395711 -0.239129941 5.149874161 6.894429637 5.027645635 7.127900847 7.813637756 4.192915690 5.303222368 3.821503023 4.134390473 3.791216445 7.959312448 3.130322501 4.334703772 3.129916434 6.152891889 3.551211081 2.121974639 6.594984126 5.727060994 8.367577632
-26.539168337 -19.974842848 -11.975097433 0.630807905 -0.109505719 -0.728171151 -0.244656209 4.249353192 1.701258461 8.480603981 2.481179238 6.481677856 3.250959184 7.356119513 4.684347576 2.575460467 4.189915437 4.595442385 3.997753881 2.195649559 4.531783335 7.392650937 4.781950459 0.114190566 5.359010322 3.278634200 -1.269394624
-14.314140182 -10.168945475 -11.148975039 -0.880786463 -0.421518019 -0.038042307 0.212345356 8.562572952 8.407225389 7.317458639 1.564091352 4.771966591 5.701358193 2.064226177 7.368338822 5.419353458 7.646638635 4.052115579 3.089694966 4.161451524 3.090199465 -0.569217886 -0.219375803 5.018855219 8.170567130 6.056267071 5.768819313
-22.838283497 -7.795908423 -19.629726417 0.681703036 0.242152465 0.598938725 0.343388349 9.748306607 6.685643966 -0.457746636 7.959772436 3.108064254 2.372077360 6.581260848 1.948769032 -4.019054315 4.145025916 1.740951680 1.652398526 2.960193405 8.332882946 0.114663714 6.260685531 3.638114756 3.699190709 4.506125630 8.657336340
-22.687550042 -15.339825138 -15.853459193 -0.085352282 0.275876764 0.878065455 -0.381586237 2.624179839 3.099951367 0.943162365 9.271875701 3.002095540 -0.136290150 6.952437279 1.611398377 5.283243414 6.668337014 5.724603769 -2.085567991 7.192974941 2.623704815 7.103789232 5.659604071 6.931484831 10.114185800 1.235521889 3.376714878
-23.234842791 -15.546268289 -16.673471589 -0.917209532 0.077806239 0.375700255 0.107341427 8.600078640 10.587064978 0.678434592 -0.377098643 9.878487219 5.248590343 2.888118369 4.768371499 3.242235885 6.373274199 8.828546921 4.314555379 9.014714988 7.658643377 6.308145424 5.066679787 7.743517615 4.606806295 3.803483221 4.243707161
-21.102558240 -11.266655653 -8.213922827 -0.333295833 0.180998614 -0.918948214 -0.108109059 4.392329291 5.850913596 6.398219553 9.681647247 1.760332120 7.719006899 5.837692307 4.353830074 1.730908550 0.129408401 0.271588285 5.349018760 3.970451333 0.895411502 2.793918199 8.132901210 3.158102073 7.177960241 4.500268927 2.653968619
-22.953913020 -22.403282645 -14.514740046 -0.315371577 -0.337047493 -0.886718039 -0.025901264 -0.493366976 5.829112487 1.487817299 0.389225347 1.260370420 2.793644006 0.786113361 -0.859047440 2.639230174 4.319812076 6.250895928 8.981734667 2.632625382 4.756473988 8.706708498 5.128823416 0.218481476 3.292361955 4.971466847 3.398613624
-27.163316403 -9.460382865 -17.263526163 0.442868768 -0.010859402 -0.121883544 0.888196898 -2.323557434 0.275340136 6.874394727 8.063617349 -0.045257897 4.350864258 4.315450293 6.312677132 8.310608063 3.136162711 3.794775989 3.952178460 8.055351311 1.933013443 -0.417561325 3.498773222 0.940465720 6.995773716 5.364299288 9.126193065
-22.140694207 -11.712409860 -10.444156642 0.993723523 0.018980583 0.090824779 0.062483259 0.177468083 3.497790465 -0.249115857 6.098208579 10.018527149 2.446457492 3.415158150 5.436309278 2.895112595 -1.484598441 4.629163047 5.165485173 8.419634770 0.328102975 2.291947527 3.438948771 0.144641319 3.561788684 0.239167579 3.737344071
-26.243000044 -17.692987344 -18.683606818 -0.305777464 0.630564725 -0.712459235 -0.035918086 1.328655255 2.217403437 4.588290501 0.990185919 6.053482389 1.345610063 5.100538004 1.032233191 5.633915434 12.698988411 5.632634843 12.012723971 4.264561537 0.536810963 6.247039387 4.574442649 3.647572596 0.865966312 2.852749396 2.798906489
-29.198876746 -13.642491703 -7.778928162 -0.653627358 -0.692971211 -0.176653837 0.247700623 5.226423811 -1.911410185 -1.759068729 6.353202656 4.879891742 2.857275419 5.408014439 4.849420150 8.959130359 3.781278332 11.671136650 1.395291039 2.206162733 8.468316388 2.227933713 4.228099086 9.353211396 -2.594254692 2.946570209 4.374435692
-19.215432220 -4.536035865 -17.426028630 0.078947145 -0.710166232 0.237045617 -0.658210185 2.534626651 4.003170948 2.513261631 7.442183137 10.868349205 4.166328687 -2.821339763 3.237043092 5.322904948 4.530785264 4.538121432 3.801169596 5.091956485 6.416246843 10.008726692 6.565863380 0.209937193 9.400189452 1.912607576 -0.724153188
-21.712182649 -12.240424374 -17.885256330 0.828060659 0.555665623 -0.048577685 -0.056493086 6.447905699 3.015958606 7.954246868 7.680169185 0.129464161 3.765372722 7.137254120 5.157915360 0.011670114 2.855776864 -1.099705814 1.350273433 4.354764178 3.072657746 11.232055229 6.089285129 3.623299073 5.488676460 2.276662041 -0.540881866
-22.281634864 -5.773716175 -8.707811553 -0.110563755 0.299549083 -0.161772324 -0.933742854 -0.346553965 4.466234890 11.008744263 8.099318553 2.568764799 4.956664755 4.642693837 4.966107953 3.515556957 6.887697848 1.239805575 4.344799692 0.234398323 3.275928088 6.664847062 -3.139666481 1.099887762 1.813515379 2.595622074 4.979266838
-15.951945142 -16.426408451 -15.592205316 -0.717615994 0.145186396 0.156300609 0.662961775 5.137088301 -1.084502472 2.733594977 4.413700819 0.824673912 4.064124666 6.428338225 0.827673099 8.936283329 4.702955727 2.315372748 2.285158299 2.830547589 5.148218027 9.402888334 -0.536542808 2.548172608 8.576873821 2.243831704 4.329762098
-22.312688348 -22.352776586 -11.407684954 -0.156329399 0.252184854 -0.450366174 0.842101080 0.563861517 7.239645875 4.736074832 0.813663126 4.485966716 1.903641683 2.076049256 7.691767348 -0.197141538 6.696773702 2.697630274 1.569958578 -0.872205790 2.685895134 6.304416880 4.350316354 6.661736138 0.740953690 2.233724708 5.678178160
-18.389369791 -21.242852358 -13.463606301 -0.909479522 -0.136959460 0.388669476 0.055001309 3.664667311 7.254757162 6.856916530 -1.212074266 2.980551558 -0.710918867 4.316422241 2.158685619 6.428858063 2.794855560 5.874858700 4.953912279 3.261273574 4.221379006 5.413330970 3.777394411 5.254600882 7.714110158 11.945284156 7.087431102
-15.095762957 -15.823045263 -10.517581443 0.202295854 -0.575678265 0.759497585 -0.225464722 6.989352090 4.650214711 3.316508074 -5.741556770 3.183298968 2.822951435 5.652692821 6.979539286 6.066971576 5.484366228 6.606787283 6.285851757 4.428501908 0.103336346 3.675671983 4.263719045 5.052038186 5.411391689 9.599792039 6.414162790
-18.329711925 -11.214504924 -7.798354694 -0.517282052 0.133178526 -0.815175547 -0.223990148 6.282207001 2.729160715 5.462731086 6.946426904 3.487068473 9.581096953 1.481199897 -0.262786649 1.709463114 6.472486121 9.920845837 1.680347129 1.192583792 6.158190495 5.133230090 0.475632379 -1.287190415 6.737022232 -1.349323119 5.797655611
-21.394130600 -5.038805736 -7.324132098 -0.092008343 -0.105159883 -0.448027808 -0.883032812 3.247755676 5.047831070 5.789793887 8.588398112 1.790522998 6.703125741 1.180470680 2.442051955 1.263632874 4.651372549 4.857099348 5.524224975 4.172703966 2.971342093 5.863981113 4.571932991 3.489675999 7.154833635 2.087468921 -1.092274837
-21.287812196 -20.958932934 -12.366541966 0.717395591 0.119860666 -0.211058626 -0.653017031 3.526061007 7.264368113 -0.472878095 6.479779377 4.364789357 4.282626253 1.871453646 1.509107052 1.649729124 5.043097119 5.018605251 -3.104730879 8.877426484 0.470601715 5.283158131 -1.169004700 7.451568243 10.591460408 10.443292327 6.012429378
-25.742949980 -7.495876059 -13.451136009 -0.397259893 -0.359097545 0.797755429 0.277163861 4.011353921 3.931012653 4.520634114 2.720195855 5.636142867 9.989868498 8.238049780 0.146288583 -2.760307413 -0.929671553 5.069666580 6.722496703 4.954803574 4.172315693 9.485774601 5.341823663 0.647381447 3.832588192 4.510627901 3.894033465
-24.860763483 -14.324023008 -18.129770824 0.219398554 0.263064532 -0.800695767 0.491474939 3.654116203 2.327206543 8.529209103 4.846553342 5.312827461 -1.199157175 2.567802276 7.214840767 -0.927832221 5.122118205 10.517836579 4.752654052 5.426330358 1.008082340 3.976357168 -0.222805015 2.602725174 1.283252830 -0.526473245 1.268825690
-16.280412981 -18.263690984 -8.608300704 0.063192222 0.429404753 0.788140287 0.436409428 5.303978197 11.656723719 4.464957759 8.113506415 6.534661497 -1.181714650 0.497166400 6.246954966 3.593331756 -2.287683814 9.396056857 5.075087820 0.121898267 2.302303488 6.897287076 -1.262010184 3.327087426 8.237094079 3.902787427 4.651578906
-20.339696853 -9.683208314 -14.238505445 -0.475865364 -0.850999289 -0.156146703 0.158020799 2.678521545 3.432402979 5.986966947 0.559268314 6.340740419 8.244159298 5.497348087 3.351905494 4.288334098 -2.417691012 -1.114327879 4.719619564 0.035243017 8.842486363 1.775130743 4.655870807 4.306391694 -0.537857712 3.105207819 2.026678435
-19.168974359 -6.684068210 -6.264856750 0.040735672 0.293179264 0.652114088 0.697949669 3.373465009 7.568063417 3.200692363 0.377779064 1.093837357 1.386320208 4.105181230 5.826430959 5.974530422 7.748716284 -0.400098726 3.099127171 6.414376382 5.159924883 3.513738655 2.857473128 5.407866729 8.816603546 3.952353561 2.944942912
-24.963730484 -13.839897406 -13.356540168 0.307571322 0.404230544 0.287185553 -0.812109603 6.856856018 7.402220739 9.749616170 4.591028532 4.568349703 10.268850425 10.314200004 5.138258877 7.224356973 1.932740067 3.449138376 1.936194242 0.107177668 4.170226639 -0.193530884 3.521233974 4.222556109 4.497951084 5.804570122 6.859208344
-12.018580677 -10.699555164 -9.959464938 -0.343608907 -0.711355419 -0.132618676 0.598597255 4.028331872 6.252030886 4.170842601 -0.103095367 2.474882206 5.884649086 7.746969203 7.231153914 10.427566643 6.463040739 1.873449415 2.763501607 1.381431169 1.585073798 7.532256880 9.458321753 1.922700271 3.180111293 2.051507330 3.160141453
-21.034541972 -13.635859569 -20.739007121 0.970317749 0.124835265 0.164497537 -0.125857786 3.051225768 1.458441884 -2.635733338 7.343318885 2.503093110 2.852114743 3.837234258 0.327980072 4.730969971 0.878779870 1.761318557 7.422488102 -0.486205119 7.581384897 1.476644797 1.199469193 0.731201597 7.127452114 1.926999504 2.710008061
-24.992049042 -19.936692972 -12.159972745 0.567162647 0.213214180 -0.342064864 -0.718232465 5.839914675 5.485740306 4.644891077 8.578314926 5.153234913 4.491331253 10.012019989 6.142626277 4.656262306 4.056108062 1.481809802 6.145661250 3.532548248 3.500248263 4.309857056 9.137550910 9.712983948 7.090034399 5.622878435 5.438586286
-22.319654498 -12.345620078 -9.277144936 -0.186805538 0.915575619 0.008917677 0.356013275 4.679933779 5.810553531 1.520491750 10.358048031 5.601538399 9.488103577 10.460728978 -0.003786989 -1.918104972 1.878044220 6.544723221 8.950821179 1.696405687 -0.973970833 1.955809759 8.835275827 7.258016010 1.659529159 5.517091713 4.518281873
-19.450352878 -13.489040842 -13.242227895 -0.683991899 -0.606629233 0.405015311 -0.010892811 2.383102115 4.957424082 1.706427196 4.532308430 3.745308251 3.700515039 -1.508828144 4.969218017 4.693270963 5.555369040 8.759112592 7.751340804 10.048011925 -1.867263979 1.805157448 -3.234613199 4.773455933 4.600336793 2.052992115 3.156881944
-24.793472375 -15.063004347 -6.517044415 0.235589091 -0.020736134 0.092407985 0.967227252 1.682689402 6.668842330 6.604843919 6.218820555 2.134450313 -2.299355592 -2.523237681 11.060942192 1.763863804 5.668392603 6.243019652 3.837861952 1.868291691 2.931949372 2.472897801 3.076991415 4.732953412 10.257561077 7.094819134 3.208299373
-16.743699302 -11.809417200 -14.283192912 -0.185122435 -0.262898975 0.943806716 -0.076437528 7.207243929 -1.519786018 7.914691410 3.840845030 1.877290716 3.348860967 3.299335884 3.379844710 4.773211795 5.986765001 4.331331084 4.567157351 2.569255304 0.892295079 5.346823103 3.324605874 1.698986553 9.659107189 0.614651810 5.792083770
-23.049000524 -10.983266046 -4.245060593 0.204304055 -0.835998969 -0.415186886 -0.294932919 -4.123840160 4.838750360 2.807331205 1.466477134 4.115651009 -1.389168760 0.181568094 5.560334146 8.341754239 6.436214182 7.390427209 5.061848221 2.713044091 4.885340034 2.558414250 6.090978379 6.716675098 7.695837479 0.440462085 10.971226290
-19.689907270 -11.256285096 -16.842011237 0.825438181 0.300433261 -0.033742838 -0.476710695 8.538455836 -0.016612609 3.186966375 4.258835153 4.158403947 -3.769079023 -0.163713853 2.436288204 3.411747998 6.743881632 4.072389932 -0.024087479 8.267538089 2.196680388 3.921710473 -1.566675643 3.077015393 3.280889888 2.009919091 1.049744384
-16.300865340 -12.971740644 -14.539971704 -0.231899067 0.685768779 0.538226334 0.431574347 4.621969183 7.007109304 5.389319481 0.258320128 6.332879716 5.645521525 3.148144477 6.431579301 3.593378254 3.340596967 0.573668149 3.419648967 3.688415508 0.669625304 3.032340080 6.666746229 8.180966247 8.109921403 3.988788075 2.896318373
