-29.750281048 -2.255518392 15.486558154 -0.204839996 -0.761720090 0.533609154 0.305097282 4.102211664 3.431212104 3.808040714 -1.474344670 -2.375868150 1.971443109 1.048666565 3.379714513 7.204240381 5.258039506 5.771267205 3.856992979 3.233193292 4.851348802 3.561280356 4.222949469 5.074362901 5.298826038 3.182041271 0.854203500
-25.844989626 -7.839839874 18.153524386 -0.290215628 -0.366145618 0.438960114 -0.767480485 7.357021708 2.133325705 4.144733510 -0.496220718 5.384884365 3.636130837 0.587735295 8.477303680 5.529154558 -1.179590191 5.239879253 7.002926221 0.072660388 -2.096067098 0.603574566 5.067503993 5.426505515 7.491394937 0.412825253 6.197157119
-25.417519841 -4.836953780 14.813161411 -0.554703679 -0.160629189 -0.161416987 -0.800279106 5.602071431 4.634317445 1.045549530 7.396784413 1.451971114 -0.599266518 6.111933070 4.548858574 2.427150695 0.879915421 -0.220004680 5.985261690 4.077736964 5.735669596 8.826787428 1.917829455 5.852703739 3.046341029 3.849773493 4.585639672
-22.582194188 -2.083218978 13.431824614 0.820491797 -0.326752323 -0.439873974 -0.162901865 6.561709812 3.086155186 3.178472625 3.959664647 3.009559785 1.515886748 5.797268658 0.981395484 5.121151271 5.018987113 2.600219913 0.446213837 4.715737697 6.383548014 9.008142393 2.210099870 3.768094295 4.887898939 2.102123987 3.150457032
-16.255375329 6.715864866 21.125184497 -0.590033807 -0.039307533 0.597008766 -0.542121350 5.842863899 2.069430630 2.384255038 5.337918045 4.605108551 4.158600228 2.633748609 -2.218333087 9.153257122 8.507777086 4.153321507 7.833096590 5.274788194 2.266842163 2.428247867 5.803179993 0.601528434 5.684296273 5.683392490 3.936573357
-22.605949128 8.177437185 12.961114431 -0.459650352 0.006433893 0.321041967 0.828017038 6.451062500 5.850783869 -0.422667328 2.590294365 3.588565465 7.577627001 7.104958898 10.073591842 6.947835057 0.090566757 6.438942316 6.518234966 10.119296867 6.051041290 1.271560728 7.145645518 5.675257846 6.702750956 4.484872128 5.511883147
-26.297371771 -2.143946405 16.777656741 0.293440891 -0.507490391 0.576799945 0.568900493 1.323200106 0.142454577 1.900398696 2.657048212 6.025009556 4.400212154 0.579379654 0.730332161 6.323071785 5.266742734 6.755539471 2.561427016 -0.336405238 6.636591914 5.448945977 5.779824088 5.076589846 -0.732414093 5.486990471 5.777963351
-30.671126382 -5.342216325 18.514725519 0.069441575 0.480479396 -0.142360971 -0.862583777 1.211765862 7.652410957 -0.073659652 5.815102730 4.155675406 4.995665506 6.542986000 3.280844455 2.582604772 0.323648616 6.744396701 0.330350586 2.646679852 6.034392142 2.313893079 3.103214875 6.606831729 5.131087011 5.175207525 2.958835852
-15.251433493 -2.837540121 18.208820044 0.788332443 0.196216629 -0.267122603 -0.518340148 3.522487782 -1.208577749 5.613988894 6.301360344 4.065730883 7.980703702 6.278791891 5.785949783 -1.068392777 0.644324716 3.382416049 -0.492441192 7.161621648 5.778081109 5.446848609 1.560207753 3.541609971 2.963372234 4.335706922 4.691530616
-20.057700972 2.426451419 11.314255076 -0.161063842 0.460419666 -0.851403649 0.192831525 0.158553910 8.520917018 2.965140346 0.063588514 -3.344414266 2.505379960 9.055766942 5.417082046 3.120646028 4.647486441 5.947022160 2.921617463 1.749934455 4.673416476 0.031355964 1.952562693 4.708204827 3.917053052 4.208250937 6.106733077
-15.475093271 0.528049270 13.475535460 0.115574310 0.966612210 -0.196565890 0.116898530 -0.119840864 3.301933766 6.321210161 5.834699270 4.790682898 6.933295859 -0.613232393 4.642192794 -0.696967248 -2.181109807 0.816963171 4.663549442 4.064985812 6.875717249 4.130271343 5.396130783 3.894200723 0.019918730 6.488875679 2.859731699
-19.039758230 7.449058083 21.665728226 0.348838722 0.210260884 0.178671624 -0.895644102 10.027079252 3.762293917 7.106047850 1.395548852 -0.356401534 6.071527684 5.866474898 1.057093421 4.847376288 3.675358662 3.574981448 6.359151071 4.034837100 2.776004418 3.471666834 3.466640482 5.763867850 6.965222946 1.776608184 5.391321870
-25.500577967 -1.503462832 22.981519356 0.305089506 0.371171750 0.450418569 -0.752512484 0.995905507 -0.334998563 3.994565306 5.516273602 5.623334471 9.484615365 2.419436122 3.406306662 -1.684996895 7.566842118 12.630034667 0.926060257 5.175880957 5.139185694 5.107122067 3.220152805 7.467745563 1.510575452 -1.044820366 2.883047223
-27.697901105 6.144367086 18.545749951 -0.661411567 0.237759174 -0.690726059 -0.170008314 4.588482903 2.265208375 0.582721607 0.711731152 8.397042360 5.727370058 4.587417955 2.277275615 9.318249200 5.685823239 5.659261104 4.091188405 3.316360554 8.788624140 4.066206350 2.733846756 6.677508748 6.676347268 4.594312149 8.229379874
-23.136673834 -3.879520894 23.616415378 0.195164813 0.606698771 0.086684970 -0.765710790 3.336683958 -0.728328323 8.906629696 6.190376552 4.849999140 0.474617408 4.354965300 4.081537599 3.406746580 7.893885378 3.809827344 4.568721409 0.931707520 6.245518967 1.741629227 0.360329898 1.667972951 4.706110296 3.248173985 8.820907674
-23.141725351 -0.374181302 27.473227021 -0.424340427 -0.784539433 0.102065013 -0.440472262 0.005230322 2.680549769 6.183194747 4.111743674 0.772585870 1.870041799 6.683594697 6.807337537 1.139522614 2.953524533 4.732529682 4.542470086 10.338768067 11.456410336 9.153262877 -0.548171925 8.454088550 5.456176075 5.293140752 0.303057758
-23.019982798 -1.508404636 18.981363043 0.745076404 0.178279877 0.628861078 -0.132707129 1.261815623 4.614613979 7.030834733 8.566025851 5.399410460 0.016049606 6.770078451 -1.409719321 4.722862312 3.599605939 0.147126601 2.928245054 7.267661981 6.361437180 3.456596860 0.430165703 3.423790370 10.243663578 6.866648194 5.055367802
-25.598983329 -6.176517468 22.096839381 -0.025100897 0.932581469 0.255102362 0.254134872 3.766955365 4.983901151 5.872754655 5.292852499 2.073586007 0.878075519 4.578856133 5.619193519 10.494957836 3.751921701 5.380463352 2.287052063 5.596178048 8.836657749 5.164163592 2.597846853 -0.135449587 6.157749492 7.925185583 4.811257198
-28.779592595 7.121333850 23.637627048 0.024331672 0.897738252 -0.439047987 0.026662081 2.318216721 2.271823486 4.768645577 3.467682309 3.866046149 3.250580093 6.908966089 6.111571073 2.768764883 1.857935332 8.271385691 1.160734169 3.075489929 -0.399298645 10.086815100 -0.622349576 1.125248578 4.423738952 5.239170126 3.269499407
-26.482998961 -3.751852931 23.829424442 0.507779886 0.593284292 -0.479134689 0.400753399 7.414897526 4.548635421 5.322960435 1.933933401 4.059488106 3.581782658 5.714126495 6.606627197 3.013613591 1.989592945 8.863697657 6.176920593 7.049994760 0.055535443 9.978854602 2.068285848 2.436141755 -1.797965338 4.113532757 3.922244289
-24.142543303 1.054616718 23.016948232 -0.533420694 -0.465418782 0.644601311 -0.288681261 4.285942763 10.991740599 7.936003383 2.192511625 4.558584249 9.297159862 6.083927942 8.748283122 3.113407556 3.612971481 3.409881310 10.638740067 2.977193137 6.916907448 1.799425269 2.346848802 6.384195481 2.564619026 2.294485248 4.332973129
-23.748089514 -0.943857796 22.537465278 0.688343313 -0.682464978 0.160118085 -0.186513369 1.045189134 3.271550064 3.795982532 4.364471991 9.834866702 1.576482052 6.912343894 -0.390505680 2.449581100 6.420715716 5.117081877 1.792058162 4.523488096 2.365332721 6.429746609 9.059502770 2.141066300 5.126693267 4.987216905 4.541252225
-24.633046341 -2.264918786 25.864552700 -0.099685239 -0.701723936 0.210597373 -0.673271949 7.701887869 3.276748517 -1.507942734 1.889070067 5.870790615 0.730343083 -3.185147593 0.806733028 4.808983929 3.554909572 7.174695756 4.940407380 6.541333204 7.786261948 3.803988969 8.006978429 3.106565450 2.717372096 2.426145175 4.607567144
-15.731450220 -0.106149900 15.501712910 -0.687082034 -0.544227719 0.228877583 0.423496776 6.021250858 1.258917141 2.729591938 4.924140716 8.422989670 3.993623708 5.062243729 2.764917863 0.259610361 3.488180549 7.611717261 7.000841794 1.664090737 0.310916292 2.283781031 5.828510352 9.808795864 3.897368401 9.460801325 -0.972833204
-30.876032894 3.785529140 21.410174092 0.118299944 -0.700719806 -0.600661159 0.366337343 0.818126405 2.895957697 6.596527678 4.691461358 9.537284783 2.938508488 0.164601837 1.605165173 6.071763077 4.141059135 5.059106511 3.480497795 2.319729435 -1.041368462 2.274808403 0.790961859 6.296597922 14.790750320 1.728263274 1.306439619
-20.891792105 -5.404467744 24.617081852 -0.368840289 0.181361736 0.910379712 -0.047681670 1.181563845 5.687713769 5.112101483 5.458591842 1.866817111 6.373290072 -0.234835187 7.126524522 7.931494754 0.438294197 5.307799505 5.042837259 3.424957301 1.213586704 8.573799896 9.779811964 4.855740060 2.382781300 1.569350340 4.957614184
-19.460490179 1.801088521 12.128160102 0.327514213 -0.147135522 0.689028803 0.629543395 0.717437490 4.244226205 3.351314682 7.249491439 3.303533492 5.392821675 -1.313070180 3.820650135 0.211902595 8.207648578 4.269168188 -2.913989254 4.755124439 -1.643427784 -1.126830284 10.369692018 1.766953351 8.524834943 4.005159617 2.787792594
-14.486718095 1.802324778 15.470330322 0.836001253 0.046547961 0.169541382 0.519798916 7.320329827 2.578205563 7.636097235 8.800450460 7.264514554 1.183274076 4.310719470 2.075570582 7.001806113 9.629412410 4.069141281 2.285162390 3.340658561 6.251055600 5.935101247 8.685055560 6.425584969 1.141673421 4.789669008 6.243372053
-26.028494224 0.152294757 19.350985889 0.143815965 -0.341143830 -0.899184505 -0.233248971 9.306984422 7.388128486 10.965336313 4.010603795 3.811318923 1.667599074 0.553394072 8.214268832 3.022515214 -0.350196714 9.532837684 4.031420981 6.374261591 11.235891765 0.525684745 7.513524657 4.201830584 2.402286357 2.486770876 5.201627576
-19.255260337 2.284285888 20.974847834 0.442189894 -0.615669367 -0.587469241 -0.283371168 5.058237016 3.571121118 1.572336093 -0.282011291 2.044846994 8.663493625 6.155457908 4.563042881 9.285693451 4.851318082 3.681954371 1.526756773 1.449256259 -0.065728221 3.755922665 2.999993001 -0.065692915 7.604155250 5.626634359 0.549248906
-25.586803196 -6.818632818 13.061771696 0.569498517 -0.762831836 0.069879613 0.298120560 1.628728086 6.214030177 2.156107444 5.239113528 11.342395173 7.152437812 8.227782327 6.055837384 -0.360468630 4.398737862 4.434686062 6.029174901 4.113083648 9.154214142 3.645426532 5.036531037 1.146743622 10.493381761 3.966872620 3.974782542
-22.056611254 -4.884093383 20.883277939 -0.428319137 0.658293290 0.370013649 0.496268637 6.624649545 4.448382245 0.084960507 2.411808277 3.191755050 8.066758661 1.765651567 1.988293325 9.156892796 3.845087313 1.833981516 7.014485507 6.349213961 1.631657087 1.249901986 4.115457209 -0.842176478 1.786727163 7.279049464 4.514801351
-21.470850592 2.901732015 24.080119730 0.155890267 -0.365676127 0.415711044 -0.818024158 -1.600200372 2.740754150 0.362015620 3.297584393 3.902039424 6.549324443 6.467246437 1.168754706 -1.874662398 4.068830446 1.550335532 7.414326537 5.637582036 8.680214222 4.252422444 4.495249419 5.463817174 0.389448845 6.535099333 3.006232320
-22.053626781 -3.237899595 14.709511556 0.727373940 0.248578542 -0.376412071 -0.517155501 6.031007238 6.209511397 3.184141631 9.063936079 3.789289122 0.093784597 7.804073772 4.144237131 2.701646904 2.518343434 5.969106327 2.638203014 5.524559367 2.302611825 8.826733477 5.639969166 3.777754869 5.221499470 10.696032835 3.626515223
-17.297496585 7.795674810 21.371409716 -0.399287010 0.089539692 -0.779740279 -0.473875114 2.687763092 2.328181526 5.375150308 3.694008562 5.336817916 7.868232083 4.694733419 7.080575113 6.479321159 8.154965528 8.805289334 2.412525597 2.751762765 -0.472614070 9.154439733 6.767896149 1.995611560 7.937600553 3.050622044 0.314833731
-17.118233304 2.238991839 18.563865319 0.055828912 0.307824360 -0.419064533 -0.852356858 1.498088371 3.450059730 2.804833130 0.539859109 4.903511045 0.478336141 7.498493378 8.310330519 2.147443384 1.716334222 3.237590643 4.695413245 6.366996908 9.444535111 5.171092387 -0.326942003 4.851130612 1.923078063 5.421686530 7.705632476
-18.592237635 -4.730341951 12.885269494 -0.069639538 -0.816716555 -0.572402112 -0.021914062 -2.915846839 0.829993868 3.840246977 -1.841794122 -0.355038706 0.409434672 5.847467735 -0.591181603 6.417755116 5.287740270 -0.018567904 3.147290678 -0.051906738 2.490910258 4.965928917 3.377761796 4.921958000 4.810129568 2.271603683 0.732714502
-31.599768121 -0.583491853 21.963629923 -0.580240897 -0.807072089 -0.080829871 -0.073632038 4.155988410 8.681522483 10.403765203 4.548059822 5.167499560 3.154905580 -0.598918136 10.810028467 5.344097773 2.162137241 2.110338516 -4.816042688 4.265113397 4.253857131 6.006450986 4.897930203 2.577825558 9.019008677 -0.597825700 3.381560148
-29.522756913 -3.993017151 20.124025693 -0.449824785 -0.709217552 0.528588869 -0.123539202 1.405375185 8.648000612 1.819131856 1.096526071 6.105662189 4.526765043 4.365940298 5.638516530 5.140508845 2.648576909 3.140513575 -6.424819647 0.673969969 8.856283634 3.453535649 4.568218448 5.835132900 -1.877786267 7.450486737 4.056898397
-18.019503066 -1.325171413 23.584347889 0.102593851 0.296747029 -0.713421345 0.626454857 1.993930602 4.652483174 8.788731549 5.209050691 7.917911486 3.430922445 8.976835047 4.493176212 4.572381510 2.833532898 7.759318088 0.984130140 3.376798948 3.141829548 4.661454123 2.415489970 -0.564190254 2.195327897 2.415133131 7.316932464
-17.347892495 2.726504423 19.539590457 0.145737229 0.885703692 0.056959642 0.437087211 0.123613100 1.434578159 3.331783087 1.851087599 1.357905073 -0.275735372 4.286887539 0.911355937 5.330592181 5.726143388 2.122369353 3.923634329 4.492471517 3.631767178 -1.891592906 4.174610391 -0.161877601 0.543465325 0.519056387 1.329613945
-22.508677523 5.775725057 25.950499074 -0.379858341 0.917366527 -0.111897469 -0.040314423 -2.264625140 4.686171991 2.662025039 1.394913991 11.002561220 3.068797008 3.999789618 3.584188046 9.455786467 5.882834774 5.064991355 -0.435024281 3.428489865 4.303590044 6.669144994 1.138943201 5.321987629 4.474354190 1.546710790 2.809263471
-21.522212052 7.816643571 13.220030498 0.280987716 -0.940084021 -0.065915371 0.181502342 7.875943611 8.066678876 3.685165430 3.587724574 0.994587806 9.565826810 7.637360804 2.220511982 3.793069358 1.674682746 2.039413001 5.435040267 1.578465946 2.841665190 1.633587629 3.681218522 0.182944500 0.989734467 -1.389943531 6.472108473
-23.485672462 -3.887656470 14.387173899 -0.389960385 -0.636654801 -0.079912965 0.660466109 6.854375141 0.614711843 -0.821212673 2.482592867 6.542396799 4.060988078 2.546978652 3.635721080 7.428095443 3.648893957 3.183249934 4.296053021 7.651596400 4.918014353 3.229552028 1.560110852 4.313465647 2.774818494 3.297912570 4.739463355
-29.707121023 1.241746930 17.722640632 -0.088463908 0.447631627 -0.784308202 -0.420310252 9.677367961 6.094361978 5.941649025 6.076906043 3.748857124 8.608308545 6.504714020 4.474575224 3.895705139 6.023923001 7.481587249 1.013046868 1.957259894 -2.995064111 7.164284367 2.133095977 2.617557270 4.625350001 4.386459904 2.857454194
-18.764057981 -3.342991513 26.759178911 0.391887740 0.873567493 -0.202155958 -0.206001949 3.250185669 4.933568824 1.583634376 -0.420701063 5.684166266 -2.448225922 5.980835414 3.853619570 4.409889897 2.168122446 6.017546635 1.909396405 1.745907593 -4.765072144 7.070354785 4.151597238 9.928810925 2.122722601 6.724064889 5.103225341
-20.931535263 6.686384756 24.677528148 0.036485266 -0.833279960 0.522069340 -0.178204765 6.075472480 5.048153888 2.312129222 6.837667575 2.384465177 3.348134051 6.369815239 1.162742050 2.842652439 -0.720031742 6.737393700 2.701132965 1.874387696 4.721734806 4.784300914 5.095724538 6.481896792 6.983684825 2.245792068 8.021524742
-23.297445169 4.501131320 23.005848838 0.862480508 -0.465317934 0.187772740 -0.065939296 4.642390522 1.706445340 4.902500357 6.826241244 3.148460435 6.132009825 -0.775826225 4.821087910 2.276864556 8.423948443 -0.913401662 2.778394436 4.358450089 1.236507856 1.358020169 2.440914532 7.837451386 4.388035308 2.180833505 1.958321952
-30.509821309 -2.720444082 18.324747628 0.529677634 -0.742817263 0.365777707 0.184040175 5.473713204 4.078075085 5.671357423 4.356599623 8.798076804 5.840883322 3.059845069 4.952791439 5.572311008 3.872909747 9.990565722 2.783264548 1.986405642 3.809513221 1.662832595 -2.353788036 4.289089118 0.882308991 2.789453069 3.504257836
-15.788207067 6.498472422 20.198726990 -0.421609389 -0.209051113 -0.737596288 -0.484246705 7.446518189 1.066979806 3.214775724 4.744850506 0.475121304 2.036391867 2.459964934 1.418828019 4.607030323 3.981733863 6.321985172 1.486165199 8.638230790 2.213774085 7.226255290 6.247205125 6.942605479 6.434826966 3.839306569 1.904617792
-23.492752968 -4.387924538 27.363127853 -0.876033817 -0.272522036 0.371818296 -0.141589708 5.091343161 4.848263805 3.379827076 1.174667114 0.588270673 2.093027334 4.222541209 5.393553696 4.012735299 10.119355503 7.962122056 7.054620060 8.341278184 5.238566019 5.994897479 4.665011544 -0.496090906 5.044250037 2.599383395 -2.219771721
-19.170309154 1.019040125 16.899263152 -0.094987083 0.890490420 -0.086445246 -0.436499124 2.228407569 -3.298300910 5.880772753 8.342526777 0.849022104 4.813646004 5.941249940 4.812299001 4.398635543 1.755320342 7.957738875 5.793488391 3.483538012 2.944931423 2.394909435 6.985177382 5.533281834 4.864352992 7.102830109 1.580730684
-17.919227392 1.315144538 16.715534434 0.894030450 0.181437066 -0.408439910 0.031096379 4.031323516 8.947670346 2.866540191 1.093248945 -1.612711729 6.380692880 8.180950256 6.831145595 10.592292253 8.425425536 6.509729287 2.369010943 -0.167095150 5.780210549 0.254928807 3.324180866 9.622705564 0.469240528 1.786289617 -1.037410840
-24.648538100 -1.933001814 10.249408274 -0.394349304 -0.786094964 0.472451678 -0.057729940 4.914319699 0.678005034 14.632577722 7.284684628 2.734396021 2.814435152 6.635182831 1.617192956 1.109468658 6.759393297 4.948951604 9.264000029 4.068246303 -1.993977919 6.182770133 6.711966715 3.367321755 2.783606758 3.743206327 1.034588316
-16.590337925 6.438037040 18.899344038 -0.305151387 -0.671347204 0.646178865 0.196541185 1.097664381 6.787235112 3.865722973 4.956478384 3.632956844 7.312846485 -0.915155390 3.442464628 3.511366297 2.053672395 8.003216198 6.611391791 5.997553663 4.403532932 4.885354416 7.534100052 6.502703138 5.112745650 5.902746418 6.482709850
-25.021580713 0.719554185 27.416370041 0.086503125 0.983759746 -0.110418628 0.111989727 1.716774043 0.855785029 2.601400634 5.533228170 0.985739669 -2.787285056 5.282717149 3.976991968 2.445412762 3.594570350 7.861261710 6.597803885 5.551717169 4.276035999 6.247896772 4.820664881 5.666113189 2.245567996 1.843303115 5.198656393
-21.722163492 -0.658595333 26.624054968 -0.189775039 -0.645004898 0.004413359 -0.740226073 5.097155591 9.342488559 9.580439775 6.300209579 4.890947501 0.338859481 5.888261364 6.671935396 3.901241452 4.025971966 4.842953284 4.604691780 4.922853208 7.742715718 1.809945397 4.235558737 1.032307340 -0.335188968 6.164737829 6.420170383
-14.724208755 1.329694024 18.127626287 0.598261513 0.397716619 0.462782474 0.519362142 2.825314441 3.331971525 8.055642782 2.837072586 5.600995658 2.379607742 7.727542677 -0.090991739 4.316955436 2.486810710 3.684318942 2.442736571 0.750161744 3.905758795 7.267363994 3.142629881 7.264638241 8.184077804 3.901610054 3.876345021
-20.937330935 -2.272623320 27.729061439 0.428301390 0.636652895 0.577207566 0.279396556 3.120196999 3.515908099 6.310027435 5.572923226 8.493209820 2.716421027 -2.594520830 4.292893238 6.133666547 -1.032706690 5.846982390 10.424330936 8.775113115 4.532098163 -0.203150461 3.128609799 7.993719307 3.927526525 4.312600373 5.354212566
-25.682898451 -4.275953154 10.740747464 -0.155411388 -0.530751205 0.735553062 0.391295479 -0.292491731 3.047605907 6.636567749 2.748791117 8.022291818 5.907159006 0.116828722 9.825950079 5.825654840 8.278852949 -0.814379035 4.763212270 4.837401211 1.425836988 3.084372693 1.969687432 5.257202313 2.840882993 -0.882071564 5.204996511
-22.183207954 4.225554599 21.193062821 0.208816986 0.091448463 0.455404137 0.860604275 0.188305232 3.575089005 5.113884074 1.833188955 4.141353192 5.246610117 -1.506336165 8.573531993 5.060398071 3.828159738 2.464650766 3.720701171 2.625788727 7.336145575 0.616041662 3.290453649 5.687705158 6.755752608 1.536104752 5.071165391
-25.100043362 6.417392474 11.563953375 0.151378577 0.710008419 0.314184260 -0.611768601 1.481943718 0.108700473 1.183722400 2.415037352 6.017823020 2.952596428 3.774531993 8.013116046 3.735775421 0.692569230 8.654338012 3.537954582 4.372550991 5.263756649 4.476695835 7.525066058 9.217393030 6.184313519 2.595430664 8.952681325
-19.104088207 6.727377593 20.836845843 -0.516723137 -0.032706908 -0.705598702 0.483795338 2.239160115 7.580312769 8.936756533 -1.306492656 7.128032633 -1.041730483 3.949430095 8.122137276 1.513508884 5.993943718 2.083664768 6.244572404 9.744378311 -1.213991004 1.570299025 -1.762985421 2.931043070 4.784113926 7.364952058 0.924425660
-19.825955908 9.390669526 17.855609890 0.390162926 0.653243522 0.642234380 0.092632574 1.442078636 1.898000325 3.434748808 2.289218297 2.928139160 7.176957854 1.245314262 6.850574839 7.514086533 6.894733082 2.535495530 2.867536577 3.368095061 5.013514625 5.781935366 6.535512894 5.373294906 5.715104071 4.712231442 1.371317859
-26.154526936 -1.030920598 26.107912831 -0.140560090 0.471284053 -0.450195863 0.745290471 2.730149791 1.623624632 0.150182653 1.976050558 2.579273138 6.857706835 0.948606037 6.971352300 5.713310378 4.919827163 2.881221044 0.096881781 0.268920750 1.059114782 -0.334606542 8.734908328 -0.035140345 6.946286408 1.141117561 3.013022916
-20.198725620 0.655198342 28.244618995 0.643715809 -0.356298878 -0.515056971 -0.439769694 6.621535337 4.866126694 2.302193681 0.581001980 3.300118624 7.625918183 5.548450495 8.434593098 3.437071674 9.285718895 6.215119496 2.408903699 1.545153161 8.640071508 4.715214336 2.838886020 -2.667342280 -0.184271662 2.980161589 8.646929369
-29.438257882 4.319133612 13.269730702 0.178108082 -0.126545330 0.910817759 -0.350249625 9.645804579 1.006572908 -0.643957474 3.673492953 -0.089578461 7.669767825 4.542799459 0.188068660 8.833264012 -2.072629451 4.933376275 1.117184557 5.537208897 9.631180196 3.648806175 3.677511895 -0.264387808 9.284835768 5.186949356 2.073733092
-27.447515833 -1.942726010 17.142577548 0.432815161 -0.542429505 0.553664229 -0.460322919 4.998268810 1.573774542 -0.139828872 6.496793805 7.586618998 6.919277634 10.854564143 7.230162733 7.417461340 4.978149701 4.559010056 5.804707394 6.069120793 3.613920536 6.729078131 3.168928450 -0.932572794 1.910773085 10.179248390 4.820484617
-30.900337802 2.213168958 20.902427003 0.501493495 0.381549990 -0.496446951 -0.597046317 3.479105775 6.867377467 3.403128281 0.044303788 9.595680871 6.864131228 2.864055771 -0.679872015 1.559494680 -1.144326018 0.568690976 6.498856858 7.404301267 7.932639041 3.581563032 2.804944022 3.077765708 1.756810804 3.555522199 5.120702151
-24.662656951 7.210543654 24.942553445 0.646033803 -0.541530402 0.536201400 0.043280565 7.584497815 4.260897229 -3.437945577 1.146350022 1.534928243 1.401835973 -0.043969380 2.714868466 4.104521987 5.523433738 6.575249264 3.278762617 3.745958126 2.500046894 2.592991500 5.241594039 6.963770043 8.951418342 5.181288630 6.093387809
-17.027965412 5.397598463 21.905414778 -0.113656894 -0.439030251 -0.407180443 -0.792804286 1.718315512 7.873778844 8.137031776 4.805116847 3.923483427 6.207653049 4.169618727 6.029297873 8.509777047 -2.735893000 5.303791280 2.604211814 0.578502656 3.828649778 6.968251182 6.834633203 -0.784113117 5.796696206 6.963737815 -0.240539832
-21.204235001 -1.099923514 23.457654943 0.222006953 0.934303712 0.278376152 0.017210613 0.727277004 6.266050075 6.020066292 -0.932497974 1.778977567 5.005831005 2.925600840 7.082301445 2.156789430 2.468498820 6.488045400 5.561017480 3.307486180 0.213890704 0.394026174 4.576396267 7.936192936 6.470239080 1.965085513 5.506076210
-18.204387174 -0.924317627 12.504060180 0.782331834 -0.459753963 0.367393611 0.203973354 1.276811983 2.543422174 5.276582169 4.989401315 6.309930787 0.450097147 5.614010757 5.407746357 6.439823944 -1.214738642 6.018822710 3.580288582 0.813725932 8.175798088 1.442171296 -2.796197377 3.371138062 8.629114712 5.533365563 5.058835974
-25.582151893 -3.670551048 23.504450265 -0.375977512 0.654749727 -0.334774790 0.563799206 1.424291405 -6.081447521 1.850924262 4.139393598 1.826359810 -0.725489225 2.202725192 -1.657138934 9.793996990 3.268921208 4.952524109 7.033740653 5.001488859 4.272071437 -0.088891614 0.107534821 7.188598727 10.148602195 1.373993778 1.092890870
-29.349758930 -2.609256348 19.341810210 0.748369905 -0.209823406 0.629190384 0.006006998 1.123939610 4.200648091 0.487270303 5.321176343 5.407655039 8.121727185 2.847688441 2.900566395 8.844018016 2.221806518 4.749721914 4.114895860 5.932795995 3.470983068 5.660844515 4.945916842 -0.953643586 -1.291434393 1.265327840 4.206960213
-21.588562401 -0.549773029 15.994162073 -0.662724813 0.233902796 -0.691354223 0.167674216 2.215584771 5.852241643 6.461872831 4.090957834 -5.369005204 7.075566682 5.063181546 3.300101478 7.904929596 1.516817085 0.118054226 5.829310026 3.738031348 10.042306757 7.641015772 4.504362866 10.382204562 4.455418414 -1.678281307 1.583240518
-18.884588038 -2.099061236 21.293333835 0.622633889 0.562770148 0.133773163 0.526992924 2.464779192 10.031842411 3.472148678 3.534489593 4.235210053 5.082689283 4.516738001 3.492603704 4.364303335 6.814267156 6.819726564 0.921017784 5.173241874 3.236788059 3.506570448 5.234789645 7.028661905 5.146865494 2.597519772 7.977866585
-13.737477839 3.949869438 20.229901210 0.836684251 -0.356091855 0.219965329 -0.353232655 8.327820578 1.012346447 4.775552275 7.378008420 5.249467487 -0.431833699 0.276577957 8.553905015 6.981364893 1.610005297 4.680209086 10.523643743 2.824137904 3.561894377 3.085846985 5.928669990 2.533593173 4.291057492 7.984984336 7.396348760
-15.975028344 -1.345394968 14.475568198 0.096155656 -0.420355360 0.148633208 0.889923385 2.022773923 5.802106089 3.454556025 0.704654326 6.559874065 0.338442600 5.364800768 1.279837223 5.891065083 3.996541932 -1.810678826 4.901428882 3.114486587 1.930595361 4.742808486 -0.045788263 7.745518790 5.938550238 6.016081525 5.919868144
-27.913478684 -2.719014429 17.630607193 0.067613657 0.709397329 -0.462163989 -0.527814617 -1.686379031 1.976348746 4.340754456 2.858645734 1.374674760 2.655882108 5.850143335 1.853163316 -0.410461287 1.254849150 3.931336592 4.705852716 8.092808014 2.216483511 1.806565106 6.775402834 4.769576741 2.680252475 8.102429915 1.308571625
-16.022188206 3.671585510 23.939840079 -0.227718636 -0.293386854 0.886646500 0.275547382 7.443795609 8.634904436 4.108974147 5.108411622 1.823330889 0.320853385 1.479307973 6.416423370 1.064547490 3.820046928 3.457619644 6.150633817 7.431937712 4.154567529 0.955990958 -2.009166203 2.837074834 5.636860652 6.720113451 3.469624254
-29.494806000 3.977021013 22.826530835 0.138327628 0.671073167 0.710910786 -0.158531151 6.716419330 -1.149961006 5.299198258 2.254477843 6.069516841 0.344280445 0.366785446 6.710542317 4.316482314 3.938503065 2.275214787 3.433174598 5.963226730 5.410703396 7.645603598 1.105802517 5.740826269 10.300717460 5.853467183 6.908704330
-15.193388010 4.021355973 23.102912838 -0.845594358 -0.361191271 -0.160793485 0.358687192 4.301052219 2.610907362 0.501896640 7.425344244 3.206447932 1.306262019 4.441033569 -0.119508952 8.105805519 3.753753378 0.634688372 6.166866050 0.981914727 8.540632486 2.459548181 5.413813036 6.521603120 2.183905535 1.217874289 6.303959997
-22.140740514 -1.736012579 10.931827559 0.192185875 0.352332961 -0.261223559 -0.877888562 2.827377826 3.795875105 -0.134974530 3.248846445 6.418936566 7.725907592 3.901920059 -0.248397594 3.423347300 3.033092015 1.345829981 3.246005678 1.704359829 2.335005134 1.252635708 6.122725760 5.678976771 2.967666435 0.669868270 3.874851556
-26.900295483 5.276551930 24.992010867 -0.551277730 0.207648818 0.731832145 0.342631792 1.725944745 5.948506102 1.170202976 7.650464231 4.589185611 13.762868843 2.497566474 2.048642334 1.603474058 6.036018739 5.347386434 7.533362514 8.876583634 2.661880226 8.885439395 7.736343172 3.323327190 2.387006549 11.341118005 8.196114382
-25.007768103 -0.515419233 23.310515763 0.629377773 -0.549388229 -0.157250733 0.526619787 7.232171328 6.577000197 6.228611205 2.851054227 2.624903695 4.852199893 7.730365202 1.695984323 2.922169163 -0.354714653 2.254955437 7.835286899 5.646526341 6.082806030 3.059047979 2.629898587 0.547828795 2.878156941 -1.678639356 1.338380936
-16.559722018 7.120921836 15.886562509 -0.599324885 -0.263239506 -0.170827018 -0.736432464 3.736190998 4.544598788 3.986343781 -2.613646304 3.764970302 5.146134267 3.932256996 4.600532082 2.068983741 6.329248673 3.917985425 8.068027197 1.467868695 6.243398407 5.088201274 4.989926368 8.267131699 4.055551789 5.332679713 2.733633191
-15.648391037 3.033135581 25.178244501 -0.182259279 0.492431647 0.667177891 0.528361893 5.978942398 3.955812345 4.650403320 6.334986247 -0.859801140 7.761680000 2.874931197 1.519672024 7.764254078 7.891552401 7.434214186 6.509774424 1.642377397 2.303997447 2.454092928 2.707940539 0.348580327 4.300939652 -1.306441748 8.504532210
-23.196584731 -6.451418504 13.894926354 0.066888113 -0.813444900 -0.461827797 0.347200892 8.481798237 8.107471137 3.316683843 6.242433379 5.145026336 1.478149893 8.030030229 1.196043790 6.464521282 -0.968405491 5.209852425 10.532389970 5.844100788 7.815235295 -3.557119436 4.611687949 -0.332260111 -0.858654762 8.552765585 0.137416042
-17.813255019 2.028520524 21.334326882 -0.018148413 0.449200053 -0.758601293 -0.471607916 5.819438158 1.452866706 5.951857753 8.126318664 4.320054167 1.214965320 1.961662527 3.765402014 3.287963416 2.368842986 3.620751543 8.633008158 4.942903348 2.575949707 6.796390303 3.225209503 0.421569180 5.577463894 5.058053915 3.749630674
-16.689963897 0.608625999 16.067639500 0.206499877 0.119995049 0.966166246 -0.097374403 6.305855375 5.310592780 3.383995897 7.071564657 3.439932884 -0.082261221 4.339175939 9.520796889 5.327517442 11.122607704 4.152187601 8.451154561 1.275752367 5.382810875 8.447551329 3.351073592 8.117000767 8.681340736 1.556834297 1.194984984
-17.423304603 2.241840176 23.661760549 0.386531086 -0.726628677 -0.552708375 -0.130835540 1.119065638 0.243131767 0.281309369 4.985365883 10.281995764 7.035808295 5.341727981 2.957361790 7.410708789 6.654199234 5.028865884 6.699931277 5.006675600 6.889288461 6.399681448 -2.978069996 -0.146020741 2.631250037 2.883390645 0.177258753
-19.455975450 -8.173540003 18.783500130 -0.245212165 -0.543340137 -0.557769633 0.577534005 1.824960205 2.716354421 1.449956488 3.965897010 4.819231008 -0.456040299 4.256171364 -2.760399580 0.016200281 5.206222331 -0.833816179 -1.379813709 7.394019708 5.212667699 6.874518920 4.151501285 8.271101349 1.601119182 4.531760715 3.440745163
-23.563615043 0.820988708 25.134541054 -0.315634326 0.602349659 -0.353396773 0.642386628 9.176197151 5.321373337 7.244644311 5.901300355 3.846049220 7.683410503 5.032861662 0.357377818 7.139777677 -1.515463475 7.568109754 4.347526482 3.820535494 3.427135366 5.917796195 0.816342619 3.534683688 4.203304819 -0.972002304 2.505671142
-14.565504073 -2.966014071 21.381243638 0.916008869 -0.183348052 0.170819138 -0.313260381 3.744921667 4.587953094 0.088260968 9.226778424 6.082093879 3.557117088 -1.711446682 4.668775722 4.798812602 8.612764939 6.618136027 6.079686861 1.445712890 10.228207789 1.928225386 5.278487633 4.074682595 4.170136294 -3.055905802 3.776294411
-28.534133794 8.296550498 20.548359360 -0.551757777 0.154286882 0.014850135 0.819474458 2.451257204 6.529534046 4.296819414 2.384577538 2.880406067 5.551108283 0.755116405 6.475535928 5.577617164 5.168549756 6.052735255 4.611200766 4.025343590 2.328098695 1.623443417 4.976920713 2.216963154 2.372923541 -1.214210495 6.022731809
-28.637367089 3.224447851 22.482031334 0.089263998 -0.150249128 0.716690076 -0.675138855 9.358217646 4.231320525 4.295666025 6.955985777 -1.986366688 1.020084765 0.549180163 3.923799678 5.087984099 5.984814103 4.032798074 1.389548738 10.783881517 5.031416507 2.817121238 -0.208307756 7.774780095 5.254696530 3.049069583 7.545305621
-20.793490900 -3.889977888 11.360795293 -0.361639929 -0.209704532 -0.907450723 0.042115987 2.472095408 3.689746102 4.263976861 9.765609791 4.018981701 3.280301538 8.001066092 -1.564685108 8.181064193 -0.129368741 8.064977788 4.848072413 0.790195400 6.211386177 6.102567162 4.453466889 7.030479978 5.878167249 3.088680791 -0.237614424
-26.630364337 -0.188940577 11.721988070 0.592463717 -0.634899322 -0.470801927 -0.155676398 2.667203779 5.822106736 3.994064573 2.901181927 -0.247653657 1.311372647 2.580089874 0.596889699 7.099416267 1.042700098 2.213182006 2.359342157 -0.997603142 8.516220197 8.839484127 4.994950146 1.536377768 6.951757423 3.857036652 3.637673295
-17.828353061 7.007712648 22.614411208 -0.959423820 -0.043177033 -0.225824570 -0.163232783 5.444996460 6.886070208 4.131143206 4.962673697 4.373109753 4.010346363 6.979179223 7.090921794 4.507326255 7.266226076 5.750524288 4.465053933 7.316584726 5.656322928 5.825565746 3.613880178 3.570518681 5.312940318 4.020566294 7.608074249
-29.279534163 7.054594681 15.534498864 0.017278600 0.848332622 -0.334163242 0.410326870 2.574878238 5.659761649 9.988926427 6.343500196 1.388149965 4.998710802 5.921186228 4.768978336 1.031814204 7.505393653 6.898131296 2.380876511 5.390489726 2.321627348 3.345993648 5.220011189 0.325267010 0.220231635 -1.945292612 2.336744143
-15.983899823 6.846968532 16.583198211 0.799916147 -0.273448438 0.232973491 -0.480711412 6.187086265 3.041217106 5.973454963 5.060013158 5.720544799 1.749803947 2.469596067 6.486883455 2.644070126 2.739522925 2.619098238 5.585782323 9.001994858 2.471391237 5.016446253 2.965202103 1.847446773 5.631487425 6.497869576 7.623032149
-17.214874922 -6.891007096 20.617112879 0.756755075 -0.166284748 -0.228134591 -0.589597955 -0.359178322 4.806231102 6.028830567 3.248355451 0.035910606 0.650113200 2.999768452 1.188588370 4.373075828 1.191084330 10.346831399 2.787271516 7.074449013 3.911099691 6.471174203 5.525544475 2.877810753 8.494403710 1.661793406 3.384039163
-29.000347259 -3.974278415 17.713415034 -0.435886082 0.568877843 -0.686282121 -0.124089380 0.050923386 2.477675959 -1.702897287 4.081063486 5.677400509 6.351256853 4.843198485 -0.001940816 4.652000703 6.267113649 6.556628777 5.290133465 2.843816902 -0.773922570 0.520418132 4.612547289 4.303346198 3.924532145 6.354013853 2.048325154
-22.942570127 3.327190760 9.520712541 0.653440794 -0.731408905 0.142732869 0.132979213 9.026306700 10.835171528 3.199769292 3.808487227 0.415558779 5.010494706 1.654478465 4.294378078 2.917953245 9.300630753 3.081904368 3.091364793 4.482722300 -1.140399873 10.289301408 3.479894108 0.963524432 2.173890642 5.950251629 1.771200657
-20.777965344 0.088094587 19.112009437 0.603022286 -0.202744185 -0.633563058 -0.440291687 5.327198812 4.290230084 4.154706738 5.096294985 2.585837356 10.407366684 5.847743057 4.466452507 3.022432179 1.915816029 3.829237328 9.585487058 4.596847361 6.940788654 5.534074837 3.496714833 0.680894865 1.490055692 6.267796586 -0.443417478
-23.288396477 -0.825955507 21.974521600 0.858875880 0.472168009 -0.148781471 -0.131353218 5.678592611 3.021683535 3.097755623 3.734085102 2.584033164 6.484195882 8.190533993 3.361926729 8.727498782 3.838694118 3.900687676 -3.223055079 -0.106938975 5.077470156 8.247918052 3.895761542 12.360702761 4.306083635 10.368881142 8.250306748
-29.521739019 -5.512766308 17.543237205 -0.261238621 0.596501367 -0.452379536 0.609338376 2.966430398 9.274362053 0.163621731 5.390383777 3.728372138 4.391730199 8.283391195 4.142407566 4.792949571 6.181615786 6.058265404 -1.774210027 0.171004993 1.668506509 4.336306832 1.789814893 4.291517099 4.953363204 1.880248239 5.324200189
-25.672422264 0.510036778 26.218639262 -0.274422534 0.130092450 -0.731796956 -0.610115926 -1.744293494 0.785092116 6.216812226 8.777680494 1.036604426 5.232298041 8.947266316 6.417706603 6.413794810 9.016077307 4.585047135 -1.823230095 5.810125852 1.060150306 1.434282606 4.421128057 5.255207021 1.148348841 2.600113509 1.905049557
-18.073390249 -5.755439163 14.092168032 -0.516760094 0.085222907 -0.764202024 0.376419086 4.096554344 4.964480914 4.525720249 7.516640847 4.085112875 4.659606934 4.273453710 5.363646875 1.888555269 -4.205657345 10.039371891 1.800627123 6.546661775 -1.481487644 2.075650547 4.469650808 -0.374600328 4.474066052 4.565356514 -0.328133848
-25.114271706 -1.550959672 16.936856718 -0.578939584 -0.133942005 0.186350044 0.782407924 5.555961186 2.376566414 0.946830320 3.858254737 2.193158876 5.382427652 4.949931248 5.929988159 5.112749484 8.933786388 4.473978648 1.127426543 3.416010210 5.274841259 0.450787068 1.202366244 7.447169962 0.761514809 8.494531969 5.128347333
-24.257995789 6.571258970 12.484722185 0.591581389 -0.579067200 -0.453012373 -0.330896402 -1.885116461 7.446861647 3.416531292 3.840877893 5.092031586 3.864588185 4.366280180 2.675106286 4.407237535 8.442575407 8.049639275 7.399259481 1.813608468 8.979915366 6.197505878 5.809471818 8.079477827 1.199957465 8.457041776 8.924714286
-31.475597473 2.210438772 15.437949558 -0.805791996 0.437961497 -0.393593027 -0.063035822 9.508956935 3.966986784 7.136510469 11.315815496 -0.272923311 0.871804329 6.742077146 2.586093710 2.795263400 0.239309107 10.053289274 6.123337801 12.573617443 3.130809446 6.669210550 4.520086232 4.810474610 6.809772825 2.275918533 3.919426060
-16.044004303 0.839802755 12.572163473 -0.312852405 -0.041503800 -0.368765442 0.874307072 0.702599778 4.973287003 1.487793175 4.246837309 4.681765827 2.326375615 8.765213951 6.302419166 0.538229931 7.108885506 4.737818857 5.630354198 7.383570026 4.086888228 0.853007796 -0.069102631 4.546590884 2.797078883 8.034906571 2.262622818
-21.775479061 6.655089661 26.747232548 -0.366648291 0.184280163 0.200165312 0.889687417 2.710729392 6.455770482 4.291285130 -2.208752356 8.979117471 3.846303519 3.598164764 8.564003713 2.307470425 8.000765085 3.270688309 2.056984083 4.587586603 5.588371939 5.871135154 1.297569496 4.366435053 11.590181293 7.511854335 7.053268273
-16.606421105 -4.240643228 16.584511357 0.428048157 -0.601395030 -0.659321425 0.142807742 -3.418242056 8.676821970 8.285285688 3.908402341 1.642421572 3.401255190 2.567911403 -3.675873859 -1.154809520 0.267770571 2.361577191 0.565566560 4.829675662 -1.262561217 7.858955715 2.387035685 1.228751704 5.111504808 5.166548316 1.470936852
-26.585646305 1.043600161 28.305150318 -0.286737610 0.458717638 0.432991892 0.721025446 1.571859125 4.983356147 3.260018550 6.686878426 -4.123097175 -1.271546241 6.754336085 1.400186027 -2.083466507 5.004192409 -1.885265730 1.284724416 7.830840735 5.380909517 3.540132557 2.236537332 6.908196888 4.368426030 7.488076879 0.085850641
-20.919996178 -8.503064640 21.865946082 -0.803675111 0.364872955 -0.457110514 0.109654098 4.627231967 3.408803074 4.987211215 7.556687382 6.392175168 7.478720458 2.753250391 1.266991170 6.852303046 -0.497622247 0.856347312 2.743238908 3.671830274 3.552024715 6.630006202 11.422297434 4.764770907 -1.553347480 0.557792284 0.867826070
-20.745661661 1.511076135 21.602562351 0.205952710 -0.031868271 0.965291063 0.157420004 8.573276162 6.403568972 2.738570877 8.478011147 3.987918909 7.397202933 4.836487157 4.002480084 -1.142464906 3.723662474 4.757976555 7.022838553 2.038151758 5.426023407 2.926090781 1.165726950 1.416427355 3.634785048 2.909680316 0.527483529
-21.624760607 2.913997783 26.033471918 -0.002535843 0.591543318 0.045702574 0.804972886 7.727352929 8.022592812 8.705106792 5.815681755 9.114427993 2.963398479 1.934014534 1.540592873 0.025974695 1.062150858 6.072154739 0.646334396 8.913651466 -0.066808698 10.074939081 3.680800692 2.302421821 7.871873463 2.975108638 8.973036866
-19.937313097 -3.343083492 21.068712975 0.191404884 0.753790789 -0.390139108 -0.492904751 2.007250341 5.617260842 -1.136613934 9.124613829 1.231168572 -2.669873359 7.745059638 2.369444737 6.882658135 1.363385412 6.371790803 5.511315458 4.470456416 2.231390540 -1.290872833 1.666425571 5.221677289 4.935016845 5.397109448 6.757694353
-20.648805477 5.007274939 12.553828458 0.525271387 0.763818793 0.138361998 0.348606913 6.997743912 1.996645697 0.030654027 4.602592456 1.525983667 2.233063532 1.958644210 1.981158376 2.402179852 6.769300390 4.612034298 1.205498194 3.443887196 0.497254768 1.826885797 1.334449364 1.741786249 7.039329417 2.932758209 6.676701504
-24.984014417 2.140404700 24.703813851 0.684662556 -0.509259615 -0.289012118 0.434009015 3.886239932 0.712939046 4.158284559 5.771653141 -0.026367616 3.472474991 5.308839258 6.495045440 2.510617034 6.225620939 4.814268005 5.657928181 -0.341622325 5.465071922 5.541327833 6.997466979 8.942375113 0.314517858 -1.483443879 4.063368095
-16.403625472 -2.394132157 19.730253957 -0.597540972 -0.136758439 -0.762123953 0.208348260 0.951581022 0.138693732 6.043574534 8.158632300 5.265092061 6.582997710 14.391213511 5.702319899 10.279764861 2.156145111 9.505377649 7.438930284 5.796312819 1.816236675 3.802971155 5.994113077 5.109823028 1.045982070 0.341583776 -2.072440789
-20.404502978 -2.956369832 16.512078314 -0.204065237 0.542439472 0.795486620 0.176968457 1.633016613 4.320707305 3.526414370 5.300874775 7.749336302 2.718182329 3.981599838 5.114374941 1.448003464 4.866141509 5.991668598 1.962059898 1.142627425 1.380339482 4.956482409 7.800253631 7.105218761 5.618465957 1.092972916 5.984675192
-25.109677970 1.476229393 23.030405057 -0.575812783 0.600589179 0.143036696 -0.535978339 5.909861535 2.321053680 7.684810651 -0.117498364 7.776579010 3.110300967 0.542986983 4.604923075 0.655798685 5.714989246 4.181981688 4.192456331 4.024284237 4.050201341 8.820152146 5.762280104 3.944010161 5.205176975 7.783184484 0.220013856
-23.011641435 -6.721821445 19.060684800 -0.245337659 0.886584343 -0.104900596 0.377853808 5.513913791 2.690035178 2.198859276 -0.684064770 1.764641273 6.880637082 5.009414396 3.425640530 -3.441555420 4.555486100 5.683811791 6.732508564 3.331239448 4.858287826 8.797449358 3.681568874 0.379841582 3.967962771 5.990966064 8.509924246
-17.870979749 -1.907147411 20.767996107 -0.557360717 0.430318113 0.335873683 -0.625591097 1.804657063 9.517824303 2.542464225 5.693382486 6.539940810 0.206430667 5.343663831 -4.604731379 8.643250794 5.128220450 7.019694879 7.356604338 -0.199699765 2.318321727 4.951238213 3.789495612 0.201248094 4.049830567 1.184037250 -1.206271688
-24.874173074 7.193347577 12.446730835 0.198732997 0.336552300 0.843867545 -0.367593949 6.997098459 4.319668175 3.359576581 5.651111736 -0.630832787 2.375866507 3.691926859 6.498579014 4.075465602 8.601160595 1.578628690 5.353136899 6.344326882 6.885043003 4.605598222 2.968182618 2.732833203 4.070058281 7.569367791 9.386479083
-23.367385561 -4.089597378 14.959569783 0.584737170 0.215333761 -0.100575926 0.775627679 4.405973412 7.316326675 2.673082988 3.869561109 -0.705426316 5.066499760 5.590337813 3.324738209 7.734828191 2.668668092 3.367140327 9.231821138 9.880969543 3.730165886 7.622907937 4.151106263 2.700961222 2.325228379 7.092429405 -0.465784409
-23.139603960 7.002563539 19.728503329 0.690713767 -0.385735840 0.258738433 0.554235309 3.497596473 -0.598663782 0.215027031 2.353056504 2.451103520 4.328394505 1.445016128 0.668749977 -1.148382997 0.951212912 2.190057351 2.372031238 0.664931856 6.764631105 7.400794395 2.850119598 7.170785380 7.062953019 8.460438857 1.024400520
-17.188957420 0.711683670 20.559221039 -0.675263924 0.608929243 0.265515682 0.320507774 -0.162378786 5.128739611 2.422739608 5.471516834 5.168698471 7.577697059 4.968066528 3.735115021 5.930193258 3.998298932 1.817312877 5.763181475 3.753658141 3.414316334 0.874180405 5.602182600 5.244556452 6.595363750 8.126833142 1.099687912
-25.478632589 2.329261243 26.270947110 0.553601807 -0.642009895 0.395560213 -0.353384284 7.970400218 0.615265643 2.402404090 1.981285250 3.352923935 5.066763843 -0.040214640 8.549481733 8.064843654 -1.576900503 11.516293589 2.101357700 4.296035946 3.629945538 4.972759277 3.269560815 7.427963154 5.496746365 2.541136832 9.329427122
-16.429013863 -2.402826817 23.382812545 -0.391246528 0.725036893 -0.408526801 -0.392878495 5.972192851 4.250408010 -2.249248551 4.964109751 2.840873820 2.952816330 5.995707675 0.669982451 7.664718794 1.085386181 3.668861644 3.915534077 4.538617142 6.673128153 5.505969500 4.414221054 0.524054851 12.606804129 3.529620149 4.451703860
-21.054288814 6.936552853 20.886212059 -0.671346434 0.671923255 0.186404036 -0.251130726 3.875259651 1.211855764 3.945371451 0.358685224 3.790946285 2.321898441 5.765497225 4.832114442 3.740893719 1.190232618 3.658601805 2.304806913 7.786567618 5.645659429 6.314844018 6.989988073 1.765418556 5.268679536 5.808299895 4.568612823
-32.229935568 0.051703515 16.924032908 -0.854866556 -0.297398034 -0.222002873 -0.362591100 3.691556619 8.806035065 9.501312764 3.094473324 6.132464100 6.345712328 4.284802962 6.647440126 8.641355341 8.893908254 7.787461130 4.191746735 6.793087431 4.398500339 3.053793918 3.113733292 0.409592673 2.735789361 -0.429058606 5.315129986
-25.450431153 -5.108262548 23.088729389 -0.394157658 -0.284803910 -0.395080440 0.779383038 6.786327787 3.062510115 -0.317639271 2.884876584 1.207887182 3.531997165 3.686533846 10.204587721 9.520061719 8.006634375 3.332512709 2.789823508 8.417056978 4.985766705 7.201124327 6.948718700 2.571766118 4.201383195 5.891548887 1.745900513
-31.359882279 2.225159658 22.300466582 -0.674615036 0.158315386 -0.608316285 0.387016909 3.600519440 0.862105758 -1.166060672 1.310768079 0.888274645 5.755860710 1.510652959 5.260576387 8.868899369 8.318625657 1.062111652 1.213927274 1.869657226 7.897373045 -1.454274629 4.765682534 2.490317653 3.931087148 -1.064820222 2.638981261
-21.859400001 2.026024149 22.639345085 -0.537241899 -0.627585164 0.561268796 0.049853205 2.093469737 1.062674016 -0.719222833 0.246277992 5.230880846 6.874456314 5.946036710 4.404379027 3.011578345 6.249888720 1.208859001 8.534547096 6.230003503 -0.530541795 1.904351758 10.070050952 7.000974931 2.249074674 5.333377578 4.170465679
-20.630741155 0.712218876 11.467793672 -0.211455159 0.712591636 0.243813589 0.622940454 3.901519067 -0.221681724 5.194925654 1.416981070 0.835730335 9.525674681 6.772155775 3.149159087 1.981366165 5.146812330 7.362849264 4.871435100 6.666690833 5.863500447 3.951204809 1.785410339 5.586525299 -0.744334910 1.659291070 -0.601347262
-16.764852106 2.387666597 24.824518419 -0.413443555 0.150226113 -0.852268415 -0.283081421 4.804217770 5.032115448 7.391291805 6.704617753 4.070062490 6.251514779 -2.374177135 6.500399298 6.837801456 2.884157745 3.034810977 6.395973070 5.728275291 2.889260696 5.409238648 8.871770537 6.951002704 -1.907052435 0.533884592 7.643767264
-22.970095894 5.093072149 27.739822432 0.406905882 0.389528192 -0.762526347 0.318196419 9.026109582 -0.701154068 4.183923567 -1.449572796 9.759149594 0.912416396 8.909522376 0.955886865 4.348732906 2.308305989 -0.694118875 1.121224904 7.086344335 6.218617007 4.045598537 8.198516008 7.864324804 9.416824954 -0.190385554 6.565063589
-30.793199500 -1.449889023 14.547311770 0.014575865 -0.132235978 0.102226862 0.985824964 2.244276666 9.146492702 8.094888233 7.013713168 4.727690326 -3.358870462 -5.269532817 0.465895749 3.527818576 0.243962659 8.161891158 6.109673713 -0.398446607 1.356777557 4.283294113 8.871697922 6.530742669 0.189389191 4.454100932 2.527250075
-27.991961754 7.521587216 24.114093647 0.302908517 0.090425871 0.947932851 0.038638077 2.311674341 4.325685344 -0.723974256 7.239515196 7.844359925 3.227463360 0.353003618 -0.223910507 8.674187655 6.662161242 3.133145049 4.092809957 2.658579327 4.518978308 6.436000952 4.107271632 8.078388307 4.772409173 2.446595578 13.858956942
-23.380312494 1.499590604 19.686378238 -0.277359653 -0.052840837 -0.190308810 0.940245726 1.436173138 4.093023451 6.980197049 9.243134736 8.564073868 3.146176978 3.270570175 3.721670746 10.788369386 6.320196630 6.743820337 7.250089634 8.644224720 4.369774916 6.246540287 6.710643555 8.293203561 -0.455139212 1.250186680 4.069933241
-27.444352305 -6.865375712 20.360281084 0.373895520 -0.923915534 -0.032822514 0.074195072 4.864469027 4.114795428 2.360751909 7.190116859 8.623847089 7.326202002 3.406349753 7.687734803 6.028795275 4.345309578 1.289475607 5.149364658 3.435939969 2.345178450 2.651005140 1.354612662 0.932463777 1.613589585 1.997340265 5.594075451
-27.752907391 4.030748662 18.727596992 -0.337282093 -0.371140584 0.485600118 -0.716022334 4.717745255 3.125018213 6.124350264 8.549521139 5.975687691 6.581943165 0.227606851 6.626272304 -2.548580775 3.332876879 10.775250043 3.219674216 4.959543513 7.051120900 3.647417836 -1.317556916 5.621353844 2.611304619 5.846948172 8.606862254
-22.436032565 5.867645480 18.791853192 0.527287864 0.359102044 0.592530117 -0.491854950 7.108863850 4.831682274 0.220559766 0.666601362 2.817420799 3.053329504 7.356406985 -0.464325866 8.218022985 4.017042965 1.842406767 -1.579160379 1.992065568 4.863218637 3.617133068 -2.404609270 4.001849765 1.636040196 1.308426549 2.418748906
-29.526295421 3.859997489 17.522996731 0.422857373 -0.669653470 -0.419236817 0.443842725 4.239862539 -1.251791917 4.376939409 4.713822311 3.931240504 4.466082458 4.641622023 3.251052547 -1.203358634 7.580143443 4.859906223 5.644718210 5.659045224 1.500865151 0.488320869 8.286918196 3.155645958 3.431309518 3.549587284 4.813095564
-29.786157776 5.608186792 16.217023734 -0.039463341 -0.523528645 0.834256479 0.168453347 4.388822116 4.761518865 5.134360761 4.431026063 5.711558753 -3.485273239 4.323434398 4.996391640 2.122118081 6.097025725 0.309666467 3.324972095 4.490848822 3.840626952 -0.286985888 2.945068719 4.310755673 3.344911765 3.542022526 9.403381001
-19.625253104 3.219781611 22.013594879 -0.679081190 0.357395397 -0.341736936 0.542524778 2.301769930 7.957930443 4.913447344 3.525747324 1.709473704 1.098502706 7.581490128 6.482916858 2.211548120 1.987581089 2.846903222 7.218564880 2.309932263 2.423745827 6.387996828 4.969295954 4.214608066 8.740080202 4.392656998 1.138686273
-28.705532257 7.986669015 19.888976680 -0.170867814 0.751083990 0.146856024 0.620572589 11.259391756 -0.404125866 3.260219788 10.434499427 10.350553712 3.707882041 6.104393206 4.672324551 8.892881789 0.818606272 2.325461545 7.780642494 5.620038056 4.791090938 3.662891014 4.447686213 1.640377242 4.724761212 2.833837148 6.781797443
-27.781833374 -4.002262886 22.461331239 0.734511253 0.445371733 -0.504959736 0.084574843 4.186347123 -0.506738299 8.912028199 2.228623515 1.456585275 7.530717214 3.920348620 3.403812207 -2.435095430 2.512131743 -1.677529543 2.957245392 4.014239598 4.720475762 -1.600678901 3.949042444 6.731667532 9.689001619 6.398326480 5.277051524
-14.155256188 1.739840080 19.588101039 0.681250747 -0.460444178 0.535600715 -0.192406997 -3.643379391 2.514671787 0.492685581 5.263821127 4.109060418 -0.558014437 9.029396320 6.271560875 3.613416900 -0.994859268 4.461288873 3.506149283 -0.245080913 6.624143067 3.353567583 2.723313275 3.816015922 4.312549344 -2.834850116 2.794492733
-24.848252172 8.525429565 22.261021857 0.022129633 0.868447491 0.482148586 0.113322443 -0.042324905 9.450446314 3.678476799 3.359370894 4.500402209 7.163268034 3.503820132 -0.016667653 7.231973790 8.419214600 7.185051815 5.358638594 6.305914849 -1.427175406 3.063529886 4.535259705 -1.020026337 6.206520017 3.965490361 1.211639351
-30.767652734 -5.582698167 17.859164768 0.550191014 0.519718388 -0.072097304 0.649603436 4.526922106 1.262038667 3.499094004 -0.651882951 1.204145010 -1.712906881 4.597297022 11.186097622 2.298486290 3.008340040 5.295756644 1.138234339 3.455483430 3.370465470 4.714308673 10.807437413 9.541046360 6.690052030 5.923231291 8.274873404
-23.435156992 6.251936203 14.572814822 -0.506900692 -0.420257083 0.447397627 -0.605203301 0.249320114 7.916012047 4.619088628 6.760753170 5.382980287 9.720900729 2.561158634 7.778395116 7.177468738 5.047175105 6.157714170 1.673049414 4.498232647 0.747330847 -1.270613845 4.775343457 4.271410406 6.451038639 4.604580183 1.820867202
-26.801935982 -3.515035797 13.411271886 0.224105969 0.257161451 0.939298875 -0.036906990 -2.611918419 3.947093503 6.616906726 6.052897958 2.322079981 6.722793916 6.172048026 2.639993321 3.573571234 2.755580654 0.910205298 5.077393821 8.652352361 3.156872702 0.294458863 8.042379690 -3.177580014 3.069739691 4.328037281 2.810775025
-20.167138517 -1.389604510 18.228576217 0.506825918 -0.101969932 -0.326261593 -0.791380436 2.526374274 2.470798931 3.320312354 -0.779717908 3.363259177 1.739593031 8.037732199 0.307349847 5.084739574 0.007089090 2.742701414 2.259528146 2.099284897 4.955234448 0.000260233 4.505578164 5.028002583 9.770348513 -0.621058690 8.773712310
-17.741159806 -0.687869530 15.830209357 -0.323614090 -0.733954027 0.377957486 -0.462313256 7.023586562 2.267931397 8.810865279 8.691236873 4.570690146 3.363504817 -1.414572482 6.756145389 0.629155281 2.358485974 2.784366791 0.552596676 5.034840643 8.666856474 4.298014297 4.968192350 -1.676998722 3.169703205 3.323665210 3.456127472
-15.419967131 5.375034759 14.972408002 -0.223992520 -0.954457935 0.159139449 -0.116241287 0.605401428 10.209654797 5.201932462 7.531410383 9.231756038 9.183432441 -0.846057703 2.950182357 6.896017425 2.092926978 5.360948588 0.691249946 -2.600213588 1.541739050 1.039498851 7.185080182 -2.442708382 6.345013301 2.049202684 4.071939553
-24.238221956 -2.082410964 24.134539573 0.013087593 0.057290299 0.837219955 -0.543699627 0.444728552 6.153232258 5.536338092 -0.655681164 8.098189765 2.800723824 -2.594095673 2.226497685 0.140989198 3.348060705 1.527403565 4.741253303 6.286963746 7.120826993 -0.301924176 6.518754793 5.322702712 3.936061959 1.686031744 5.470849958
-18.667648393 -4.246411696 25.212385683 0.106587267 0.885158528 0.334430438 -0.305433818 2.432856117 6.878854619 5.100341741 5.673492497 1.176706347 -0.812096163 0.241433656 1.140580257 0.543396220 1.198405201 5.979806395 3.173878010 3.413037886 2.084460931 0.162078640 8.532384220 1.711355341 5.613976408 5.764563939 6.764163123
-25.109535114 -2.570171542 24.913127139 0.407499255 0.635146054 0.439691229 0.487037443 12.338997686 -1.807923498 4.182768523 3.257276108 8.736947791 1.016680518 4.979482885 -1.484234631 3.493196548 7.698576819 8.900067451 -1.366687067 2.446136199 8.194622908 1.452512078 8.724477697 2.969274436 2.155463297 7.916390114 5.349555614
-21.675067465 9.019851908 22.641836526 -0.197583047 -0.246265065 -0.088508414 0.944711976 1.461113306 -2.241460225 2.202172127 1.281205583 2.654684154 -1.365661911 6.203018865 7.620700144 6.483027296 4.874592662 6.191351284 11.553779445 -4.830618619 1.672250337 3.920636471 2.528611386 8.963339898 5.124155233 7.607429451 5.088998063
-18.342316594 -4.298344416 20.224345247 0.914468740 -0.297567853 0.223263214 0.159228870 5.007739481 3.076725029 6.068244280 9.996411725 4.934742078 -1.759204165 8.583163977 3.880646114 3.786497454 2.896196245 7.402567232 5.429244083 4.771011149 5.015124746 1.912440433 3.275511520 4.992887487 7.893674602 5.433363013 3.318261278
-30.478913103 0.883525570 17.081453935 0.518418491 -0.173070531 0.531665887 0.647008689 6.541149812 6.109104751 2.732050040 2.830083388 -3.068331015 8.437389162 -2.860707257 4.908271478 2.655898061 3.089064207 11.926210020 6.274045724 4.318595698 2.705041485 2.839147971 7.622003664 4.767994354 7.789632032 3.938164010 3.844665010
-28.237065241 2.920313135 21.309572169 -0.094797539 -0.916663437 0.075829461 0.380777445 8.198940200 4.176126508 0.695589032 6.410445124 4.372687307 6.114627014 1.743453924 4.861260272 3.070573350 4.172162814 2.761042578 3.617100314 4.915699455 7.027604170 4.584469280 8.340808061 6.856886333 3.276168676 4.269647584 4.427446748
-18.925198654 -5.993022887 21.503190920 0.671231743 -0.180891363 -0.654453922 -0.297348830 12.641368585 4.032302694 3.895294100 5.690229413 4.096506017 3.660580974 0.871203975 5.755624777 4.508853291 3.307847197 7.147018414 4.843810285 5.148748289 0.920584589 6.496001093 0.140756518 4.236474708 -0.508361510 4.507871793 7.077985221
-29.620527265 -0.023765707 24.267586725 -0.327173195 -0.835485823 0.441487837 -0.003103236 3.024761972 9.267082010 6.208119516 6.547356542 3.927288986 -0.398559967 0.064298238 8.659489388 8.926438483 5.086450619 10.216288652 6.899101743 9.070146970 1.997768921 0.223194167 0.130563382 3.348044668 5.591784311 -2.381040606 6.810360633
-17.293081637 -7.426624754 20.830447887 -0.931551939 -0.294421066 -0.153822504 -0.147871086 4.653322121 10.528174281 4.962745430 3.220956271 -0.040605794 7.524863049 2.904853676 -0.255418391 2.534745727 1.728241315 2.600574003 -2.344291910 7.397902477 3.775677394 7.351554635 5.123474118 0.408477393 2.835474955 1.056070460 6.682309437
-28.635627715 6.169739721 21.885563750 -0.056573998 -0.881308033 0.455584293 -0.111975377 4.942413176 5.983229517 4.123044062 -1.092442939 7.356341091 -1.263077490 0.711059669 12.773857430 4.780477324 -2.136499454 10.095363960 7.999996439 1.312310228 3.138526576 2.746797830 8.322112684 -0.788990827 7.132782997 2.861867856 1.799134403
-23.421387950 -4.720332800 21.750971237 0.697750728 0.377333285 0.555705754 0.248906867 -3.481712486 1.878433351 3.326791927 2.014539019 5.866311714 5.513944053 10.463203819 5.739440675 4.031955765 2.280250215 0.557180216 2.280101628 4.574327104 6.599515525 -0.600131681 3.703676054 7.779717421 4.064651328 1.783873579 -0.762439308
-27.205942662 1.135547091 21.281160238 0.600189831 -0.589897281 0.510343636 0.177038805 3.735805575 8.530592151 4.971356505 1.368900179 4.861252339 12.297301049 5.884721925 1.028361229 2.739850968 -0.237627429 1.745736162 3.864460470 11.501228453 3.665637436 5.546339391 5.564556368 0.900497446 5.288562784 3.539279669 3.446095472
-29.138180595 6.197855361 14.511117913 0.776777485 0.473382500 -0.410613196 0.062630275 4.032299207 6.494825741 8.674216574 6.769082060 5.552675045 0.957311666 4.904942876 1.322555723 1.606662855 5.159691496 0.100810448 4.355207601 3.586171490 -3.656032191 1.576344389 9.468103535 3.677253230 0.468515539 5.582882824 7.101034584
-31.071152432 -1.371043744 17.487046339 -0.842502497 0.441927850 0.010279719 -0.307869526 0.667712587 1.558440429 2.826843025 -3.740228368 5.715088923 3.734502357 3.896223107 4.705195737 2.422841437 7.080588776 11.804442498 5.428069203 3.553319251 6.335306214 5.550410135 4.660676257 5.809828419 8.917003547 5.427135021 -1.529473642
-26.544891720 0.630572329 18.651527481 -0.595659279 -0.179733395 -0.778276111 0.084688990 2.380032353 5.077306482 2.842812079 -1.402819136 6.665036747 -5.394054133 3.075228174 0.608546443 5.508407357 0.260203386 2.955441393 0.198501626 -0.381463657 3.891931939 2.675264204 5.679268424 0.868128291 7.140761013 5.527786437 5.769938016
-20.053080352 -6.293233627 12.657232638 -0.485838741 -0.206200217 -0.832808409 0.166950118 6.996662189 2.853094975 -1.915091373 9.042923831 0.086534927 1.535351478 1.437128554 -2.446746626 0.470637406 9.046385116 6.813502206 4.008784445 6.047840203 6.355823992 2.503492630 0.540981932 4.359399137 3.363873185 2.139956497 3.584423999
-29.811711961 -0.563547246 22.553611194 0.392977875 -0.364632378 -0.810846846 -0.234816971 4.852723555 2.193528394 6.035992353 4.786412081 6.097572298 3.608620905 4.816999756 3.186090559 3.215537259 4.608719122 5.676430863 -0.181823797 1.852123108 6.128726965 6.221403910 7.192397857 6.714249841 0.359670473 4.350169951 3.177346269
-16.474334228 3.898497463 20.950043207 0.210607674 -0.205544752 0.390131454 0.872463874 7.144462510 5.902639440 1.323975199 -2.909729269 2.169970641 2.455366707 4.987443805 4.399714781 2.421430543 -0.467000807 -0.428006695 8.941965845 4.273321831 8.345102151 4.218474183 3.772423191 2.092906826 4.907577220 1.959398445 1.429152336
-28.281216990 6.464560999 24.885481437 -0.756774562 -0.015775826 -0.156444639 -0.634482829 0.858662563 6.282800399 7.481091897 0.563865190 0.572765661 8.083112233 5.351053024 5.212528761 5.698314197 2.113209519 13.103134024 0.638524299 5.790767132 6.333493323 -1.215591981 -0.201035149 4.828477676 5.566045937 7.811302238 3.660853590
-25.957576466 -3.416515392 14.409005440 -0.510226976 0.238221565 -0.546378531 0.619991468 1.108417333 4.246203967 6.222093216 8.753694418 8.714762068 5.385107595 5.978574205 1.721880083 7.810708273 4.368994633 4.350675076 2.585756946 4.308544745 3.517596784 2.087205303 3.058627026 7.130896358 6.170682310 12.644209555 3.559271232
-26.080724598 -0.598571554 10.948419664 0.627498021 0.725612281 -0.220960511 -0.175810987 -1.306498019 6.232296362 0.162098919 5.856802584 2.246026131 3.957695904 -1.182733770 7.083713200 6.798001628 5.622177248 7.437656802 9.525646465 5.475699452 -0.234097473 0.846279008 -2.456945112 5.392588522 -1.332149794 3.212005777 2.595544926
-17.244479893 -3.290434788 25.199398910 0.798082373 0.229205162 -0.543630668 0.122454957 8.889760750 4.817590576 3.331504121 7.018495100 4.141944107 5.040935175 3.297090058 1.694772601 5.137806971 3.181468631 4.956867201 4.287532288 6.971803343 2.889880374 5.070177874 5.586154383 3.939438676 3.981807264 4.042375822 7.276613414
-28.326208488 -4.976131912 17.030949084 0.465661768 -0.747069341 0.424450223 -0.211869127 1.744540526 -2.727476062 6.031104784 1.510578039 4.792056852 4.787897159 3.435085555 5.481927921 8.900705631 1.527863730 5.960683183 3.233725896 0.476020825 7.581342830 11.793181787 7.464262428 0.330598624 2.215266275 4.994424693 4.589501058
-14.503397221 4.421306668 17.912881115 0.397901027 0.489359904 0.490615325 0.601247253 6.458611034 4.998849192 6.873202784 4.628566246 0.150626512 5.605944082 6.552425315 4.874221501 4.540484832 4.749866174 1.360380947 1.512982045 10.032995147 -0.069735942 3.610824016 7.050659936 5.439958355 3.691168898 -3.012889105 5.706116045
-20.836957480 8.642583690 21.403875924 -0.129130871 -0.757757699 0.510473796 -0.385415350 2.437316916 5.681382550 2.233544825 0.429406587 2.772336159 5.812595601 6.224936671 10.755521939 1.180123797 5.525246728 2.396008543 2.583919104 3.213379507 1.036404439 6.735421713 2.793122875 -0.212231170 6.514490714 4.543349171 3.101510815
-17.332936234 -2.236099870 23.349795413 -0.268379138 0.359644758 -0.409777999 0.794172700 7.822794689 -0.150109557 1.979332061 4.044543462 7.935153432 -0.302068853 6.434018134 2.981518347 3.820430890 2.464860968 6.932778100 7.494358230 3.652026524 3.218050101 6.260368324 8.936538615 2.060171177 5.126978891 4.052887364 2.638236519
-17.382025666 7.332199495 17.934604593 0.181710361 -0.027657156 -0.892824848 0.411193650 4.926697196 1.745304119 4.040600838 2.147876538 4.279899218 8.857887006 5.240145968 8.999766706 7.176626764 8.443454031 1.564149455 0.915484819 0.149683012 6.340482252 -0.334241767 -0.509937824 1.976387701 3.824778218 2.874722016 4.633829520
-28.607125174 -0.445507041 22.635351141 0.038280485 0.498408466 -0.054128191 0.864403693 4.892482943 5.253913806 3.593086758 5.191842255 0.653665071 -0.289419643 5.975534628 8.592366210 4.372628323 2.557378147 -1.435372434 8.410473335 4.105925459 2.553441567 1.335726498 3.438753918 -0.631807968 1.767100214 4.118425145 0.708957954
-28.676140837 5.339075024 23.548473719 -0.263741296 0.597865308 -0.109555689 -0.748996097 3.900692664 5.463907380 4.830589914 4.317346420 6.116835797 4.760091426 2.016316301 0.810087880 10.551077338 4.097035162 8.336824228 5.421998311 4.056819892 0.472510561 0.723739707 -0.069810966 1.832750513 6.695861734 3.229442013 8.759307131
-22.146190061 -2.641061991 26.757808638 0.616051803 0.146428478 -0.011770745 -0.773886507 9.848553022 5.000424223 10.943510065 2.526255017 3.114778979 2.548094812 10.882969621 6.826805160 7.943804991 6.517023381 0.711816566 2.585803838 3.368666509 -1.046287100 3.743790677 5.467608708 1.090119669 0.928574119 3.415534336 8.285336836
-25.935159109 -2.914217418 14.914912696 -0.345389879 0.378268712 0.840420083 -0.176953942 -0.377194553 2.088797715 4.769071629 4.481647220 -1.126040222 3.777946786 2.918231618 5.676878822 2.970317603 3.828498812 4.267345054 -1.424586574 2.299794687 3.255057741 7.770997017 4.333661375 3.858433750 6.134330367 5.081534816 1.880244591
-14.805717550 6.003117311 19.104589338 -0.735070008 0.569452574 -0.220953963 -0.294236631 0.646674989 4.961805561 5.656237975 4.022476239 8.905882509 5.527720552 0.490200508 5.832810745 2.244784914 -3.549414866 5.042365662 6.540430723 3.554484841 -1.330268972 5.241622573 5.957195140 0.671406475 7.110716930 10.985187911 8.227502469
-21.252908247 -3.412885217 23.290048515 0.001717235 0.953537930 -0.259420891 -0.153177245 2.949777485 -1.706602221 6.196134566 1.525397286 5.852941146 5.535032681 6.782152478 5.173436816 5.080182029 9.477302786 4.179025071 8.526401660 5.839232201 1.961564371 3.106652087 2.135039378 -0.874112204 10.479772074 2.834522389 2.559963171
-27.512809110 -1.737797017 16.778423906 -0.338732399 0.430170360 -0.021158335 0.836520262 -0.160420541 7.648778199 3.212351266 5.554994034 -0.281510969 -1.569939426 5.142422987 2.320616713 0.525073002 5.519414856 8.854746327 1.675090778 1.565286103 4.324942516 8.311459757 6.890175564 3.891889013 5.771525902 2.482780075 5.802015244
-26.502655874 1.412067136 17.531242621 0.146930937 0.384072173 -0.840081951 -0.353782676 8.387422131 8.420583045 8.476931825 1.646047088 5.551312475 6.298473228 7.747141975 6.359259639 3.331995728 5.026680674 4.823150606 0.958597602 3.067670027 2.306330804 5.258330256 4.628196843 3.853448119 6.236276136 4.566583070 5.923286948
-20.676822178 3.418089587 25.070893582 -0.321786437 -0.261384855 -0.877085918 -0.242593772 2.567744280 5.362595365 4.308055715 7.578159957 3.452456839 5.743594529 9.194895850 4.228858883 1.029770831 0.602182483 3.469132457 5.026301602 4.534342268 3.682366883 3.933300019 7.750894871 3.681789052 4.282751067 2.975777902 -0.465185095
-14.728146395 -1.362951900 18.337022877 0.496321342 -0.435018572 0.317677258 0.680812109 6.963297483 5.296978393 6.524337701 1.848520616 5.734703588 -0.901573848 3.381346483 7.888384706 3.548569702 2.971864061 2.483786264 1.026801910 3.957186564 1.193459544 2.458329986 4.880813597 2.800869980 9.762366356 0.537967750 7.058288466
-23.424675928 -2.397292501 13.791071394 -0.069031035 -0.721687738 -0.194678069 -0.660682960 0.608101476 4.243968128 1.219721878 3.842455359 9.922835948 11.552717712 10.933887431 0.928286627 3.759487247 8.670181870 -0.004721734 1.334504322 6.332776731 7.648226463 5.647343333 10.242298736 5.784437506 2.424310169 4.695004059 8.516279815
