9.777073380 21.106615106 15.581555210 -0.707240525 0.483597700 0.138559791 -0.496734625 3.209307760 2.021663444 0.516556538 5.746673466 6.876291378 6.848301418 0.179164899 6.630494520 2.483627097 4.651513901 3.215210172 10.252421603 9.650123126 2.757148362 0.966389450 4.240951545 8.409834931 8.104908435 8.911022820 0.031917951
9.714187911 21.051808421 15.485593701 0.177524197 -0.491847238 0.827931945 -0.202731715 4.565095794 4.115611989 10.238362119 0.366605727 -2.159747349 3.044908341 4.835322307 5.143974555 3.845586515 0.864891422 -2.207571471 3.217215498 2.368589165 5.015922892 3.193377048 8.181666940 4.501097056 5.031432006 6.071756096 2.927602101
9.466296819 18.193421315 3.918196016 0.425586056 0.122460555 0.857454903 -0.262013380 2.420119559 3.606342286 8.839000215 12.156627194 1.455795711 6.250949288 7.225393641 2.373874506 7.880255163 7.020802737 11.794074206 4.852170605 8.304782713 1.321062606 1.393481204 3.999420670 3.956555051 6.838925105 1.666611413 2.935692815
12.386733996 21.257991902 15.458330922 0.108845855 -0.088823097 0.128010011 0.981772109 4.748379471 9.676795343 -1.003470969 4.969827446 1.650741161 7.558795069 10.194494455 5.525564664 2.065949764 1.056587513 1.754773850 2.076772319 3.851724751 3.474679143 2.057468500 -0.133325635 2.742378334 5.980896359 7.784539262 5.330203819
6.057650106 28.144499655 7.936074419 0.034912891 -0.847972989 0.183716718 0.495954703 6.120616587 3.328103942 4.004164957 6.761961257 -0.714608213 7.056935422 4.866964875 2.976350717 5.504367967 5.705347225 6.864166246 5.492659261 6.953532790 5.885589344 5.012803549 8.635095113 6.531071696 8.461462675 4.747987657 1.535063050
0.173047195 27.353291359 18.356227950 0.283318414 0.100327684 -0.278844645 0.912091386 5.374263365 4.626794724 7.861361357 7.613143136 -1.152597047 7.573999125 2.817465987 1.375551548 4.433526649 4.919273188 -0.657088743 4.977856198 2.896821837 3.965083064 5.553962262 2.822034332 2.256046283 2.138186209 1.189663874 5.778079719
-2.292586138 18.429417242 16.695667378 0.374466589 0.305827463 -0.457611576 -0.746214434 5.120120045 0.910945887 9.342023823 0.652927891 2.300311879 1.408850467 11.609937161 1.064310488 4.417851468 3.917024717 1.373874811 1.924388256 4.472488924 4.198364268 8.551471148 2.737320296 5.421825539 1.719751564 1.721218104 0.821864887
12.928069163 24.945444830 13.617556221 0.441398766 0.488702362 -0.676641786 -0.329382792 4.983276344 -0.556830899 9.512260078 8.192460347 2.848812675 4.705841049 6.026987308 5.281202169 8.434633673 -2.282810788 -0.647366366 6.277605149 -0.437130448 2.471843720 2.413511166 7.048787479 6.245635758 3.174540333 2.090674282 1.265408326
9.752922038 23.236217120 15.428231441 -0.738047850 0.533537738 -0.251142497 0.327948624 6.077091525 -1.451993139 6.977508787 1.171200650 5.099957084 5.268769504 4.859078997 0.257869783 6.662244590 3.224121793 1.941239240 2.667082246 8.160929217 0.674120803 3.805802765 6.301347433 -1.435538803 0.350755942 8.603447188 2.097710172
0.743644961 25.349935620 5.039320345 0.975207715 0.125907992 0.149866914 0.103232741 11.915360128 5.828274778 5.107649224 6.736716381 3.380029918 5.317531570 2.158550375 5.460917123 5.863434302 4.104513259 0.228732614 1.561535859 0.596132706 4.911517688 0.980789817 6.879510289 4.412700443 3.767447748 9.333953361 3.904893382
3.925886134 15.014452000 5.058522123 0.711940856 -0.020964228 -0.701893162 -0.006834271 4.306793237 3.210560294 4.425710434 3.984144755 8.862231648 5.773406759 5.280534474 3.524101645 4.151575568 2.796249865 -0.800480841 7.667644489 1.007164688 5.612072480 3.815267832 1.960111566 6.166993798 2.472739418 3.629499136 6.561664450
6.843757266 20.737436864 7.968876370 0.515095697 0.408511009 -0.583833102 -0.476375993 -2.601158732 0.418604143 7.080260104 6.362440588 1.434917786 0.293925302 3.958273587 1.609333805 7.711302121 4.452032961 4.341281949 6.968907739 -2.790939918 0.728617140 5.413063443 5.899487590 1.999076954 5.548263332 0.017073443 3.678699036
6.591770358 23.506783034 11.514792235 0.631183943 -0.002353455 0.775488891 0.014773988 2.530038431 0.153404867 -0.600587975 3.741010427 -1.433433412 1.447809575 5.527524506 -2.915379455 3.907213117 4.515172017 7.997751944 5.154543828 4.871204267 2.371350389 3.627114324 3.060489185 4.670924556 -2.221670859 3.323167593 6.663489827
11.264812506 26.970901365 15.903897021 0.697233608 0.707952556 0.102611528 -0.046253092 7.179196180 9.441034884 3.723545393 0.689944671 -2.062409147 10.623659169 4.366424604 5.175333504 4.987290460 6.668188999 3.016894799 -0.237610001 7.391000676 -0.785376902 8.834891111 2.360780230 7.754225958 4.104366546 8.285034653 7.064852152
3.228473023 17.645768022 17.472083423 0.771886057 -0.580202687 -0.171732924 0.195101409 1.095731011 7.194825129 7.541385276 7.286240784 3.660533758 2.582643457 4.524681863 2.739747947 5.253359680 -2.216227109 3.912945324 6.274870412 2.949291757 4.494716604 1.797817830 1.326268619 1.701277394 7.828634446 0.980469863 3.082241588
0.846241608 27.777496772 5.723525018 0.684318308 -0.602491117 0.400648836 -0.090517497 11.816172949 3.344891122 6.980149708 1.519722062 2.661069525 4.505245382 6.462493294 1.864408729 3.555850245 1.418947459 5.027218068 -0.376299477 4.412712371 6.895503298 12.558321529 1.438981180 5.541737862 4.186199529 2.539649837 4.799635902
7.219681284 28.866256421 4.346733328 -0.498157003 -0.079859663 0.627046473 0.593527384 2.635671318 1.713369931 3.077793102 8.096744674 8.210460602 1.682047464 8.437977237 1.873918389 3.513004470 7.616023954 -3.952970490 2.092729510 6.156390392 1.592197448 -0.347301309 6.543861501 0.421561827 4.045826744 4.473137333 4.025816893
4.024198918 26.402276714 4.615654319 -0.671466877 0.698286996 0.161187957 0.188536330 0.582042706 1.783460875 4.853286768 -0.802860309 8.319637081 4.922712905 2.894216918 4.784940380 1.897715661 -1.823201725 0.536896885 3.764711420 2.028531207 5.292762435 1.701933440 3.989374973 3.615006273 0.018089716 4.647482255 1.434850473
2.290664133 20.771929952 13.044102703 -0.013803123 -0.470802884 0.882120419 -0.004205301 2.794692849 -3.078614383 2.579468413 4.553781214 2.587880097 3.022577489 1.481240813 4.564950883 5.058550419 6.374505886 8.699604783 6.747783083 4.649376079 6.555003838 7.368861048 6.893727690 5.959386534 5.341334963 3.441874281 -0.497308671
0.407566065 20.729835275 14.516849026 -0.713547343 0.053658516 0.571699574 -0.401410700 4.515223979 4.100046992 9.213969643 6.056206192 9.391431900 2.546937939 9.816232935 2.081916273 2.003041649 2.185766602 2.564109482 2.742208693 2.041772404 -2.383552973 11.397209184 8.997616318 4.450125736 0.480670078 1.879471632 0.507777685
2.674258941 17.397793072 6.254341406 0.486317342 -0.273054961 0.683651494 0.470698486 1.453617162 2.856567955 1.903239244 4.804969870 4.212019180 1.426585616 2.068274411 -1.860554442 0.773575844 5.250994722 1.617630586 3.412308316 1.551601716 5.201357505 7.981403198 7.133151978 3.818847757 3.216549290 1.802262956 2.519762365
5.191707873 18.955392523 5.731873447 0.173079424 0.927200073 0.319113471 -0.092250364 2.433163478 6.486648064 2.144307239 3.240216429 6.809707365 3.939780611 0.532945311 6.257023021 2.942766852 5.630569377 -0.137922772 5.649854938 5.402748989 4.866404880 4.210566664 5.267690747 6.654020718 3.951018257 -0.173749062 0.809345325
0.827801573 15.554150806 7.275638308 -0.751500446 -0.128530430 -0.632351173 -0.137328083 6.876355325 7.724633131 5.795947780 7.580439429 2.381699506 4.768165553 5.896589157 3.821629099 3.519263988 4.435220396 0.647753085 1.948055288 12.377449397 3.014362640 4.482522563 3.174752828 3.574955186 -1.137823853 2.717914632 6.455801978
-4.500709131 21.764879581 9.327538320 -0.104848006 0.103089762 0.223291280 0.963597634 3.224036976 7.818115875 8.101740281 7.343140354 3.044018623 6.218816550 2.846338040 6.601504590 9.805814355 7.094804453 3.534823866 5.082290074 5.105215622 1.634436401 10.270396841 5.888620160 3.552087276 -2.059836174 3.380940432 0.471510711
10.073092075 28.684111802 9.947343504 0.465980086 -0.174218192 -0.065163855 0.865022689 3.727498237 3.655739116 2.456618861 10.652881566 1.487817293 -3.343642234 -0.276914292 7.136520938 3.925471972 6.296168807 5.072844294 4.177524510 5.750278212 4.379252747 3.750568695 1.195083879 4.775024543 -0.406882669 3.237983709 3.118191196
3.142021372 26.773886156 17.718548348 -0.122604058 0.910320846 -0.075126317 -0.388123999 -0.213844876 -3.352987213 4.509167439 0.157956429 5.774431198 1.609052066 5.812724246 3.433736995 5.178046475 5.522530387 2.240291490 2.817690054 -3.020435073 2.325738138 4.586370476 1.738279089 2.351080166 2.500765518 4.516633982 4.293184477
8.943096807 20.037352604 3.708918227 0.221950189 -0.167830857 -0.000244895 0.960505522 6.312596191 5.643936747 8.588222363 7.009098118 5.677658413 -1.261650484 3.254865950 6.704160939 3.847437522 8.621339659 0.093496380 1.714513160 0.672554025 0.884903444 1.192658747 2.924451467 9.538564245 1.632254135 6.409169464 6.060625984
5.448792813 27.755550198 7.717980695 -0.978708129 -0.019723371 -0.037020211 -0.200925086 3.893671661 4.132297515 3.464643265 5.234873731 0.993895994 -1.544349059 7.988870127 2.953390370 13.172228075 -0.466081769 7.116569069 2.800497619 2.452038075 1.861618895 4.712666174 2.046402687 -0.774565757 3.274765338 4.307149230 4.083421680
5.181858195 23.484156208 10.076982924 -0.589756812 0.039251392 -0.250565198 -0.766722448 6.090348322 1.024661668 4.882614524 -1.663168983 0.412477312 4.906805672 5.165384833 5.775917773 5.094175863 -0.218794008 2.484629088 5.428056296 9.318328990 11.409045325 1.810411295 1.246129069 1.432200557 -3.323805709 7.214115020 1.826880047
4.354897579 18.580152469 18.788534342 0.213899765 0.315064567 -0.324200337 0.865953435 8.632716906 5.954724746 7.890826543 8.813456972 12.064319456 2.221587838 3.321652969 5.107715841 4.620086043 6.879799637 2.089486026 2.818932855 6.719977722 5.266562755 6.788811845 -1.118197935 -0.036950804 4.732245964 6.783290106 9.523086219
1.650083471 17.832742766 18.288550908 0.309477958 -0.862939797 0.178730546 -0.357230586 1.942501188 3.076799852 4.983012179 8.070399093 6.442154237 0.428495188 1.911803610 5.700195697 3.943620956 6.086676611 3.474006705 0.179158303 5.135153040 2.558971304 3.232828909 1.326194391 0.731696102 0.010218823 -1.366954364 5.603119791
-1.895634639 21.000565896 4.159955681 -0.830707004 -0.070618209 -0.356749027 0.421508095 -0.133332197 4.184299947 0.857217621 4.874972163 5.228031295 2.594197314 5.430979653 -1.788440383 2.450474164 6.731130211 0.877720702 3.024242071 1.550323965 0.699932636 0.212131433 5.650475056 6.788908637 4.200565348 4.919793212 7.017292750
5.031813066 30.909585190 5.511621594 -0.541254085 0.629006790 0.459087132 0.317227803 10.656965596 0.639577949 3.421797689 6.344465791 2.892317740 2.244554323 7.236890147 7.545551461 4.611753368 5.199598096 0.866124762 1.869396497 2.055537466 2.806499416 -3.254254452 1.769618486 0.696348563 1.839715544 0.581160997 -0.808072760
6.507094937 24.997802034 17.154142798 -0.260124461 0.428023047 -0.786619190 -0.361056487 3.094175862 10.614503691 2.765839747 6.077328408 8.119200107 5.892695953 -0.397591070 10.536943027 4.507912391 2.962375180 2.801604805 5.178427042 4.758462031 3.021252480 2.424381788 9.114748434 0.138417665 5.529375843 3.735716127 3.999955133
3.679811861 18.229897304 19.250992567 -0.103000615 -0.197016833 -0.294781998 -0.929343217 4.460735565 5.486131385 0.421559285 7.845684956 1.322835284 6.986296712 1.175451554 4.870664310 2.227697394 2.405222085 7.449945500 5.659633375 0.164003467 3.044337321 5.182480069 2.886340566 3.536435231 7.784101208 -0.602454284 3.077339500
1.208159770 27.067679989 3.785874343 0.840904411 -0.289936061 -0.400331859 -0.220343495 1.502317670 2.338363680 5.430457863 3.622449695 3.872054168 7.306464256 5.206239631 3.395101334 4.700123172 7.582234060 2.879360646 3.068349164 3.957752019 3.930137979 7.104219514 4.235553366 0.421158898 2.380794050 6.458457712 1.576763408
3.436493173 19.649990471 13.101723034 -0.639083902 -0.468528181 0.452691624 -0.408807294 7.963355325 4.233482857 2.722821493 8.319145002 2.502262304 1.136950503 1.417334843 8.680617855 2.600324186 1.722430409 -1.234853849 4.141611834 8.432453751 4.076523113 5.567683705 0.739930465 7.966117469 -0.503396457 6.561356148 5.174103176
11.704787039 22.939064693 11.533938996 -0.362347817 0.542325460 -0.651223132 0.387937606 3.634525048 -0.265402645 4.859111150 4.382705762 5.625055689 7.087671128 6.373128876 5.552508058 3.719854050 4.530753657 1.598714811 10.582842840 -0.408863061 4.066678079 6.633679041 6.865262997 3.147222185 4.641862961 1.857416183 2.523974431
0.852400153 20.065150067 7.856626190 -0.200335595 -0.575651091 0.303957217 0.732189511 3.459042421 7.350544489 4.234602409 6.490298693 5.056879290 8.687227601 5.098994821 3.702724945 3.574917050 1.362299053 4.829787679 4.114201431 7.640075809 3.641739481 6.792412755 2.129730892 7.299506892 7.863024738 5.276305596 1.795865234
9.527549485 24.789843598 7.720503770 0.404330508 0.874154068 -0.243536168 0.114287531 1.019662959 5.700236813 1.962263091 4.704017235 0.112254788 -1.889017974 8.546913396 -0.154596372 6.343016141 4.283864997 6.713598089 1.923130739 2.728700209 1.025641751 3.960763182 5.487442123 5.618749239 5.169680185 6.509956074 -0.707958309
8.394234102 17.801280159 5.540132527 -0.694805149 0.203718434 0.156326267 -0.671793646 -0.123806732 5.370123428 7.450832899 0.944003770 4.748851944 -4.150662585 4.156459885 6.192716862 6.777881684 5.776274868 3.498787526 3.172645606 0.617351615 3.134426080 4.169793410 3.503276263 1.622784550 0.635177965 3.170827841 10.146276293
0.135247460 22.463530046 10.081059819 0.542773580 -0.722505049 -0.422879797 -0.067497943 6.147371903 2.938340951 6.343103402 3.193938821 6.108599669 6.946646049 1.532036047 4.478523492 1.642518429 4.810891249 4.812095797 0.525629385 1.216276143 1.329618637 2.228377244 0.221038662 2.665351805 4.083009837 2.942945743 8.270313968
8.313659047 16.652792686 5.418583023 -0.057755063 0.537303350 0.837579627 0.080186221 7.148105063 5.328546516 1.659317940 2.051126234 0.696700677 5.850153039 5.109764164 6.466005468 3.926577026 1.875869016 5.530633646 2.186738535 4.234720649 4.865115319 3.636159239 1.151214789 6.879171750 5.276043316 0.456885166 1.362698014
10.496076943 16.474090207 8.618180586 0.073668687 0.764656394 0.640166445 -0.007774720 3.196324540 6.310827040 5.329948979 4.490048404 5.667718408 3.494514371 0.856259494 9.084173382 2.578968807 1.892310037 5.797577466 7.053355579 10.660337594 -1.677654822 11.306548996 -0.255750472 0.338027038 5.225254304 3.516563607 -1.294128600
9.445379579 28.481132140 12.330037511 -0.378284980 -0.787126096 -0.214820250 -0.437247347 5.221116847 0.409356672 5.729899240 0.923273861 5.913555889 10.040033813 2.493718464 5.338859075 8.180685883 4.870022819 -2.429359465 -0.255309999 6.545801833 6.691059200 3.688852155 2.526795573 6.249247008 7.796563655 5.821261556 6.874838038
8.569265671 23.249311543 18.608339089 -0.513960475 -0.658202527 -0.395731224 0.382113677 -0.414066555 6.893239063 0.983624214 -3.635260387 7.512068016 2.412478827 3.203518458 4.243847885 1.121101057 5.238675025 0.694019532 4.091041207 4.459743869 7.439933074 3.949312614 2.712850656 9.595280982 -2.593259943 6.121836228 6.501860473
-3.162792155 27.200568278 12.271630140 0.308708353 -0.400867788 0.840037447 -0.195809236 3.327114114 6.844614489 3.527883132 5.714853885 5.946372934 9.385026464 1.257110029 -0.228504849 2.693559175 -2.183130724 5.486311026 6.009477244 8.349123546 7.627980534 7.030367531 3.111471279 2.981322512 4.911056614 3.144006460 6.380804755
3.150878266 16.807232121 10.597600938 0.579535102 -0.283282966 0.546026010 0.534551609 4.080885231 1.784518210 1.338151200 1.427177308 5.823356876 2.933898072 1.134804122 6.858602511 3.611218713 2.828174087 7.460250260 3.321427400 6.745210636 0.497700817 11.923190100 6.742238054 4.610563929 8.217374658 3.637552610 4.647637311
10.126931599 19.449538570 12.408985870 -0.059738016 -0.137931569 0.590343522 -0.793032646 3.312982788 3.561177172 -0.503647026 11.061642329 5.657122613 10.873216105 3.544746476 6.992290335 2.243861251 6.677544590 5.118026150 1.058520560 9.111835932 9.439515208 7.129092559 8.489907568 -2.169291335 2.943486787 1.322112026 1.190581728
6.594480101 23.984539930 20.006791182 -0.122365471 0.491966841 -0.039337858 0.861073662 3.281010415 4.085992824 3.107749690 13.481244581 1.934799968 3.770897079 4.318243176 -6.496807530 -0.675291306 6.357229233 2.492665858 -1.749244602 2.929167830 5.159752052 6.866886348 6.625898014 2.102522374 0.726889357 3.927570844 4.180562609
9.676427723 25.813065974 3.658351304 -0.820911363 0.425871890 0.361547714 0.118409954 3.686770330 8.575480667 7.668841134 -1.374605250 2.632741951 2.951674799 3.053421729 0.163299256 3.848193604 1.181259412 5.390619609 2.263951526 4.215911923 6.055517462 3.429896676 -0.594402313 5.332518587 6.078342031 3.643731586 -0.942610162
0.117975273 20.668119453 8.747191361 0.769581186 0.287890842 -0.228657020 -0.522091591 2.829891686 3.855876032 1.940581912 3.882942075 1.504137375 5.388481953 1.034615984 5.828292248 -1.848503691 3.202673448 0.765679048 4.178536967 2.963522342 5.773185305 7.472167757 2.733462352 4.487491791 3.424779828 1.658179524 -0.575230948
10.576754130 26.631376545 8.391043041 0.583207516 0.110673102 -0.032394787 0.804096409 1.563758280 6.316936994 7.776597474 7.340961833 11.017073745 2.784658920 4.586849772 6.635095494 6.959048322 0.801016128 5.016281021 7.742977553 -2.120648681 4.464388969 6.510407947 1.572233024 5.961616159 4.568042662 3.643977505 4.106847734
1.353143932 18.198081376 9.328475943 -0.239998188 -0.212932851 -0.889241922 -0.326051031 0.422342435 7.786680450 8.693848787 3.525288173 3.735991771 3.873224588 2.855430531 9.215841879 0.612578154 -0.206678711 2.379352767 1.427406848 2.288363325 5.247093496 -0.293409168 7.708798995 6.126038732 -1.140959350 0.991629584 8.478208769
-2.337650736 17.315332418 5.498831093 -0.619822923 0.662333822 0.115953511 0.404584028 8.630136060 2.573510181 4.392351601 -0.405195646 8.257908942 5.662789287 9.762659218 4.099508928 9.109938486 3.770035851 6.547630082 1.822686448 2.396367854 7.336861648 6.332302937 6.564965998 2.370490033 -0.993777965 0.176766163 3.776028403
1.599547972 19.854825502 9.599536342 0.242607612 -0.158038308 -0.798868062 -0.527233591 6.177330717 5.258409436 3.996086934 -0.258853456 3.061347675 2.539732500 7.212761108 3.518766412 2.218236509 2.335953659 2.981222794 2.675511176 6.030081203 3.273161703 -0.637865962 9.780417568 4.554290337 2.478987849 0.049950905 4.181340811
8.571691324 16.770004156 4.574387021 0.797428997 -0.481341832 -0.163705306 -0.324988627 6.460944840 3.306425842 7.437006200 4.542029402 4.196903228 5.404640673 5.341038189 4.208742351 3.580600122 -2.823731082 2.864030234 2.582952577 7.736696506 7.266665868 2.095615100 4.716997419 7.181517994 3.908882221 9.501883424 4.302827659
2.380806407 21.642807654 13.368993722 -0.045882711 0.132734107 0.897843503 0.417316999 6.754922220 0.021424601 10.493683171 3.472416391 3.629747213 -0.724255112 5.671484455 7.320087735 3.173287063 4.613956301 2.673887380 2.367415198 1.426419019 4.245249321 5.634011281 7.744108667 10.919745323 1.077846140 1.186647310 5.121625825
1.297003291 25.985745750 2.761370525 0.512481444 -0.289552115 -0.707274380 -0.391516658 4.153129009 10.789250681 4.067320233 5.920455664 5.070722860 6.812986651 4.122552136 2.483205715 2.960234046 8.178547529 2.885967421 2.997993274 3.963744820 4.257000114 4.331488246 5.338123949 0.254109863 8.014507774 0.984835762 5.460862375
-0.984488957 18.569579626 12.619257832 0.555983400 0.356323886 -0.683808687 0.310356935 3.432775345 5.128823621 2.905689778 4.928121775 4.575461838 4.018492676 3.439368940 5.545672828 5.007964622 2.458718876 7.736606633 7.678805798 5.333382876 -3.655031387 4.154233490 5.148493541 4.562128092 3.833015933 1.220610182 4.994988808
3.781212926 19.932123471 16.992204589 0.477069332 0.645720390 0.589911876 0.086336602 3.623230669 4.012273474 0.794422888 2.787806924 4.897367226 4.519281321 9.558768422 3.505739953 11.470976340 3.891429064 5.460920537 4.840706892 -0.103195453 3.413079836 0.106986955 6.076325606 5.541619067 6.906081845 2.203392682 8.503450208
5.908939567 30.553305321 5.962611493 -0.495848821 -0.597253791 0.117658664 0.619336981 3.987854802 8.133701955 5.115380693 7.158813606 5.337453281 4.799381538 3.315013035 3.972061660 2.094752018 2.983683924 6.596510375 14.931656414 4.749023112 -5.229917593 4.468029158 -1.779338606 5.462343121 9.139450374 4.277619984 1.781661522
-1.712537913 15.927989273 15.504842779 0.315254969 -0.502783503 -0.697053703 -0.402416685 -3.518643163 1.304252883 4.212399588 -0.089353280 9.768334251 4.095279149 6.283879873 0.015880148 6.891889292 4.209820931 7.499872491 6.321826047 4.444723571 3.337954575 5.041477044 4.756215580 6.601381114 3.601488749 -3.036283930 10.073439330
1.527496214 23.359841607 18.889921834 0.764732894 -0.507253101 0.233532316 0.321466250 3.712767156 2.856594056 8.920524348 4.890272789 1.759484020 2.562856581 -1.589911857 3.423184815 2.304498941 6.113559872 3.152494692 6.004914767 0.996283814 3.099511544 -3.690081621 6.104136947 1.279414622 5.194750338 5.956335920 2.916370697
8.993105173 14.928456515 7.105761522 0.460827307 0.139698258 0.626252937 -0.613131184 7.330251469 4.857915353 4.989179497 8.251393857 1.709153747 0.948559636 9.372925695 4.554579326 6.231409850 7.378860401 2.674806080 8.634157445 2.722373589 4.547906845 2.143108614 9.499610546 5.848775891 0.648495045 4.825111528 4.685840122
1.899927240 19.410581204 6.791972689 0.067261170 0.498915565 0.810807510 0.298580600 4.773490573 0.822323438 8.251553684 5.187451926 6.056150179 6.118872058 5.288229327 3.889604672 7.216858287 3.678878860 3.583401401 6.487585881 5.271517424 3.904792411 7.806931054 0.809180336 4.352350234 6.358456491 0.538783803 -0.307715627
4.728211160 23.641819656 18.058575621 -0.360324216 -0.467157686 0.787123105 0.179909350 4.074837409 1.335817881 4.983620479 0.382713348 7.699601750 1.565473271 4.092817920 -0.007013571 0.899207181 2.807838891 3.095724580 3.375177220 3.656869958 0.533186910 1.315062599 2.607037096 9.822871933 -1.327368984 6.117816254 3.444691103
3.817066487 24.174155526 9.250733620 -0.591283908 0.364306120 0.706523864 -0.135972133 4.067086549 4.851323757 0.040825471 0.409148605 0.970441128 6.845610727 2.459743892 4.191486040 0.870846651 4.354373904 -0.223285260 8.607137357 9.759955009 6.187138241 -1.416421387 0.920555603 5.648259304 8.047728466 1.298010483 3.487551242
3.103116587 30.923355183 6.996942043 -0.784157958 0.448848162 0.322420243 0.282270810 6.080977751 4.264490875 5.272772898 8.779828254 0.706177910 6.621325164 1.289269769 9.548850745 5.361203807 2.235065097 10.707350293 4.552237124 6.712745760 4.898681140 0.227742855 0.744368652 0.169929405 0.422418044 5.615917267 1.263709083
4.538746591 26.074711880 16.754375165 0.462219576 0.245858413 0.794840381 0.306815047 2.412842592 5.347947888 -2.786703080 3.856554053 8.658259830 5.954870245 5.125976497 4.054778380 4.816075408 3.543880797 1.827420062 3.946160590 2.909566182 5.726975250 3.496742123 -3.359827268 4.679607133 0.434811211 2.445547697 5.326381675
5.963176288 27.371608112 9.249599755 0.405275805 -0.850619291 0.245787946 -0.227566757 2.394061275 7.962009938 8.910772074 8.002651870 4.208623583 4.850741334 -4.021698265 1.096886507 -0.651695923 3.891409514 3.744671068 5.562858820 4.875649520 3.890433012 1.469830016 7.752465835 -0.570086781 5.149023923 5.491927733 2.686924582
-2.644718755 24.511306282 5.405891360 -0.081483400 -0.776206788 -0.615183469 -0.111412643 4.514754412 3.260103340 3.824957191 7.133801744 2.497700798 2.068192483 5.667990503 4.906805519 5.897140379 0.069648409 0.434837038 5.732570887 1.185947120 5.177624201 3.320576159 2.120507063 1.408043929 9.123398282 3.296165928 2.280106367
9.421880923 22.275995270 10.755117379 0.607596226 0.571736803 0.517999665 -0.188733150 5.920620888 -0.459586675 4.723866103 0.006398360 8.080804474 3.467057122 2.957746957 11.271959278 -0.825451602 6.847174912 7.928163908 10.058887465 8.101224252 4.851020426 3.643301673 2.118611317 2.522071784 7.809407070 1.163223633 5.891848602
-2.020137736 19.431848794 11.404775541 0.065492531 0.295653144 0.035892293 -0.952371613 1.330883218 5.276462606 2.436003057 8.527146645 2.845644777 3.484798400 8.896115499 6.510829493 4.122244445 -1.762012002 6.014885556 6.330864023 -0.703464804 2.094077137 7.053282922 1.343738032 -1.741689083 9.338422359 5.072794461 2.744374746
2.412348008 23.761090969 17.217287706 0.099743320 0.100722331 -0.178429632 -0.973688425 1.680715008 4.237560581 11.332206922 8.113321137 6.368901358 6.073552510 1.938111826 0.853046247 3.367808915 1.093759743 8.228208446 4.918991843 7.142419144 7.013860328 -0.257760679 6.904307064 4.777153101 6.337110872 5.532530731 4.619430611
-1.979490079 19.480109133 14.007362106 0.720026626 -0.481077648 0.006502770 0.500083661 7.030285858 4.537438206 4.598315335 4.214284355 2.153305313 6.718087195 7.180549450 5.540429637 4.423801339 4.776958644 2.211762535 1.640795382 4.100205705 1.391297209 8.577966834 2.425963194 1.120889179 -0.550594043 7.460485640 8.526722492
8.101531004 13.526673095 10.717610853 -0.528894361 -0.431417745 0.301229252 0.665890698 8.656507284 5.660351829 4.610784080 3.025015177 1.933653186 4.207550609 9.991267567 6.859017258 4.923309496 11.329837337 2.340618862 -0.299449250 0.505472074 4.430869113 4.807883991 2.951132592 6.806865192 5.776109571 4.386244000 2.654494730
4.559424586 21.762004887 8.605934689 -0.856738959 -0.481042102 0.152206991 0.106910635 4.716477774 5.207427542 2.529874515 1.453897632 3.565297798 3.968078949 5.647518605 5.507129189 5.687523522 6.863447410 5.193280583 2.592640033 3.448108300 -0.583512430 3.713970375 3.050276005 4.052948427 8.177905641 2.082218895 6.286852264
8.515724611 14.361682913 8.201635638 -0.019556951 -0.659475024 0.241302902 -0.711676280 5.366479247 4.560184405 4.287015338 5.591883212 5.292248189 -2.270210359 5.737487072 1.571282318 -0.265331782 -0.785846815 1.022313928 6.693620089 1.029785608 8.058888364 2.907919941 -2.400961893 5.881360629 3.013632385 2.686153358 2.308896047
8.649493703 14.483609052 12.322433823 -0.195209414 -0.773386948 -0.600054926 0.060827619 9.922282675 0.219378457 0.613831071 7.204606319 1.778848503 6.444144055 3.987982575 5.677268519 2.030284757 6.409950991 4.707308463 -1.607853008 5.320741097 5.463067805 3.839331998 -2.576500523 6.979472165 7.409158055 5.733479439 7.532727056
7.068377863 14.011626353 8.337171008 0.385572710 0.251078672 -0.287376436 -0.840064265 3.206859085 6.770039230 5.115409638 5.322109586 3.432854937 2.716156781 9.428130216 6.496414002 6.413263576 4.208857570 6.018459374 4.401173041 2.751694645 0.245139110 8.652234333 1.803228846 4.740635896 9.747363385 1.658928477 8.849609664
5.824726432 28.617639077 12.008763965 0.482976848 -0.137155602 -0.021327434 0.864561650 5.044370461 2.614185387 2.306808607 5.026247497 4.945883493 2.234259205 5.265538790 6.641138366 2.051617829 9.413768829 1.594055487 0.832355884 1.177310843 4.562087790 9.253156519 4.439299024 2.907571939 9.285362889 2.765874621 1.928990158
-1.459213182 24.721586225 4.617833975 0.726667549 0.358174948 -0.083960754 0.580185807 6.352400486 5.447388269 5.795856286 3.712636359 6.775152537 2.950731994 -0.695478805 1.857962535 5.053624649 7.806539665 0.821581527 10.988553578 7.248145558 7.090647602 7.186113414 4.026439124 3.934914407 1.858832251 7.463832123 4.354181648
1.903254748 22.915424686 17.714647954 0.250821027 0.402648583 0.765402842 0.434880927 6.530273635 1.689586661 2.213981371 10.095491284 6.219096631 8.022124291 3.271551362 5.534859687 -5.860362818 3.365610739 3.881311014 -3.143550527 -0.697280787 4.144710778 9.236761936 2.815232600 6.389540320 2.227210847 4.360476391 5.953907975
6.782561474 15.063349551 5.581146214 -0.323995764 0.660349156 0.346069396 -0.582410260 3.443727995 3.056122476 7.475586614 -0.322978099 0.468884989 7.736938867 3.994402641 1.120724125 1.085071171 4.853247109 0.762579777 1.922653265 1.019979028 -1.756595276 1.224845755 5.131173489 2.559116636 3.853999779 7.383640343 3.309491475
7.619385900 20.721886688 6.339511596 0.951096578 0.243285829 -0.164807545 0.095214378 6.159133787 3.233248192 2.807423438 11.107829626 1.113478413 9.095090154 4.737880361 -2.241449741 4.666552892 0.079422855 6.029508357 0.657735220 7.373029644 5.660287447 2.081938458 5.737559480 1.522113101 0.745680204 6.922358675 6.579679468
4.455281252 22.124118345 10.172861939 -0.491487706 -0.775502632 0.394561176 -0.036837213 1.924154997 5.589605034 7.825158632 1.969925484 5.095909354 2.161389618 0.221123189 3.374157858 1.512771564 2.500510859 1.408962536 -2.371945092 6.169375788 1.328820559 3.044473050 4.115897775 -0.006649543 10.057589329 6.292670041 -1.953470599
6.269583881 27.332433592 15.363807634 -0.720947416 -0.280801812 -0.558097641 -0.299853613 3.378887390 1.841691242 8.004838105 1.336915601 9.349457044 9.426823321 5.344016445 6.570624526 7.806634576 2.821432199 1.261177674 8.494720159 5.799690613 5.259438192 6.873791943 6.517376836 1.388472452 3.410622716 -0.779929856 2.933768264
-1.280086461 21.129833557 15.520342600 0.391920582 -0.040180590 -0.465729266 -0.792388812 3.037811858 -2.221967941 4.319538854 6.079212276 0.399003907 5.597739928 3.666765241 2.536443090 3.425063117 7.499251327 1.867167110 1.773959521 3.681999480 3.460686511 0.620138322 5.609505002 3.898439164 3.372043907 7.032813307 1.572796979
1.274224391 20.975535577 12.146066303 -0.189247203 0.022268725 0.837178902 0.512660791 1.509598582 4.698937270 -1.716835502 3.286941240 1.798388867 1.097536321 5.375239331 8.024815799 5.418493702 8.625748530 2.145285752 4.025997288 3.905433156 6.141969767 3.831420057 1.760158985 5.555528509 6.700671930 2.556603278 6.044637797
10.398820760 22.600529734 5.778838639 -0.238390881 0.917883968 -0.284197711 -0.141033581 3.958927730 3.631736970 7.746693330 0.934029719 5.042797964 2.474766473 2.577626655 4.160975820 3.158933554 3.457999482 1.707984037 2.282928186 3.866727523 2.123101604 0.097797077 -0.634507347 -2.561273489 5.911137811 2.541106047 0.740504073
2.016572671 17.430547770 4.651732489 -0.565384290 -0.600125107 -0.022808085 -0.565393891 10.714680441 4.124256670 5.096319476 3.801801738 2.564172265 6.342378582 4.476042885 -0.020750738 -0.145060419 0.628183135 -1.400090992 2.864644327 2.698854278 1.856729420 1.880717572 -5.085345199 4.876501226 3.868654210 9.113102198 4.658146867
3.206996931 19.063772745 10.325837888 0.030481536 -0.482659975 -0.658233637 -0.576921749 3.701495395 4.039740024 0.760005343 4.634799053 7.803273406 4.826157227 -0.215127849 0.535794531 -1.876688086 -0.401468633 6.868496374 6.722679786 -1.004394410 1.697627008 4.646941442 7.044960152 1.501836640 2.632852804 1.502924107 8.735504563
3.293325383 24.284916374 8.713942665 -0.798660014 0.212576450 -0.095706008 -0.554791668 1.389393491 1.898941320 2.610325692 -0.309160678 0.706653392 3.930980135 0.836050133 2.904510288 1.392227860 0.585079133 2.585361816 6.362922190 4.088735807 2.356805981 6.145926187 3.999182777 3.863664244 8.419536583 5.785969350 6.364289474
5.736737260 14.478160874 16.096015587 0.330774211 -0.716133245 -0.090919551 -0.607844743 0.919869417 1.198787408 0.584543682 7.842192167 6.948718216 1.996037485 -0.266508316 8.209946557 5.265109644 -0.870713106 4.828803915 2.413385922 3.405126474 5.017146333 4.803818974 3.405084410 2.555440442 1.703258574 8.242798478 2.938120053
8.386041129 23.167610680 11.555256513 0.016084835 -0.291414091 -0.161534348 -0.942722525 2.327690819 6.551199931 3.469497278 3.555026215 6.928994916 9.800621400 2.418268896 8.526004857 5.040336144 2.389940235 6.146628168 2.365082537 4.746464179 7.817738018 1.879920697 4.282637870 6.212085420 2.777973064 4.584567520 2.164298051
-0.931924442 28.065164294 4.556507790 -0.897899184 0.355447092 -0.256559684 -0.040144109 3.938270243 1.779125691 4.863102125 3.337306798 4.049616016 10.337202400 3.309488022 7.798885281 1.626333815 3.102871388 6.618516018 7.348642685 -0.405180577 5.070523200 -1.489333502 3.235336490 2.071188200 6.030224087 4.324585870 4.025301859
1.460807597 30.958658547 14.825634453 -0.579248469 0.080421202 0.071202813 0.808043192 3.205105514 5.034797026 3.214262811 -0.091470118 0.890178902 -0.456911576 1.278451439 5.561284206 7.038385525 6.887307397 4.651993553 8.589790954 5.441653364 3.011304342 4.376777658 7.283220306 5.524146691 3.596626058 2.376131541 6.534738643
-1.304232831 27.860646105 17.089449747 0.544092902 0.218079086 0.799448872 -0.131475957 5.296758706 -0.533871290 0.989703441 0.734606607 7.903764959 10.851737455 -2.106670097 3.505928689 3.672694668 2.985143974 8.051242010 -1.571854533 4.537135682 4.570219256 5.654943472 -3.002006587 5.629855768 6.149319713 6.112980093 -1.476694344
4.239150426 13.895928013 11.397320182 0.319745269 0.203415402 -0.154577286 0.912409448 0.700961345 0.198327926 5.055265364 3.029761870 7.636951249 3.307068939 2.583451532 4.173983992 4.513099426 5.651351153 0.349133064 4.052918779 5.634750007 0.697588307 3.213244812 -0.968341373 0.014909167 1.309837345 5.949843489 -1.509660899
3.714961906 20.699162055 7.247820488 -0.418087051 0.475998561 -0.306154537 -0.710561741 9.525127604 5.752771007 2.594425167 -0.731064456 3.490526573 5.639935406 5.430477954 0.309983720 2.416764245 3.440343875 10.385568426 7.425905450 1.495458976 7.823505622 3.245972125 3.598353790 6.074121423 5.256861864 2.583980317 4.703952996
-0.980283500 28.566916735 9.963847591 0.343078377 0.435795286 -0.087103136 -0.827522048 6.119267508 4.742855000 3.659108713 3.384356116 3.066937211 8.834898242 8.833756062 4.065815940 -2.013882589 8.460945059 1.161928178 9.911790038 6.420351038 3.916397921 3.530710713 6.079345875 3.200384741 1.200734157 7.813641115 2.855440766
5.129949653 29.400156954 13.722484952 -0.245384265 0.396198141 0.201035341 -0.861625433 2.170982545 2.832550663 0.522005438 4.022077490 3.970589109 3.883668928 1.904225006 3.727433974 0.902037908 6.762846585 2.084552740 6.451887752 6.295538134 -0.046957493 -0.561716945 5.238654595 -1.187033826 -5.537698334 5.696848078 3.758475998
0.271194235 22.302688614 19.156479575 0.650485188 0.423950507 0.484975657 -0.402409741 0.129926418 4.742171541 10.111838274 5.089045287 5.164882185 9.520371017 2.905326669 0.951862907 3.232107545 0.865599350 3.540431135 1.363983664 1.331988240 0.755150528 -0.636130413 8.776106536 1.808849776 4.112538825 4.878698014 -1.898281617
-4.947123104 25.144568813 13.580315853 0.470759147 0.004404269 0.867268154 0.161902371 4.823489636 3.941424389 -3.085020528 7.701861102 7.978810154 5.778440403 0.052841972 4.987806947 3.482000878 -3.317626654 3.748443701 3.708321269 -0.329694676 0.984569075 5.713273654 3.263109632 3.842212571 4.493637696 5.391527829 5.101622711
0.305870156 16.685862721 12.711898735 0.398850148 -0.700926580 -0.591279240 0.003057770 8.542511431 5.720645842 0.128485538 7.154650576 7.019609129 5.753338433 1.307293382 3.481806647 6.703174601 6.189865989 6.788219127 4.685851276 6.292415804 6.695110112 1.802943543 10.024335870 8.786038998 2.171827488 3.787130870 6.395435209
-1.072691096 20.841326607 18.588127731 0.855450577 0.517837263 -0.006800063 0.001624395 3.275035764 6.059214996 7.153317734 9.288111892 5.922541106 5.545518554 -0.424433026 4.843785541 0.946685602 3.688891687 7.673287698 2.967265844 -3.232034442 7.807557365 3.520974600 6.269346908 2.871807286 7.997515093 3.559151226 7.187702622
9.796889397 22.440165234 16.964063113 0.664172260 0.328868940 -0.664786557 0.093697722 5.824531977 0.035585795 5.326798492 3.573188925 4.440915555 0.371646809 1.851462587 8.076614194 5.541743344 1.324841873 2.866734101 4.295881950 -2.264029092 1.815941257 2.028882554 4.725789573 2.013397034 1.508502313 5.618572892 6.577891724
10.141615282 19.204961852 5.495604158 0.731472245 0.295144641 -0.165334052 0.592032640 1.171481509 0.936780377 6.263318614 2.022338006 9.194719442 -0.104644937 -1.800588748 1.354348258 0.723084823 5.809131315 3.355719112 2.530704763 5.393715355 7.347681534 0.697238632 2.107669402 5.127899086 6.746854449 5.219777821 3.760810768
8.353802870 24.202995300 18.440661520 0.311103833 0.537838274 0.772400095 0.131690887 0.547698824 0.724434635 7.515417917 1.406993573 3.027457281 -0.184330421 1.762220238 8.240942068 3.952055597 5.930778826 6.793920023 3.927202098 0.233322879 7.272330602 8.324590904 8.899716726 1.335315302 3.968157838 9.057046034 1.384427601
6.098322964 21.051079156 19.088405455 -0.287689585 -0.696865440 0.256124114 0.604990661 -1.818092283 5.937892810 1.313721024 3.559773961 5.636802656 8.373382113 4.563134935 1.351727326 5.669316902 2.824945791 4.642404902 7.053057323 0.626891350 8.576141320 0.613298645 3.989781319 0.137172754 4.364048753 5.588417431 8.662968348
4.810461846 19.261635076 18.092510131 -0.396936520 -0.765329558 0.043342233 0.504810378 12.511104121 3.309328980 6.685543944 7.585798559 2.242820892 1.386351680 -0.046450704 4.818071611 0.950090781 7.904273579 3.608100794 5.613018522 3.304455730 3.956605812 3.375288883 -0.774183479 -1.353379556 7.376570761 5.097558006 2.676575231
2.787737255 24.276545341 14.576974789 0.078984419 0.316297915 0.799881619 0.503891343 -1.261235042 7.408940715 4.369860201 5.176372591 8.362781430 2.011351853 4.847858998 7.664662036 3.132115283 6.237125659 3.589809637 2.960381875 3.481220728 3.566070175 6.705128970 7.111483269 5.392534066 6.273716137 3.673226673 3.343823354
0.952908410 28.990364554 8.864893566 0.044131506 0.378907119 0.768606880 0.513541886 8.698554514 5.191359306 3.758036302 0.564896572 5.559401613 5.340759954 5.360820690 4.279141357 2.021373831 6.327677045 -1.219116265 2.557348989 0.547469511 3.390217820 6.513263109 -0.261840793 1.676116500 6.044756901 5.676478548 -0.506893356
3.132905767 22.756971941 17.536213030 -0.943792342 -0.178693783 -0.135759428 0.242680704 2.656126255 4.804189181 6.612291203 5.019068537 3.433636998 3.504584927 -0.085654389 9.238430010 0.900345742 7.378064301 2.160220643 7.895382783 2.632241742 5.320529293 2.707208402 1.534056960 6.548266321 2.951752690 5.659559926 -0.827022322
10.277894067 20.355909444 6.700607595 0.255917231 0.577654287 0.172301133 0.755734222 3.070086436 4.723931476 2.793547190 5.235483397 5.914290696 4.686689313 5.978888215 -4.208935830 0.726612441 6.466015622 0.381626617 6.153478873 5.281216946 4.038292625 4.475798379 2.501814222 4.002702637 4.522424604 2.342786462 3.387259737
11.056256710 24.660997362 5.210886449 -0.745503142 0.438514459 0.032183515 0.500893557 5.204168968 3.389837292 2.810499956 5.389168065 8.980435892 5.191518617 4.031145942 4.522879206 2.676604530 6.308877716 4.263711257 7.272049014 5.538742231 -0.715343557 3.044173237 3.980911251 6.563748734 3.456043694 2.036405112 4.926420168
7.803166705 26.735296968 4.625155638 -0.867627231 0.445086543 0.176044254 -0.134645376 3.181210518 4.183972212 8.025515887 0.152054000 3.196108507 1.478775678 0.749917768 7.557688205 2.826408708 2.823927653 0.492127465 3.087499651 5.752613496 3.438310295 8.929338877 6.995983805 -1.826664093 3.279223310 1.770276841 2.307274132
9.712846477 28.128459969 12.550957062 0.003636279 -0.452143699 -0.868984966 0.201042240 3.825983451 4.872971876 2.672037108 1.287455290 1.334189333 4.171833947 8.134018337 5.508417593 11.198100728 8.854822224 1.796393913 0.885731708 -0.780941303 6.747335944 2.716737731 4.478427873 1.473572694 1.761606645 3.898367840 9.723656320
-0.970800762 30.199229651 8.592084871 -0.669805476 -0.582416141 0.411475860 -0.206977485 4.851130223 4.285283486 2.872895792 4.798434312 7.878492895 3.867201974 2.825084400 -3.941608131 3.991583319 4.347206398 9.826524372 5.543781444 0.840632746 -1.420287233 2.467442527 7.891553620 2.695998748 5.143536153 3.885863004 3.917588634
-0.142718272 24.614966313 10.826652825 -0.601265556 0.045697331 0.393206517 -0.694103825 2.429415912 2.421471110 2.289679814 4.257825366 -1.602328358 4.161275465 4.824470997 6.394765524 2.777846655 5.243294205 -1.295116553 12.853988494 -2.769652577 -4.317817755 4.285713328 2.872808342 2.022292790 0.852331715 0.787369502 1.186896950
10.954447493 24.255980887 5.187041881 0.551023715 0.806785714 0.113223370 -0.180693511 0.820557127 4.464747748 0.872503007 1.695133916 -0.439249783 7.025218468 4.721219300 3.795900717 2.086430767 4.157243519 5.470359030 0.652670266 -3.243602324 4.663365632 4.846104452 1.785693310 6.211225295 -1.935622081 6.274975063 -0.722507642
5.163898475 22.910470621 8.772611471 0.460297625 -0.556987200 0.016189896 -0.691107258 8.911662366 6.566246592 6.971300176 1.558203273 3.368930781 6.207426243 5.544954623 6.267061744 6.601252946 2.472177997 2.405501787 6.654051675 6.358501573 0.199593328 2.576761008 4.733932398 8.391540981 -0.535273355 8.666468503 8.250125639
0.775195830 30.462178600 13.652147456 0.524608710 0.640920788 0.483071820 0.283985673 8.309712984 5.992827130 8.793397070 3.715318416 1.566856214 0.366462420 -4.040769209 4.211868365 7.224836058 0.531507656 2.213017142 1.360067610 6.290740564 3.740823495 -0.619887763 3.898215818 7.150851396 3.624508878 3.684815582 6.825833148
4.416766703 15.588940999 6.481405014 0.550387446 0.474653310 -0.558732235 -0.399494912 8.555824519 6.724716770 2.847703545 2.450007485 4.307836236 1.992302868 1.442423104 7.487409733 9.025990236 4.986750636 0.451973800 6.254205077 -1.561977779 4.411450956 9.940992273 0.193124955 5.085404652 5.828903342 7.638935828 7.855980753
6.859668733 20.649959187 5.927279512 0.367475749 -0.664456972 -0.643889254 0.094154845 9.106354053 0.980178267 6.258413684 -0.474788813 -4.631350419 5.491423750 6.177081222 3.347715457 2.740943367 9.017402100 6.030931087 7.504962938 4.988283219 1.444439385 2.750760754 6.674825508 8.244774499 8.934504644 0.901406566 2.854377959
7.384148925 20.402146751 2.956412801 -0.549281790 -0.216052275 0.603682843 -0.535889872 6.287926985 2.996919135 4.991374421 3.916205834 5.577214758 2.301932289 14.197251143 7.455908405 6.414872887 6.550541870 7.812574486 1.609826863 1.439944931 3.006780263 4.567360056 6.751949864 6.031987044 8.274173432 0.935820105 1.035195783
6.644041388 25.445556761 15.330225679 -0.091198399 0.708874659 0.303287049 -0.630235301 8.395706792 3.564216950 0.880281954 5.025979915 3.160919278 3.767159322 5.712595320 4.077370438 0.559150490 4.073597100 -0.849302828 3.204264246 4.477492013 3.111838677 0.382335084 3.930422915 2.857176268 5.220966403 5.184812129 -0.060936770
-1.904749171 15.218890543 13.641771256 -0.366793269 0.589454088 -0.690861997 0.201782746 4.158286124 1.212883751 5.277998551 1.553089603 1.464233677 7.133627141 7.118029640 0.207230639 3.912787824 6.377084690 6.140034607 5.445148526 3.006674260 3.691060630 -0.764658078 7.020659491 6.113281711 6.839233547 1.884384563 -0.840965309
-2.705277639 21.649276255 12.442269397 0.003322036 0.886628162 0.310396957 -0.342831147 -0.615058493 0.793905751 3.164419389 5.045540486 3.752187608 5.140264660 0.921511363 0.099454358 -2.877136897 3.704942272 4.166881096 2.941269245 3.738936630 5.539086226 1.620941730 4.378752360 1.454555502 6.060029997 6.938650050 3.324161234
8.505945124 19.242217480 12.700232121 -0.637887722 -0.147881957 -0.584425053 -0.479246845 7.045408192 5.499909232 1.818440590 8.054084160 4.928059221 2.703743106 4.748502011 2.810650635 7.362748525 0.979074795 0.426115820 6.478192588 2.703167412 2.831240492 3.272863159 8.468623831 9.481865155 12.000040183 1.955439335 7.839312270
-2.898301535 21.139977821 16.222488506 -0.238693170 0.110351098 -0.874088707 -0.408432539 -1.641789211 5.267605240 6.649759081 11.233713621 4.228344627 6.790071688 6.752394276 5.943319251 0.925714987 4.478163491 4.750754582 5.415964834 3.690826090 5.313292182 4.149039400 3.756064723 6.386368324 5.320819003 0.689403290 4.985523893
1.444321129 13.673928755 13.473243172 -0.139596557 0.768580757 0.344337971 0.520795337 0.693923988 0.911866291 3.352608109 0.088259494 5.539087385 2.883124235 2.946108395 -3.412405921 4.345659440 5.630597096 4.344500363 10.909590506 4.564324292 5.664489529 9.783326797 4.428935076 -6.890149420 0.775548988 6.251420775 4.415573086
4.772497875 24.560181234 3.760483451 -0.543426598 0.118489019 -0.594267101 0.580942766 6.172020503 5.288227433 3.331129435 2.477116999 7.129637659 3.558878271 7.192694172 2.324503114 4.165966233 6.963135777 9.765372165 0.669033043 3.846096912 0.949987854 0.423467152 2.412817328 6.239936948 4.026370032 10.720158197 1.173846976
3.928690225 24.612852624 10.720459485 0.518103059 -0.712458615 0.219131559 -0.419467879 5.627586404 4.433856472 5.032267887 -2.748098253 5.678031149 -1.904871594 7.676974774 2.559717969 -3.101985463 5.724920039 1.090610901 5.563536663 3.251173086 4.523611393 7.353682383 8.711819781 4.492886884 7.468227483 10.032207702 -0.746370132
7.246711061 27.537611508 14.492697827 0.086018724 0.302300736 -0.809072900 0.496604558 0.873180667 4.629449348 4.453818817 8.238314652 5.701696192 6.771075456 -2.306369392 4.461296956 9.571330925 0.755752501 6.043688393 0.666019313 0.454053121 11.078222284 4.997196439 3.039942344 0.143783141 2.863564751 -4.279526349 8.521716063
7.087212810 28.887539699 13.363577187 -0.297518172 0.682628988 -0.667411026 -0.007945081 7.434606986 2.223091498 -1.657765298 -0.553894662 3.735894999 6.362527015 5.060558996 5.575173447 4.368301150 6.538702107 5.804421089 -0.174784497 5.360468398 0.225168247 4.507442448 2.629584750 3.535930467 3.707864071 -1.801391777 7.346189033
6.442199406 16.181489623 14.421098152 -0.094066682 -0.254022598 0.427144923 0.862653577 1.333862525 4.914860785 0.162740406 2.572775055 5.634004187 4.197138538 0.771380648 2.998472270 3.612080732 4.823201157 0.024937361 4.897264208 5.647697517 8.608223017 3.656637214 6.115333468 7.384971471 7.049593049 -0.538677630 2.398308190
-1.059916365 17.984565205 17.094402908 0.488633350 0.479275104 0.725137889 0.075550413 4.991964387 3.784668966 -1.644004170 0.998773973 4.878451502 4.800000919 7.819396508 -0.755751656 6.018054550 2.111978148 8.177098136 6.245367835 9.571267378 7.646521727 -0.570599617 5.947677967 3.318349007 3.150425967 4.087384839 8.197956800
5.755839734 31.952195543 13.283163550 -0.694269251 0.244299753 0.512216462 -0.442653514 -0.895489561 0.426195138 6.155448790 -0.068491113 4.647064351 1.164084007 -0.236552769 6.480417702 2.284029746 3.986623184 4.701208364 1.392276183 10.307433558 3.261728052 4.841193717 1.107919487 6.608698171 1.721220390 2.325852531 2.883473696
4.562244353 24.759363887 17.945481724 0.572318483 0.166065339 -0.520767187 0.611289943 7.059704893 4.529681575 4.682534974 4.034536546 7.941925227 2.934280714 4.519284941 1.549003857 2.491946835 4.680047922 1.989060150 4.706684221 6.663563139 4.444133415 4.555136394 -0.112347944 5.941960692 8.165964495 1.557952367 5.235735679
1.775303670 19.103002308 4.008565704 0.205912849 0.387116783 0.546160355 0.713757215 4.227082862 9.043197945 3.608299040 4.151686905 6.002924311 4.205935556 4.938997235 2.735637158 0.710854745 3.993726601 4.401760788 0.113380863 5.019246511 -0.844898929 5.223406588 5.359861508 0.845166950 4.976059287 0.811595144 5.069693429
-1.112986342 19.946038537 12.617411780 0.379952904 -0.882951682 0.180924353 -0.208082906 7.087129510 2.287559406 10.026672981 4.480975267 1.474587264 0.431576697 -0.606231511 -1.029455211 3.141530777 2.516409059 0.529999443 -0.574870937 8.010923719 6.784889872 3.246519010 1.021153794 9.765623381 -4.462678186 8.164998739 6.976033955
13.050936592 20.870641603 9.010824944 0.671944183 -0.226477658 0.217797334 0.670643874 4.955130734 2.190053975 1.870877290 5.323678383 6.801795388 6.919833156 0.512762057 4.222479052 4.935755774 3.347665782 3.836328412 1.346207367 1.949974545 3.852289530 3.472811115 4.312191600 -0.288847723 5.856643828 4.642927666 7.226311919
3.004511212 15.577272403 9.409821993 0.890436407 0.356905585 0.061697674 0.275562707 1.785633865 1.166790704 0.262099467 5.427102579 7.661708583 4.466321650 5.146188225 -1.402059754 0.266528165 5.289732395 2.018259831 0.798518700 3.919873066 2.303986797 2.147833564 8.334804225 3.361584713 -3.584091694 9.038710088 3.088653582
8.066642611 25.970253495 8.825223327 0.308725806 -0.871676865 -0.016798461 -0.380244174 7.248374753 -2.143618522 10.612493302 2.073894151 2.751830884 1.603320361 6.465409771 7.471710195 3.851884487 -4.035562163 3.623550745 5.279366018 3.068266011 7.194816528 3.815950538 3.588510436 0.849295739 5.977928990 6.146733801 2.285858030
-3.748652103 20.185672210 13.795366046 -0.534388916 0.532837751 -0.653747332 0.055918180 -0.657720879 6.109489803 5.534126081 0.745825386 7.448000361 6.630985879 3.764272795 7.105803805 -1.843392297 3.382415956 0.640938978 4.194419724 0.840704109 2.807714927 0.195950177 3.343558432 8.258317445 4.460621385 7.449621144 2.648199473
9.666386510 23.660415570 10.384404657 0.594407121 -0.252245550 0.762294389 -0.044267611 4.475516263 6.481292178 6.625161455 2.023742230 5.035860039 2.702922254 1.557224291 -2.665525492 2.338853711 3.736944130 5.002752849 7.231807667 10.285274522 1.168204957 2.454876672 9.931796628 1.285981111 5.950892136 6.888345935 7.167275439
2.888538712 16.606152278 8.541960354 -0.077626925 0.878591398 -0.090674699 -0.462416818 5.162309206 5.433702871 -1.611183807 2.672437973 2.579292691 -0.443889797 4.027495919 4.723851428 2.937216517 4.321364685 2.124048561 3.647860430 2.790467211 -2.701168721 4.711595665 6.165956860 1.171106177 0.609018233 3.044808936 -0.610222422
1.640631719 31.414320308 8.226835065 -0.924909440 -0.246420056 0.274692512 0.091453311 4.758741384 3.936038267 0.096800610 -0.980260542 2.373529194 3.401236041 8.930762747 1.849380963 4.938330332 6.413895291 1.314798320 7.366561099 1.610757104 7.971203461 0.520199459 -2.728841634 3.494562058 5.750440816 2.817278606 0.814177533
3.478029617 28.683143561 12.060953289 -0.110407862 0.796047849 0.005679201 -0.595050984 -0.628229410 1.901178942 11.546283331 -1.772467640 2.360313921 3.504278481 7.834929990 8.254956510 1.847695681 1.403094025 -0.404801048 6.690396501 -2.880158743 2.726332487 3.020320547 3.955745621 -0.282315454 3.873926011 3.164961729 4.777683576
4.267561246 21.966541862 5.783019496 0.451736292 0.088507624 0.564178845 -0.685421735 2.895115399 6.431838609 5.064613206 3.325118927 7.320355041 -1.206597527 4.301841543 0.094880018 6.544338791 3.314629419 6.139353164 4.180645192 4.930646583 0.544582685 10.229583993 1.836267490 3.990232730 1.790604193 5.211916705 2.716532156
-4.177434757 25.648321976 14.662291864 0.104667686 0.817802859 -0.308369454 0.474501253 10.579551884 7.509349666 7.744601106 6.981258848 3.670004024 3.431489646 8.188347837 1.356104721 0.443073420 4.130391950 4.334955252 6.376614030 2.506173453 4.381632678 6.937427529 6.286358292 7.919116465 5.756273356 6.572520663 7.487340010
1.539794780 20.091313519 1.939019029 -0.676773641 -0.516254292 0.066019868 -0.520672951 7.267234875 4.621107548 5.583615177 4.116906810 8.810542342 4.360031799 4.889397060 4.170001319 4.498965211 3.462677553 4.245281841 0.444227068 -0.807098290 1.154455279 5.220993548 9.240908781 5.999546939 3.306442109 4.224249520 2.104572955
11.826894801 24.522151772 8.296581296 -0.406529156 -0.293107934 -0.123807781 0.856442303 6.631899191 4.504876753 6.474887213 3.413701294 8.376677736 0.106648512 3.536066470 7.615313949 8.155183397 3.309962554 6.089268142 2.784222304 7.993030285 2.464326094 2.636995016 6.457555437 2.058545569 5.813220404 4.173691981 6.348283647
9.206481379 26.546567733 13.095004866 0.927341535 0.358805158 -0.093330251 0.050852725 -2.250121885 1.746364124 8.919732158 10.004876386 5.974817615 6.243353872 0.208277183 6.838652929 2.661209189 6.679686419 2.853936225 3.103338048 4.762456244 3.768302387 5.354441632 0.830687771 0.484539588 2.776206497 4.782010837 6.923979544
10.075692361 26.802413310 6.363692258 -0.510759363 -0.108708330 0.563288012 0.640323347 7.907909173 5.205179315 -0.512350837 2.799656466 1.120805404 6.648464338 4.681615912 -0.599172839 7.650175730 4.518401882 0.375515866 5.089020991 10.006279077 7.311726131 3.335336057 2.266927158 2.383666632 2.524060212 4.814555939 1.297963180
8.038023843 28.622838525 13.629299841 -0.013235739 -0.338264094 0.065524400 -0.938673943 7.938057892 2.324322104 3.376247287 4.460187948 2.334249939 1.952833817 4.119038111 1.697038329 6.032173615 7.331598705 3.781048674 8.589107402 5.272088721 7.412321562 0.258124676 0.674933247 4.820511086 9.079556057 3.966477703 6.806622308
6.043987995 18.035981079 9.143592611 -0.130169127 -0.553868141 0.417147245 0.708713099 4.797311620 4.842702327 1.752832989 5.411154145 9.294473790 4.923337972 1.053667492 4.992573659 7.304253192 8.112550827 11.552480506 6.980147852 3.409723942 5.782265109 3.868518069 2.622721330 -3.422648656 2.752481096 5.032569618 6.810507898
-0.415152074 30.621865294 13.138798841 -0.279490095 -0.342792841 -0.362737895 0.820243607 8.336109479 4.099791247 2.033008463 0.857399559 -2.810747075 1.381747163 3.464141808 5.583359216 8.319859168 -2.733370738 7.308851167 -1.522720344 5.363356578 6.308825758 3.706297968 7.678625241 0.256320005 4.165471987 5.548098004 5.643103416
0.276447736 18.630937092 17.018763218 -0.232329962 -0.073077079 0.964785590 0.099354384 7.500268683 7.176079543 1.069427113 6.222633621 1.524957689 7.190306156 3.755525260 1.775637650 6.096420506 6.323742420 5.211763471 4.875191953 10.529063236 0.606597542 5.118916223 -0.086233355 1.604358462 1.219890126 5.612900889 0.422803644
-5.240734514 24.002952860 13.598010880 0.702668163 0.560468863 -0.432733961 0.069809918 5.811394809 0.767399244 1.952110764 7.820568388 7.656072946 6.660316907 -4.198385007 2.402559312 4.637398112 0.996242809 5.609832721 0.586483699 -0.439920702 3.628207181 0.796855141 1.271128155 3.285269902 5.608847921 1.990816623 3.861450493
1.959711517 21.313968864 3.744038101 -0.209708032 0.301364917 0.659121529 -0.656323502 -3.033558979 2.677292952 3.889209811 0.742874151 6.635378702 7.557466132 -0.738299416 4.195566845 1.043448480 -1.170726865 3.996318153 2.774450555 7.106219679 0.091489171 3.923498726 2.456406974 3.916519287 2.500359572 4.775611011 -1.420208689
4.989210880 24.691805233 13.302633821 0.087812306 -0.024355428 0.614016556 0.784014975 9.501878846 4.830155451 2.551571155 5.130174967 6.178919509 2.121272919 3.078224283 2.005473169 10.242779191 5.890598736 6.057430167 10.175937057 5.714224229 4.257344500 4.836392668 6.086496162 1.506269098 3.417782209 1.490886587 5.077103444
9.223624835 22.520285866 8.605703820 0.869133779 -0.440348464 -0.205951450 -0.091014861 3.987399261 2.898158157 6.159490270 2.091972539 -2.133549978 2.731056187 4.996282917 1.211809609 4.828188904 8.803889839 7.483737155 -0.030248520 9.361034350 5.739244498 2.716246162 9.024477371 9.871036583 2.708374477 6.676562434 2.069085864
3.201104482 23.216986079 15.906441665 -0.211630821 -0.740949837 0.266297866 -0.579043332 5.650839216 7.170485229 5.609499179 5.659283726 4.860234947 5.784522550 1.215390830 -0.454323901 7.677506217 5.489166596 0.874822271 3.066106572 9.886080382 7.214552846 6.592106351 4.392975026 4.455845226 5.466908731 6.944963745 6.061527480
11.423613504 24.692529812 7.466674639 -0.716056639 -0.144722146 -0.446371233 0.516789235 1.133086495 4.467458461 0.935694177 4.837168922 -2.123757146 5.113657213 3.736077421 4.345699072 2.205075153 -2.741630726 4.655056579 0.514041752 9.350864311 1.531089294 2.200569827 7.034768535 1.199830522 -1.722322731 2.555764437 2.293342844
8.283589053 31.227058298 9.204514204 -0.280904105 -0.469715644 -0.835966660 -0.040247254 3.440940846 4.008353899 3.190219444 4.901927311 3.079169570 2.647241302 7.417246745 3.507092988 4.085887483 2.169592608 6.658080178 12.006406335 0.722245459 5.788561337 3.933329878 6.819396414 1.474768273 6.940602633 5.499721261 3.063841841
9.940212441 23.473497974 17.490763596 0.726364999 0.608634079 -0.145222332 0.284374614 4.117688001 5.819150125 0.365262631 11.462072632 6.139446657 2.345591998 2.830939586 9.567372219 6.869956186 3.551770508 6.729260258 2.562054422 6.262502676 9.202865054 4.093068670 3.473972104 -1.377796111 7.122136542 -2.123851319 3.437442183
1.455647526 27.696384991 17.091509211 0.326507400 -0.544908406 0.658020392 0.404322780 -0.619376055 1.626061546 8.626766414 6.043949316 -0.172632351 0.371894049 6.492199023 8.858547800 -0.355538280 1.265820053 0.988126282 6.202184873 5.051249346 7.959726935 1.636192956 7.303216370 4.651860442 8.436834796 3.964655837 5.561991494
1.641360801 28.505721225 6.359234646 0.284003182 0.040202589 0.919381441 -0.269190843 0.550032701 2.644183886 1.209532759 2.846516062 6.739932860 4.214951681 -0.030228711 6.102434975 8.438585846 0.356359299 1.504805124 6.213532398 7.401199466 3.644795963 -1.192286441 9.036886852 3.262705225 6.562223540 4.043404370 8.087276857
-0.883344976 26.976512857 18.296301297 -0.228659647 0.244682389 -0.224613116 0.915092478 9.410787148 2.860488772 8.633389926 7.892834411 5.595126850 9.275606357 4.778018600 3.468115038 3.421803510 4.590939902 0.741894810 4.873456770 8.405389122 4.364890045 4.392500477 0.879791342 2.766248381 6.791083508 0.848988320 -2.353987005
12.099885265 23.904101685 16.533071584 -0.845452271 0.264059646 -0.305427042 0.349567279 6.637113456 4.764397504 1.875580431 4.023991296 4.824815662 6.351348096 1.502434299 4.166191374 5.293470191 5.755603674 5.483011474 4.586964540 1.784486714 8.563051037 0.155305274 3.821487280 3.546613622 0.106900016 0.552551377 1.895005540
1.164274077 16.776275007 16.123533497 -0.781745160 0.071851029 -0.612818189 -0.090364828 4.390974078 8.084256961 2.208806929 6.086634679 8.484065333 2.299731164 7.609887237 -0.179299932 4.078229480 3.709232147 1.074228177 0.641522908 6.781379461 6.572705207 3.661210217 7.286500060 2.239266295 1.098879458 -1.313253327 3.062642514
2.097351586 25.877995412 15.344971355 0.361051377 -0.673310199 0.524405024 -0.375891807 1.682125779 6.084207365 0.881805031 0.360104897 5.917815339 7.321511104 2.446702427 4.722660184 2.899984874 3.894948085 0.639641755 6.955512354 8.283510752 1.583921528 6.608323739 4.022958415 0.535656633 6.659474586 2.201476459 2.681289884
0.916375424 16.464795806 15.969199833 0.530251427 -0.688186407 -0.054370370 0.492216168 4.471287675 7.161510052 6.602243417 1.282629543 1.423244808 0.916649654 5.731153613 -1.588551339 4.749247079 5.224340590 8.195082121 1.944972133 6.588932446 1.818486076 3.574591845 1.511289082 5.409649786 2.080560748 3.841782221 3.567749921
-0.115859084 16.668530777 11.066948759 0.110149498 -0.737446979 0.513727277 0.424409385 6.011013626 7.375317531 10.303980037 8.741011638 6.669835299 3.232083352 -1.149563819 4.925526397 8.004723741 1.396220778 5.469876604 4.406182177 1.975053263 3.684352073 1.437821164 5.356858495 3.599975662 1.345086042 3.551180242 4.506296063
4.817992326 27.747353376 5.006344419 -0.181761985 0.125204526 -0.924022072 -0.312201245 1.632001660 8.625921813 3.507417485 -1.093397480 6.143319579 4.385619767 3.470528655 8.215122570 4.540123226 0.322630336 -1.830909098 1.917874003 6.033628132 1.949318714 4.417107300 2.441042093 2.206236681 2.091528414 1.963140483 0.299558893
8.460194880 27.398506988 3.677607778 -0.642357865 -0.372104113 0.374727485 -0.555422555 6.496520751 3.186999567 2.261611045 7.103426419 4.985654724 5.297134774 2.505064550 1.341705856 -1.015689300 0.417427168 5.004633263 5.491108144 -0.729281770 -1.437565327 8.811780710 6.297613645 6.257442454 -1.271031518 2.911445492 9.046214634
10.548554905 18.521916774 12.314269847 0.391975831 -0.869912841 -0.295966629 0.044836954 6.286519309 1.298760690 9.075707669 2.555231482 1.024400964 5.348772392 1.592828442 4.105327840 -0.163425986 5.544514295 8.456913061 10.432041352 3.173729140 5.129988699 2.621179075 3.988065998 2.852351580 -2.928743012 6.429926741 5.897171839
4.373957095 23.642920157 18.145616070 -0.834141302 -0.045394886 -0.231622102 0.498496534 4.888872101 2.530215051 1.819153140 11.380839154 5.277332316 2.272599736 3.941258180 2.963337787 1.187522189 11.629611571 -0.318627271 6.462002728 0.276332912 6.571330590 3.539501535 6.542505232 4.240567975 6.984917053 1.800033205 -0.061378581
4.927991180 14.420540433 9.410168632 -0.268008527 0.377275536 0.885802494 0.034475227 4.384238897 4.472479319 2.789749826 4.667020480 0.056528293 2.781164026 4.583161266 0.599829209 1.592046632 1.616120232 5.349531405 3.787330640 2.123822369 6.354816607 2.018172816 2.768176662 4.625161645 9.464323585 6.195155659 0.165658502
-2.099726717 24.222675226 9.824443388 -0.299288130 0.548575871 0.329215345 0.707890094 8.813754538 0.834274697 3.199081823 -0.567455886 2.785230163 -2.982884846 1.800596927 6.305292252 5.209227946 3.283890978 5.552740242 4.201975270 4.427101632 5.474296231 7.631197605 3.384747195 2.103610140 4.276043883 5.782498730 -0.045137514
5.804914856 27.166384247 18.975635430 0.870491652 0.182880443 0.451431220 -0.070773450 0.154094785 3.219920006 4.918761946 9.684398711 4.520432071 8.640519371 8.077674844 -0.665015258 4.938101055 4.055976678 2.235233691 4.346510186 7.737671569 4.630688568 1.365119414 3.718320941 10.137188191 5.016802458 0.230003153 3.273868810
1.311716506 23.610350386 10.526759623 0.653214541 -0.637947989 0.067642472 0.402191027 -2.977536775 7.532040943 2.929446839 5.273737707 -0.799725581 4.558256475 -2.163939167 8.656411809 1.116158369 3.973974310 -1.040605571 -2.092876220 3.791865373 4.321761203 5.180989824 -1.382816166 4.305137470 2.763252506 7.167759527 4.159378520
-4.058228967 22.030982725 16.358328603 -0.284712541 -0.555674378 -0.511030682 0.590772712 5.675843507 5.343326572 1.320418603 9.354050506 7.334827054 4.133428564 2.192683688 -0.336462087 5.898578944 8.039194283 5.893858251 6.014567327 5.714883586 1.097031372 2.799961209 7.761077163 2.836605994 4.922962046 7.248360017 7.946309357
1.575243442 15.889087122 14.871770656 0.524756433 -0.744180032 0.192634670 -0.365675609 7.538209195 1.439984866 5.721976343 0.635566925 7.608055411 8.533890715 7.823056700 1.932628484 0.603238150 4.679254521 3.193746173 3.809164630 5.031530667 3.985497904 7.727155715 6.012441463 2.965070023 2.235250792 3.403578618 8.326811865
6.591933258 21.039975293 10.509351255 -0.145668748 -0.032305346 -0.127048544 0.980609835 4.892543893 -0.879481388 5.101806461 2.613437366 5.040140460 6.953359088 5.547682473 6.388769695 2.993433187 7.961703389 1.989937374 5.268247487 4.087596435 2.904868989 -3.471473216 1.419893018 4.700028811 3.327474681 0.191457621 3.967575594
6.262555951 28.932603096 6.139922241 -0.067724805 0.261258340 -0.344488977 -0.899157814 4.274334785 0.517257113 1.447693809 2.529237323 1.803201712 1.180688079 2.912605072 1.643236417 0.646230689 -1.003936255 6.624491706 4.578761574 -1.227229352 5.450658293 4.463420999 2.923478617 4.538405343 8.802382641 5.223246299 2.952536174
4.506712845 18.781319817 16.938960752 -0.086092427 0.032679508 -0.969551168 -0.226915573 0.055250236 6.826515969 4.060875073 5.805718723 3.868643631 7.861864145 9.469943194 4.271775934 1.531295762 -0.039693673 1.499026095 0.681097752 -2.965287635 3.805893054 6.238872083 2.772422618 -6.896709982 1.392156532 0.076972919 2.264241617
6.628140003 23.121761853 1.483780646 -0.869414371 -0.002916500 0.215627124 0.444539186 3.537808711 5.244442615 1.965903217 5.668423027 7.574371755 4.736639528 3.182880885 3.969943549 6.708509829 8.344679414 4.724963344 1.840693826 -1.258312495 5.821458610 4.617523559 1.844915562 6.266905551 2.864874660 10.421738243 3.085414589
-2.815317470 22.713798822 9.368215992 0.274924041 0.547094506 0.430729310 0.663005757 8.016112788 -1.563698466 3.554712147 7.977709488 1.567742448 7.291978387 7.234141840 3.898978205 -0.544289062 8.159346688 2.307298286 0.158567136 4.130420519 2.435238469 8.448189864 6.748365628 5.780866368 3.372862961 3.687231219 3.274771094
3.033768309 15.854351991 6.592953942 -0.542675389 0.294961230 -0.568903056 -0.543001480 8.999343882 5.751647115 4.353484523 1.415586289 0.545250183 -4.839620229 2.885204874 7.247247529 9.819887915 3.773130891 7.327263278 5.776393646 6.323035594 9.025539747 5.037352780 1.815750922 2.662982899 6.687511725 7.971939918 13.349745013
8.210542788 18.590988757 10.603902065 0.260189069 -0.452236806 0.360560671 -0.773162028 2.183347959 4.678222069 -1.798159037 3.783894198 5.873808063 0.389893675 3.737707191 5.925632460 3.248707873 6.231960685 12.324148338 2.893646857 4.022810052 2.871687888 5.399662499 6.243510489 -4.683025065 4.239219287 6.393561351 3.688975319
11.062217839 21.059020296 14.219064506 0.496874176 0.769852910 0.183506798 -0.356044666 5.143222784 9.372028778 5.064269648 2.297467808 -0.546869171 6.240812078 0.167159085 2.951361842 2.165451741 2.725890460 0.889337794 0.418842658 6.936224739 6.323855095 -0.223728642 4.220602754 8.382412084 5.048142660 2.389124979 3.449230171
2.312474136 23.259544477 15.015355010 0.037642656 0.013393028 0.677114465 0.734792255 3.990654583 5.684233450 9.223351400 5.443628454 2.098738811 4.988257327 2.024275397 1.780213619 3.911909634 2.352338022 5.711151094 2.615005581 3.777140399 10.203439296 7.000983525 0.611941450 4.067050535 3.014763222 8.142030332 -1.707439912
1.426576577 29.732908070 15.608277803 -0.664241264 -0.208171790 -0.620779607 0.360667060 6.116809804 5.262307611 2.079167062 3.393002512 3.728585856 0.095697070 -0.036181366 3.738853157 5.896131793 6.826673458 1.258632032 8.182999085 8.231467772 4.003206125 9.466588268 3.592313316 1.380821956 3.371793318 2.966268424 1.853616649
-1.259357069 15.201743276 13.968475196 0.137665743 0.984007511 0.112749950 0.008050469 0.243438766 6.906092374 7.119114590 3.037187423 3.678363972 3.869224762 -1.319103317 2.057489930 -1.177077870 2.396933609 10.032031360 2.075670881 12.317297256 5.994983443 1.808984190 2.225629925 -3.184670193 4.620495185 2.916204886 -0.623297268
6.612557277 29.768839160 5.514983192 -0.688782807 0.671795295 -0.197678445 -0.187596799 7.262062796 7.404902872 3.814642547 3.558591055 0.380085731 5.130394709 5.025129086 4.300588749 4.186970561 3.992618417 5.183158122 2.194783818 2.321283177 3.912043680 -0.731251701 6.448130703 4.467217712 5.116968480 3.663441380 6.451483116
12.051745438 20.196032286 7.437454856 -0.368284864 -0.897952244 0.083584719 -0.225968185 3.191137354 6.805854672 5.515198087 2.212725794 7.197110740 -1.242599036 3.279478614 6.758796005 8.731665626 5.397741701 5.153996014 1.314017609 5.260869149 -3.284039217 2.012166462 0.987530884 4.470719723 -3.313387879 5.749601351 7.682047565
