16.196663820 -24.174997827 -5.982208974 0.477499303 0.302271467 0.823744780 0.045507280 -0.029226325 2.297706680 4.595008531 -2.105381014 3.824941948 5.046486737 3.137421043 -1.250447856 2.825225406 8.066871373 4.066945722 3.910291824 3.018729010 2.837682031 7.507850629 8.721888590 -0.190024177 4.601337229 2.855675724 -0.168531999
16.182926657 -16.432877782 -3.081086432 -0.105243384 -0.801469693 -0.404377105 -0.427842633 3.787259310 4.359338377 3.789423490 1.548083614 1.852270253 3.694037730 5.199668616 3.831148131 3.445303857 4.973982392 10.860755790 1.988981499 4.244425325 0.907789466 4.110596501 7.066475622 1.893369033 4.862536084 0.397297301 5.880615559
18.966574725 -28.492054308 -1.170195645 0.038512109 0.138254396 0.716365498 -0.682805252 8.214460887 5.490986679 3.396454984 2.690161132 4.900857996 3.929350372 8.314547013 1.292925695 4.520203354 0.451668937 5.058187666 5.542976397 -1.305674091 3.301235046 3.108999064 3.196516226 1.192453412 3.975316664 3.633692937 6.336612150
21.404636607 -19.941833175 2.384541890 0.577907424 0.710998964 0.206059095 -0.343574056 3.063112313 4.325126597 5.007865311 3.411281789 3.592213512 2.148800485 1.649071874 3.820885357 11.179514052 4.356931763 1.193753706 4.478781076 3.933956412 3.497866697 1.785880792 2.256866801 3.061622772 3.982290802 7.748108665 6.834109302
17.254170494 -18.300230695 -7.433299705 0.237919959 -0.603547663 -0.344453830 -0.678583724 3.899969142 2.337732722 4.779508271 9.440413781 1.623724209 9.327429621 6.892166970 4.697847203 5.401282857 4.493227743 3.019006322 2.976950943 -2.580754405 6.677382901 1.068706988 4.538274893 -0.024983568 2.567812022 5.916046172 -0.161978898
25.757206154 -24.798884046 -7.199748087 -0.428828425 -0.760599173 0.100050814 -0.477058608 0.346407097 7.060855471 -1.343638899 4.168347999 5.787823144 0.221972935 3.380409082 10.066870666 5.155006648 6.382560671 2.685496683 5.011841819 5.058365968 7.243108286 -0.180064335 -2.026450420 0.511015713 -0.755621125 0.452744802 4.332427918
16.434799818 -17.023803855 -0.051670338 -0.204358123 -0.539007708 0.678037012 -0.456041948 2.681634078 -0.812547062 3.624232966 6.072392302 5.099566707 4.329723190 3.510527822 11.150803725 3.086197440 -0.846563985 -0.668307542 4.572148354 2.447751207 5.870257087 3.909566027 3.866717439 6.938103711 8.487627388 2.368057916 2.763594350
23.292613064 -27.607285238 3.777068763 -0.218515277 0.786023984 0.168055539 -0.553330557 4.655731193 1.102493045 6.586749056 -2.135167830 4.970722871 1.192352471 10.146558803 9.694401517 4.115765602 -4.560005988 10.096878737 1.906149738 6.921351672 3.258901787 1.650084097 3.539194324 4.055603379 8.437221218 1.901025703 1.783204524
19.612898740 -26.663715581 1.742518582 -0.541021862 0.510222354 0.666334859 -0.054464214 6.552887794 9.401381399 5.477990967 2.494527553 2.921007430 8.320942984 3.108005312 3.080355502 3.684576614 5.286210080 1.468204032 5.076806751 3.117997177 3.974069976 9.202375713 0.777585112 -1.014714665 5.524935382 5.065796350 3.848740767
20.002082475 -26.660526615 4.322371886 -0.727188123 -0.570563883 0.030367138 0.380436757 2.953817600 -1.211252484 8.524393589 3.498217673 2.024374245 1.914720474 5.927695556 5.397376330 8.146746618 4.381285506 7.119446598 2.763680856 5.089919666 9.282598158 4.628652952 1.261730957 2.747706326 11.324846925 5.180980433 4.468158156
10.920429499 -26.293530163 -2.404542393 0.613681632 -0.222114575 0.454062174 0.606537313 -0.738631790 4.840147151 3.052569703 2.290392982 8.973147554 3.696656827 6.487726500 1.795297543 -0.121644411 3.277966831 5.964852387 8.591250964 4.311508528 -1.742380675 2.548962417 3.205556248 0.004016973 6.078453519 1.514704192 6.230884051
17.245925004 -19.355496754 3.993376180 -0.504412377 0.000088847 -0.808927907 0.301999649 -3.489104887 4.345432132 6.079419210 4.999404850 3.185747943 2.231445462 1.214819909 2.188670587 4.038990193 6.176858318 4.104335790 4.914219156 7.384749603 3.671514175 6.927553902 4.730106499 5.313916199 4.389900368 -0.009231724 2.136972776
24.242410302 -26.294993275 -8.260057155 0.122119999 0.439470566 0.818083234 0.350274391 0.927651370 6.750432192 5.127788106 5.432357244 8.406407012 8.222817471 9.516522726 1.415498204 1.774922731 0.004638603 4.324285138 8.941782360 1.674178622 1.429620046 4.773227438 -2.286417222 -0.063380835 -2.390917739 4.818211281 2.948882413
21.942392790 -23.517310135 -1.786206065 0.618454671 -0.443848754 -0.567895685 0.313060049 -1.751382739 6.368324056 3.790702498 3.457260884 -0.178966262 6.916776343 0.973892788 10.319894330 7.602349244 5.096295723 4.100690605 1.060726974 6.217819602 7.250596585 3.564182425 4.789058709 2.184663435 2.397856939 6.820978264 4.234297847
15.039110654 -31.770478675 -5.066124172 -0.420483450 0.005291890 0.540990628 -0.728350743 3.434540344 2.038249959 6.032678481 -0.245319112 0.652200937 -1.288501657 8.348767006 2.623848033 6.292226841 1.374077224 2.283442744 0.143533322 6.835148474 3.056768916 4.622882626 4.519172582 3.003265090 6.567868329 0.987666917 5.407282447
14.243359523 -32.034369718 -2.423528991 0.997026783 -0.029839564 -0.059011374 0.039558224 5.169737283 5.112736171 4.776576681 2.402965354 9.814005225 8.606353026 1.544498117 4.229020945 6.408796199 6.152399313 8.654688304 2.799291404 7.254192614 5.236229457 1.665130604 0.984372594 7.149914318 10.737371374 10.084115567 0.483972029
17.885712299 -34.459407879 -1.371071292 -0.652730418 0.490384246 0.526485343 0.237232958 11.384337979 2.351086343 -1.064871660 0.518129251 1.673132775 2.611160767 -0.895636640 4.677564501 2.913767734 3.340715712 6.653569195 -0.131427916 5.827133058 6.001690694 3.511434499 7.099753169 3.213716779 4.084231062 7.133094527 3.541856821
22.331426187 -23.816374040 -9.926889640 0.368042809 -0.928326723 -0.043237611 -0.029740475 1.803776037 -0.739404659 3.678924875 5.707950758 5.207444967 -2.767226747 3.687602944 1.795238719 2.517979888 4.135784153 6.149880639 6.192600814 8.750516063 6.852152740 5.298127288 5.986664469 5.978877048 -0.710500618 4.580924230 2.113681609
11.489262035 -32.504480619 -4.802602972 -0.276168118 0.557941830 0.766639132 -0.157151283 6.464039239 -1.060738565 2.697919566 8.652269672 9.013950345 2.788062356 -0.776532064 6.634683173 1.801669323 2.364883738 5.790079005 4.430360868 0.588336218 6.882125913 5.237602716 10.440031056 2.827111320 7.589974024 -0.684290014 5.532601758
12.858167092 -26.260764460 -9.160682490 0.419675843 -0.679653521 0.305767482 -0.518121149 6.859232343 2.681526662 9.784029206 -1.279689731 3.612996099 4.527997176 2.709102859 0.891122267 2.973590608 3.232808557 5.114255599 5.269641453 5.775953500 6.787796596 -1.636586367 1.566028687 -1.212230522 0.964146820 1.853564780 3.233698384
13.533154039 -20.377260571 -8.844729443 -0.273287655 0.185190701 -0.542917779 0.772177795 1.698245779 5.753765200 2.585007240 1.408966949 3.469069788 4.307020962 2.552366631 5.149726267 6.186942529 5.818919131 6.357334662 5.356551667 3.102280449 4.016312091 5.382591164 8.411473383 3.018280366 5.080712095 -1.877686432 5.725300559
18.448918984 -17.505763832 -6.895555854 -0.404964561 -0.555805592 0.054228138 -0.723977319 6.467606626 1.267402710 9.813718278 2.804870575 3.089418806 4.440622296 4.011451440 8.694406985 -0.269364235 4.583831915 1.966128551 3.901841534 7.036626152 7.960202333 1.895613626 6.350945621 4.910930418 2.114630516 6.053388446 6.236448930
12.786107419 -20.187562921 -3.860749545 -0.056301691 0.595305552 -0.617563298 -0.510937367 1.258685082 2.898558591 0.882358210 4.341479179 0.645061835 4.550471312 -0.273858871 -0.646389968 10.378274706 -0.777590600 4.713934468 3.859458389 7.141494387 3.606514484 7.226256638 0.397368561 5.852819883 1.801061133 3.095336766 7.969733458
22.138910586 -29.390571390 0.070859824 0.775618784 -0.085698922 -0.529764665 -0.332295946 5.586122342 6.629025682 4.997999328 9.123763601 7.744495527 2.578939459 0.031820735 5.750728738 4.763162462 4.834043859 0.872910286 6.285910562 7.269000068 2.479403423 6.622162189 3.823777573 4.834621816 -1.020130813 4.778460337 5.648349951
10.239140213 -29.955736958 -7.975663772 -0.357244468 0.457298620 -0.367730491 0.726655798 8.487485929 4.027882061 9.136003074 4.186631121 5.092956117 2.933309829 1.230381020 6.421914784 4.182799479 1.102934769 1.762770764 7.848651914 6.346155731 7.252612470 5.846308823 3.366150327 4.910991041 -0.319227771 4.804462650 -0.346509051
16.583821625 -29.349425606 5.326503557 -0.542475434 0.193149602 -0.817561579 0.002588239 1.317448192 6.024241935 9.427134806 5.159828776 3.601004401 3.302008900 2.433598701 2.782685341 1.212627063 3.028432264 4.574027342 3.034817249 3.280657352 2.156875265 4.506048910 -0.553751692 1.791600193 2.829823025 2.376876346 5.494821884
13.428789124 -27.477030845 -1.410886038 -0.126211853 -0.072088278 -0.116135201 0.982540820 6.943574279 3.522080825 0.893476469 5.179898313 2.776501359 4.880933496 7.594892053 5.667479062 4.308871556 6.031903646 -1.315009909 4.892725668 -0.221286845 4.720768176 -1.474618746 9.069421610 8.863829449 4.328087759 -5.595123667 2.668655437
18.044059846 -32.493055004 0.242953796 -0.248453396 0.762953683 -0.495625427 0.332457552 7.714389248 2.644423509 9.990395894 9.028831952 7.113204094 5.035814065 5.943743895 7.850174995 2.187486629 8.585122771 6.094117084 1.583649284 2.055124683 8.180126811 6.822787850 5.092029756 2.059223865 7.059783921 7.659444763 2.178916327
15.507169888 -22.020816196 -8.024526956 0.202239722 -0.065745283 -0.325625848 0.921273282 2.919252368 3.834990292 3.162026178 5.479264639 5.651315281 -1.810969937 0.128091163 4.025157906 5.650424012 1.047928840 6.847478870 0.293121191 2.758878719 2.382508904 10.376179004 3.921543318 6.342737425 2.487863921 0.978228654 5.633093786
10.844720107 -21.516386265 -1.773922679 -0.735817123 0.513573902 -0.435461111 0.072032149 5.124221860 2.707092471 2.035173037 8.161711845 4.139572896 2.306809745 4.961024183 1.240758063 3.607648017 2.319205147 -0.105110073 0.419332415 4.869676573 4.737036879 -1.689743778 -1.981509662 3.883574072 3.769775604 2.700256151 9.038051770
20.337154145 -29.120525358 -3.212676264 0.478421046 -0.842721243 0.069354535 -0.236905377 7.044058703 5.342020507 6.280903280 1.671259443 3.245209838 6.108475282 7.157722157 4.094022640 4.321178454 0.366786646 6.337874011 4.816724020 3.344727410 6.258646243 1.772337711 -0.582237112 2.634516931 5.311831617 -1.437157441 7.120353107
11.655981354 -32.291979129 2.259416416 0.211210093 0.540491306 0.074942374 -0.810951962 0.186426863 5.645839697 3.869804629 -5.798905982 4.213835406 10.007098747 8.568439899 5.678732317 1.673313390 -0.159095588 3.929061647 4.802791894 4.719678446 5.356830350 4.494444196 3.035407678 5.811763628 3.004761454 6.010989088 5.365553836
19.027126543 -26.513385686 -9.033203459 -0.680206779 -0.315718754 0.658958457 -0.058430797 6.827706774 3.646886306 8.446020885 8.664984382 5.878977433 -2.544780633 5.399830473 3.483060654 6.566637373 8.566693863 3.263571423 4.193328599 -0.450849204 4.044533290 9.451332591 2.196601781 6.502970348 6.069360427 1.505256483 5.304317438
21.396071088 -30.575026220 -5.118869907 0.242917924 -0.958140301 0.136642227 -0.065474792 5.322017897 1.446905308 1.904903898 3.073671923 6.852604471 2.459114651 5.932964294 -0.394094845 3.593991725 3.750241936 4.205847279 2.484149022 -0.958461690 3.523350045 5.569091633 12.399559483 8.333131679 5.049762961 5.099054093 1.303846922
12.599236349 -30.407169780 1.197549933 -0.493072640 -0.457453285 -0.495438062 0.549688085 -3.278674838 2.741105021 7.360745331 8.799363913 -3.339306210 1.621221550 6.536138295 3.188777807 3.158694295 3.299788674 7.042752720 6.538655377 1.095326479 2.312565606 -0.167359461 4.513972875 4.630420150 4.259926536 3.934714600 1.687024837
18.993211988 -34.047394247 -6.561143529 -0.083012669 0.915869993 0.088186207 -0.382771793 4.592928346 8.044567129 5.226936785 3.388954568 5.138376719 4.430471387 4.294616100 1.133284132 4.184827855 1.833843418 9.841798018 8.161696012 7.826542398 7.660561504 3.274525832 1.901263816 6.306840214 3.360024988 2.966973216 3.093855004
23.593808367 -26.573243322 -10.300783493 -0.186170982 -0.369578278 0.861936193 0.292947540 5.848625511 7.901021515 5.269141033 4.040095115 5.699534178 6.106695657 2.636979373 5.605693443 8.054138635 1.256639410 -2.882818314 4.105829205 6.135757620 0.764002602 6.696528290 2.011610488 2.880936510 4.312107016 7.016825591 3.656447440
11.843690336 -33.879835049 -4.842036041 0.083275803 0.446145807 0.165858369 0.875505603 4.678255903 1.502705752 8.853454372 4.176415868 4.274945103 5.751098168 2.462798572 1.526130480 2.075062835 2.731441058 8.243230993 4.326556007 4.832049573 6.265416559 5.889315182 5.023688847 12.733811371 6.505015399 4.494552707 7.207522318
17.000588825 -28.546611234 -12.121707569 0.028849031 -0.736778235 0.331310753 0.588692408 3.059756097 3.508041569 4.574360756 7.012081272 1.429336481 4.125025313 4.450735550 2.279968382 5.353920404 5.629518517 2.050859241 4.764649975 3.134849062 4.787712292 7.588146886 -0.131947295 3.594876218 2.379819507 7.431247657 1.579837554
13.538914814 -30.017112670 4.630308723 -0.712850611 0.473307579 0.278218983 0.436369269 6.759505325 3.418883527 3.869702736 7.028136710 5.613099470 -1.475137359 7.872229133 5.562304734 2.902380158 6.139368282 0.345076085 2.924737295 2.547722206 5.001799294 3.118119716 4.600829814 3.008175159 8.963780058 -2.795903259 3.369509922
16.116071293 -19.032010524 -6.339179547 0.754404213 0.599195389 0.205982024 0.171495118 4.888661222 1.145230216 -1.536070077 4.605637441 8.872529503 1.166938276 3.190044349 6.774641349 4.131753233 7.585705876 -0.124265940 1.467210099 5.446790885 5.057198786 4.966806188 6.366200118 5.798409456 1.367782392 7.043310115 3.809061998
8.248493114 -29.792579850 -1.210089380 -0.690469322 -0.506234507 -0.303892576 -0.417885201 5.681052121 7.594857770 4.377188125 5.985532601 3.881163221 2.563310774 3.077889040 0.617927173 2.650332679 5.103619294 -3.627432662 3.126767816 2.315762890 10.794987217 2.653979911 2.596158162 1.701633431 8.352281898 3.301699845 1.681532576
14.718785621 -25.994193646 -9.447888367 0.191481162 0.527293919 -0.795131398 0.230352224 8.543232234 4.988749339 2.266549775 5.726159187 4.869702598 1.414185607 4.332380287 0.573812363 5.705384154 5.022990122 6.370218014 2.203976843 3.493835597 3.164800219 5.166087560 5.699000140 7.041997583 6.029319914 -2.888640545 3.422594545
13.972223810 -18.969604252 -2.299941008 -0.699895227 0.332604816 -0.578579044 -0.254493609 0.509089880 3.491022155 3.184012451 2.905606716 4.071405730 2.452439308 -1.024324549 0.057268115 5.707138399 1.964533248 5.783726703 0.303121002 4.002998976 3.949093655 0.404129608 2.921969920 3.282411538 6.023120331 2.432002425 -1.083007305
16.845213100 -30.753863897 -7.903897071 -0.824838576 0.117076106 -0.512718427 0.207495357 0.670825664 7.860742308 3.795581451 4.606353476 4.637878592 10.136994607 5.568488902 0.991508144 5.504068219 3.737644505 4.340675796 6.582015772 3.507534185 2.022776482 5.882792370 2.969401036 -0.912893081 0.396973136 6.009723033 3.489662269
10.647001179 -30.533462225 2.435314721 0.525264828 0.321695643 -0.762861097 0.196600408 4.876349855 4.537870082 2.926914061 0.224192904 3.162929990 1.108646279 3.234346017 8.788037281 7.342319559 3.871790235 1.916109579 1.049783634 6.941705362 3.762662531 5.734063061 7.228364196 0.480267781 1.542976498 2.511214150 5.635854784
21.247687062 -20.350776121 -3.159804838 0.006353454 -0.763272352 0.645664457 -0.022189181 4.548095252 3.751958607 5.452704949 0.364128773 7.803888506 -1.236238461 7.052080333 0.693765713 -0.099181060 7.671665004 6.396796674 -2.400259515 9.768860577 3.609019679 6.547239411 5.406875747 2.622514559 7.788314474 0.455424167 7.648898471
11.684369743 -30.182777080 -8.925147622 0.973991546 0.000954932 0.176701234 -0.141831698 3.338456053 4.163337212 2.008570035 6.078747816 1.635870365 0.191744514 1.579574369 6.484389346 3.009301696 5.786100711 1.694749224 -0.982126557 8.208717549 5.362703947 6.863473322 -1.423569060 6.193184354 6.820506642 2.150335442 5.002609633
7.804884873 -26.755375972 -2.963266417 -0.632696949 0.577709085 -0.515410748 -0.017278423 4.772368398 0.287698553 1.144346817 6.428182987 -0.521133045 2.730566272 3.624336248 2.573396780 1.134700178 -0.180339610 1.901172667 5.977697623 3.068061397 6.278470744 2.682521559 5.076514584 6.971724478 -0.142163495 4.851873794 5.675474840
23.866250711 -27.863401592 -5.300418386 -0.183861715 -0.715517078 -0.623955876 -0.254772930 3.083860522 4.560283735 4.388257959 2.530285441 4.034338059 5.998729381 5.972333575 6.495478659 1.369660034 3.090202870 8.280331334 4.766523525 3.016196441 8.257449909 7.406975839 1.815610381 4.108873303 3.707353026 5.950620449 13.191905699
23.266015606 -24.140393244 -7.814651257 -0.221032519 -0.069957873 0.476723683 -0.847929862 3.873922388 4.524983314 1.760870140 4.978767136 4.838722124 6.502605303 4.260057975 -1.794022033 3.002520979 5.704650845 8.324861105 2.166277945 1.996447607 6.221089571 3.188243033 5.875304945 5.888809423 1.886779080 1.251079673 5.619607046
8.434048833 -27.938918501 -7.957383976 -0.275575925 -0.240416693 -0.924602290 -0.106622365 1.318155988 5.712758864 3.376044228 -1.631030161 8.679113919 5.944250203 1.654163958 1.720263282 2.839752633 3.762177732 5.872745200 1.842268519 3.487029068 3.406809646 6.567805571 0.100741290 4.336743183 4.146959645 4.132404664 5.759662696
16.401815815 -28.798864014 -2.072781978 0.145238108 -0.796163182 0.339703859 -0.479198673 9.706879036 5.585739353 -0.410686636 4.337142111 2.869479737 5.080917922 7.820849749 3.543991066 -0.110748795 1.583975349 5.951573280 4.265573918 5.867898997 -0.419189306 3.191884037 3.107859326 1.383636217 7.723626094 5.837526004 -2.684356036
18.974340827 -29.133641338 -10.267781589 -0.382234872 0.300263212 0.589208326 0.645423934 0.499890629 5.785113864 2.284809974 9.072950459 4.081988561 4.944513278 8.348274722 -0.025790293 5.987451100 2.613266414 6.087474278 4.426751105 1.338682279 1.397547135 0.643814056 2.269740208 8.556711885 9.638610675 -0.290565719 3.997355107
19.587168136 -26.886268919 -0.880128509 -0.085802791 -0.691748785 0.234908330 -0.677450792 0.606735517 -3.791566918 -0.052860620 5.917327536 4.139444692 7.505228396 3.426595949 8.296606735 6.311687139 6.074663538 0.734672633 1.401660297 5.004344388 -0.484981639 2.315720761 6.101650630 9.234828348 1.461878658 2.461055107 6.904975708
10.326325436 -30.017357867 -8.127836932 0.141298040 -0.669515132 0.566446129 0.459263687 7.941366862 12.151350177 5.319472706 0.940161925 2.367180133 2.159692567 4.653940327 3.692040359 1.284063835 2.928168731 0.158073287 4.805429270 -1.994518824 5.281213382 3.591377831 5.780826357 4.964183887 5.513352679 8.039596159 2.546589311
14.946450530 -27.893653372 5.586025529 0.356764858 -0.796413158 0.417901597 -0.252592900 9.848200404 4.653837539 4.901018403 7.634848061 3.366116821 4.101570040 3.237729136 5.903611276 2.282594515 9.634350291 0.683119421 4.984963955 0.151141276 -1.746957007 5.891003625 4.889913648 5.747580003 0.563848843 3.398991223 2.784821390
15.703043110 -28.364310865 -10.502808430 0.365311265 -0.139395790 0.880179443 -0.269073673 7.787393821 -0.656675803 7.039468470 3.042666029 7.254182857 6.921368811 5.110675732 0.763584527 2.422805058 -0.987819652 2.226701067 4.291603998 0.263939089 5.419815805 3.976599972 1.545522897 2.744388263 3.720701748 8.985199695 6.870904222
8.771394272 -25.555471874 -1.254522349 0.344822120 -0.042430747 0.852685105 0.390160798 5.938432447 1.740912828 2.859969529 0.771059131 7.012951809 2.919754166 6.455911575 5.107477618 3.646749208 1.458903696 3.613726205 3.606108963 5.041376404 6.923514257 1.306072552 4.660124462 5.286727697 -0.009154644 0.498045879 1.836119169
24.030179228 -22.281599539 -1.160861024 0.346045769 -0.903113806 0.254179775 -0.005515502 4.104726858 7.676028199 7.386838157 1.523250613 3.309346695 5.425349114 -2.327395142 5.509783005 3.395322396 2.231326417 -1.063370735 1.179549454 4.820533665 1.416054521 7.839990816 6.536704454 5.604461287 2.137414570 4.673656134 4.972856808
16.100573567 -24.264303966 0.229778050 0.513999421 -0.819908825 0.250762063 -0.025932637 4.120522882 4.133809292 5.273115966 6.559260653 6.174155012 -0.783618500 5.029620644 2.292491398 7.012451464 -0.857009066 -2.174624632 2.903376989 4.034635618 0.608461084 7.692851854 6.850651510 1.271982730 1.994289727 7.107259544 7.390207795
12.719068423 -19.855846033 -5.286521409 -0.327438338 -0.270667014 -0.317836789 0.847645727 5.935160506 2.657375905 1.968288784 5.084442165 8.193198608 6.887400821 4.057496932 6.308924784 3.778896483 6.606932673 5.169343917 3.271088692 11.205892882 5.542304579 2.007385676 1.672084035 8.475162514 -2.274460343 6.440625926 4.161116482
17.090229695 -18.339287455 -3.793771036 0.098714372 0.498377293 0.423962950 -0.749753935 7.876040337 2.661871553 5.473253219 5.302184203 4.706545645 -2.163090780 4.287982747 -0.544815003 1.288887675 1.723881782 11.904224551 10.134729866 3.052208289 1.717708951 5.771246456 5.686389274 1.240180453 3.246108944 5.953178138 2.441205726
13.821147588 -31.479213641 -8.777880432 -0.667255873 -0.174136511 0.589195649 0.421063608 4.328757632 7.598297398 1.208801273 9.124764509 3.049118765 -3.514846971 3.151308706 0.480055897 -2.266139928 7.537971207 3.927171645 5.431352750 7.327758132 3.551820220 5.705679430 1.835223136 7.680341572 4.147149005 5.934866429 0.925409508
22.912033143 -18.504274165 -0.779299880 0.751782083 -0.028509556 0.339249383 0.564730697 4.392215739 1.360263354 4.031062845 0.742653133 3.827736949 6.030246012 3.830464175 2.853242937 3.543280189 8.374773005 3.181237763 8.497079453 7.527563973 -1.125806673 7.560229518 6.255364013 5.075806705 0.433880009 0.191577067 7.531372869
20.108899971 -19.520107376 2.866313185 0.269620468 -0.769939830 -0.381076084 -0.435061467 5.428125586 -0.014702777 3.822571833 10.548586605 5.942136667 -0.056915078 5.197575614 1.278525244 4.359223483 4.450730357 7.406759678 6.679250936 2.160138462 5.810817830 4.956521148 6.110457702 6.599787061 5.792009608 1.097445865 1.568133134
18.496226015 -22.188979074 -7.262037064 0.518506662 -0.228249868 -0.641389333 0.517370817 1.369761089 0.521279286 6.441901341 2.360291565 6.236347622 8.526133749 4.224728760 -1.325358945 8.627137124 6.316598610 7.737347994 -3.743854799 6.741840381 4.739311038 3.213991609 5.747016539 -1.308247290 5.116208855 4.889148794 -0.325949178
18.735069406 -27.625650132 2.951411248 -0.316241444 0.101994330 0.687090239 -0.646138924 -1.507633113 4.841973399 6.192679936 3.392818553 7.082814788 -3.972577809 4.570533823 4.816618195 4.707409287 2.698780551 5.905481031 2.365381836 3.072631990 -0.591256877 11.382788969 -2.239238497 2.559143810 -0.671479054 5.322719226 2.649259736
7.736930476 -25.340645494 -0.932227462 -0.306191245 0.250193176 0.150714298 0.906054908 7.295459783 1.742143327 4.348747684 -0.688634573 3.718072042 6.358072256 7.369659337 4.965735356 5.024980867 -2.560091925 0.866320200 8.735475206 5.769263512 7.510552484 4.406286499 -0.015309305 0.935131964 -0.778436453 7.323252451 3.535559707
18.024552639 -34.878086776 -5.453404989 0.485672222 -0.636154668 -0.276644199 -0.531881302 10.634623951 -5.418506017 7.318157300 2.020918919 5.486090586 -0.256884967 7.437770904 6.137467764 1.517518020 3.181373877 2.861543561 0.690538528 8.338174131 8.749556805 3.229171354 6.937563712 11.267875711 -1.462199584 -0.286852776 8.375543192
13.588458544 -26.987196699 0.691439658 -0.112040680 0.728720995 -0.344436287 -0.581185204 -1.106540944 1.375198391 9.939547422 2.839632080 5.189308625 0.350743518 3.732058081 -1.504142417 5.735372132 8.439324568 3.912244699 7.089182586 3.176344966 0.529570859 1.605274324 4.432250229 5.388601240 2.376825248 4.298265286 3.183207303
17.071763014 -29.346860753 4.998258282 0.701144127 0.441994838 -0.520197737 -0.205989786 0.006237157 8.992793590 -0.881302838 4.467247316 8.159028859 4.831738138 5.130406229 1.559585465 1.848731937 2.214114297 -1.095135131 3.447538172 5.804511746 4.404670420 1.335673047 4.747810763 8.215207950 5.113911971 6.676755572 1.749795875
14.114865915 -30.955537298 -3.116501860 0.222231074 -0.056455935 -0.050740785 -0.972034696 -1.579523775 7.379471730 1.613439088 2.093743182 8.861006198 0.431078269 3.237634253 8.126348659 4.891449549 6.737063035 6.587818670 7.091736319 5.812277793 3.272463998 5.808591303 5.195284294 -0.011644308 4.277429859 4.181887085 5.034361918
15.554659333 -24.651003868 1.849302919 0.435673141 0.827151856 0.349142829 0.064093729 2.015310538 6.595572245 -2.100448718 -0.676418702 1.518954031 4.918192583 1.437079703 3.548323590 8.018501885 5.334216030 6.463783141 3.389156715 8.670226735 5.121134416 3.764635852 6.146249244 3.720674813 -0.578441995 2.645600364 7.550931963
17.188303205 -27.524743773 -12.504531341 -0.730164535 0.049082482 -0.679469736 0.052645425 3.001764238 2.402434786 6.253184023 -1.733746578 0.849899749 2.478003407 3.563277931 2.670452029 6.606099060 3.977285335 6.702786632 2.549796809 3.060070313 3.550452570 -2.268034179 3.247477337 3.815516767 4.021421486 3.246928609 5.995119515
14.655675384 -25.628303059 2.390962745 0.684824606 0.080166533 0.694761974 0.204681177 0.315207941 4.219444060 1.821796279 2.135966956 0.118866106 5.263073182 4.886831077 7.370433785 2.923458722 -0.048234847 7.090219843 4.336695234 5.157829729 5.766670750 4.520809051 4.494469463 6.790830903 1.356021086 5.426164366 2.789072374
13.753504506 -16.973362073 -6.392159949 0.008815110 -0.995879664 -0.086608896 -0.025394653 6.699799149 2.325932706 11.483861350 1.811342823 6.730137489 6.052505240 4.812247768 5.236604134 2.832975089 0.157264289 1.838758334 2.693988511 1.908245295 5.125628827 4.876295518 9.743140691 -0.281761735 4.961295560 2.375039654 7.997913342
20.060987495 -33.899455143 -6.861112825 0.025728617 -0.069479319 0.137489224 0.987728392 0.607978618 2.519070732 1.235285953 5.284949331 2.946567983 3.865160684 4.206852597 1.702894733 9.613326205 2.226465770 3.960329171 5.137831380 3.554953269 7.019042255 8.901492554 3.233706616 3.295035239 8.770008521 4.073672301 5.263179728
20.453452546 -30.673366268 -0.948477531 0.603617375 0.790685392 0.073573308 0.071060844 -0.841006971 0.092901132 6.543420316 2.966742033 7.887892711 1.562929952 5.915027305 8.268186019 4.288768201 1.394611779 1.904579143 -0.462737227 1.695565870 2.914501041 2.129907874 6.103717102 9.776370929 5.590556923 6.075832674 4.707307650
24.163746286 -21.164183017 -6.128875356 -0.641245918 0.429856435 0.511697733 -0.377084270 4.681291012 3.180895973 3.434940025 6.302053252 7.417050270 1.682918780 11.004471860 3.787299329 -0.623550282 1.348281164 4.435938553 2.639257953 1.245194907 6.208544376 3.982687789 1.664067583 5.139045039 -5.533392126 3.298471132 6.265794427
23.242283962 -23.082929767 1.582920148 0.226515615 0.560522764 0.095885065 0.790766060 3.134378249 0.576348304 5.522943456 3.310202862 3.909170009 3.293160682 5.844187974 5.658869021 3.700295023 2.673383484 0.438818613 6.094763629 3.814651482 9.284705753 6.827390977 3.767899646 6.122523346 2.815565425 4.287495120 0.894342497
17.172395560 -26.022594589 -5.271842917 -0.718110537 0.668996283 -0.068711302 0.178997173 8.059240678 3.943150556 7.150967190 13.748907538 0.224058641 1.644743899 9.251896015 4.306815926 3.021521980 -2.868998628 0.978783568 3.971398313 5.151640370 -0.421550935 2.402818622 4.419359898 5.384185426 -0.214647560 4.672320607 9.942854299
13.178528379 -29.291625407 -5.053251030 -0.768117921 0.593025872 -0.116631350 -0.211452839 3.209034663 6.529775056 2.715759775 0.071049154 0.737305871 3.900763724 -1.201055238 6.116092927 0.413346718 4.601456392 6.504639992 3.667570940 2.891010706 2.899634005 0.993728505 -1.157896920 3.925032631 4.456229174 -0.180131233 5.438790090
12.984118386 -29.355507915 0.709393206 -0.459683968 0.365804520 0.650604486 0.481239551 3.658487529 -1.047621135 7.626841763 5.874207387 0.792207443 2.993170139 3.374596307 7.933426254 -1.692453563 4.726895762 3.892469510 1.994217749 4.235999160 6.137940272 -1.201391341 1.904829408 4.298639153 8.089448878 0.589134110 3.830833177
13.286481571 -27.938325140 3.850755855 -0.057033104 0.023035537 -0.985722069 -0.156743712 1.972503642 1.608889371 3.536410043 5.634424339 3.639785145 5.614041395 0.290029318 3.727571191 3.722813033 2.516594322 -1.528115104 6.652319243 6.356971024 7.941070137 3.565091855 2.942914798 3.785776849 1.946320372 6.624785975 2.121029883
18.941628120 -29.274138332 -12.163004668 0.211787319 -0.241681145 0.295752780 -0.899592490 7.058268602 7.268476889 6.042414807 4.015507906 2.374449130 7.150985868 3.572900368 1.282638191 -0.763236696 -1.230715834 8.472301756 7.309564917 1.880853706 7.653587041 4.068143093 0.539813198 5.128097980 4.033007362 0.343656537 5.111019826
17.192752179 -20.008761170 -3.960714693 -0.846002632 -0.328970996 -0.417063846 -0.045993245 4.897468099 4.242434461 7.783488842 3.646415964 5.997147226 2.352765959 5.502734377 2.691455144 -4.701660908 6.306135451 4.587802893 5.476958939 0.321866672 1.440833289 4.301108029 1.065158315 0.397391762 1.837679018 -0.085912099 4.250618107
23.994211460 -25.772516012 -9.169134893 0.091500034 -0.191828889 0.436454137 -0.874263809 4.293510882 1.518198646 -1.670154077 2.355335401 -1.069331870 3.306200774 4.787455018 1.925528901 5.530120089 5.517669649 -3.656175683 2.121939524 7.250218916 4.594364878 7.476507484 1.689975569 3.691972563 8.959276696 2.249686264 4.693089813
22.298658641 -31.243061154 -1.602794409 -0.355370569 0.027203864 0.756135979 -0.548844323 6.699208494 6.230958680 8.861703279 5.085484120 4.497404049 3.609814189 1.104889587 4.110586964 1.124066320 2.301753721 5.255198827 3.403178935 1.476303057 6.597127168 7.086484368 5.457007306 6.470824380 2.285689237 0.711418375 2.400320849
11.095145907 -26.306373851 -0.061111506 -0.687178755 -0.575619323 -0.442571472 -0.024046741 -0.433795661 5.265991395 1.095703083 5.342084702 6.390280776 9.881463135 7.461555313 0.739607767 4.640695652 7.934149016 6.486520878 1.606968984 8.880099094 10.237620954 10.024202624 1.353891040 0.919031336 4.256560295 4.465900937 7.690403625
13.989215177 -25.230457779 3.237326733 0.435500944 0.364499597 -0.766207524 -0.300674244 2.809809565 8.026090374 2.972607853 6.157356708 1.679265723 2.610302989 8.358422559 1.690027252 1.191053013 4.473131741 2.222142841 1.319134235 7.672601912 2.293393412 2.691434789 3.940911170 2.028508869 3.202161878 2.471209709 1.702041097
14.156509803 -27.167545975 -1.826766755 0.296431671 -0.213652754 0.924021685 0.112537505 2.698034425 0.256974218 3.452796537 3.237964932 3.201723912 2.488035452 2.060762782 0.751719813 -4.363522217 5.475548694 -0.826994736 1.078301625 8.015290404 -0.012374367 7.057225247 3.719860949 9.987452316 3.215058793 3.738963731 4.378340744
25.730548561 -26.156094590 -4.019133044 0.753622155 0.188275370 -0.568301049 0.271366819 -2.769511047 1.502120260 5.918187009 4.127464515 2.015444616 4.300455418 8.852969140 5.568319543 2.016477208 1.928016463 4.980047494 7.881819971 6.261916364 7.675594009 5.210789165 1.473477420 6.631883056 1.223716465 4.175900439 2.526369044
23.839677733 -25.913932877 2.063019467 0.251153498 -0.388777713 0.442557290 -0.768060450 -0.305241302 -0.545337797 5.211949263 1.608093141 9.384928327 5.547160869 1.711425093 3.826097279 7.420472537 1.923619177 1.394086374 3.657178842 10.833573561 2.723389618 2.446102076 4.495404953 8.494911562 2.873037975 3.675435706 5.207259537
17.467120143 -31.934639791 1.441953692 -0.962179195 -0.256828877 0.090485178 0.007909352 6.121041359 2.723453828 4.771555584 2.251223662 6.949210366 4.772831033 4.534558678 6.105226886 4.981304009 3.553231246 5.075035761 5.705589438 6.924607484 2.603004166 -0.857266682 5.480701477 -0.619886545 3.035742242 3.508387795 6.100389199
8.114934493 -26.977343719 -0.128276945 0.292053772 0.105178684 -0.864861848 0.394532663 2.437716930 6.923536821 6.015968061 3.209390860 4.270140316 2.311932644 1.415130333 4.770630641 9.012840800 6.492626598 1.569272479 0.566251244 10.116222689 2.076479226 6.618583013 5.744053305 7.658293842 6.187233411 7.042875728 2.031078254
10.666017434 -31.611509576 -2.406877665 0.551720846 -0.814350770 0.147433422 -0.103442340 4.222829645 7.548869299 5.843813230 2.272775381 3.063958749 7.053627722 8.004431090 3.817960799 1.046556236 7.121269196 4.871422567 6.792954471 -0.762584784 2.016699920 3.919976893 6.142737397 3.070052761 5.431069721 5.655788585 4.420140626
17.495393725 -28.119516381 -1.373669719 0.422389956 -0.481227386 0.295014660 0.709206090 3.925305827 6.541986371 6.838605367 4.121191663 4.374216207 4.689506426 8.229941691 8.983246112 -2.394319623 0.218157324 0.043621110 3.862145554 0.726484605 1.557061789 6.796536338 7.724399511 1.319881974 2.580462152 5.422524145 2.852992210
14.758288207 -31.170758046 -8.853409045 0.730123707 -0.458508893 -0.163546637 0.479522121 2.735728634 2.762396946 1.521293661 0.304638971 4.625036576 2.542296395 5.119007838 0.737799273 6.155557577 6.610682523 -1.721719494 8.194237352 6.137234447 5.834169216 8.337416190 5.703059583 2.369366537 6.004605648 4.894554000 4.456896592
20.013244806 -31.324669625 3.041516212 0.225849799 -0.605916967 0.569714757 -0.507229329 5.166831230 4.750730331 5.441376299 0.997640186 9.321130297 6.144128551 4.269981052 8.921920277 3.166313565 9.597233671 3.590631023 5.498915703 1.386938592 1.939525248 4.356717539 2.797542247 3.394388909 0.418298705 -1.375498178 3.617677863
20.033644771 -23.883872144 -3.676558519 -0.149201764 -0.242158897 0.957539809 0.047068205 6.989208961 6.407618205 2.328155682 3.418280553 3.801472077 3.455307948 2.516942954 -0.431891881 1.704557893 8.852865932 3.254683666 6.352686301 6.649833562 5.275167032 6.905181779 6.156884835 3.615593662 1.878192848 5.843477868 7.641650137
21.694078041 -25.844454768 0.063328845 -0.925818822 0.089734396 0.290961836 0.223938513 2.508933447 0.409188684 4.159197901 1.663467086 -5.062066101 6.369386863 2.594708261 -1.842405004 4.322617830 2.004056970 10.270953028 1.036849845 3.713415910 -0.791609968 2.739287011 2.539222555 2.680688489 8.248921615 -1.029950839 3.399795354
11.856206259 -17.566967481 -0.608554960 -0.216708739 -0.451695881 -0.287359608 -0.816353238 3.377336247 -0.004851734 6.225748521 3.608795955 4.569657331 1.969800213 5.015125710 5.077778846 1.792869591 9.301448404 3.014998171 7.682208550 1.693419584 5.691189764 8.841137004 6.160192611 5.240797273 5.718653914 3.562663005 5.318390551
10.859493054 -22.902130084 -0.223299425 0.349653729 0.666358768 -0.429177668 -0.499514556 1.929532417 0.916794155 5.711849636 0.631584344 1.547481304 4.280332824 4.044295171 5.298363728 4.587888825 5.426671341 6.370116949 3.488682387 4.849642672 8.785834510 0.879494965 8.105398474 4.441280360 7.667588292 3.578123711 2.043193797
18.687337507 -23.936500972 -5.441535362 0.543151420 0.660419372 0.516770557 0.042201658 7.546256043 1.892183692 4.037699476 4.035684193 1.449720840 8.537070066 3.346580927 3.258600966 3.259659272 4.369838968 4.676079096 1.257531583 2.209297161 3.213480347 2.872388699 3.787345716 1.947361281 7.429150560 6.796191123 3.789820923
18.034915525 -27.016798312 5.992134347 0.881115603 0.338340127 0.302271922 -0.133390170 3.920564602 3.380756418 3.722277717 4.344921948 5.218219115 2.903045657 3.882416197 4.836633692 3.251039195 2.109095495 2.239952986 5.204249693 5.446345241 -0.327852995 2.170258136 10.394155827 8.401568930 8.051703691 0.011686494 3.227104636
23.602069113 -28.505694999 -4.713355913 -0.503104760 0.482118388 0.305509446 0.648930997 10.283870505 6.207005771 2.684886261 -1.008367904 7.908678719 4.232799658 3.336317377 8.860893667 3.023938351 5.060359958 3.847872621 2.618122399 0.089022061 3.003565996 0.397058320 1.710081403 8.846358112 2.879862454 6.983467666 0.287558077
24.551057805 -23.718068387 0.517773456 0.011375901 0.426142068 0.883053838 -0.196187272 -0.301527691 3.171158372 1.164708752 3.586011888 7.222540953 2.578773467 7.324537267 6.872990187 3.218927970 7.914633673 7.286075128 8.853334290 -0.353638082 7.506317994 10.731319089 0.972063107 4.426282304 3.207289882 5.742569914 -1.152792744
13.154285655 -18.168711836 -4.808268566 -0.014209045 -0.771699809 0.273493705 0.574002352 6.707553702 0.364760525 3.366455608 5.545746910 2.916202711 4.847017609 3.769129038 3.814158908 2.797965289 7.566299296 3.473042215 2.705117578 2.738986215 3.901990432 4.002119907 5.408545003 -1.439085995 6.219272719 8.777398197 3.020992060
19.178151344 -27.325350608 -8.760615690 -0.156533271 -0.524746225 0.641592462 -0.537119956 8.921261922 5.103458092 9.735486240 10.565795894 9.509515215 7.790666818 11.445835611 2.714308644 3.961693031 2.210450545 -0.263571104 3.463327404 -1.633374967 7.606400240 -1.079226432 1.676813022 2.717625696 8.908487573 8.177119318 2.327930444
17.883755203 -22.066603264 -2.024899237 0.823222772 0.438013266 -0.218599710 -0.287511415 5.360731869 1.540116028 7.057479784 3.378168332 6.099208544 1.713836911 2.966237738 9.894336133 4.843341619 2.782478966 5.950071812 7.595491308 9.079961132 2.705363633 2.540314142 3.319716829 5.871850061 1.912732218 1.630143423 5.359543541
21.501577937 -24.039888602 3.690210873 0.709518171 -0.700167124 0.055438990 -0.057240564 5.373571320 1.744212889 8.286529987 6.725640828 5.614459579 2.530611959 -4.897246076 4.535939663 1.510463611 4.123715896 5.798425175 5.121096829 9.385835127 -2.471748950 4.628559632 6.033240784 1.429632946 1.722963629 4.569101505 4.793369853
20.558761685 -21.462339649 -7.678723473 -0.004755392 0.727939317 -0.320342433 -0.606186821 -0.706144921 4.020924190 7.404626918 6.421357347 1.491336703 6.939308823 4.443762938 1.051343166 5.500640010 1.023146667 5.861307281 6.475518045 -0.949706654 7.304164316 2.370753586 4.073528608 7.089430687 5.221078612 2.465975027 0.804247842
9.832155752 -24.002791959 -3.857932486 0.213012023 0.471820925 0.652766024 -0.553088972 0.733131298 7.938097722 7.389412754 7.309866264 5.897081225 2.808082570 4.335768580 4.065472922 9.173785985 2.021160775 5.431041060 3.574182675 8.627585588 5.329198138 3.681425421 4.479706224 6.519154768 5.657314744 0.238957975 -0.370698164
22.730894925 -20.992230514 -8.557164410 -0.370187195 -0.765707273 0.230775542 -0.472648349 3.421889391 7.162513634 0.059084694 9.057394383 4.684566355 3.873793898 1.168871239 1.847709841 8.247022120 3.800716822 2.493232142 1.531970253 3.891204734 2.040673819 1.680899073 4.516845332 5.319598265 0.670038989 4.994324475 9.519192541
16.805295376 -30.006630511 5.251534593 -0.027647151 0.644885005 -0.458541219 0.610818235 6.664617658 8.962674753 5.143561153 4.766217578 2.881808265 1.094011275 -1.665412880 1.548306150 5.836644921 9.345584080 -0.355349712 4.635006445 3.646804781 4.204668832 -0.496903728 4.425971033 6.070345353 0.875090724 7.654773793 6.777379150
13.605982395 -27.296052722 -8.988696587 -0.333212718 0.850244919 -0.406825185 -0.023369451 5.404186485 1.847884979 -1.567147514 -2.449618278 4.790473958 5.791078431 4.989120133 6.245413498 3.632763900 4.927939766 4.325332500 9.969504875 2.299881880 1.658909292 -1.547167370 4.697600808 5.367834371 6.335483788 4.338469487 4.851891425
12.318802858 -26.778824316 -4.173518439 0.529020428 -0.787970309 -0.307148267 -0.070000861 6.434287587 0.282553967 -2.804298402 7.029310313 8.241597771 -0.686318972 8.268619002 3.541914060 0.609578177 7.037666571 2.165998695 5.420332197 -2.289814117 2.445392097 3.384898656 6.918122455 3.682988257 3.328996728 5.886902129 9.038711943
19.539799557 -29.168073327 -5.786628681 -0.858553900 -0.389196084 -0.297805323 -0.150743486 3.737296529 6.377205892 3.964175425 0.438826729 8.649932110 1.356704453 -0.590387618 5.622886898 11.024041209 5.644695655 -2.072293037 2.362940077 4.894840584 6.283218864 5.172152456 4.005253116 4.042494028 -0.168684845 5.808572682 7.602115061
21.746284308 -22.339891662 -8.467897449 -0.588008343 -0.664210895 -0.367572150 -0.279214594 1.334366465 -0.789983113 3.517240130 3.701144263 3.295646973 5.527521156 1.078476246 8.083145346 8.144047737 4.631912892 1.896477124 1.317441073 7.496582796 9.674629401 0.037514722 -0.301131726 2.665398427 3.944127762 7.922164523 0.781765368
19.784123018 -24.625446573 3.220246061 -0.442637171 0.553977005 0.089631738 -0.699391138 -0.125666282 5.272763343 5.645716839 4.057700929 7.288657542 5.255166149 2.202032485 0.205570548 6.883352352 6.140633279 5.774408568 4.816917644 -0.630338047 3.683928434 2.898323822 7.919959153 4.784651551 3.782451281 -0.809811564 -0.249599943
24.949715732 -30.822838620 -3.306057112 -0.822438164 -0.070728917 -0.279958968 0.490118213 7.436495598 2.834260172 6.066817221 1.780272316 2.473585234 6.462336645 3.614563479 2.201663267 3.599022494 9.069748123 4.925507211 5.907435672 4.241647300 -1.037118821 -1.587690703 7.949522133 7.959414472 -0.132726144 5.110796363 9.603684323
13.817189452 -31.295948801 -0.367347974 0.776724641 -0.221258090 -0.432464425 0.400896758 3.347287605 6.611269131 5.990243577 7.699719933 -0.026776656 1.085440572 11.239912330 1.858826712 5.665677645 2.718891312 9.575236799 3.576009337 7.703594585 3.468097472 4.080375073 4.441617588 2.261285480 2.896380963 4.312453968 5.028466218
21.173721299 -17.315131362 -1.111209229 0.327384259 -0.390565983 -0.844564451 0.164282222 -2.381899041 4.278508291 6.211058026 0.639536390 5.469604323 10.158174365 6.485580431 6.424266499 5.493013297 4.116895408 7.622075491 7.635349422 6.526647612 3.813199882 2.573243174 1.961066545 4.695778296 8.272360590 9.365399608 6.261782332
15.188138318 -30.968484622 -0.609243412 -0.320550540 -0.077412558 0.944031764 0.007660058 3.287602090 -0.205237622 9.151990132 2.219796555 7.251147691 -1.156200163 3.548740820 2.405789206 1.767047776 5.775086752 -1.474698668 2.516114375 3.201934626 -1.316154899 -0.415139031 11.393402255 5.046219008 3.787839434 0.033453701 7.649618970
14.322452047 -25.005010346 -8.002645164 0.349113043 0.097582216 -0.498467650 0.787481934 4.064119697 5.086439816 0.944791524 3.013692138 11.384123169 4.623000400 3.434862035 5.943075841 6.147735742 -0.607968637 4.023748887 0.580858249 4.910866666 -1.412716415 0.876085487 6.103190450 4.548545082 4.153579538 -0.494323058 6.231365648
21.442097742 -24.037510681 -10.937031279 0.117450278 -0.272586377 -0.249383337 0.921797185 5.760579837 -4.392100303 5.965451867 0.451295443 -1.334604598 3.147872878 2.977108993 8.542028960 3.685762674 4.928495538 5.240303020 6.795753348 1.155768159 7.582843935 4.318646516 5.729925592 3.884494343 0.206638257 4.658449346 5.191548009
15.691295606 -22.211163542 -0.269749094 -0.064490585 0.958190375 0.231806008 0.154848779 5.958599847 -4.406522622 9.958766495 -1.206260429 2.498037998 -1.842172251 -1.151774251 -0.588093787 6.545428292 2.138909667 1.809242429 2.571457025 2.512676351 8.969533687 7.757061116 8.379851412 0.337054412 3.468028333 7.761244178 1.459966049
25.213466933 -22.375690675 -2.927277860 -0.437562221 0.034955666 -0.808065926 0.392870034 6.437887956 6.287084632 0.625217996 5.353394251 0.797654898 2.994769498 -0.686436178 9.884402979 -1.009852757 6.822778554 3.582226626 4.374301687 7.591418416 6.266267852 5.159231124 3.630441990 1.887451145 8.204445441 3.382633464 -3.468835584
12.711979763 -27.011883306 -3.962655028 -0.422110267 0.555571029 -0.113480427 0.707308948 2.309372299 3.026863379 4.619908503 3.006732913 5.789074160 7.590814574 -0.619916156 4.560677458 1.586838572 -0.865309211 1.343630209 4.418588024 2.718625781 -1.770132877 6.326224281 2.362131138 7.051854594 1.738373295 -4.919708073 9.981871530
19.708500325 -29.362743621 4.057239874 0.467249874 0.077901404 0.689423138 0.548000606 6.998538637 7.132362599 5.760552687 6.963698462 1.492067247 4.072507006 4.317743949 4.290704033 8.078440532 1.902305324 4.908024595 5.063443729 5.925569486 5.929232562 3.535811236 10.376834571 0.709316394 4.229707995 -0.294962240 3.708368845
25.223207937 -29.801303548 -5.662670746 0.172231778 -0.900451466 0.257957459 -0.304928387 2.531578478 1.778328494 0.569818960 6.593028778 9.159369331 7.568649074 2.240969645 -2.021029333 2.739012560 6.769434183 3.981572671 1.628716535 1.468959051 2.906532182 5.996866201 2.439585233 7.196563580 7.969724581 5.119600266 4.788673646
17.729478706 -27.117897621 -9.632442598 0.676854753 -0.614335350 0.268286271 0.304108859 8.437661964 6.284806921 5.975727393 6.180606774 4.376029016 6.926115611 4.536574828 3.261464575 3.105116087 3.839433330 5.895061531 0.739737185 4.589416991 2.598761627 0.637359888 4.565310100 5.313090118 5.651224417 1.956363665 1.056171818
16.245920431 -29.164354434 -7.241890879 0.791652806 -0.213330309 0.112898765 -0.561275229 5.331236363 1.685669739 2.478140299 7.284887417 6.170405943 3.314505632 3.397653725 12.559702824 2.075060153 10.477143063 -1.229578849 9.474088265 10.236285661 5.388844336 4.377663101 2.540047953 6.687853900 0.893224373 6.886198576 2.147088613
12.270116372 -22.413368490 0.600162029 0.385011785 -0.522471411 -0.741715456 -0.169256413 6.752979951 6.817034616 8.680403224 3.121987301 3.150039915 2.622838191 2.085959443 -0.747790033 5.377661021 9.973535082 -0.383914838 1.135770560 8.589003490 -0.440015752 0.332979669 4.668442474 3.344178052 4.343314172 6.152802630 -0.653594083
21.197192172 -28.350657646 -2.959182610 0.604136279 -0.066530345 -0.792711095 0.046927487 4.814641151 2.364744053 5.975602682 -3.187623466 3.008630686 6.636180593 2.401826061 5.907512789 -1.351660108 6.221349602 0.684155294 5.575152464 6.335715202 11.035420762 4.156000927 2.270573285 7.284287966 2.583379145 6.589408458 10.801950176
18.047040525 -20.506239700 -0.083933246 0.302633937 -0.565892829 0.267626814 -0.718716839 2.063175570 5.502176664 7.816972314 6.681265330 2.883436944 0.640914406 8.016770857 5.804295831 6.504002111 1.624453728 2.092595899 0.814867605 7.390562134 4.971625669 1.552733714 1.902304002 2.633778674 0.860319388 4.280866349 5.980377632
24.208774172 -21.354957449 0.736871387 0.629545264 -0.431663280 -0.137570306 -0.631200431 3.398910409 -1.067417981 -1.068563727 -2.169356058 4.220008792 3.113069320 3.613824973 8.659031174 2.608779176 7.728156255 2.749651667 0.231811937 7.161511826 6.086173642 -0.480301577 4.386421212 3.677023098 3.737850223 6.432760170 2.425305634
16.373849163 -25.702593292 -4.846195039 0.441536045 -0.163360194 0.821853028 0.320806745 1.096323321 4.142734990 0.905014111 6.065303313 5.321543651 4.980496314 1.318572371 1.896431152 0.700083528 3.355827765 3.884100688 5.224577949 2.602002344 2.965387046 4.666123744 3.614019493 -0.946439889 8.053160051 9.923651452 4.810191398
19.603227012 -34.005699759 -4.919058415 0.207865893 0.309177783 0.784379933 -0.495932445 3.599181976 1.761536175 4.540257798 1.815841148 -1.048533901 7.287949042 1.423028440 3.998727104 0.534316119 -1.764296590 4.150974706 3.953152546 2.825863664 5.225493054 6.311620018 7.636403878 11.446174039 3.338985105 5.280671056 7.901369987
20.832350899 -32.882573194 0.483582615 0.031204994 0.097301967 0.964116811 -0.245025205 3.015006995 6.618499604 3.436633228 2.149061054 2.438966566 6.990663051 5.313959311 2.100298812 7.874729037 3.807620313 4.712578081 4.958468896 8.404257162 1.168932618 6.655435218 1.838694986 0.215464885 3.991566251 2.985250108 2.864285221
17.518776718 -31.278969257 -7.198757792 0.703680367 -0.077044442 0.585339220 0.395317711 5.706651962 6.667947055 9.078890695 1.973427748 7.632606704 6.789947274 5.777164936 3.128291423 3.924612277 2.309885375 2.932938651 9.739459818 0.595145252 5.563373290 4.891774729 1.992527075 2.683530920 2.726011424 -0.062622502 6.251268593
19.710258005 -28.634171395 -11.170442255 -0.352089681 0.556977303 0.138260327 -0.739387059 2.560753786 1.097788214 4.865572405 1.667646737 3.713087001 2.419731019 7.682559874 4.187777581 5.532613305 4.319030015 5.510747893 0.009789536 12.731026990 3.655287952 2.728497192 0.693235408 5.091458265 7.853903283 3.347348943 1.776112225
22.020797051 -30.238846979 -7.749647599 -0.153461089 -0.817262747 0.219113200 -0.510412287 6.193861816 6.563746049 3.471540471 7.350396219 9.204558739 1.933648410 2.172723945 4.430683877 4.002665738 3.724230256 1.643102053 -0.693879557 2.775355488 4.519387991 -3.331561602 1.582767279 4.313389498 7.827664090 4.388617130 1.625661478
12.414025436 -20.004944308 -5.485332812 0.416872625 0.718625867 0.339583551 0.440995566 7.768400225 -0.255840618 9.302405009 11.459452779 3.090618067 8.619913675 1.687489719 0.660205746 6.069548951 7.845394655 12.339995107 1.033282526 -0.505589253 4.380239567 7.013075474 5.358321365 6.692056075 8.504239506 -1.761285282 4.244669159
11.009587291 -29.127575946 -8.426210989 -0.479762889 -0.364103926 -0.465389079 -0.648589937 2.552087752 0.954394612 11.756350050 8.262196627 3.831264697 -0.161268924 0.964594720 5.107832634 2.725080292 3.698286030 -0.145807296 0.800224445 0.441572704 4.415423773 2.411907236 1.391904434 8.219849290 -2.971625426 1.792778610 7.154930904
15.234851478 -22.450223542 -1.383291569 0.533913687 -0.342895971 -0.195906303 0.747649148 2.026439048 0.301789408 3.077300852 2.058036188 4.606241217 5.190494907 1.300097592 5.061261697 6.074244783 11.468592054 1.941098818 2.444478292 7.628133637 6.383023256 4.248180685 5.226148043 3.337342292 2.329405692 5.794641108 6.855288417
11.373585466 -20.864363028 -5.939861961 -0.228033674 -0.700885344 -0.649575197 -0.186580925 3.885120125 0.542484206 8.766620978 5.602956489 0.292023574 1.741941300 1.614894347 2.144215698 3.477213273 4.051633632 5.354724483 0.354110017 4.688577726 3.775445387 3.816718330 9.317515038 5.148902388 4.805040103 5.039020761 9.094192688
7.255332426 -27.418390112 -0.666425313 0.591555182 -0.056752912 0.346433940 -0.725827182 6.226471377 9.218347035 1.805136268 4.484611570 5.784130829 1.412068876 10.189419661 2.359932032 1.818878828 -0.523897454 -0.700848115 2.623807209 2.069392407 4.380754591 7.949146848 3.430318660 2.383845134 0.748762985 6.732626736 5.594572820
18.588776236 -31.985852682 -2.973432495 0.708864176 0.289595925 0.222840641 0.603314038 2.131438189 7.209091811 4.502262789 4.746766520 3.904506912 10.525144324 4.518733447 1.416181929 4.230013555 7.073463482 3.827030804 4.648729792 3.903847627 0.116649352 2.894220648 -3.794385201 2.940872196 4.131465310 4.437531453 4.275779252
13.520923055 -23.574922296 -1.665358328 -0.154531860 0.962140843 -0.214775373 0.065394501 4.995028057 5.568919917 6.533751513 3.583535301 0.751857130 2.449685508 -1.072139422 1.524097759 0.517884154 11.979789925 2.446772046 0.764836112 7.786101694 2.187137246 1.346649698 -0.078375131 6.597872323 7.974102796 1.947016477 3.153768791
10.970115189 -27.796662043 -7.174881244 0.214097461 0.327944446 -0.732475240 -0.556861509 2.616788492 2.193110978 7.061860632 0.323547065 -0.994636277 9.491236703 8.226049427 7.868223506 7.463946413 9.918088941 6.442244962 4.361493353 5.041877296 9.162594683 -0.953924608 2.547121310 6.576274317 4.873643116 3.072403289 2.119131317
14.374572375 -31.833150151 -10.844776500 -0.612149657 0.713952801 0.292252274 0.173588027 8.767215165 4.902223090 6.369489327 10.090432123 3.477157965 6.451325656 4.917572461 1.685805958 -1.684229389 2.111408305 6.899662074 2.854365328 0.826767071 -0.248222473 7.230070877 6.305853605 5.561120669 -0.279381824 5.192549673 3.686941428
12.746921853 -27.993127157 -1.067254853 -0.192557805 0.256914837 -0.781923649 0.534332917 11.168664913 5.490968273 4.331918482 -1.037368032 1.094636150 0.206027245 2.851521108 -2.963946566 5.257984641 7.187638578 4.783315525 3.746423559 3.725221866 1.904177234 -0.325723822 1.863531295 6.031430979 4.111690650 6.024255385 4.124727182
14.077378436 -33.823919295 -4.940442464 -0.491776430 -0.775163684 0.145102514 -0.369083279 2.845716275 2.550022359 -1.561387671 9.125713326 2.022622883 1.527856490 0.261828303 6.817508614 2.737242516 10.780956743 1.073792893 5.169693058 7.737340389 3.119857869 0.452586763 -0.026417041 4.887090667 6.759934761 1.709695693 4.556701049
24.268213379 -30.939503282 -2.076324170 0.296739771 0.482811786 0.239562463 -0.788319804 -3.479916322 4.404572113 6.051236997 4.061291243 2.984205049 1.057279760 7.371057427 3.809538209 8.411483187 3.372690262 7.192780280 0.804738773 2.611521266 5.411651397 6.580734499 7.022339065 6.234092356 3.858525769 6.303994566 4.161172437
18.763738491 -26.808075068 -6.109916067 0.157775413 0.905059669 -0.247699750 0.307601606 2.764818203 4.169029772 10.138231159 3.753983080 2.060426853 3.563573755 4.166473551 1.829994187 6.065360185 -1.139917060 10.633200050 1.024192626 4.187791141 3.952372096 4.316810061 1.182930665 2.618620701 3.033074360 3.241956915 7.463835031
13.260365364 -28.507544458 -6.884589756 -0.665078212 -0.019996618 0.581076726 0.468637329 1.138724102 7.108712542 4.738789804 3.679843354 3.992255042 1.309222863 3.008854343 0.420921621 8.508761535 6.102983501 3.473510662 -2.035148106 4.137292541 3.830313407 2.710537972 0.355759636 -0.397343061 3.735337182 5.647521251 6.042774763
17.175261452 -22.439846149 0.000978858 -0.159934242 0.671655115 0.360403382 0.627223921 4.189641102 4.629467372 -0.059624480 8.288233329 7.767039263 -0.110509677 10.046305945 9.560792698 3.310164607 6.863468946 1.202668483 7.168126392 8.028819606 0.440484793 5.949666203 -0.053982754 1.077968609 5.887449264 8.123135500 2.139674939
10.567109418 -29.382968129 -5.742642023 -0.550171893 -0.726710356 0.051265970 -0.408135697 7.786178741 0.780733967 6.862032100 7.955072912 9.097204673 4.071383405 5.579979515 3.935655636 3.929058405 6.185219290 2.187690658 -1.937512061 2.704712458 1.319118569 7.968984638 3.369630814 2.128153643 1.363734904 5.557564977 11.894299066
12.055905472 -21.903561282 -4.424326673 0.705433031 0.265148290 -0.467415219 -0.462151096 3.998852993 7.325027208 1.745343299 3.220259464 0.115560738 5.426481885 4.329380289 1.868564995 -1.888483814 4.522726421 3.457234082 4.155734432 5.094929944 -1.229458789 5.687048966 1.666046917 -0.909328419 4.515136544 2.972840407 7.772375675
19.535541234 -28.401779671 5.789071662 0.527278002 0.490388515 0.556028104 0.415126199 0.052489976 -0.026698226 4.533054800 0.309561218 1.806370598 8.790255710 5.720421107 -1.038460826 4.235925827 5.267265169 0.974305433 0.032357910 4.214397108 6.448772711 3.569193022 8.733280844 3.308924601 8.497347896 2.709154158 5.971016204
17.835730367 -33.987308180 2.195812619 0.271002148 -0.162325200 -0.947385874 0.051656268 3.888496650 3.577147505 -1.032362936 5.720347062 5.858660594 2.981160731 -0.813438171 7.373093015 -1.037577088 2.904837045 4.949894791 2.727885423 2.831123022 8.831054407 6.100079554 6.078874850 7.672253428 8.307702864 5.454580450 6.226589673
10.429822444 -24.453691712 2.696285872 0.412415378 -0.065073671 -0.572058473 -0.705994389 3.828107270 10.135854346 9.357727681 5.609427592 2.814663099 3.074582536 0.371575551 5.047501112 6.606766586 7.207161036 9.344920450 3.027431350 2.075064094 3.819326730 2.949511589 4.944687113 5.792230840 0.098317314 1.230930655 4.317657539
11.431941377 -25.657327967 -7.607019785 0.003563263 -0.605557716 -0.684753126 0.405463083 2.742196121 0.191917831 6.458861113 5.310802455 8.953045830 4.069232929 7.606616878 8.353939754 -0.591527202 4.593303379 3.158192318 5.704551163 0.913071286 0.435448804 -2.093596632 0.864813349 5.796806085 4.890575625 -3.301777331 1.241109372
16.901119454 -19.023570231 -1.841610478 0.895963225 0.024281814 0.134259334 0.422652012 5.457558185 6.838886629 3.293485019 1.891878199 -0.999716144 6.936663520 6.041836379 1.002116836 6.206295378 6.912183149 6.536368930 8.975844769 1.735866969 1.436828737 1.791263376 1.591468828 -1.345122967 5.288600865 4.760401053 1.400854846
18.749329145 -26.662614304 -0.327279031 -0.311833378 0.908642736 -0.272909179 -0.051467495 2.397441046 4.224203224 3.487317199 0.051459982 10.485980234 4.764657148 4.035681248 4.863695536 3.343364277 3.851296524 5.395041354 4.261813630 2.022234013 9.739373176 7.510170701 5.650825841 9.708976479 3.968948086 1.259955091 6.702167748
19.404494045 -20.129686846 -3.444602911 -0.112477063 -0.838347760 0.000558692 -0.533405692 -0.380795479 6.848181705 3.049172410 4.192423066 7.102091609 9.088979213 1.795574914 8.983553029 10.024783398 1.612380354 1.714493726 8.095730078 3.467425568 8.970622061 2.427343668 0.926545419 4.689293943 2.579860381 2.951780467 3.452664317
18.363257031 -20.916308580 -2.562670332 0.449194202 0.649134166 0.595667466 -0.148423966 4.174949289 5.288142813 3.090071229 7.233478499 6.027979854 8.231682776 3.871887892 -5.352445915 -0.518214446 3.053361421 1.189104673 6.128498850 2.437781734 0.661850144 -0.752357873 1.757892237 4.531013951 6.297884952 3.243260701 6.038829433
24.189508236 -23.959297780 -4.351514504 -0.072623688 -0.202182202 0.826709734 0.519999205 3.520942822 6.787872242 5.488175644 0.665023414 3.348386251 4.967022174 4.106716529 7.792959197 2.307524225 -1.985375516 9.323494918 8.034110584 1.597929873 7.990915345 2.169468896 0.122901910 -2.993540686 6.535973048 1.390540674 4.201186530
21.767854279 -22.710469477 -6.912222831 0.545589641 0.294516185 -0.454758200 0.639364638 0.516194658 4.489048955 6.161448841 3.805741850 4.227008871 -2.200240121 0.576961411 2.735070733 9.625203100 10.005903604 -1.953903414 0.023398430 -1.582232582 5.356022564 0.767482517 1.885986023 -0.897854597 9.542713930 2.127218187 9.621994361
19.819391005 -31.136138180 -2.607454551 -0.018790159 -0.384299254 -0.094782448 -0.918137953 2.444023462 8.544637467 7.119755352 4.376353633 2.031805135 2.852506380 6.391337251 -0.447508418 9.255887804 2.574482629 4.232888539 1.747022331 1.010055694 7.112783474 10.777023463 -1.168607774 5.372790563 4.929214852 3.288527619 2.093838726
23.822522184 -29.345741273 -4.775306102 0.339130432 -0.124607407 0.363922678 0.858500920 6.510213640 3.464981987 6.881856024 1.211347902 5.128410629 4.305506618 -1.506953240 5.539564459 4.423242900 7.517149694 5.929317564 1.804247326 2.457334188 0.806518207 1.499242202 4.922290143 4.184305859 5.642022980 7.528836679 1.484244349
24.525235800 -24.005277285 -4.931761085 0.944621239 0.301490340 0.083971197 0.098707283 0.523198583 5.925005855 4.928436602 1.230429305 2.848062156 6.525560766 -4.510798420 4.863158774 3.752550202 2.403447073 2.846345607 7.147073650 0.996946982 -1.498180821 -1.281726424 2.974469923 4.328854522 0.633507826 0.119301696 7.138991700
17.578152814 -28.380130348 5.175130685 0.138619824 -0.076042194 0.863511797 0.478904484 6.038604809 3.277916087 6.105382771 7.881423583 -2.579382957 1.574617267 6.133265730 6.543420298 3.361543563 2.852751845 -3.145131169 1.079671247 1.428097523 4.225407805 -1.389118197 1.753705394 4.517135483 4.786730412 5.801279972 3.340533977
16.583607381 -20.239154375 3.482025790 0.080381528 0.424985980 -0.258977680 0.863629717 3.521713300 6.306161954 4.897705067 7.758286598 2.571853178 2.172384483 3.948240016 4.830341891 5.739692012 0.750422992 -4.764200858 -0.497517241 2.483096693 3.856792643 3.314105541 3.490966051 8.564451225 1.226819354 4.478959688 1.723606469
19.738122227 -27.939576576 3.893387506 -0.753953358 0.238488767 0.375990434 0.483020326 4.878228933 1.773670128 2.018805656 7.416174055 -3.354022739 0.910906354 5.030630230 4.188831653 2.658840035 0.953515426 6.146161461 0.046484464 4.506659222 2.159785613 5.329034237 1.664295271 5.762653165 5.873558752 0.106671479 3.293275564
9.012759641 -22.684042069 -0.861245475 0.106732287 -0.876154757 -0.289162654 -0.370602240 3.374717697 6.770139416 11.472070024 3.996698883 8.024872278 8.047042195 4.061728186 3.271244278 5.203303343 1.893735897 -0.727782790 5.235154007 2.948836277 2.195940114 1.737375373 0.368334616 2.996368731 4.341193161 -5.310196566 4.418828709
22.306950965 -31.219081089 2.238658373 -0.671284801 0.070768617 -0.685717909 0.272322362 6.308299538 -2.291071724 4.413652845 2.909126583 7.848868359 -1.803394919 3.475180024 4.638439366 4.102026999 9.208032414 -0.994675367 2.160564069 4.467342388 5.877346861 7.011055341 -0.135138538 2.534914214 -3.713582577 2.988231299 8.892406867
13.369886182 -22.133400364 4.308159603 0.490798384 -0.732564751 0.252722960 -0.398242311 8.181992663 5.171750514 7.841310076 2.789233100 -0.730043592 5.730245107 7.514837179 7.403383295 5.983998488 4.563914800 4.371065692 -0.207436452 5.522768964 0.486123460 5.244826478 5.525357259 3.184815972 12.014150913 4.793596942 5.304965720
21.877163947 -28.726774131 -9.986926801 0.445606162 -0.144192742 -0.760910578 0.449064242 3.595698256 6.601691441 5.185702310 6.984336263 2.948234896 5.732421596 2.095313445 0.191489795 4.937072817 4.358763624 7.304588028 -0.052442014 2.332275177 7.389490405 4.427973110 1.384638754 0.986585442 0.691390142 7.058133072 7.010791874
16.291381246 -17.107323931 -4.054243086 0.225289571 -0.918708705 0.301027541 -0.120836019 3.383711889 3.012389760 3.784295921 6.694667472 -1.529618500 2.589862803 7.533203126 -1.761579776 0.191027303 4.761392245 9.707080433 3.499428116 1.264016704 4.266594641 9.527009876 2.152390226 10.264202383 2.211730831 9.688687397 3.477912170
17.279272096 -16.982287827 -0.864910672 0.131181457 -0.905698544 0.396587239 -0.072250496 4.537977692 3.688096376 5.038373256 7.872035063 5.573583471 6.688040731 3.474679982 5.202437365 6.236871460 2.490684310 4.022485270 6.346240661 1.017333242 5.575695404 0.385660067 5.782368977 2.670113335 -3.162145949 3.720760072 3.796538467
9.991198504 -25.637603915 -3.535677033 -0.551528326 -0.265223553 -0.337388897 -0.715291342 0.727161200 8.631145154 0.286682879 7.000660015 3.978690800 6.641069977 5.897477639 4.244528906 7.534930986 1.537451212 1.206100390 1.802824505 5.789789697 0.666197486 3.287111452 1.176550449 1.778336664 3.557752291 9.316912426 6.908645293
18.822591468 -33.665370915 -1.647392479 0.742819096 0.269366079 0.537824820 0.293949262 4.981507876 7.658282389 2.292258801 -3.525069530 2.809379595 4.382380023 1.730792449 5.715149427 5.983981467 0.580414068 3.578406958 -3.711535346 6.006696802 3.382489900 8.078030100 2.066160110 10.596101430 1.767038508 1.303471633 1.882208034
13.465091649 -28.294111500 -2.120088273 0.199950903 0.408945750 -0.886979068 0.077789098 1.833625184 1.567487375 8.485757841 11.203026153 5.154381442 -2.296344887 3.968513287 0.608397333 3.423765607 9.625549139 6.016936715 3.071027991 4.460746733 2.059354070 3.139706098 8.026894061 5.260642864 4.592725551 1.488320660 1.702582818
16.148890139 -19.808868502 -8.314728380 -0.342082113 -0.371288868 0.168017078 0.846696324 3.567574853 2.924844368 2.504963568 2.442574306 0.861090645 0.988329816 2.952913875 5.385422907 1.699260433 0.847038955 4.192446369 0.463188025 5.596594695 4.668240059 -3.741876182 6.083497104 4.258485531 12.457467094 4.184985745 4.395211078
18.057821294 -30.903615756 -1.235307439 0.518197945 0.725012007 -0.047218550 -0.451219335 5.836961234 4.885333033 9.344394476 4.315740969 6.682961282 2.574071988 6.893730856 7.150085895 3.888029939 2.895503256 5.414751225 3.256187228 5.845632038 0.300995282 8.736495682 3.127184545 -0.301112329 7.350170480 6.496742969 1.196154728
17.228891328 -26.646127637 -8.098465355 0.398384760 0.533345473 0.743030700 -0.068829995 0.648045500 3.048970110 7.726722438 1.842151542 9.550934513 -0.994648507 3.131830826 4.934578627 2.250854789 0.165072308 1.945814471 3.733512630 4.780722281 -0.794213841 2.755850082 7.049357200 4.281820339 4.730877659 4.740580315 5.380350368
10.734386379 -25.589152031 4.005932010 0.375078288 0.337463809 -0.052674285 0.861777161 2.802574627 3.158423283 8.906401936 7.427372775 3.208016450 6.710649455 8.117594044 8.110221911 4.158234554 6.159829481 -0.309056010 6.719210043 4.011609639 -1.268915179 4.839236032 6.694181028 -0.919101720 3.805780552 0.617004622 0.056631247
12.593612640 -27.058135058 -5.102687566 -0.164569854 0.412757377 -0.478408689 0.757412198 1.188022176 6.053460368 5.923390680 -2.998102869 6.118156698 4.020792223 9.389742984 7.730621900 2.897043962 5.531904777 0.729198564 7.795686442 4.593075229 3.080094018 5.097971595 4.527426902 4.340951673 8.663693782 9.590282292 2.771932643
13.916910719 -28.769596925 5.663749552 -0.280152774 -0.028070045 -0.881760368 -0.378450987 9.245994644 6.272199385 7.274966388 -0.916013509 5.680502979 3.463611862 4.624807931 4.921766114 7.249996599 2.091347779 4.125626275 4.770450479 2.750641759 4.450646067 5.075827062 12.218375979 5.593843939 7.813798699 7.261721339 6.051380570
23.770009152 -28.766097293 -2.602897354 -0.291644873 0.074905267 0.946024817 0.119872910 3.223606471 3.840705031 4.096686014 2.701351456 3.243792228 2.602313792 3.588721820 4.654943097 3.730318886 1.769235726 2.908565080 5.737541205 2.994761357 4.200644873 2.584348957 -4.735204170 3.207165855 7.940727267 5.323524139 -0.247489703
20.338680292 -27.862795091 -2.395833161 -0.297228861 -0.179454081 0.533212065 -0.771450667 0.588199339 0.873885271 4.456389348 2.740345460 6.814767777 2.436316671 5.149931456 1.298091377 8.082924772 6.158714366 6.413849285 1.840422299 6.015413155 4.684567356 -2.538230447 4.047854995 6.802816785 6.879758257 6.544420535 2.202551910
20.615779622 -17.661817479 -1.360004966 -0.630051464 -0.447857912 0.305094880 -0.556215388 5.596393828 4.344409447 4.265172214 2.413472306 3.954951358 1.925893948 4.560027652 0.296442883 9.521639287 6.147109438 1.782608863 0.626020787 2.121591560 -5.526502729 6.132058099 8.212366479 5.199451162 4.446911557 6.218252804 9.367332022
18.044922958 -30.155868943 -0.721624712 0.259022102 0.319519855 0.887051586 -0.209652324 -0.356898468 4.880195760 5.612133565 -0.203690998 5.278233015 5.705900907 1.967650796 8.872016600 3.130764887 3.452320893 4.919671723 2.207832275 1.840615810 2.938854112 4.665011474 2.560419264 -1.017200669 3.962328435 8.081021890 8.888069736
18.702825841 -30.103209743 -0.978295457 -0.348026753 0.849148748 -0.323123799 0.231116406 0.936198838 4.942583477 5.094648520 2.489812569 6.388872510 5.989925802 5.661573121 9.025546999 2.679591397 2.207699934 5.987613232 -0.783888566 7.387111528 2.690068248 -1.284820090 3.618860120 3.868878384 3.489887023 2.828631921 4.080240911
11.239047069 -28.261440173 -10.287653552 0.081314557 -0.530345837 -0.208267299 -0.817768897 3.885245275 4.901416526 2.939892826 0.390318378 4.442831927 3.358369767 -1.271788022 2.354937253 2.485142567 7.488337590 0.028265894 3.695081877 4.373688573 1.757953812 6.652479928 5.068273136 0.077078069 -1.542598458 5.607162882 6.545956690
23.257639595 -26.569917656 -1.593081467 -0.759164043 0.594022911 -0.095344577 0.248427351 4.101812757 4.246819286 4.511997880 4.732570139 2.824958013 3.352342425 2.364621241 0.405787978 0.301366340 7.311182703 5.823368793 6.838105875 3.986117394 0.333998227 3.637981319 3.857293448 5.446197782 0.765600448 5.185832762 2.892044219
12.817011625 -24.545761159 -0.123446516 0.272395412 -0.097792638 -0.760713975 0.580991900 3.172312014 3.748060325 3.128109565 -0.451810519 -4.038573231 4.344870406 -0.919297662 0.988075574 2.820270515 3.548079160 4.058961131 2.639518959 6.325852124 2.949186698 4.462047180 1.579810469 0.396062331 1.975044859 4.199213551 4.034261328
