25.985543720 -7.753206938 0.846682750 0.582303632 0.647352946 0.443463977 0.212594319 6.930345243 5.218464277 3.291445228 3.098976682 4.669432405 4.113480085 3.120412982 3.931012760 3.154762993 0.916087518 1.621075559 0.959260976 2.250633151 2.915687745 7.867829280 2.780018250 3.771886189 1.556450456 6.795893530 3.142939978
25.720631040 -4.139438803 2.504244253 0.244239345 0.540281418 0.785775841 -0.176066634 3.543859850 2.062572531 2.824357827 7.291960755 3.328013308 2.922101099 4.303940118 2.350489773 1.003288325 2.490691914 10.909404759 0.907559410 -1.976242238 2.216758278 3.618047292 4.733122221 5.082948056 -1.043080583 -1.076191129 2.163205603
20.482388348 -2.190047578 1.570995325 -0.110483205 0.386728427 -0.914215247 -0.049447620 2.884774647 7.061393245 4.583130072 5.040694957 -0.577125780 3.909076418 4.309592468 7.387032622 4.403609887 5.001938251 5.274611595 5.730650725 8.218256356 0.149391903 6.910276919 3.641722200 -1.025879825 2.201690000 9.198307345 8.055479010
31.760810846 -6.106214769 14.563908371 0.002974256 -0.710362674 0.248861208 -0.658364735 3.163459624 1.544074087 3.069156851 5.975525341 4.014250015 1.854618832 6.642263354 0.030204476 2.360550697 1.808454608 3.753363550 1.846583142 6.543389485 3.494643908 8.648439522 8.937737929 0.706684533 5.328745560 -0.102234744 8.308766827
31.597567729 -1.164678278 13.157610818 -0.036655592 -0.103449027 0.872008704 -0.477027764 5.154900413 3.565227796 -2.086806201 6.618436554 7.005806444 0.496250789 2.170755959 3.510440120 4.312704462 0.416269790 0.526941062 -1.053986333 5.769251612 5.806912974 6.149239616 0.524265346 11.016448781 6.024070393 2.304714969 1.149301416
31.857478218 -0.341081350 13.010902230 0.646156451 -0.085029135 0.503617614 -0.567116554 5.479902581 -0.862140915 1.808470381 8.245734377 1.199563383 7.333917984 -2.801672696 5.378153550 5.071171945 2.722008538 5.679700813 2.458296654 6.736822226 5.741877939 5.728929050 5.537487175 -0.217368598 8.920696059 1.056826208 4.928004960
23.194793865 -2.405165453 3.515338827 0.789560859 -0.147426891 -0.392216710 0.448358130 7.256056841 -0.868295298 9.616579385 8.246617862 6.830417511 1.459319798 0.015671429 9.744064539 4.414897499 4.575782157 4.914435136 3.353851382 2.406976579 6.215008675 0.723289504 0.504625770 8.380996571 2.514325156 1.852959583 3.353737419
20.006612193 -9.791373841 5.197793887 0.466718098 -0.630977356 -0.385452202 -0.485250856 3.698468848 1.704167346 4.801359913 7.889312545 1.958108538 9.118752931 8.147545450 4.447567821 4.596142125 5.051178992 5.985779789 3.923150192 0.625425675 2.253641871 6.102183230 8.686786569 7.353258024 6.621980181 6.814519674 0.787778655
22.447574165 -8.198999514 1.494089380 -0.191533000 0.055486266 -0.939849469 -0.277343398 3.129584676 1.464846508 2.377513480 4.505953931 1.896007237 7.971211412 4.226847611 4.504074531 5.449035466 5.167137620 5.656786864 7.753171365 4.928244229 2.582560179 1.681976981 2.519884362 5.099741293 8.329792867 1.700957599 4.624293827
21.786053576 -8.995308290 9.284564838 -0.175181625 0.295725406 0.728246780 -0.592886591 0.695642875 3.469139724 3.329618113 2.161639549 9.180271664 3.736319590 -0.992399597 1.121648191 6.887463125 6.116044912 1.120134870 -0.399243478 2.952517527 -0.718291918 11.645704245 2.949021787 2.822645660 1.912964014 3.950179882 9.682048058
32.509136470 -7.866502173 12.170289448 0.418176456 -0.775141243 0.272922400 -0.387037295 5.699677015 0.626890686 3.128349640 5.709433887 6.650863089 5.121359181 3.050633054 7.842490683 4.076994149 0.965624788 0.785741803 3.302648526 0.084815131 7.939727053 5.756831729 3.787707786 6.927385447 -1.385090012 1.712337225 3.163448501
18.561697447 -10.227799593 7.448310063 -0.732140355 -0.446604869 0.461908884 0.226174214 6.932120276 2.908993237 -1.049722975 -5.655944506 2.807968160 -0.968029571 3.784578404 9.973392208 7.747252154 2.421503658 7.950669355 3.779249623 4.463335578 7.570448047 2.061987872 4.142335270 1.682024985 2.698830521 -0.259762334 -1.912392058
24.769529450 0.599535501 4.558552047 -0.283050978 0.884373747 0.030158452 -0.369940114 1.394108266 7.483422625 -0.595245014 8.561077153 3.366054997 1.291315671 7.086659809 6.079262512 6.822163592 3.906459007 7.499751003 5.289002360 2.832861465 3.795990206 5.224294632 2.256632653 10.014693869 5.752199899 7.703415638 8.136300284
29.754711875 -10.837123716 5.807570000 -0.358715947 0.349508479 0.429078849 -0.751703422 1.825688063 4.979946708 4.595215893 2.956806997 6.647477758 5.002128669 2.973764059 5.136817226 4.424817182 5.610751426 5.395563215 12.063884211 6.535920342 3.772718515 8.476959772 5.085079930 6.036277894 4.068760368 9.253699256 2.665728263
19.951897010 -7.853863267 10.662108551 0.866510398 -0.267331117 0.421517125 -0.004137297 0.518801888 -0.384960851 5.851189546 2.022981474 9.766124508 3.839649853 2.148886886 3.283324595 9.266956221 5.563665670 2.068842478 3.167865550 5.302511128 4.069778640 4.288896535 -3.008335012 2.113673673 5.293208790 7.465291145 6.779812620
26.631675646 -6.640540052 11.429671861 -0.478689210 0.565242902 -0.401515198 -0.538648910 8.748513191 -4.186177941 3.713936462 2.717722943 -3.554550095 3.790745038 4.991067619 6.284493046 3.708099270 0.775109378 3.695245101 2.983382522 1.011683621 1.948615358 1.170509822 6.652144225 3.559696107 7.920076368 8.497487526 7.238423188
19.900490492 -3.394216415 14.410096506 -0.082473876 -0.412805820 0.020893173 0.906836750 4.645369047 12.103044305 5.331459126 0.568943061 3.177084269 5.982827733 1.858904199 0.173993614 3.908761530 5.367491681 6.234355120 0.561656290 1.956644625 4.002164423 9.839015221 1.956713417 5.139767542 5.070445424 4.689876791 9.178051231
25.750568834 -11.208952390 15.029609972 -0.072698175 0.462641625 -0.381603901 0.796904113 2.574292125 3.526760354 1.926666307 4.803518760 1.343863623 3.515400670 7.654010126 7.220710954 2.921123583 -2.319923133 5.572417565 0.710972437 3.359296755 2.130462991 3.249745023 5.265382723 -2.860697056 7.530341753 2.232990713 4.648879093
27.496228760 -10.685356734 6.082453265 0.766926047 0.605164769 -0.038979965 0.209953812 4.330876256 7.069209928 2.140005177 6.327202829 1.158300130 5.125459666 4.719843775 3.160928145 5.886823420 6.122359687 3.147433192 -0.646280035 8.095851891 0.969425992 3.013075151 3.690955625 0.946594298 6.196569699 3.709801151 2.967848742
19.096511617 -2.120953431 3.897674192 -0.426555324 -0.509509827 -0.260012477 0.700602457 6.796207667 6.608109422 0.113887736 2.848600391 5.676428617 2.041613307 1.850224333 3.833853588 1.557007547 4.341835661 -0.796528159 3.585201074 3.227898930 5.358783728 5.011903216 1.507969560 4.703937388 0.931809241 -0.817878909 2.893821428
24.458958501 -1.696091991 13.107344180 0.863953272 0.083659641 0.496551092 -0.004777186 0.528787187 4.887478928 5.351033536 3.070755075 6.243523254 4.074312131 2.122193845 5.035907496 4.435005523 0.916637999 2.579461102 0.879792099 1.119291703 2.595185722 5.514717798 2.968513999 5.468233202 4.075794764 1.906705678 1.692284676
22.855117710 -0.837149810 13.016351191 0.236606469 -0.907796589 -0.099145982 0.331802361 7.096381748 4.501751661 7.530004371 3.526571651 1.881888631 6.084941934 4.508996835 4.845330072 4.116863312 4.907301709 -3.406271724 3.436933148 9.335401766 3.937866509 3.005377660 9.464917906 3.105223582 6.137844098 6.355513187 1.932327902
19.454508483 1.515550941 9.765655807 -0.389377082 -0.717811305 -0.465283279 -0.341531681 3.866126723 2.195789770 1.971563646 3.489793965 3.119449802 7.214136827 3.756508039 0.178583767 6.772877439 6.388780095 3.269160742 8.490959150 -3.176656710 7.502478561 2.756304876 8.189201680 6.046837262 1.594140831 4.986474171 6.378721621
19.361267717 -2.574724389 15.970699060 -0.329849532 0.359188176 -0.764408439 -0.421737926 1.345413608 6.591156732 8.311910849 8.663868638 5.970004713 2.280086015 5.407503484 3.577611415 0.566835279 0.629320707 2.956324860 3.799306632 1.770168399 7.616951581 3.424971937 3.340273011 0.267858715 3.276221753 5.284706539 4.448492440
28.201767997 2.312683244 7.369150596 0.522767426 0.024832081 0.299081373 -0.797902199 7.329311480 7.909074829 5.553515233 5.056893917 0.619367080 4.095459727 -2.455927854 1.498615223 8.388993683 5.725784891 1.255121732 1.425930310 1.439849394 10.364863343 -0.273949236 2.734523178 4.399994601 3.775546314 3.476253337 1.030505494
27.567944283 -4.698009939 16.569826387 0.421791528 -0.869791247 -0.194510101 0.166495991 1.509266680 2.573311209 3.039948177 2.935177789 5.517243832 5.097856721 7.128339177 4.840112963 5.139774323 5.727424501 -0.239287932 2.894525842 1.585745473 2.074953198 1.345705077 3.444667976 8.517727055 5.236271269 4.589555059 9.889576140
22.390792097 -4.841551221 9.602995102 -0.729821913 0.124586241 0.532965528 -0.409616882 4.841318681 7.259238440 1.258962537 4.942885771 0.196574973 3.200075495 3.883881250 4.412044212 6.153508331 8.274849579 2.500769049 8.868314539 2.523939837 7.873791544 2.627228368 -1.362670975 2.141028450 5.206458380 5.294059592 1.330548372
17.887987167 -2.495648447 12.408922890 0.103442827 -0.466517495 0.449832970 -0.754527208 8.042476107 3.770005378 1.647024617 8.742960393 5.289537124 0.209948934 2.532428576 2.457082926 7.976070578 7.645022929 2.486017915 4.270521946 4.788684896 4.611206438 7.271929159 2.356001434 4.303907812 0.868242250 1.705259651 5.613125540
24.151197197 -1.043727481 17.186921269 -0.377131367 -0.635456422 0.571421197 -0.356994235 -2.529355667 8.523885015 9.221938986 6.808717302 2.639050830 0.898719310 3.632479150 8.804162006 9.575869085 2.500967588 3.072180657 -1.003147442 -3.295818532 3.767009105 1.837001878 9.190798584 10.330604083 4.788629168 8.523027388 8.721959733
22.847296596 -1.797511495 15.309977989 -0.731869153 -0.610839642 -0.086776086 0.289330928 8.942101090 4.629780774 4.315689678 5.722862604 5.956914764 4.011916577 4.569484285 -0.527259851 5.060627064 0.316957850 2.603923863 7.392951980 2.381588874 6.630711118 5.252781486 3.912109630 3.331617279 5.967955822 6.382085189 9.795545629
23.118772219 0.824713248 3.702763477 -0.596861079 -0.559806991 -0.167532492 0.549823471 2.901061135 4.648608437 6.511429244 6.475585694 5.199588319 5.166237379 4.584699210 7.710875301 5.196258080 0.188497280 5.648544524 2.392891208 5.569756193 0.887936093 3.578657442 3.736062156 1.027762097 5.203283137 3.665776120 1.968839746
22.217957541 -0.798259214 5.597607045 0.121096723 0.695590315 -0.553196269 -0.442112639 2.786755754 3.145496426 -0.510858069 3.053363909 0.349308590 8.181314460 3.839795507 0.496500660 5.959468800 4.817923207 9.308525761 1.504102389 5.084772791 4.961635199 6.095273288 3.967945661 3.923536852 -1.238163444 1.581903089 1.860171129
24.818038554 -0.641854354 9.202349669 0.675965881 -0.338015746 0.394792827 -0.522450099 3.012805986 7.080491565 4.499405461 0.751403701 2.842341409 5.784310588 6.001935563 3.268789528 0.888690782 5.208758146 5.640421871 2.049833040 4.022833097 3.417133020 3.657672127 1.249251371 4.490311600 9.461843001 1.891838913 5.429931575
27.844089380 -11.388871897 9.453975984 0.119612661 -0.333430928 -0.911920604 0.207165248 4.788621292 3.608988624 2.852606299 5.306376384 12.047774923 5.969057054 0.329284057 4.055999776 -0.658300659 -0.468895973 3.821382633 2.024988943 5.638544848 2.224383708 -1.027302213 1.509067036 4.616640372 2.903991618 4.971760271 0.260055425
27.350817240 -1.019470125 6.384000223 0.043513888 -0.678297083 0.358214568 -0.640079629 7.674922035 1.520525060 5.497790732 3.978209219 6.876858868 2.697649135 -0.386602513 -0.477633587 2.996420452 4.466931740 2.390874552 4.136382457 6.867050577 2.061303755 -1.975741058 2.692729421 3.441473651 6.870924187 1.409204595 3.433270640
20.108345358 -2.369158633 9.005364682 -0.005315398 -0.758878970 0.473375088 -0.447202953 3.729059196 -2.872055478 3.177888793 2.835196709 2.781165860 4.481554232 0.988506368 5.697233359 4.202474163 3.732194865 0.434881709 2.713577067 -0.116836262 7.815707711 9.625803572 6.997562099 10.085815323 9.170532701 5.464366998 6.939839509
21.366769120 -1.325780365 9.554282085 -0.447287175 0.181410524 0.366597710 -0.795380741 -1.822775195 4.161559208 2.787549806 2.154346797 3.590765111 5.125406488 7.298794119 4.715160546 6.939650648 1.102027609 11.809311901 5.043960681 -1.289780735 6.911316841 4.000652735 4.769976922 3.814141285 -2.184681410 -0.593009227 9.530999198
27.761954240 -4.035582547 17.215637288 -0.501666751 -0.418164866 0.596918975 -0.466000378 4.206889158 3.318755426 -0.554946466 3.400114181 2.822725873 4.165872992 4.809004476 3.693351731 5.141409090 -1.317425037 5.064244734 4.142776404 8.220090034 2.095181968 4.232238330 3.975089020 0.938056132 1.310753375 9.871525851 5.611975822
20.544873388 -4.953663768 1.054569304 -0.191531438 0.625839306 -0.625696627 -0.424434450 3.718347545 5.626596561 1.664931832 -0.408107459 1.884519598 3.126089910 7.454046252 8.834464651 10.160331116 3.647613069 7.299755228 2.409835693 6.282410512 -1.601912025 1.330901093 3.740754687 4.662058527 2.417000805 3.134336477 7.348276681
20.494718717 -4.504048781 1.920272048 -0.844647238 0.151408150 0.390519143 -0.333378785 11.582381363 7.721085891 -1.801977689 3.400363350 1.650413649 1.564917209 1.031659346 3.868396460 3.031921152 -0.549677995 3.976811413 5.458416280 7.243009532 3.479299710 1.475139332 4.119112243 -0.131128235 6.537609579 0.921661998 5.667795810
21.517978845 -12.388129119 12.571810874 -0.279906676 0.585113641 -0.198956639 0.734649941 1.870036589 1.567709755 1.605897866 0.374731481 1.593894747 7.127561477 1.048266963 8.501347368 5.921187233 2.463070963 1.306359375 -2.010504571 2.269792811 4.581339488 2.868931520 1.441516905 6.885958213 7.108403830 3.093104790 2.148250050
18.169684310 -5.299120645 7.624410601 -0.143948114 0.894386730 0.227302698 -0.357330100 3.820462539 1.416181072 4.649735196 4.099850091 4.357711497 4.456936756 0.218894040 -0.967590599 3.452355150 -0.616251947 -0.100714509 4.577999974 -0.151532612 5.347860322 6.471449786 10.052092039 5.758034165 5.659629623 -2.205116770 5.718798867
29.394502850 -10.144761707 8.806228234 0.581724271 -0.645427929 0.143180251 0.473834440 1.367487364 3.720705272 5.696262824 -2.086711931 1.641784125 9.073824136 2.552397377 7.682370052 3.142835462 4.562836430 -0.646143896 7.902416942 5.636259159 2.074958787 6.307320402 1.915242804 5.731046654 5.295580512 5.289079664 4.270579753
24.025061880 -8.511134309 5.793262751 0.384978369 -0.238708365 -0.427997947 0.782066320 3.969517007 -2.907633956 0.099829294 5.146080197 2.644820274 4.790588889 5.242925317 4.229726081 9.685258041 6.555723755 2.756920811 -0.817502562 0.930006716 -0.615080314 3.539244728 -1.570483937 5.161187569 6.675094666 -1.336628992 2.750104993
15.938036647 -4.220205799 5.807995435 -0.052184481 -0.825434022 -0.204860829 -0.523419044 8.982052040 3.290004149 0.764993214 1.657556904 3.785667345 1.962500837 2.025524914 0.119779788 0.992387015 7.680794143 0.747361904 5.766015083 1.731945833 5.386385455 1.241934498 6.204482972 2.375166530 3.468186982 1.997335191 3.473795945
23.520757873 -5.039196754 1.384165261 0.069797154 0.584765304 -0.475239820 0.653701009 -1.366437723 7.028985728 8.055073837 1.859360229 8.005054059 7.498297571 4.621107520 1.184291517 6.329729601 3.640320781 3.354456844 5.020946623 2.082549655 0.219109721 -0.555949041 4.040516666 5.210322861 8.392991883 1.275563405 2.162641606
19.708055541 -1.236367758 3.467110889 0.948062738 -0.280761401 0.058691796 -0.137496741 11.008305625 5.905932366 3.338318441 6.970411093 1.367368894 4.895852951 2.007366323 2.830070325 7.363397304 -1.090825976 10.461673188 6.114013635 0.210080380 7.590085979 8.043380148 3.977648739 7.747060234 5.193570041 9.292106503 4.339017562
23.425213450 -8.602858056 11.697220374 -0.468777563 -0.103851177 0.856623789 -0.188833825 1.855202312 6.398921777 1.577693908 4.411742574 3.916810667 5.565147074 -2.466924431 -0.783311150 5.651240153 0.584313903 5.212790372 -1.799996640 0.915002953 4.323638386 9.507657425 6.308284209 9.695146033 5.304341347 1.003817095 0.330479015
22.779505594 -4.431945712 18.646552656 -0.105626201 -0.713371389 -0.478912293 -0.500587038 5.209381944 0.819779192 4.372787285 1.452147877 5.718116091 5.907113630 4.800238996 13.329579098 6.457699238 -0.816649188 7.039286131 1.932509376 1.425150553 2.275946080 1.304742509 4.327164836 9.729064559 3.511669092 2.009359900 2.220516375
27.050541226 -6.682549928 7.714835491 -0.341658926 0.655667750 0.424674202 -0.522513925 3.620418458 6.214515219 8.399559536 3.536546831 8.190764852 -0.873983648 5.373876917 10.209050405 5.572930096 -0.047940136 3.958488781 6.737144486 6.267004377 4.846001966 3.028602679 0.109493952 -1.098119886 2.241557976 0.276405793 1.172339118
19.376556402 0.125603875 10.836204833 -0.716165259 0.538216622 0.197832258 0.397860010 4.400873766 3.885660922 4.437276008 3.530462246 2.981077535 5.987879034 3.720492219 4.459616203 2.370174858 3.071487280 7.955615880 0.137502448 3.484321371 -0.174113515 7.770347893 5.060310721 3.054334990 5.657892312 1.394146046 6.678514402
31.946356918 -5.629756443 10.335532926 0.316007404 -0.034927557 -0.834336738 0.450334980 4.203407094 8.878814632 0.056731677 3.545209344 4.187230844 7.871034525 6.869128316 1.534673611 -0.371415718 5.625580528 6.074172201 8.545885759 2.691407192 6.110185658 4.616393137 6.115554089 1.915890762 3.858226650 7.289549953 2.920443071
18.215587146 -10.148675673 4.799191435 -0.183865699 -0.556627399 -0.638936919 -0.498115405 9.066951006 9.972651540 1.780090864 2.392776354 6.170155936 7.871507662 -1.619161984 -2.246752995 9.485502795 3.867087588 6.103672376 8.178012020 11.520329146 12.349369600 -0.487478332 2.027843076 -1.119568625 8.555720010 6.820904379 0.492745216
22.550369920 -8.870732858 14.358061925 0.022758827 0.442386249 0.776590074 0.447978012 5.420872480 -2.610104104 4.454754503 2.698233502 4.537119314 8.801224316 4.324931576 8.521157615 0.331182008 7.065159292 7.092814250 1.293666594 5.654573037 1.311276879 4.473895514 1.295693521 0.888194760 7.296188636 3.418457763 3.585762024
25.878010131 -3.358543992 4.369770022 0.320280377 0.717851569 -0.617919309 0.016891781 5.319488895 0.766864358 4.754783196 1.956077810 5.575362092 5.667528117 1.202094679 2.261583075 5.105188607 3.652749350 4.920011823 1.865083333 5.404536002 1.922573983 3.401619343 2.917119438 2.256914943 1.292904811 5.658915667 -1.714386306
19.740423402 -1.278532506 6.764081234 -0.022597654 0.333380848 -0.336267710 -0.880494511 3.250539599 4.177231298 3.363586540 1.787853853 0.203654446 2.164376490 3.659563694 1.109415481 4.052693159 2.114127936 5.464090273 6.448786836 6.158420387 4.453917067 6.534065382 6.097914707 3.804192777 0.079283302 0.730373737 2.708589209
22.129398839 -12.821303324 9.267821424 0.049731487 -0.684783768 0.510281598 -0.517890589 6.251705601 2.145018136 1.221925262 5.132148805 -1.825816580 6.843379134 2.553117374 4.492175157 5.400048072 -2.021945663 4.286887103 4.235109097 6.823276299 0.052389252 6.180365815 2.397005565 2.679342811 9.182272873 3.642059497 4.703230360
22.506769399 -2.237672691 4.311869551 0.334864509 0.650056414 0.677762906 0.077005607 7.617593534 -0.940991898 2.598290400 6.962014002 7.222041485 -0.077846975 0.709508434 -0.808244702 1.532412930 3.154653688 7.901930549 3.911271072 5.562374226 3.950983249 3.407785429 2.251232208 3.395793289 1.879957949 6.859088014 6.580697234
18.336655040 -2.717299906 14.950578854 0.051049542 -0.849377224 -0.131596589 -0.508561317 2.928791399 7.349802971 6.837531066 3.970057295 4.079125071 1.229148140 11.117929249 3.742472008 5.199861697 0.141225727 5.430410683 2.395225380 4.401302577 4.510103297 3.163685108 8.169493648 -0.228368576 2.109977448 5.021498957 6.157560817
18.360824296 -4.229946543 4.237529044 0.373091185 -0.497194733 0.485659039 0.614602036 0.709050361 8.810928586 5.952071668 0.794544165 3.574649808 5.949642504 5.696939487 14.155101542 3.818092881 6.925097170 1.717393245 4.719323758 2.613956107 2.664457307 5.488624026 4.313767747 2.232577592 3.932325193 8.973963453 1.130512376
20.244652861 -3.990013695 12.216122874 0.165151046 -0.219303755 0.728360230 -0.627791662 5.634228695 2.030547226 -0.075358297 9.447638141 4.915841248 6.230096839 0.218613697 5.225432028 4.045535662 6.513267053 2.439918160 -0.132709163 5.160960419 2.096479995 3.425379947 1.243502880 3.954471790 4.568313704 2.180915782 5.436204651
15.976421337 -5.577258269 11.884389801 0.221656615 -0.662362668 0.600313447 -0.389573878 7.229427772 2.981110654 1.446831415 6.812243309 2.015927501 5.583071010 0.501208529 7.307846529 2.324111416 2.952514461 0.954650636 5.368210798 1.123596806 4.641139488 5.084742263 3.290244051 7.069868090 7.528096833 5.309387242 5.478985990
23.591082790 -9.487444459 12.302571472 -0.136853172 -0.798309764 -0.260270860 0.525577596 10.799808004 -0.495151040 2.581151454 8.717807435 5.194740379 -1.528777577 6.144851113 5.926055614 7.766215904 3.332655194 0.956649261 4.898271533 4.521490194 10.085931968 6.753369777 3.899723684 3.037492213 4.802851679 3.650381718 3.139721004
26.060795834 -9.653371265 5.524134559 0.826205985 0.124138833 -0.527362703 -0.154472654 3.562476240 6.359126333 -3.638866764 4.593104082 3.795728500 0.192252536 7.351793527 -1.636772680 -2.331203267 4.230259528 3.103883002 3.222140269 10.361575927 3.521662743 4.573908773 4.346285665 5.044781734 4.716228737 -0.137544335 7.246731781
19.645474219 -8.837027188 16.387331097 0.190270191 0.768024532 -0.164136378 0.589062664 3.987741502 1.156970009 -3.730725658 0.205920882 -1.085745843 -0.058182491 2.335490553 0.930916661 3.141399890 1.895543429 2.917677407 3.607849002 1.978007850 7.002525298 10.375936521 5.936684101 4.982166646 2.841874281 3.323485480 4.866123213
20.864953915 0.981622969 6.229375019 -0.699735140 -0.098511628 0.646839939 -0.286817513 0.991550825 0.544025777 5.024861427 6.056138032 -1.733672535 2.687997689 1.735297131 5.415574493 2.356344511 0.062903916 3.309890494 -0.204141241 4.058037307 -1.682496396 5.873974581 8.382870969 4.035210971 5.325439089 8.962681593 2.422108120
16.814120384 -7.915118620 10.184851901 0.869797829 -0.126411315 -0.197539766 -0.434108231 3.843302614 10.626989274 1.426968947 6.835827084 3.829710501 3.076756203 3.896519132 -2.143186135 2.201231464 3.721386086 2.415736548 5.583323242 5.897029752 3.319456738 3.991684776 0.480134307 0.205493536 0.884333005 1.225607372 0.106287849
26.818827724 -6.056777449 15.754567121 -0.187324951 0.741380271 0.372032544 -0.526171495 11.337372579 3.987043357 4.688500306 3.564252185 13.082487676 7.635392325 3.732858393 4.762251946 3.923796010 6.337604434 11.484497533 1.045102910 -2.702296098 2.678734968 1.714726803 5.627171221 9.956355669 -0.252956631 3.749214082 -1.542648707
23.920864298 -4.392212136 8.660457863 0.416391323 0.087301979 0.663435742 -0.615507633 -0.759268375 6.991363346 0.769963089 3.457509866 4.495339116 2.210716945 1.637863195 4.908142347 3.807820455 0.853233560 6.711445920 2.598296361 6.509999785 7.640949744 1.433763468 3.977903277 7.643060360 6.934724173 1.113652928 2.788706192
29.651531192 -7.337207042 9.724981043 -0.308775579 0.095288716 -0.150862792 0.934247355 7.345134897 2.204739556 6.156699684 9.603038577 7.915246279 0.887997660 5.936464953 3.258579614 8.770438216 -0.626520184 1.183323863 -0.109909495 1.099942927 4.292591776 -0.718552377 9.568488505 6.238348319 -0.441760364 3.225505358 1.652535852
15.542956832 -3.383684082 11.335984296 -0.445034982 -0.360585672 -0.381428371 -0.725557879 7.325846690 6.358828798 -0.570271131 6.112193369 0.037728380 6.540942082 4.518357943 0.586205432 3.738542118 2.312451398 1.284049760 6.972377810 8.109988876 2.560451208 6.053288692 7.453573623 0.280711003 5.944010083 4.572270069 0.869199804
24.197290733 -11.155979041 15.342186149 -0.159891876 -0.699570155 -0.692737054 0.071774366 8.915376256 0.933148460 0.203757680 5.662694871 2.490296555 3.422400702 2.160750380 6.460669188 3.061137549 -0.615059182 5.783452591 0.750569687 8.032048627 4.480483093 3.328522648 4.922732007 6.378296599 -0.013351805 7.209228178 2.577691982
22.644707865 -11.911996678 4.736149732 0.459955786 -0.136142749 0.519725924 0.706958833 4.885693999 3.424098805 5.364245607 1.441119788 -3.502103670 7.726350864 2.654682213 10.374022231 4.126940181 5.064113164 7.423311540 1.906820743 4.611932323 4.537032585 3.863665227 4.505249260 3.950376670 -0.808874080 6.405190405 9.647951591
22.290254034 1.544484790 15.137859963 0.970527657 -0.133375739 0.183616844 0.081066847 1.022427859 8.533482908 1.864542515 10.563177940 8.485896318 5.439674812 4.987427252 7.105797371 1.815322746 2.740672504 3.297919323 2.349115220 1.304741354 3.070515994 5.000777200 5.599714714 4.716152716 -2.495335502 2.236989896 9.403789829
31.487236220 -7.489883404 11.068081835 -0.158194535 -0.073305323 -0.538020631 0.824702746 8.246949856 8.583557602 3.252345137 3.244027354 1.759765745 6.509328609 8.219509605 4.915735198 3.352216459 10.660450956 3.809321300 5.004333740 2.269141224 3.166041212 4.531850053 1.085124789 5.671141223 3.738426255 1.780665303 2.820812563
18.450679503 -7.075882346 9.903491006 0.226524765 0.293307806 -0.892739603 0.256267559 8.772237294 5.721288754 2.660309856 5.143097551 4.313327254 -1.160776915 4.111380601 6.162061872 2.116048973 -1.086677055 4.818020805 2.599130348 6.681644989 8.256442979 2.361553553 5.609252059 13.958962630 -0.460624038 9.409044868 4.908372031
31.531440696 -11.765980297 12.319461488 0.190426570 -0.162358305 -0.733055248 0.632461466 6.882985720 2.757617257 4.693596100 1.432428593 8.182110948 4.138739742 -0.045929142 2.732518096 2.848376252 4.388898154 6.515666311 0.027171171 3.707676181 1.117540741 8.494087563 3.626652654 2.779501827 2.181154423 0.754456133 7.597644013
31.337750102 -0.128012521 10.370666236 0.543271226 0.827070084 -0.126394324 -0.069540822 7.178527370 3.638978955 7.431664080 0.996834019 2.259325338 5.206860421 2.776054174 4.412137616 7.364234505 3.015470547 1.623317565 3.958473575 8.187712898 4.057236402 -0.601512774 5.705398451 4.816151456 7.144047742 4.203821476 7.551056806
15.401170434 -7.211499911 6.318635635 -0.208245693 0.837172042 -0.494326112 0.106856902 3.111960308 3.657729271 2.211072692 3.173487846 2.011221675 5.075007548 4.948594790 4.803475141 9.452239739 1.959945820 6.608309655 -2.778273419 4.564228106 2.662038180 5.179503214 2.371369147 -0.723345831 2.339110749 0.488458050 10.386600814
31.223405593 -10.706875662 5.204969901 -0.684286605 -0.239183209 -0.472584097 0.501206050 4.946853371 0.004549947 1.107273025 4.178768640 6.253007633 6.276783836 -1.199018360 9.116458816 1.837467917 6.030290271 3.534876086 2.048761892 3.756254427 5.778376307 2.232775192 1.927759442 6.325459144 4.933324730 5.657580580 10.518101103
26.493154743 -9.147688870 11.475414749 0.931360685 0.242844926 -0.060658008 0.264412978 5.463705855 0.695791697 4.408306270 -2.409105008 5.762226110 1.816456673 9.863183181 1.298678840 2.378119570 5.539217908 2.263567567 -0.004025129 10.755526701 4.620412020 3.556855697 8.909403815 5.227805678 3.187436479 3.191760679 5.651347423
16.074234262 -4.028055946 8.323952834 0.405808861 -0.640587672 0.052623156 -0.649767194 7.163090572 8.039410657 0.453783903 6.731654021 -2.327074284 8.602259773 8.389822581 1.673733066 5.129606980 7.279150525 5.841787500 1.765828404 7.835759437 3.661301130 -0.589439176 -0.343903975 5.957016429 1.889937513 3.453019642 8.626245985
24.455595965 -2.819529952 10.402101169 -0.302163193 0.488419398 0.018777614 -0.818407782 6.508629440 5.714159564 3.873348386 3.202471512 1.455151645 1.350642110 5.192297658 4.639190588 3.078791250 7.202094324 8.346983855 0.397454667 -0.631383044 3.779695086 5.223008095 2.799798953 2.743875878 1.257834534 2.093888886 4.263684026
29.288666295 -1.755166095 13.410442420 -0.182894467 -0.280961061 -0.203935535 0.919793887 4.471990878 3.632485301 5.907277148 2.010286827 4.707187859 2.009534885 1.975611654 1.472608037 5.419805036 6.477877918 0.255066225 4.601461880 6.234787800 5.585294849 0.955393841 7.584307030 5.139692121 5.568356348 7.998784735 -1.345212867
22.489520887 -13.158528084 3.985569693 0.542782504 0.084355799 0.047613710 0.834268654 0.155942679 7.990995054 6.600550288 0.007523600 4.743033293 3.419925995 8.055740362 2.226670463 -0.377697585 0.797899125 3.197915135 -0.438065853 6.529715553 1.912065118 2.803139814 2.757575320 3.931544030 8.260886969 -4.129435303 3.465356366
21.503072882 -6.179484449 1.560398196 0.438753475 0.015177932 0.670597478 -0.597966589 9.115908903 2.041467431 6.942079021 2.294993790 3.513645182 6.207325218 4.999543851 -1.734056564 2.565219613 4.986176722 5.637839101 1.237490971 10.964284205 2.807493922 6.102722863 12.245217545 3.286090438 1.185645178 6.753637436 3.646807401
22.254001082 -6.313623468 1.931218551 0.219521927 -0.643849730 -0.074695805 0.729169518 3.727799353 2.225787835 1.163390749 -0.516771929 5.474695784 3.907607790 4.148790178 -0.611510725 1.691078319 6.685479973 5.604394819 5.133151392 -0.796360093 7.646256980 2.677101012 5.359672654 5.182693087 7.099172721 -1.495033989 6.047945087
27.066135898 -7.937318692 6.091948419 -0.183752562 0.061425776 -0.977250257 0.086277489 3.832857175 -3.097211439 11.710868967 5.720112423 8.443131008 3.553624153 0.723607797 8.332673319 5.145673423 0.948252382 4.682694449 4.403934485 2.541695091 -0.247835200 -2.990994745 4.855230530 4.522316394 1.314138165 4.562863303 5.338035055
24.146798937 -11.245869930 8.587754187 -0.110878360 0.613020481 0.756000301 0.200936369 6.614466321 4.768531714 -0.105889778 -0.660943850 3.076523319 3.421565126 10.916777307 10.413653153 4.850348059 0.330841374 5.080541235 4.215000891 -1.363025242 5.391494578 6.576161820 1.195966766 8.229619111 5.325634763 -0.075711196 2.879755211
27.606523748 -6.027996820 16.788863410 0.586172815 -0.777458910 0.153678432 -0.168350864 9.900080159 4.003573470 5.451787593 4.676040042 1.244177780 4.898759944 2.606845841 3.330054061 1.930900535 0.885942674 4.515699542 5.454579289 0.985708501 -0.814657046 1.064231438 4.500761917 -1.624883404 2.955658693 8.056600463 6.033292512
30.187457845 -0.161127624 7.781016733 0.235831029 -0.116458353 0.944617418 -0.196262864 3.356908009 3.035044829 5.100607523 3.292111911 3.192486479 2.906639453 3.780177972 8.231631101 -0.308129812 5.755100843 5.041185675 1.932739840 6.842480942 8.075623221 6.778313903 5.618636199 2.453366024 3.583823262 5.508120378 6.265642898
28.234090585 -3.030998332 0.943224182 -0.266631862 -0.567857403 0.500007891 -0.597023894 2.675726674 7.387993934 12.057605202 1.507330055 5.717772701 2.228459477 7.049413931 3.738741984 3.230406610 5.710125410 6.008071568 4.397122631 3.670359678 5.286345938 4.463875906 8.508024602 3.808352289 1.605325812 10.109972980 3.000215550
27.712138093 -10.238822562 12.827747302 -0.121086678 -0.787395526 -0.139147067 0.588204382 4.621664825 8.333478628 3.548492786 1.371536777 4.469026342 4.115537867 -0.820578806 8.625963146 4.345041495 2.991417991 -0.773008942 7.177351658 1.004350199 5.614506322 -0.095854635 6.101287792 3.607408319 0.005340894 0.966094808 6.850509432
24.882264090 0.400809995 7.976408946 -0.832781784 -0.338545439 0.281513892 -0.335576241 5.964008632 4.263722236 1.279185330 2.316733164 3.804647626 3.805325729 5.827767429 5.652664748 1.160722800 1.246788205 1.443363368 3.603982446 8.143330280 -1.550727119 2.080319428 5.170087823 8.393980501 -2.079880543 5.781403749 6.070481693
26.406569700 -13.903155855 13.984421324 -0.552293207 0.147891144 -0.696739253 -0.433191455 3.508678040 5.340976873 3.862955397 1.225058354 -3.423570155 4.782844737 -1.369525134 6.642296118 8.027887287 5.538437372 4.518611798 3.280749701 5.521245493 7.778105146 3.306429390 4.328451489 1.340599511 0.909219356 4.552417451 3.272696463
24.136377570 -4.972608038 17.672380368 0.042978651 0.614626719 -0.707617430 -0.345925432 10.038448425 8.838122200 6.359104983 4.134792800 7.751251258 3.236491439 4.011292058 -0.798655175 7.458391671 5.738149049 2.492714550 3.345236930 6.123639287 5.020869927 3.446903431 8.469189375 3.215988428 1.999701326 6.023809287 0.335872009
19.606782080 -13.607425575 8.044088978 -0.321840069 0.719469087 0.129541110 0.601666273 7.535838223 3.311247827 7.805071179 3.105206791 7.774756210 7.587225844 4.781798072 6.236551609 5.391371049 8.286294606 -0.098034565 4.208218011 3.644775117 8.293923033 7.105113810 4.870919284 8.051491927 6.999758256 7.267522597 5.890343951
26.134604020 -6.271040752 5.833172646 -0.109315887 0.306292885 -0.943286264 0.066676305 6.181261739 -0.121218224 0.392372095 3.050661068 3.205917163 3.404086444 0.038937424 7.783939504 4.217217219 8.421271312 1.094677037 2.595824967 -1.243093931 4.341924281 3.122443632 3.479836116 5.942013505 4.423538723 3.620070607 -0.946947937
27.563222415 -11.331583121 10.663946844 -0.375977106 0.177263312 0.885635106 0.207049252 3.500062365 0.650348169 0.339375509 2.300055469 -0.111524732 8.515853414 3.869756280 2.351736202 2.682313483 2.615887919 5.054985210 5.596571443 0.759747251 5.624990038 4.177657021 3.979467440 8.687435698 6.200621057 -1.051987939 4.258058354
15.715628567 -5.188067482 12.979672630 -0.470716568 -0.221387643 -0.830413281 0.199567552 6.755549102 7.903868998 -0.310716002 6.184798315 6.307715668 3.308362767 2.664395173 5.884357122 2.500557653 3.094817084 -3.633816924 0.779423395 4.082380444 5.062167984 2.738791044 4.438922607 1.141930468 0.996358875 7.174134410 2.052641595
28.355419354 -6.468353456 12.910432853 -0.084618083 -0.018867785 -0.287927633 -0.953719804 3.005973570 5.270887043 1.281170906 4.268546084 4.293212025 5.384533961 3.483555377 8.367299529 3.443543831 2.663514130 9.298027995 3.059445687 5.130041541 1.812373386 4.214996664 1.612401528 11.015120876 3.515502962 1.743441415 6.424456550
30.144018760 -12.624029516 11.747852674 -0.255787933 -0.892070018 0.336378370 -0.160103741 3.693292501 2.490055790 8.052028022 5.083470393 4.779421330 7.488538546 1.884724185 3.859560941 -1.695902245 5.853921651 -1.269357021 5.359326579 3.084257570 6.827009484 6.293029331 3.815342507 9.164829459 4.813119719 3.139760376 4.112666882
21.746617558 -4.009837348 15.908073180 0.037700835 0.247871358 0.812805859 0.525818479 -1.028401580 1.912106232 4.503294975 2.809967180 1.970340005 3.404006160 3.894011256 5.359909527 1.568120490 5.419730606 3.842168652 4.672776141 3.356513697 4.764513085 10.340536065 -1.246410187 3.099971959 5.071935240 0.906697791 6.598382014
22.118978851 -4.020601410 9.860418391 -0.848766611 0.190635922 0.492931533 -0.016482997 2.643892833 3.829027680 4.113667801 3.335150145 5.088934497 3.395374718 2.627428817 2.533335766 5.681284250 2.074263270 6.623799809 4.316352315 4.795616725 0.995468562 7.143729898 0.623184124 4.377260397 1.212111026 4.919304608 4.668698463
30.279895122 -6.798780561 1.208552786 0.366658618 -0.809387008 0.004309112 0.458732559 3.636145793 1.354793794 5.115040739 8.415911248 10.205021461 4.881304654 5.923167298 2.678378000 6.444559440 0.392706441 1.791718912 5.278197848 5.755498843 4.034825931 5.073986873 1.100162422 2.311960123 5.955705944 3.171493979 0.512079949
28.643280422 -7.187137247 10.790330505 0.069568955 -0.863435619 -0.040669810 -0.497980982 4.191178181 5.618893671 5.202315347 4.747522442 7.789532526 5.203511614 -3.498463769 6.007159231 4.664233911 3.651950427 4.458679402 0.779348339 2.502301867 3.693494418 8.760276284 7.755151570 8.595910125 2.835574529 8.025068538 3.901552437
29.878668294 -4.325634255 15.233985391 0.253148913 -0.424361806 0.594457462 -0.634391844 4.404921119 3.596996189 1.475846221 6.407463538 7.320525253 4.816696517 1.853025060 3.646561366 3.966339299 5.760241809 8.612062759 1.792416236 0.611616009 1.635206491 0.726170331 1.419640381 5.752132515 -0.158172789 10.087942858 6.767667956
31.141499115 -5.843547041 8.295335397 0.104890417 -0.642838873 0.085367371 -0.753968564 -1.625935625 8.546118474 4.605755083 4.988476531 5.499477966 2.627784656 -2.104500360 6.938213588 3.160740935 2.495051860 8.374104606 2.220412793 2.140861851 3.156479879 6.245335547 7.063329546 7.200550265 2.104203444 -0.166456140 7.122228456
24.920986996 -10.268042956 8.169467720 0.616095502 0.392671278 0.404274343 -0.550270711 2.060565357 3.923422329 5.629521309 5.825302197 4.763222479 5.174368249 2.251753163 3.336916392 1.749772498 0.661225440 -0.967710033 7.150230866 1.052180950 8.126389884 6.585417193 7.088410909 2.583290836 8.758641154 3.708456951 1.365371166
30.281356410 -3.817670849 14.594150962 -0.581306903 -0.057067980 0.197850490 0.787198014 5.136444355 2.899580358 8.083939306 -0.542929285 3.416685307 5.300129492 -1.911722566 3.992152219 7.754659544 5.174723708 -3.029805139 8.727664090 5.736373923 3.503500549 2.812645093 5.012136161 1.131317970 6.785620683 7.210947752 3.076178550
26.579791070 -11.986103159 5.129111010 -0.097316614 -0.495183671 -0.281413991 -0.816167124 10.073503910 9.097823015 6.427779433 8.010821457 1.491416062 1.671947219 3.661447809 6.180133450 4.002379723 12.619124110 4.314827074 1.718409608 -1.683419686 4.879139343 -1.231473654 4.532791202 6.371278133 1.202618180 5.810906442 3.803636509
27.685310048 -5.510764707 15.159563848 0.498196599 0.095144158 -0.667167482 0.545559611 -1.178462465 5.480809807 -0.989922889 4.998097158 6.924903069 4.220544341 3.540605183 2.185553331 4.404244583 4.642586068 3.000789214 2.612689798 5.012896403 4.057550961 -2.225900833 4.150628389 7.320513603 4.390352530 1.628436137 -0.131770934
27.284000345 1.031705441 3.779340172 -0.597931741 -0.617366494 -0.444335200 0.252789388 3.521473868 11.749520217 2.157455463 6.871556351 4.672423695 5.168357253 -3.911380360 5.771504821 6.573024035 6.289989428 2.995134728 7.282738750 5.253819974 9.435256593 12.610710300 4.407127045 1.278959715 4.806520866 2.390796008 1.078271323
22.545668891 -13.070290874 12.262348425 0.972915012 -0.160715687 0.035461011 0.162324872 -0.795470672 2.561895863 7.263029385 10.098258887 2.902398493 10.046812364 3.976652237 0.887085598 6.870497311 5.858667594 -1.517813317 4.258691126 4.722763584 6.975235777 0.375202477 6.224200884 4.272990721 1.954287219 5.755179682 4.613630691
26.237740697 -6.191305121 3.633512449 -0.190307943 0.571033689 0.459925966 0.652818136 2.518059819 9.593682581 0.773679324 0.479557135 7.456201951 6.557201408 2.091971930 5.066805604 0.376546401 2.306670862 2.566427083 5.213768542 7.498687569 3.510461078 -2.380612916 4.419213218 -0.817829751 -4.815615861 2.597963279 5.056662859
28.173123461 -8.823069318 17.701687205 -0.659651083 0.341325597 -0.318561357 -0.588961753 1.367590514 5.078964155 5.337422933 0.957346865 2.437279717 8.413433685 6.901801177 5.638825554 2.665618684 5.596270852 -1.138168423 1.491555523 7.015580605 4.593058726 0.670525708 6.270079530 1.992665613 0.793205217 4.210637323 6.979630477
25.284541289 -12.607176194 2.767469442 0.079388426 0.550730648 0.681320629 0.475600076 2.461102558 -0.246913264 9.227309825 4.773057669 0.721106009 6.999355532 2.893601804 10.813290205 6.827364305 1.258994679 4.446077078 5.239410947 4.955206809 0.256928543 5.024542042 5.986247900 2.317390298 4.547626263 9.597321036 -0.156132691
20.174051006 -2.888059216 2.545517417 -0.137603244 -0.933853306 0.106348706 0.312527282 3.887289197 4.694598533 1.138022823 8.535210271 6.896328301 1.780464733 2.322968492 6.785561926 3.471746905 5.939145838 8.870254857 3.803461846 0.819787003 3.524478536 2.288893079 5.892440277 3.393862013 3.978206545 3.157193132 5.940719287
26.792526795 -11.291603227 9.411092341 -0.570594639 -0.494196907 0.453614692 0.473735038 2.996495553 6.866609464 5.592775228 6.796827267 5.023049938 -3.135703996 -0.097241897 0.188043197 2.853910471 7.713735602 3.960322409 5.672898196 1.364705902 7.810235506 -3.142530224 6.320075173 5.744208364 9.757219138 3.716207321 3.462867435
24.998323672 -7.452465998 11.675037117 -0.220785825 -0.703627453 0.443683579 -0.509221866 -0.129204496 5.149337143 2.519479170 -0.920470613 2.950085374 5.023166639 5.469653770 5.712148053 0.728601895 2.233297438 8.097936817 7.389025892 6.198090739 8.514788930 6.639309288 0.683330555 6.442732872 -1.530247037 1.630869434 -2.306049758
30.570926789 -7.906574338 2.789945240 0.263206119 -0.701704919 -0.236394353 0.618425789 4.177684769 5.779075222 -1.490511031 -2.566462822 2.476827695 1.464982324 3.390258271 8.460922878 1.924360191 5.046695763 5.909918011 6.681147212 6.423698365 3.392159768 3.220176613 2.537262272 -1.915292344 8.651089502 1.405322061 5.842899600
28.135008224 -11.345781315 16.280591303 0.843430602 0.399476548 -0.348227783 0.088208381 4.409160366 3.055192669 -0.381929018 4.530357977 7.913984651 3.570028735 2.378000951 2.636509015 2.435612384 6.569790940 0.669416463 9.663174774 1.186166216 6.691660272 8.323983586 6.854449172 3.113398528 5.582216535 7.897068312 4.228541963
33.577756402 -5.511646022 8.666533473 0.115891937 0.274980939 0.637061704 -0.710708750 7.563701499 5.081467490 4.677229167 3.564842708 5.110860007 3.108761956 5.043362210 8.900322597 1.137339297 4.064086801 7.696813826 12.807916816 10.412880757 4.608114183 3.963481014 3.831896205 8.625392825 -2.399410463 8.439808351 7.684881457
25.099556590 -1.385044809 3.155381408 -0.115668420 0.615106460 -0.037648261 -0.779004151 3.932620922 -1.483699009 4.107808708 0.463281390 2.820951888 -0.063732602 5.004682795 9.280733989 1.989855846 2.964058851 -4.836466622 3.688243408 7.342920707 0.687374734 3.388165391 5.752515412 1.828434630 8.431840396 9.849123332 3.098994288
17.447398673 -8.408332076 3.520058684 0.303482736 0.697369231 0.354218244 -0.544154224 6.912627991 7.304479088 0.028835470 5.024733157 -0.482606985 4.258398123 5.882123946 6.346422384 9.132500108 4.813289254 5.385094195 2.790057449 2.175983233 7.906814360 2.490736552 9.682901061 8.003778931 3.069605979 3.009753248 6.443466375
25.185684647 -11.130442202 11.283190997 -0.541879270 -0.786932683 -0.029575678 0.293647900 7.975696490 7.797176162 0.824952582 0.296443904 3.152443176 4.025912668 5.117626760 -0.475243074 3.750622175 7.571813110 7.483718176 3.927299201 6.183455269 7.085186225 7.808627253 0.160557190 5.771183944 5.104890220 6.494263870 5.374722535
19.979870120 -5.171635854 8.052612220 0.121662020 0.001954452 0.366157700 0.922563316 3.791351597 1.699656723 0.354310484 0.021451049 5.558496035 4.315803276 3.624999692 0.326666771 6.746491400 1.958680163 -0.029349142 1.794110550 7.965646166 6.447682797 3.954392778 0.645596650 -2.062082372 5.110031050 3.819365201 -0.323287374
21.851909839 2.486146215 9.591869924 -0.621686567 -0.200228154 -0.206811595 -0.728452787 10.037168629 1.380976795 2.356351072 -0.279676661 3.088877491 3.223085199 10.917565631 3.091371401 2.544339009 8.665676623 0.199794517 4.046332852 7.049138581 -2.429472109 7.964796501 5.267351580 5.506096126 2.290348490 0.931711596 2.290371570
26.365002457 -8.708633893 0.477224009 -0.144019904 -0.436793047 -0.887017194 0.040872962 4.953108376 5.165851885 2.948991620 2.278504227 6.565872673 2.962219093 -0.168528167 5.227805008 6.127257639 5.502059710 5.953955663 7.341026812 5.906277596 7.108109597 4.046285032 5.375263016 7.512484656 4.143198554 2.054546184 6.583213822
27.094420502 1.202547950 12.441426387 0.390774065 -0.312641046 -0.672749600 -0.544939613 2.028189129 3.768706655 1.880539165 4.784881364 6.623643562 6.701941768 5.238449620 3.537361344 3.439816315 5.044778810 6.512907531 9.512269106 5.084819331 2.667368036 4.013341275 7.126795363 8.632549825 7.106348695 4.308286137 3.245890555
26.534291405 -4.807220214 0.668279973 0.061839854 0.729349415 -0.655500912 0.185859672 1.338188353 7.031824310 9.049457272 7.067948126 5.070937482 5.865942618 6.610153251 3.335288928 3.987802289 4.884902398 3.447799892 3.371440148 10.551898527 0.011058141 2.402356008 4.117684748 7.206532280 11.267016939 2.017171174 -0.116381564
22.481114136 0.063362905 2.634688208 0.131143371 0.486227700 0.520251073 0.689726657 1.726187530 0.806232475 4.569572898 -0.036535445 -2.714925551 1.763613142 3.163879656 2.665233474 6.982392679 2.647583424 2.875255067 2.447093798 2.844474479 6.638786188 1.707051531 0.778753128 -1.029664660 6.153869568 8.036116884 6.807249306
32.316852814 -9.638210846 8.756143975 0.895772168 0.241496476 -0.261839423 0.265916889 5.168806440 5.166243525 9.730557706 3.021237635 2.680908013 7.763983389 1.609566889 -0.830020189 0.207131949 11.226687561 5.708901401 3.057099884 6.231282660 8.303396837 6.778871414 3.708928062 4.102751533 5.127780134 10.709845759 0.239598864
29.383457558 -0.908088476 10.689940165 -0.569770164 -0.297705488 0.753965017 0.135167136 8.397407482 4.146909363 2.002158130 4.294180074 2.040768069 2.462781208 3.993685529 1.432697417 0.388064757 4.131978179 6.071932868 0.341177798 2.400520720 1.679246735 4.317209064 1.409073030 2.568380948 6.056944518 3.236453105 4.794897250
31.347322922 -7.816886500 15.055286030 -0.551296142 0.774698780 -0.079692674 0.299271519 1.217169329 14.114372388 0.297796381 -1.327676820 -0.551194756 -0.138314053 0.929201289 0.126318305 5.005902932 2.654490038 7.201880272 4.825978113 -4.205043606 -1.076899803 -0.051721971 1.467150996 7.524668436 1.725231811 5.802887291 3.223549996
19.911787180 -3.606869272 3.986194792 -0.242123411 0.139422570 -0.036369749 -0.959486760 1.517828241 9.221416621 5.696682728 2.060916102 -1.044162828 4.935156215 7.111394883 -1.930259641 4.459150979 2.401465357 6.349896844 0.003531228 6.824487047 3.849856197 0.772688648 2.488188502 7.133574089 6.442414616 -0.832840979 -2.400884325
19.109458218 -4.957305706 15.550010387 0.157639308 -0.865546721 -0.407437806 0.244894175 3.709482461 7.317597064 -1.254884654 2.966253827 6.265108626 -1.449104791 -2.828222489 10.578194885 5.775880792 4.718696203 3.223531298 1.864955151 1.293279449 3.599855274 -0.791670911 3.079304057 5.759845035 5.900292470 4.995211451 8.937734329
17.513573583 -3.943370200 2.568637369 -0.059346974 0.059046713 0.210320566 -0.974041417 -0.484595691 3.058267033 5.391934173 4.938712556 0.672537729 1.718712674 8.177147723 10.437060272 1.446022131 3.625612506 4.932773502 3.619981222 7.471943838 5.707499479 4.586185683 7.459142476 3.650790028 1.447904713 0.656675899 3.198390760
27.938054283 -2.765295073 17.002595104 0.376247820 -0.037247258 0.173638186 0.909340421 7.667674143 1.667729217 2.210129020 8.495984520 -0.481413521 0.983630608 6.198144172 -1.477415351 8.486203545 6.972307981 0.688060095 11.491255744 6.037609230 4.085319379 4.670608341 6.585813686 10.837559490 5.820649123 4.654676796 7.517485284
24.216105895 -2.423567356 13.987800735 0.784674458 -0.215438972 -0.575516300 0.081566125 -1.890921466 -0.698092628 3.174331835 2.515723879 1.819353892 3.981451102 7.977728872 9.031788677 1.238137021 1.179039189 -0.053926544 2.493754440 10.898978808 9.275030096 1.487672585 3.173809425 6.188582527 2.400236851 9.984364470 6.513223173
24.088208055 -5.162151074 10.328185461 0.663153214 0.428175968 -0.576433194 0.211229564 2.501616284 3.533264126 3.251299918 1.733055357 2.203900558 3.501347976 8.169238629 2.420842486 1.930557068 11.566161139 9.166965876 1.697491196 1.505841477 5.860332105 6.168092681 7.136025544 7.600899552 -1.547262651 8.647662874 6.817825235
25.912138144 -10.636031494 17.718374126 0.677727349 0.703603435 0.117264910 -0.178540717 1.655709741 2.340562647 4.360326557 5.709351561 4.502035546 0.309105815 6.739093606 11.449671689 3.705698463 3.246396555 7.151832786 2.599756623 2.303309806 9.254503074 4.340985736 6.712235894 -2.015946052 5.911454250 3.862707974 3.639616504
22.976559794 -6.301066814 1.740079721 0.059444992 -0.873262902 -0.474857897 -0.091586980 7.122721312 5.184613708 4.460634499 1.754910625 4.022532537 5.152946661 4.722970555 9.084583639 6.205592945 10.936669695 3.978002496 3.217753051 3.288353139 4.144879579 3.852202797 4.322583574 4.718342304 3.655589588 7.152522786 -3.267881880
24.537241716 0.835916458 13.472244232 -0.641625283 -0.430910234 -0.496273748 -0.395405784 5.484597023 3.311360383 7.923301022 7.656813475 -0.097574447 1.745134166 3.924707586 6.330987535 5.697612447 11.417265328 5.313358765 3.294767534 2.934848822 8.118913877 6.797288080 1.312119720 11.258094656 3.563488287 9.316896341 3.802559824
31.513551378 -10.654482693 5.003046149 0.081602791 -0.611761416 -0.744771914 0.253778939 2.640523889 2.707225192 2.800040289 7.901326120 -0.362997716 2.497235837 5.517089462 5.783680618 1.361740135 2.269281512 8.783760055 1.911263397 8.667454256 5.400702210 1.213435307 6.378799772 6.138691322 3.960910247 3.931983936 5.164080403
22.726865165 0.687674503 7.165348722 0.801127217 -0.220441763 0.530652420 0.167357762 -0.137805673 0.063560295 1.066919743 6.601494346 3.288658062 9.045943216 1.577609231 -6.212182535 5.463741369 0.189932347 6.858199075 3.556926680 9.501136709 2.070629132 4.588321391 2.864129055 8.400840046 5.926875441 3.886223368 2.151793091
20.295726158 -5.516636095 17.393882922 -0.600769727 -0.384914546 -0.622657177 0.321270240 3.876077629 4.719621857 0.439573226 7.717457921 1.132312344 3.273884929 -0.887901333 -0.017787157 5.776223572 7.749683983 7.551561641 9.441448486 5.428692025 6.164278854 1.946832165 3.748384342 5.719705974 1.780553021 1.911705189 1.259022437
25.110198561 -1.303053699 11.268515007 0.214912978 0.493573562 0.751713983 -0.380950967 -0.627820176 3.976110457 6.338140426 -0.402891173 9.136332199 -0.884466542 7.319888146 8.159922240 4.095144781 2.463957945 4.341201827 6.535036121 7.803999710 3.866323232 3.496060792 -2.515707200 0.317271098 3.997485651 -2.603822604 8.512215795
20.836768184 -3.483565012 13.074830268 -0.398215660 -0.594163973 -0.516384574 0.470893229 3.936236690 3.124264874 -0.882418263 1.119318759 8.086814998 4.534357822 6.187970417 2.281377978 1.088975716 8.379479995 -1.684796271 6.621289846 8.635085180 8.459918754 4.048605203 11.715680648 6.051401278 -1.748663770 6.410133344 5.443879326
21.293522406 -1.222536613 7.532947376 -0.239025016 0.649699190 -0.641932262 0.329667977 0.846929028 3.160091762 -0.692423721 0.008423059 1.081130658 7.508886818 2.302055056 2.448768602 -2.392500174 3.323421134 5.601061187 2.493348990 2.999227961 3.709831020 2.798344628 5.465293659 5.601094413 2.374806495 2.434502436 8.485578800
31.160968509 -7.994876942 6.127146046 0.154545904 0.161415858 -0.889424651 0.398728322 -0.503719982 0.508963560 -1.375936477 7.731328482 1.137184364 8.293404526 3.260271892 2.048097286 5.009989767 3.784024288 3.887562751 6.516378801 9.336107804 -1.568650723 3.593294426 2.809290697 8.200329026 8.855621102 5.584580681 3.835906037
26.708858785 -10.014940770 4.554718004 0.686916400 0.277949251 0.665265125 -0.091172287 1.384555311 5.322100019 1.862962628 6.156332836 1.778300808 1.924095003 3.259679610 2.649020907 2.317299558 5.793001134 1.291814407 6.086000218 0.201704647 0.181481849 4.274853003 -0.278002553 3.580313666 5.440443503 2.763156456 3.332400296
19.095169442 -10.307786161 14.915400679 0.703654091 -0.295144397 0.325691720 0.558288106 -1.107430889 0.080093745 6.433508431 2.368551352 1.133427559 5.937221393 8.157080266 -0.062115065 9.662249268 6.555991339 8.868810257 1.359087421 3.525637422 1.218999864 5.677587480 4.030155818 4.660574341 2.554150354 4.174449324 3.063081996
19.987374451 -7.121360006 10.531020827 -0.051750261 -0.260033277 -0.891382568 0.367616271 2.402020406 1.032537909 0.208909545 3.712521130 8.222865529 -1.840635631 6.969661315 8.054606791 3.692807547 4.029091965 4.056611089 2.539416047 1.067907619 4.492065401 3.607238404 1.046142566 -0.164843065 4.655993126 2.449549122 6.515289191
18.376465273 -10.980106499 11.164225843 0.124374936 -0.920069702 -0.330235094 -0.170139359 2.856391423 3.367253372 2.884866963 2.995508239 5.854449553 3.894517918 3.811690648 7.579010297 5.174503030 -0.162117814 5.481695432 -0.296250730 7.795470285 1.613627324 7.053988135 7.111132883 2.781770107 1.253416052 8.435998770 2.298125428
21.217656740 -9.530857334 14.890205429 0.800441029 -0.425325273 0.031160286 -0.421214444 3.646455890 4.578717244 -1.155557720 6.147447647 2.947040911 4.863704537 5.868262898 9.099703026 0.169968025 7.356131831 0.792544380 4.324170259 2.379320956 -1.270798395 -0.293076539 6.695079661 5.110206646 5.475191296 6.917322274 6.343702930
28.688102193 -0.860697348 7.931797625 0.366234025 0.509230589 0.016933978 -0.778633474 8.652998660 6.107784330 9.156957952 3.302200457 3.113599771 9.770567252 2.336154102 8.095348863 6.703207371 4.659328766 0.146437391 4.656641867 0.511884649 2.900077479 8.930186487 8.528864473 3.939203376 4.281662298 0.212313037 -2.380566748
18.323667839 -5.706683481 15.883439388 -0.000706305 -0.128470415 0.148255361 -0.980568815 3.919832184 2.594836209 4.842271727 1.397423065 10.009132868 0.532073990 -0.291273643 4.722674215 6.289986470 1.153477073 3.252553212 3.155349721 3.914235077 3.490597416 2.287961973 5.575870541 8.283989046 3.446705086 5.998261963 1.423911443
24.657207821 -1.995523522 3.701811500 -0.673255685 0.252119611 0.579218579 -0.384276362 1.084852394 4.292740982 -1.102975721 3.152217448 7.310525319 1.630386527 8.161492666 8.344751770 8.496462372 5.874179064 4.094809903 3.356790924 4.081615154 5.574207890 5.471794460 10.090531789 5.938574605 4.933890365 1.098039845 3.662323068
21.915026102 -12.291850433 2.510580262 0.618979482 -0.015250252 0.532053841 -0.577538346 3.252347451 0.757145379 4.008644340 9.671436803 6.008305901 1.704147226 3.064674717 2.811597848 6.242769662 -2.106580291 2.895599339 3.310424260 3.963154312 0.505054716 2.300669387 3.500760466 7.025608552 2.185965502 8.209974548 1.459475011
15.825711757 -6.526634673 8.449823580 0.402998701 0.286571615 -0.803461933 0.331538351 0.180986920 10.461449880 1.312177597 6.548108187 3.007630537 2.469137092 0.812817678 -1.251438368 4.033771381 3.911509507 3.084743018 2.629743206 1.162046403 2.369078589 9.461093058 5.602859287 7.418836204 5.774234654 5.725644940 2.990464633
20.787263786 -1.707096909 4.089676271 -0.051127135 0.471381203 0.642146864 0.602356359 -0.124886360 2.196204686 4.003013654 6.247884784 -0.484250220 3.463179981 10.157372232 0.053857654 0.505198301 8.287795227 6.516136910 2.838671173 0.608480987 0.850023780 3.994196521 0.349414326 6.614119064 6.718780144 4.031216598 0.309480516
21.838858115 -12.833276998 15.015485163 -0.118674742 0.862075366 0.013057625 -0.492515855 3.013412238 3.403391328 4.337222638 10.054249038 -1.452326259 3.435184468 5.291282058 3.342011212 4.697161205 3.614558567 1.936307659 7.365507187 2.403898593 -0.053781751 2.238636773 6.377471151 4.717801497 11.648872836 -4.132734625 -0.265406449
23.131824197 -5.071273018 13.036380017 -0.206375777 0.606877589 -0.320057695 -0.697618594 6.864767684 7.138566880 2.232265531 2.861061032 6.601094138 1.616673289 6.919577051 3.606370095 1.948025632 2.181360531 8.901349502 1.578453455 4.506455444 4.078147167 3.219694572 -0.066734457 -3.532221431 1.097132631 5.823144264 4.064807772
32.666691787 -7.182156122 4.892019511 0.190566544 0.291293672 0.815644274 -0.462122070 6.348798002 2.683464148 0.816044086 3.749702118 4.091635586 1.840850287 4.241721345 3.232062373 7.639619018 6.101169771 4.124346657 0.323594906 1.784434177 4.643928498 3.395109371 1.009414344 6.312911200 6.081898423 2.315648960 8.040600082
16.700152400 -0.857420580 10.437829604 -0.265705498 -0.932155628 0.212675587 0.123513434 5.397765644 7.138213543 1.592503030 2.101706679 3.663989852 -0.003772349 3.082205687 6.959716533 4.987476201 0.344946124 0.362448659 5.877205948 5.805235413 6.850840423 3.934414418 10.107734132 -0.893605448 4.855506035 5.341984215 1.460352273
20.648778706 -10.674702723 1.570329937 0.702440559 0.038961539 -0.623059636 0.341841995 3.109936555 4.787098787 2.306654100 4.267496077 4.045828307 2.606533785 0.451957641 6.718528275 -0.176327903 3.626426994 5.720800958 2.518970581 3.125561771 0.277235903 5.865151178 6.515237035 6.310118374 5.911047229 4.681478080 6.276466516
16.742171164 -1.781295055 9.267615578 0.799360084 0.282685253 0.529994456 -0.014777701 7.569438809 10.411573066 7.376700088 5.555867530 7.845521656 4.793012300 0.534150185 7.076098899 1.053639343 1.028713158 1.787636678 3.529442728 4.378868064 3.599343216 0.926469270 5.167142074 7.271664783 6.991633318 2.491980150 9.166180134
31.863912563 -2.874973321 14.131880679 -0.366741512 -0.386992066 -0.811066639 -0.240642288 8.220381320 7.119134472 3.908156493 7.901437987 6.014936664 2.585116497 5.096484211 3.195534136 7.022084228 4.098558680 2.706605592 3.027717579 -1.108608694 3.859542641 3.167207894 5.976365083 4.075178599 4.554804301 4.970819721 2.630740489
23.902447824 -3.374282654 10.745732825 0.492697698 0.150542036 0.659865223 0.546958829 7.786241017 7.475615705 5.624660270 8.807119120 1.911561900 7.418848162 4.109489495 1.814118126 5.909614201 5.791363265 -1.046551619 5.188387877 5.499653766 4.467395187 4.958734994 5.227417034 5.867413468 3.452022121 6.061508062 1.445742005
20.195845278 -12.439491203 12.220375192 -0.782506979 0.119172838 -0.604468736 0.089990054 4.711247007 3.542306596 4.149306223 7.178147808 0.166339053 6.947310617 5.666696562 3.453818273 5.294121068 0.901515670 3.829890854 6.813331272 3.970648071 3.768495603 -2.856938286 5.500551964 6.541638065 3.665408194 3.691716882 4.356692103
25.665669015 -9.738222873 12.682642568 -0.106994268 -0.835511768 0.276196819 0.462804093 -0.843512634 9.104656413 2.508688328 7.623083032 7.508551495 6.203039354 0.400409990 0.723967530 5.856347118 1.423917710 4.245253772 0.688483369 2.642797594 2.359669289 8.484659221 0.642542009 3.281707258 5.401132377 6.036856957 7.025433065
25.610443286 2.866589374 11.838787211 -0.030434978 -0.950252362 0.291702660 -0.104898612 7.944766256 6.121943604 4.327344343 -0.956128752 0.115814388 4.997116957 5.395424685 6.261797947 0.801036569 5.424183683 -1.777290826 -4.126992389 12.725944790 6.958001181 0.467248185 6.223239236 0.183949451 1.910318733 1.714129681 2.548725290
27.900686667 -7.129254583 3.083967170 0.032147932 -0.342246999 0.234015866 -0.909433932 6.977335478 8.063023858 6.239128110 1.501970907 6.728248837 4.619338991 6.423784925 2.264057757 2.513421456 5.395861800 6.820430959 6.200202391 -0.737282125 5.018357447 1.590562621 5.476197484 6.873581364 4.291968581 -3.033100608 6.904517863
26.539407742 -12.449576131 9.276688897 0.567302409 -0.028840065 0.814946229 -0.114886342 3.661015620 2.099357373 0.817396891 9.220627116 6.166395527 9.391610788 3.169830031 5.885667187 1.413864785 4.059910686 -0.389913183 -0.136692294 2.253284506 1.552538234 7.116388194 6.908669067 4.494341660 5.080872698 4.957464286 4.655927947
26.656583228 -14.978721727 10.296279310 -0.748182705 -0.021632158 -0.639585653 -0.175171009 4.892137437 5.762546785 2.989150886 -0.166976759 0.386689251 11.482628292 1.936268954 8.332509799 3.269070755 10.628125231 9.941647764 7.389749146 6.637729668 6.625025462 2.349064362 12.571847807 8.849770603 4.150540986 5.345642993 1.761158126
27.973831624 -14.292250759 5.429359966 -0.417967453 0.607216343 0.675556589 -0.014656621 2.137771463 2.954270983 5.692142230 6.736895705 5.164140334 1.841709308 11.025519318 -4.363184846 4.748090211 3.930987166 0.757484826 6.324310792 2.701128445 4.370173892 4.643207504 7.178498134 7.374946349 2.662958557 7.961334062 4.407286237
24.900495091 -10.303559835 9.914870521 -0.853876822 0.346112674 -0.033941157 0.387231698 1.906380122 3.251296425 4.136294678 9.309590460 3.068218785 2.704953717 2.399014470 10.443219167 4.351387760 4.150106700 -2.791218931 2.636187196 1.303827880 6.815690205 1.515115041 2.734412588 6.785094681 6.897952474 1.046488242 6.144169485
31.167511009 -8.393970983 10.463415947 -0.512464397 0.343020096 -0.118020170 0.778324286 6.341656321 -1.147245902 0.953005423 2.539382782 6.665220029 6.167931433 3.866791462 2.125009482 3.011792051 -1.014215018 -0.579696712 -4.193613019 6.523045787 2.244115406 5.454791593 0.693105454 8.068469960 8.272698492 8.286084180 6.020398870
32.578776176 -6.530101818 6.633139517 0.279118378 0.355231691 0.125978136 0.883194704 1.328120000 4.613055594 5.181961708 1.515186506 4.213615188 4.067290284 7.688298979 2.250363805 7.070286369 2.958576961 9.305723815 6.550268269 5.505597557 5.810923394 4.697335127 -5.052678438 9.010209970 0.768060110 2.750543760 7.770474630
26.740471055 1.556152276 3.520157009 0.582582863 0.619282288 -0.526319324 0.008638565 4.701202596 4.077385494 -0.093406345 3.866965011 -0.833523528 5.087075471 3.960994942 4.602062574 2.686974545 4.409195194 1.157302914 6.237341181 5.569960664 3.551419761 9.855883607 8.218529737 3.426940592 3.218910401 1.917501880 0.818786530
17.349486429 -4.638840704 11.124755032 -0.680144330 0.065447095 -0.726816426 0.069701155 1.350294809 4.994136409 6.638353587 5.917406366 4.725095776 -1.391609508 0.678218382 0.561114278 4.308204516 6.107884782 3.107403513 5.880430629 1.616321353 1.846338692 2.051712258 0.263363228 1.253838513 -1.532910465 4.359738843 4.332882188
25.659552739 0.535608252 14.712592302 -0.747548262 0.495174654 -0.304434468 -0.321392770 7.373695275 1.044307434 5.460413247 9.380624084 0.926723863 0.308385238 7.911243764 1.315999039 1.891927836 -0.190934063 2.672610521 1.646138586 1.727581865 1.948640274 6.025575265 6.894869997 4.754126438 -3.783001705 2.409355436 2.634774543
30.994417247 -7.403465401 6.887688375 -0.263652521 0.198630168 -0.943945407 -0.000688433 8.206442984 1.375670061 5.466574057 7.006895119 -0.864145930 4.892191898 4.034121807 4.949154190 2.622563055 3.545576656 7.350525732 5.646369585 3.522959642 8.006725909 0.853951891 9.615083331 -1.820769161 4.471889918 4.300545403 5.256246171
23.654541558 -2.526748740 11.675560668 -0.427211938 0.317451062 -0.755860807 0.381299389 -0.407055781 12.278344316 0.155027124 4.009169895 5.329115875 5.796180375 10.176493309 3.667967968 -0.871899851 3.666873211 4.169539587 9.443170376 5.293808797 6.085710862 5.452749382 4.042424170 5.096567609 7.310482535 -1.881286672 2.495847595
24.083542833 -8.418420311 5.425711989 0.748315369 -0.506953314 0.362098701 -0.227831025 -0.500592545 8.470527370 2.957150559 5.306394337 5.327602866 2.333773989 1.182047331 2.940256780 2.646042189 8.796416655 -2.495345540 2.207478556 5.807218615 -0.835206513 1.687214461 -0.282185188 5.141461210 -3.628542385 4.524190983 9.621109083
24.810631264 -2.158061897 0.064895403 0.048234978 -0.589832387 -0.803056720 -0.069792881 4.918449346 1.823201709 5.331529141 2.812391975 6.550565836 1.566979543 3.574593285 3.542513208 -0.465699186 1.003484529 5.583430030 0.721983682 6.004065992 6.724416342 1.934161868 6.554954983 6.189634256 7.053100332 0.835052792 -1.078956171
23.035958432 -12.118101205 4.791228907 -0.391754591 -0.242970480 -0.759491543 0.458983968 0.189877756 7.722906327 6.212063519 3.801925978 1.051256773 7.094825492 2.054357957 2.450859614 1.039079160 1.931383489 -1.713883996 3.054241935 -1.207655337 2.768637887 2.576182241 -2.191360319 2.352279188 4.873287012 5.374799525 1.519364735
19.647758338 -10.022880071 1.549954010 -0.466244919 -0.094565663 0.332840994 -0.814180498 5.446622845 4.509137944 5.401888760 4.547057400 7.432375052 6.604823536 6.225019357 1.606650388 7.035149606 1.909539754 4.202632146 6.860638907 5.083470868 1.958737302 0.708265988 4.382962057 4.259988765 5.162349814 2.420161722 7.510495990
26.904009915 -7.941794293 11.898908454 -0.494568999 -0.057015638 0.611739858 -0.614756105 7.246939535 0.807388881 5.781230347 3.549934961 7.551958792 3.242070637 1.365862904 8.423805111 2.413931575 1.539275652 1.992148944 4.303873917 1.702463859 1.860694900 3.130823369 -0.623982807 10.836678519 2.284902172 7.764709322 0.463968706
19.384784185 0.776417528 7.679840837 -0.695571902 0.276435219 -0.606912281 0.267246669 5.900553906 0.102840514 4.839413731 4.915758720 7.508842177 6.316343092 9.437961333 8.053218919 5.455840029 0.495075517 -0.050225511 0.559166011 1.957873831 4.632305900 4.405344022 2.678593425 3.710837778 3.189140678 5.800798102 3.578432001
24.846763796 -15.505068502 9.836867887 -0.928042708 -0.146507294 0.306136178 0.153469820 6.713291203 4.161844051 2.763682479 4.950255953 1.289912717 1.279904360 5.052421307 6.452946459 2.052508818 5.122766115 1.177766068 6.949818955 4.499669433 -0.726686822 10.241491757 1.200642388 3.903270092 -2.661781790 1.459612830 -2.032457105
29.775046750 -9.611188542 2.189735765 0.196995162 0.970429320 0.116783146 0.076299006 6.008361056 8.014716332 0.699503999 3.424260681 1.752483487 7.999391799 8.083922040 2.038347854 1.664581581 2.033081855 4.390776690 2.806887176 2.752691542 3.853197425 2.684766522 8.251427333 0.910499883 3.547449103 4.801714381 7.213728386
25.248957225 -1.824128203 14.438564945 0.222007710 0.568599340 0.765524486 0.203419831 1.510561901 10.896540091 5.279414876 0.919936059 -0.621746420 6.827968959 10.506436471 2.043412954 2.584254748 6.671043151 6.518339968 7.072272857 4.993111317 -0.390790666 9.147852456 -0.306084809 5.210524589 3.921898342 8.823120913 -2.856802697
26.263800153 -7.648501571 13.614824731 -0.915339424 0.267366954 -0.069189864 -0.293055309 3.230477372 4.234980959 8.095013613 1.472105594 -3.020712616 5.893304019 5.658944387 0.804145555 1.970263293 4.415055125 6.489828068 3.191582825 1.416487504 6.265138439 7.889955209 0.813957442 2.082055986 2.563847599 0.626577530 8.804391900
29.024429709 0.234902072 7.833653647 -0.320615961 0.390295900 -0.587602745 -0.632137271 3.436329577 4.954786333 7.299913060 4.678611383 4.960053070 3.351398646 3.972399073 6.144013831 3.445355596 5.094035777 -0.073929026 2.451412366 4.014397655 2.198209921 9.623701537 6.060014941 -0.079517457 4.334335971 2.860322913 8.103304280
22.806472938 2.069817409 8.699020885 -0.047195427 0.456116050 0.091658841 -0.883928389 7.519320232 3.202055298 1.988500814 4.944538204 5.294092960 3.833591166 4.532669876 2.305376776 5.397607384 5.980312909 1.345877114 3.762306281 5.167663659 2.355555692 2.003580615 0.578684156 2.613161256 -0.189906460 1.276083601 1.907672934
24.809317035 -10.140345126 16.548036687 -0.180808065 -0.092954872 0.969886750 -0.134117587 2.122088311 3.105693469 4.610173990 5.876336410 6.577532941 6.162293347 1.208917999 6.810524351 -3.440451603 5.922643051 4.874474045 6.379031504 3.776741435 6.466877610 3.493111700 3.068582562 5.990607494 5.617812354 7.303025211 -1.361447126
27.902487312 -7.410324405 12.618692063 -0.373204926 0.165624734 -0.599793001 0.688138712 2.380862136 10.289820597 -0.155914334 7.036249881 0.009804408 2.064219591 0.620699297 -0.287593052 7.330890001 5.973886805 -0.223475547 3.512085215 4.317683821 4.424817687 3.820933567 1.404341885 7.936779796 -2.212324490 7.799085387 5.686087840
17.924017975 -0.788145296 6.809353642 0.686118656 -0.492725288 0.109351066 -0.523932557 2.808109692 4.540032511 4.025000786 3.024790814 1.635654244 6.692027519 7.805741010 1.264434931 6.198453951 4.533261149 0.404490560 2.952030774 0.074522582 7.377541302 4.639693362 7.945062097 6.850330802 3.389464071 5.916457831 -0.730463128
