6.647031861 -12.560115005 -30.681967107 -0.105840692 -0.484936911 0.599743027 -0.627648183 5.615930456 0.392206146 6.821541144 3.543149436 5.463739977 2.032666509 4.839101761 4.836172009 3.942876900 0.640116350 5.946104226 8.428059129 4.220640450 3.959422736 8.778496463 3.801673488 5.002482170 9.594175836 1.966008510 6.833254783
12.062231070 -14.554750733 -23.185004231 -0.358805949 -0.497777677 -0.736352110 0.285063581 1.775232424 -2.050885072 -0.736817931 4.538520389 3.004658842 2.589599788 2.255756746 5.785665588 1.808321698 9.148342146 4.319884739 5.439177181 2.979803197 6.108605831 3.313890391 4.066381061 7.500869102 0.602482568 2.191972824 11.139355435
11.802257460 -20.853120962 -19.881323142 -0.274174009 -0.810486598 -0.467085458 0.223094737 2.664515362 3.113373368 4.196306167 6.549983788 7.020092465 3.718719338 4.462613420 2.530508507 0.392969796 4.378068353 3.109951724 2.246504061 1.112839671 3.469921789 1.874340193 3.311847948 1.994240998 10.551687462 5.265684701 0.762460294
9.339993908 -8.025600801 -17.770703313 -0.525762235 0.041557584 -0.845489079 -0.083637653 3.532884315 9.684121226 1.193077732 2.732240757 8.954116737 4.946986134 2.232115855 0.415711995 6.201977917 2.505627262 3.967678466 2.777907576 2.687165020 6.653478648 9.019120641 8.857745125 2.063026832 2.480833494 8.454654454 8.205055435
1.576682017 -11.849051981 -21.746414649 -0.784522688 0.186614122 0.553103631 -0.209226420 -7.221852269 4.283230882 6.512266085 8.231225668 -0.432771800 4.144527587 2.693274558 6.463922055 6.588917560 4.060746749 0.258494439 3.526471061 0.904961187 7.892737933 8.374885425 4.282527725 3.953950351 2.410791181 2.015221232 3.374379747
8.785439124 -19.944281884 -30.273346756 -0.302466905 0.610810364 -0.555807916 0.475922296 3.744980676 -0.873012076 6.590460283 6.001577909 6.535389930 1.896525044 8.723004883 3.506235167 6.594456516 4.153829539 6.270246240 4.298089070 7.631852787 7.842941765 5.474866732 1.028817992 8.745479111 1.784568580 11.149948179 -0.707398986
7.335901650 -14.808029125 -24.062748755 -0.373520573 0.208313183 -0.428766625 -0.795768296 11.519904328 7.601015994 0.717445271 3.243898247 2.033628323 1.991167332 5.558582838 5.718362637 6.248846093 1.008126680 5.092205528 6.490269657 -1.052635015 4.153483697 1.898282069 1.534104042 2.379016246 7.560508120 3.448608798 5.474314213
8.515964556 -11.658967145 -32.683215587 0.719860526 -0.451506855 0.332746256 -0.408928249 1.517165355 2.253432067 2.321621009 1.301979882 5.975567316 -2.624038671 6.075943147 9.036580509 9.273548392 7.327726081 5.204607767 2.476565591 3.511352104 7.132798914 4.393454957 -0.508619939 1.203794747 6.078747764 6.535823166 5.036134157
11.819958579 -19.106643911 -21.077849511 -0.884285660 -0.155960722 -0.086700689 -0.431506796 9.118932406 5.573555849 5.919987745 1.630378864 1.841592711 7.677291673 6.952631040 1.880312049 -0.174944153 4.667067231 5.183444934 5.041701728 6.390397099 10.961696002 5.541473608 1.788349735 7.972178660 3.853646392 2.783776880 6.122482759
8.851000764 -12.487962673 -16.077310653 -0.235809453 0.215334879 -0.938641307 0.130296927 1.492782672 2.352717807 1.490942842 5.102746102 1.681606802 3.894001453 -1.872001512 -2.269391166 4.480851710 5.312677475 5.518883885 6.206050178 6.425217117 4.323571817 2.385947638 3.049288102 2.946031204 5.014315561 2.526831983 2.967826474
9.333371553 -13.376759188 -28.112830368 0.889813079 -0.311562613 0.020139766 0.332799960 1.119642536 -0.221550144 8.063315312 3.824914976 4.010546622 5.832096525 5.459772071 6.824625901 4.547687942 6.285741493 2.819277982 1.038720826 1.048392649 5.584275213 9.486413806 5.088392842 1.230239648 4.806131836 5.933629312 1.613517155
5.621375302 -16.382334819 -15.379141295 -0.869407148 0.022254922 0.434764128 0.233700840 6.243710772 3.531208840 0.254002413 -1.472765611 6.218548845 6.352810564 4.959463744 8.704945526 2.052234564 -1.646168681 0.444426652 -0.453552663 3.194628246 0.655646041 2.105204471 3.889578968 0.536831593 4.399169054 2.429421595 9.101608503
2.746704731 -11.712367992 -22.881210362 0.742795013 0.334868783 0.215401299 -0.538257139 1.088761720 4.003360894 4.148151402 1.624895287 3.355329965 2.904415226 6.657074457 5.135610199 -0.370752110 4.570598674 5.768210151 3.160145272 2.863471902 13.025210727 7.937744017 2.710301688 6.148693617 -1.715884954 0.676496178 3.479897997
10.082551218 -14.003907424 -25.701174192 0.397215932 0.449457984 -0.773311905 0.205415973 0.685962292 -1.345365328 3.435454104 6.658739512 -0.514819395 7.083703636 2.014604931 3.109384320 2.409330537 4.719376338 3.842990857 6.369910599 2.865522780 6.748518696 4.356549588 1.416967893 6.838100873 2.403476898 3.993700509 3.722218148
3.372743517 -8.747483153 -22.259651804 0.286303063 -0.735587259 -0.147552230 0.595961643 2.769084256 3.384607835 1.398037384 3.375472250 2.512831203 6.228447055 4.314764165 -1.151835901 1.838849462 6.129599540 2.755019621 8.559824405 4.234922660 7.195172719 1.783329226 0.213130653 2.554172725 5.865080541 7.915264353 3.133048086
5.586250664 -13.306233694 -15.226973872 0.105666062 -0.420231451 -0.490731721 -0.755924989 5.100060060 5.585052521 4.500321943 5.640107266 -0.580165537 5.007601078 8.737361723 6.947449080 10.867847833 2.510857210 0.362296084 1.141617407 7.237307269 -2.697849849 1.942461111 3.615697725 0.638176650 7.530467950 2.097537595 -2.243303714
9.115095734 -19.124542677 -22.044633268 -0.356668245 -0.006537492 0.301238881 0.884307730 2.553698370 7.632791824 3.270016090 2.891140688 3.837685954 1.245352915 6.878585593 -0.535199632 1.426847119 5.252745327 3.656202374 7.650372046 -0.532219656 6.586639897 0.543115096 4.187075665 2.180440008 5.062955845 -1.538992772 3.732061635
6.118130895 -7.955272518 -17.696348511 0.147393091 -0.623433551 -0.336685197 0.690107936 0.321929884 2.299110928 6.097672217 9.575167947 2.109089418 9.745231892 0.121012946 0.081635815 5.189258727 10.287447001 6.177837540 -1.059403160 1.371577005 1.980965515 10.992975219 3.007912314 4.127761395 1.625489958 5.395870501 3.594495611
4.291784102 -17.607323606 -19.493337119 -0.125965963 -0.425589257 0.188167032 0.876127575 2.899352177 8.163510893 0.918647758 -0.293469890 5.685104083 0.844357962 1.361776461 -1.830912400 6.179681159 3.812244606 2.997635024 7.091371006 3.078049293 5.529914972 7.562910577 3.608536189 3.131202924 -0.518623191 0.760658346 5.045157611
4.400629764 -18.252624817 -22.850619818 0.338396927 -0.938672708 -0.064540495 -0.014683068 -1.143789231 0.447194278 2.945345743 1.984357732 3.363614262 4.897572995 0.997639957 8.113831094 6.852254067 3.075710346 2.042212777 7.216432714 -1.516782084 1.877446003 -0.995975211 8.129871341 8.008829577 10.574727709 6.018563612 3.749818401
3.127704481 -13.527238350 -27.641373961 0.190684711 -0.616345024 -0.570796232 -0.507887600 4.555706609 6.586846556 4.394189612 3.556114821 8.782027128 1.531657439 6.479943592 -0.640522107 0.658274939 3.069493383 4.157791300 0.846921058 5.598814538 6.720508320 -1.749882643 0.412261642 3.838469820 0.051665416 5.218943744 1.510719643
9.027648268 -14.306413709 -29.503100931 -0.022580679 0.548497357 -0.572568431 -0.608938547 2.006310723 4.091159492 2.368838003 3.449353086 7.287025730 6.568169617 5.861879960 5.015267864 5.940727908 -0.340116300 0.567915307 6.395430515 -1.985536358 8.363850413 -3.138604520 7.127983664 5.533699336 5.130878008 4.278221561 7.179303351
11.119662408 -9.350186974 -26.800965806 0.335472389 0.188641060 0.589781245 0.709951343 6.732814840 4.672167884 5.022640053 8.456686217 3.741256440 3.786643530 8.144264026 1.361789633 1.566936561 3.766914709 1.517714538 7.540829710 10.673264063 7.783040312 8.706301791 6.508809629 9.353462102 0.228610946 4.648125050 5.645491863
2.012057042 -20.408698484 -25.484812346 -0.274672066 -0.860591014 -0.065255518 0.423886872 2.028213828 8.148660259 4.411890576 1.114694929 3.280623111 0.195698157 -0.436688331 9.421625545 2.489748052 8.562540475 5.464840264 1.284140139 -0.528622928 4.856889702 10.098397396 6.187803721 3.803335581 6.030270998 4.708838570 5.493966729
8.771551867 -15.858256637 -15.516547012 -0.666869085 0.699630827 0.251556162 -0.050217791 6.210601946 2.754305410 4.357259500 1.439633674 5.831624628 5.821561398 5.025066920 4.201217209 2.584451250 5.459262615 4.873029054 -0.911245015 6.616124949 3.031900238 1.511583328 6.436391723 -0.586159139 4.292401366 1.041873764 8.474857197
8.397442460 -12.487263952 -33.730907781 0.487144146 -0.850007357 -0.200171162 -0.010467988 1.474803203 4.232127786 1.895279129 -3.206651787 1.580992503 5.388414599 1.708951391 4.353373215 5.461557590 9.254948618 0.957220191 4.476844844 2.336776916 4.018952541 3.867315835 0.612231641 4.221060035 5.121332863 6.029078404 -1.479693276
8.161383033 -11.875322340 -32.629554869 0.340773620 -0.894831511 -0.164815933 -0.236612796 4.518686140 3.654465674 1.538865499 6.606491990 5.559060528 2.085837375 2.557704011 3.306294672 0.084132550 -0.793903357 5.545309283 7.426324805 4.657174582 1.962312502 3.681608835 4.467733845 4.650813240 5.240714985 4.486502690 7.473391976
12.891329697 -11.248505427 -24.624049784 -0.815747056 0.352231837 -0.202390142 -0.411737422 2.963183875 3.516850666 1.607226600 0.807238497 0.708780070 9.481365509 3.755941447 5.848087078 -1.061411056 4.375312215 4.255457373 3.705603147 3.649499772 2.521630454 1.223954765 6.815251586 7.043224225 7.074636095 3.823237514 0.926276407
10.218821274 -16.999803711 -29.589174832 0.935643666 0.136372683 -0.323997366 0.031609009 -0.070578435 3.215207486 7.288232855 1.396688010 7.125009060 3.884742456 4.982499749 3.395060595 0.738096053 1.172752199 7.057671972 2.603997169 3.520178086 3.769430374 6.159342296 7.005829845 8.437234980 4.739701027 13.363146538 5.370337279
2.904376885 -12.038429029 -15.820742036 0.604470978 0.745358464 -0.270891466 0.075322051 3.517128893 7.384625863 4.760333636 2.007108820 6.840114822 7.345866201 3.591659769 1.952118841 -1.531802332 6.901895128 1.834345070 0.308794797 3.737330757 5.446523243 5.231416175 0.060956958 5.801574706 6.399305400 5.236368990 -1.993634555
11.299576932 -11.894871852 -27.756621436 -0.309700073 0.927261324 0.088369934 -0.190953020 0.835961184 8.776760294 8.310473973 3.814213491 0.889480520 2.237439948 4.759602465 4.806578853 5.932400294 7.125584834 4.248375664 6.634873297 -0.181693929 9.476299768 2.872316896 7.403216027 -1.525687185 4.914283803 -1.038282515 1.916656493
7.459213554 -13.770303777 -24.135456953 0.338187626 0.727744169 0.442385581 0.400390499 8.202521567 1.187357571 6.061623191 4.756336265 6.579849128 2.416700261 7.923774795 5.561985238 7.920263721 5.680125974 5.267723148 1.671836693 -0.144790206 4.880975628 5.419171843 5.065811841 2.398463426 7.263777926 5.242929773 1.123234041
10.720807297 -19.017920063 -23.399227928 -0.425133753 0.136671130 -0.088144426 0.890400390 2.532709627 9.099036373 8.898965368 3.526355532 3.206147834 -0.895476894 2.671140282 2.408935495 -1.818687024 5.451854485 6.761008140 3.559114746 1.634992730 1.761357740 3.272422554 -1.373772441 2.455865496 2.257166733 7.738284678 0.379848263
8.855092837 -16.272376807 -17.130903908 0.761568620 0.366026692 -0.534085652 -0.028110747 11.289089098 6.160430540 5.589919911 5.528238450 7.357011876 3.979135817 6.158694794 5.493027716 0.856149756 3.668453678 -2.262675570 -0.015120243 0.936094204 3.513287861 1.879364732 4.868173787 0.020759822 -1.628842586 -2.336667238 0.976292462
0.746137193 -14.146330493 -31.368330077 -0.631930277 -0.059029876 0.076082023 0.769019587 1.859199038 4.196761145 3.355035545 0.773415273 -0.078457621 4.994376723 2.772049474 2.687311125 -0.239125264 6.396896649 9.055085805 2.084721693 2.320031371 4.469095611 6.688023592 -5.872117622 3.877434259 3.364529388 3.059918518 8.774613580
4.264798441 -8.734111976 -24.745095758 0.106062422 -0.124806446 0.161081323 -0.973255835 4.505202644 1.220445479 6.360956207 -0.584530554 4.664214071 6.989499625 2.040310334 3.098672624 8.756645073 5.168888983 0.592654508 0.434019588 6.278511044 -2.392812975 0.586266925 2.321547963 -0.469279366 1.699921708 5.851491225 0.456835352
6.296246366 -12.074386377 -33.670960408 -0.075031387 0.736845148 -0.661906530 -0.115365790 -0.256098549 4.520035122 2.484485084 2.815088955 4.592311352 5.007773106 7.102548501 8.042335416 1.448181849 2.641510627 3.422249298 4.704603515 5.616232806 -2.579316974 1.876541671 0.709106433 3.801735536 4.712291381 2.959652671 0.361929888
13.405099359 -18.326917700 -27.296836832 -0.008117895 -0.596545223 0.029897032 0.801981337 8.819337978 3.194287975 2.809550715 3.300959701 -0.338938107 4.171210260 7.725023451 4.904434048 0.732377614 2.208286461 5.156312591 4.356455454 5.805775890 8.106629511 2.510523976 1.173929280 1.288512237 -0.012283367 1.214037192 -3.807630644
0.377631535 -20.003758910 -20.258564664 0.591674353 0.222211070 0.501485110 0.590809940 1.701449416 5.411535639 1.114911109 2.669782919 2.799569405 1.027284186 1.601188778 1.694427321 6.190820494 4.032798148 4.293986642 -0.648436048 0.460276356 6.160738967 4.964097710 6.018154070 6.002753069 1.468730123 3.401406064 3.537392068
3.662081811 -6.129384391 -19.780408310 -0.394438042 -0.843189660 0.324371313 0.168027020 4.413122045 7.862263322 2.352092418 3.914349663 7.032984279 3.697945902 4.455448295 1.759359637 2.560700594 2.843945092 -1.814421819 1.904335439 2.700557730 3.186564433 3.099822783 9.382993053 5.286009196 7.691260819 1.655365012 2.833704996
10.153858830 -20.583244532 -24.236850482 0.512477944 -0.685873924 -0.318831680 0.406558332 3.795516831 2.173923495 3.060174008 2.226921397 6.841747006 1.993486643 -0.124267820 4.913309270 6.213058261 1.691171360 1.100211328 3.100197586 3.829380399 9.264992179 2.703236827 6.731789002 -1.355363381 6.587926815 3.545632383 -0.260470303
12.071241184 -21.864871412 -26.758854336 0.525598554 0.797079918 -0.282221694 -0.093598500 4.546739952 5.221740405 4.879451347 6.832782362 2.630595672 7.446350307 5.052069486 6.405058776 1.743785082 5.398364649 6.432036477 7.324366860 4.399704829 2.615185550 0.540154718 1.975854848 -1.721493957 3.839085897 -3.217082344 6.052439489
-2.702996776 -13.567337600 -22.467478983 0.035584649 0.257849916 -0.860317250 -0.438293718 6.183160116 -1.983807643 2.538700335 1.311447380 1.379578203 2.744549693 5.985176497 2.099667391 6.456367971 2.520182372 4.996704912 8.076336731 3.708700928 3.078301470 3.028098759 3.956170755 10.356530348 1.418312852 5.574833922 2.196206503
1.937557715 -21.118355784 -21.861221350 0.039016874 0.162052644 0.776569479 -0.607582478 1.412617641 4.097872411 6.965679601 -0.506920634 3.728721628 0.858348938 1.874185792 6.697588773 2.899566584 -1.067836783 6.008880453 5.648995818 -0.261556630 3.918975719 2.580816902 4.069618921 6.040805575 7.179569493 1.163262282 3.052329000
5.892484549 -9.925833819 -32.263004223 -0.322703146 -0.646395040 0.689615617 -0.049663187 3.395396405 3.642674422 1.349896411 4.323969832 7.101384292 6.467238884 6.385690764 6.618996763 -0.464858906 3.786835424 2.767155764 5.606390829 1.930680217 4.037695431 2.526587481 6.713670153 -3.238763364 6.391797890 1.792322811 9.070879909
5.192280505 -15.662735774 -18.734264958 -0.259194958 -0.456451914 -0.244076827 -0.815411630 5.383414918 -0.516189951 0.433464224 6.146692023 1.997403037 6.975700453 2.684774256 5.304033768 4.904780559 6.159964126 3.359769575 3.514155289 4.644876604 5.073677376 8.614313964 4.789757699 5.088234170 7.970162420 4.005619770 8.289243735
14.581166627 -14.739889835 -29.420358297 0.655955460 -0.166220403 0.374823487 0.633719628 5.641270781 12.149681428 7.893371919 6.161846958 6.490029713 5.680516560 7.480365005 0.382417921 6.678680698 10.981758754 5.677514618 5.524286820 7.408131576 2.015452028 4.026121453 3.030598783 4.157963937 3.725186203 2.225788156 5.034055841
-0.203831453 -18.220134238 -23.250447663 0.795044541 0.411959008 0.067424401 0.440054433 4.835615641 5.726974854 0.678998747 5.665596790 1.384140996 2.425890713 -0.895981382 8.897656210 7.443375500 4.364808035 4.094246266 9.992662626 7.398495463 -0.207568639 -2.148147194 7.509775788 -0.308809308 4.743447768 5.397806373 6.595573288
5.863676240 -13.160266199 -22.738166882 -0.363989084 -0.395945738 0.203901013 -0.818024020 6.495875614 6.392121444 5.591997863 4.907914867 5.790156143 9.994174253 5.675592068 2.168172207 6.024631742 -0.530628567 6.316231655 8.739244628 2.329975988 4.501194271 3.615179777 7.361478477 6.780293720 9.303276753 3.646220145 4.459308602
5.076349278 -22.658642564 -21.562174031 -0.006483566 0.390178363 -0.880550338 -0.268979386 4.808754754 5.006187609 1.435249899 4.608598901 5.748583644 2.850144257 4.574516511 3.876659715 5.351353639 6.697036932 8.891194972 5.274609006 -0.703999126 0.475396379 5.877173751 1.796259370 1.891870805 0.671069416 7.471296126 6.645900768
11.606553203 -11.330974565 -19.623636290 -0.752923369 0.303390587 -0.085317408 -0.577738255 8.710871055 3.024160778 9.765375482 6.103529013 5.518241652 5.721828177 7.662510271 4.896329827 1.692087246 9.339913381 9.870562622 7.948996557 6.160433615 8.068053218 3.879275470 9.926601611 3.534021332 10.855373707 4.380889866 2.419777711
-0.563743270 -13.281797086 -20.448716710 -0.381673351 0.229685224 0.748464692 0.491294978 3.220274535 2.332600106 5.519629922 4.191858512 7.349816926 -1.308798219 4.436406594 6.740229906 3.595730437 3.753904510 8.713411116 6.380773027 4.666730064 12.283161306 4.279037000 3.943781623 5.324767810 1.364844061 2.655470183 0.479265623
0.509996224 -8.536465430 -19.587992406 0.828433219 -0.511888157 0.134702602 -0.183095946 0.591071319 3.328753376 3.685824825 9.217262438 0.452172170 1.811192427 2.091110637 0.318966962 8.109723604 2.341894228 3.486561533 0.935283322 3.581901442 3.602258949 12.107216439 -0.368481287 5.217142561 2.531206656 6.375231525 2.836699687
4.530754181 -14.190778337 -20.507998160 -0.162784504 -0.713734815 -0.564556656 0.381260542 5.985044825 6.606804083 4.539435511 2.564756855 4.269754813 9.355555274 5.916371108 6.221266194 2.038054967 2.380236566 6.875182898 3.144970328 4.780866892 9.965860970 8.108689131 4.416773268 6.213614243 6.318742878 2.976854542 6.290984470
9.666003777 -11.237737008 -32.645469314 0.627443872 -0.145913533 -0.273033227 -0.714476232 0.476002412 2.121757800 4.756021042 2.547756389 1.942957457 -0.104486181 3.763345937 5.919574049 -1.408935647 4.907467539 2.953997364 4.125746230 9.526067624 10.107407840 4.802136346 8.107247306 6.072067389 2.385422818 7.584330228 0.634696551
13.169190013 -12.666700317 -27.758888738 -0.294476874 0.627699262 -0.205756099 -0.690609466 7.015012771 0.240202706 6.473077805 6.156378003 4.392010506 7.013771936 4.105489389 3.264961095 6.874223326 10.109833179 10.669960163 2.894585341 0.378813879 3.309070015 4.966101943 7.893694667 4.118732707 4.251946855 -1.971660161 6.450971071
9.388497069 -14.591024188 -25.880935959 0.665459020 -0.178437031 -0.641949573 0.336489620 5.293658905 6.636955258 3.861326446 2.159505278 7.686777727 6.583077511 5.247505864 3.053717243 4.511883971 4.050324539 6.576697917 5.251362048 6.880261660 6.012050692 6.755882804 0.226086280 0.524118577 4.743164256 5.746783353 0.494076077
11.003638770 -21.020310639 -25.778762461 -0.406278059 -0.670745005 -0.408516506 0.467069097 0.537347616 7.059766488 1.915693179 8.384086075 3.976246293 7.031954497 1.856666565 0.811150437 1.719907724 4.444732786 5.474683295 -2.051719647 4.532538943 2.978842658 2.892040951 2.899272425 9.685577089 10.510190396 7.849963029 7.262014247
4.822893412 -12.376651655 -17.531564799 0.245715605 -0.201501533 0.785804776 -0.530595729 5.146321290 4.678505903 2.282210344 2.640930968 6.988171828 8.316462714 5.919755205 4.354882749 9.574391657 -1.380093420 1.111821582 5.458297895 7.040704327 6.153513986 7.312252956 -1.348617705 2.745889093 -1.789056330 6.103304636 6.618730639
1.086220942 -19.237523111 -30.748557135 0.634781489 0.481571171 -0.534468860 -0.281930321 6.169008712 3.354718835 2.026821239 7.771479092 4.507671755 9.613227542 0.634569964 -0.808192281 0.216780709 5.859826843 1.273902651 6.256932243 0.966173256 -0.224406413 2.889154332 4.828620975 4.518511370 6.330436656 -0.052239170 7.319387007
0.885742702 -10.435985125 -21.427607765 0.163250566 0.904812604 0.365858055 0.144261178 -3.279364748 4.446242388 4.091102156 7.656345713 0.271526286 6.918978055 1.615030347 -0.187213167 0.365257070 2.246129318 3.106078915 4.070892270 7.406802203 11.517951793 2.501026512 2.443257538 6.117860592 3.410873136 6.304184022 0.133695519
9.917074543 -17.304086269 -16.087902819 -0.564142594 0.337431968 0.216998586 0.721660872 -1.736514149 5.451094918 2.963041143 10.331058876 5.437042089 3.431399672 2.822303006 7.267110893 2.979193101 9.488888202 4.492767634 5.192899653 3.197865624 5.744536758 8.615172738 11.067368722 2.842581047 3.385065658 -0.526744433 5.310491468
2.499356417 -20.770516566 -19.859221756 0.881457887 0.065748626 -0.224838503 0.410069213 0.599235222 6.521957243 4.776126259 6.377695208 -0.205256900 3.326553592 7.456421820 9.228077189 2.432612748 2.748345410 4.512029345 1.721537151 0.515008987 1.593546747 6.404419431 1.277231429 3.330591075 1.844202557 7.265634453 2.839017895
6.986936897 -4.876742685 -25.885244652 0.248339398 -0.027900355 -0.920891128 0.299179953 2.625321789 6.596628515 -0.040043634 4.304186647 2.285491102 2.806295913 3.962408082 6.383632118 5.335958874 3.626295413 5.487338205 4.628394730 2.169833924 8.436585449 11.284236501 11.329549902 4.132170680 2.358526337 2.619818037 7.386443318
4.457083437 -24.066380185 -25.913772577 0.066761370 0.322471326 0.664677307 0.670640917 1.165075893 5.811156928 -0.020678339 9.005483604 6.066325422 6.002614230 12.530995736 7.350431109 2.888335814 3.958226212 3.628768669 3.460217824 2.366655692 8.788214612 10.052038238 1.673064203 5.799568750 5.342799674 -0.096630867 2.784886410
12.560181660 -15.084211774 -19.861302694 -0.709795588 -0.305420892 0.209898862 -0.599041542 2.895351933 1.684003907 3.628783082 -1.299692283 9.146808183 3.204596022 2.300914102 3.739048412 -0.667848766 5.953577281 2.538505248 0.943428766 1.526787772 1.075431311 4.825838209 3.971196948 9.188752919 7.623506381 5.974916626 4.165602642
0.485063320 -21.773581264 -27.710842414 -0.317119355 -0.447961423 0.244201685 -0.799456950 -1.752623079 -0.237388884 4.714278395 4.376135797 6.295258720 5.511319469 6.179303812 5.029900762 2.563825714 5.310147310 -1.004601415 1.986660089 8.525422516 6.589659806 0.064208588 3.566916036 7.561807776 4.686499707 0.575372576 9.794630352
9.370377987 -19.801252430 -23.517134986 0.601568199 -0.569831573 -0.289818397 0.478970748 -0.374980666 5.860846153 4.485652498 3.681360264 5.266486491 4.211221824 2.540489808 3.598086105 2.237610794 4.661087526 6.908604447 6.830787177 6.270742445 -0.890150079 7.787692450 3.619615694 5.228869181 1.456189232 6.670667777 3.853129922
9.750616242 -14.610559435 -26.828704712 0.542939101 -0.701802383 -0.202933374 -0.414135961 2.368954090 3.287874656 3.744041922 11.540566756 6.587578304 1.532379436 6.600847201 5.269914600 3.020998529 2.099069454 5.303895151 0.155428547 -2.979045128 1.757029703 7.638125631 3.335786753 -1.729063802 -0.407024700 7.327322273 -1.393661350
11.569731418 -19.738211666 -27.274529112 -0.161841991 -0.044850252 -0.901914497 0.397926958 9.197216211 3.254417258 3.845588240 6.005528994 -0.310303225 -2.941006861 0.588681062 6.380450928 1.568416470 5.891832005 2.791819252 4.071009685 7.470032122 4.683213098 5.716207368 0.155469718 5.493316345 12.504124410 4.364353243 8.225040847
7.986009303 -17.122831999 -15.504768780 -0.819302814 -0.487753255 0.132542129 -0.270688467 4.545098595 7.494394472 2.000961891 2.787494920 2.018713767 6.257419592 3.887175697 2.486282111 5.649436064 5.184428389 2.027058995 3.056884179 10.356788331 6.635353716 7.755404365 8.406665287 1.572451229 5.731142441 -2.341179099 5.156927154
2.918708987 -18.945012708 -25.220332609 0.042696533 0.065986046 -0.379917808 -0.921675272 9.617176584 9.145397861 3.195242173 5.104158011 8.282085381 6.582910001 4.334159802 4.441918153 1.531409937 6.419590693 3.454050311 7.331705156 4.448724191 7.289455535 8.022040330 3.209626225 1.537879096 8.449165751 11.274161025 2.023726517
9.183644647 -15.414998161 -30.384179829 0.354909844 -0.148547057 -0.664749384 0.640375695 3.195390200 2.317426358 -0.453627857 1.506785555 1.773570694 9.956745623 3.316316488 5.293081043 6.338716676 11.109432749 5.608749784 3.298549139 6.296393274 3.793909985 9.443264160 3.685100393 0.686317439 10.662594289 4.315601936 3.508950711
-1.470410110 -17.366439407 -24.814597975 0.012805545 -0.705664316 -0.465735834 -0.533820216 5.742812571 6.231756034 -1.053130521 3.492481092 4.362162179 5.243212819 4.995362166 6.041950783 0.632872471 3.458205843 1.150925635 6.344542228 6.796589187 6.818195606 2.816073639 2.214770500 2.987077297 2.852525243 -2.117188059 6.601908483
6.684534026 -10.413482562 -23.078007419 -0.638429393 -0.113814152 0.450483505 -0.613611326 3.314235213 1.433576337 6.915745527 6.296579158 5.906478664 8.672729376 5.395668952 1.406377702 3.867002199 8.107949276 -1.822812080 4.295664692 1.080488254 3.209175862 5.443021760 4.341228794 2.218979217 1.353657082 2.695417786 8.331175494
5.033422954 -19.558870937 -30.822110292 0.135038253 0.915424021 0.375151350 -0.054999971 -0.914150281 -0.906861884 -2.489840461 7.445832004 3.878699662 8.636577731 6.747905156 3.341934702 2.479095775 3.884160920 0.801995961 5.005281782 3.402104154 1.433700822 4.478578713 4.956692046 2.057206192 4.061130575 -2.663049352 6.802901022
12.084344204 -7.118640146 -21.664672475 -0.439988516 -0.613696495 0.655172153 0.023155298 6.840258573 4.733673692 1.817475646 2.990480650 8.503257301 9.143021206 5.604142589 0.979589500 7.515488004 2.282829762 2.371333456 0.341389461 4.621653217 9.568098484 8.164113873 3.917511538 1.631759623 8.266812055 3.559441002 -0.214161604
10.160927455 -10.102327561 -25.351788950 0.071090906 -0.848123940 -0.366060980 -0.376339242 1.060459050 1.423697803 9.259366423 1.892393857 4.094276809 8.332003983 14.531882747 10.340196682 0.361208461 6.117612290 6.072826793 5.021731472 7.500177295 6.662253543 3.564573293 -0.543939206 3.854420954 0.134536037 4.527363365 4.597783431
3.049306509 -22.226109183 -25.687268693 -0.324105655 -0.847885250 0.305885937 -0.287193178 4.335282069 4.995290630 7.176781907 4.184392028 7.000272971 1.481550918 5.748748298 -0.357109516 6.182452966 -0.856158275 7.692536319 1.749585380 1.542091728 -2.116234529 -2.351494553 3.930973211 8.109495885 3.731406429 7.162876701 4.507170714
4.561024238 -5.871419981 -27.982405588 -0.258670001 -0.071120840 -0.475710652 0.837693877 2.546508410 7.763869972 4.061114778 3.715391788 6.249194053 1.583099568 3.605510829 1.878284018 3.082845406 3.015020745 4.956548165 -1.115104860 7.336030725 5.143701566 5.446657128 2.509241149 0.705662004 1.763228176 7.664824820 5.658725808
10.000911485 -12.789555734 -18.546183282 -0.280631193 0.532031380 0.508421932 0.616194680 0.576260452 2.486841375 1.952750643 3.977795116 6.452544052 5.487009756 3.112111343 0.634452762 6.798522562 1.323010767 4.237481401 3.158913080 0.380001758 4.380786885 7.146770784 3.483552289 3.344115573 6.151777181 4.130417830 3.219768322
13.776759098 -20.577889276 -23.866461545 -0.099514740 0.522401349 0.096570915 0.841348742 3.442994470 2.114681794 2.289210431 0.688770457 2.754600697 9.515178060 3.599276979 2.432829156 5.198116916 8.417690829 2.988376841 8.327353913 11.147606288 10.039416292 8.742774127 -3.027460047 8.685226914 4.120112544 2.500036675 7.271958528
9.719990017 -12.735064319 -16.937527467 0.271159259 -0.587983912 0.480828710 0.591228659 1.269669483 0.837377285 5.797196010 2.893220531 0.951208657 4.007005123 9.436331897 5.485793300 -2.779264532 10.784952319 2.176902153 4.198092011 0.954053301 6.028349700 0.695991069 -0.788118972 1.659397035 6.252439337 1.860618521 -3.143490518
2.009427571 -9.882082454 -24.437605479 0.410745523 0.038511919 0.076363023 0.907729936 -1.209907069 8.161442276 7.169260646 0.242788405 2.782237189 1.332079582 9.499883448 10.921826381 4.147170677 6.972790326 -1.845110766 7.494443035 3.651700869 7.251844275 3.827922915 -0.676931195 3.691679434 2.885197020 2.890248078 7.645438745
3.509749390 -13.573704788 -33.229824479 0.147771963 0.708249598 0.198423678 -0.661191347 4.858506184 8.861484630 1.465374358 2.167798219 6.005836316 6.112863632 -1.856218617 7.404183459 1.209804583 1.234100448 10.962069462 4.060098999 6.220253964 2.329509396 6.415499700 1.256501432 7.781696115 3.897590330 2.379425270 2.952622770
7.604194762 -4.755275496 -24.771082173 -0.334047353 -0.434018638 -0.773415510 0.319168664 -0.930664728 0.485814311 2.832690536 4.731388453 4.378406306 8.032216927 7.521170601 4.866854445 11.276218146 2.925263615 1.123702063 2.940152247 2.556164971 0.889534655 1.132930555 4.832975909 6.892038571 0.529421853 -1.176558934 2.119931088
0.073929477 -15.934091027 -22.818212223 0.114390957 0.616862867 -0.700783815 0.339554057 -1.348089914 2.289049357 4.052863204 3.028382718 3.720405425 10.912950536 0.896933683 1.685425792 3.679000309 -1.305278855 6.087574239 1.903770347 6.418505195 -0.831560543 4.328650709 5.621542481 8.256513066 0.985447863 5.260574493 2.314568753
7.402824775 -7.506155349 -28.155600803 -0.428882974 -0.467210368 0.743096751 0.213497270 3.852998136 1.621921138 1.166615618 3.625912165 2.952033831 9.449328149 2.979569664 1.484892418 1.272096283 3.936244946 -1.365002863 4.921616481 0.808836349 3.841437735 3.191961334 -0.966076966 5.460029942 7.515806293 4.271650480 6.628039575
6.351853192 -18.065786332 -26.289998723 -0.539970983 -0.521365740 -0.342804738 -0.564884072 7.029266393 1.304592369 3.663094177 3.327554378 -1.910296753 0.703352189 4.795840296 3.692230666 6.544683177 2.062299837 10.630936062 0.690014123 5.607361592 -3.678830016 2.951264672 8.126498589 1.723488464 2.823755711 9.378207859 1.274192428
-0.240920355 -18.788966322 -19.834420581 0.486470262 0.634432250 0.594887817 0.083371995 2.459931529 3.511373294 1.028475390 2.763008699 6.277198546 6.275364695 3.748100316 5.246724714 1.233528699 -0.954538323 0.234273094 3.042107893 7.464681259 7.017090576 4.285011339 5.188385454 -0.549099024 -0.018962845 1.586079344 1.646742489
4.708797215 -7.180697371 -27.382658394 0.259232095 -0.256393445 0.928997062 0.063447471 8.229887397 2.791173049 2.506795902 -1.568466045 5.101458313 4.033325272 4.194194847 4.779080118 8.822753022 3.086095803 3.423831016 3.954201276 3.966972027 2.735897383 3.720845653 6.300637998 3.747246376 7.804101047 6.258053680 8.131791714
1.660647370 -11.200253015 -21.955622977 -0.882077711 -0.104451270 -0.443222398 0.120759060 2.006385939 6.602934146 -1.222592341 7.716278622 7.937511071 5.010545478 3.690261236 4.025232388 5.850903234 1.370555629 -0.159898555 1.821096347 2.755937287 5.327693229 6.775107543 -0.219082971 -1.436281973 8.631294308 6.271512211 -1.531781478
13.954524006 -19.453229989 -21.348220244 -0.412312548 0.535964852 0.121526609 -0.726616352 -0.261049507 7.786930755 1.676100216 4.692228162 -1.483574691 4.784705356 0.460219039 1.563308724 6.674698166 3.651945385 2.430553831 4.357356900 2.182101725 0.563760105 2.118085695 1.259624539 2.227280205 1.721467155 3.081737646 4.333990400
1.888059057 -13.016609237 -22.561405540 -0.258784540 0.368329365 -0.508553905 -0.733987035 3.387276769 10.364691772 4.399226407 5.430073704 3.104254376 1.189149406 3.561650657 5.824057609 1.756862295 4.036966998 8.020925746 6.784333062 -0.157897886 6.697210381 8.503265357 4.429645481 3.403719641 2.341388964 3.891428413 4.903663484
2.526789347 -17.515761653 -22.364589097 -0.521078565 0.255126508 0.083998395 0.810143113 6.087783208 3.975381317 9.366358165 7.963918111 10.401927736 0.982880001 1.733787280 0.090362823 1.965228996 13.367478191 0.350723958 5.306177406 0.203678074 9.401208177 2.826103263 4.968274768 7.430348297 1.814928293 9.510469189 -0.307839007
6.570342425 -5.393842334 -21.200957070 0.821326784 0.296068240 0.481839959 0.074807516 10.450436128 -2.389675432 1.706131186 -0.852926900 7.865591642 2.945505199 5.553612166 6.666060676 4.714897812 7.422317698 2.013824338 4.116131799 7.428042793 6.493274028 6.073188987 -3.344107700 -0.086385337 -2.059734964 4.389696524 2.823558607
9.680866854 -15.169373762 -26.699524582 -0.419452227 -0.655899687 0.005239969 -0.627557147 1.831502497 1.107076515 0.646240768 6.686015627 1.854688687 7.497294544 4.424872474 4.316029349 2.613867214 3.128839881 3.587325032 -2.909943198 3.587999752 -1.639925793 4.760772052 3.338013893 7.760414494 0.204233612 -0.320227480 2.475414951
2.805404219 -11.088208266 -18.704118975 -0.363950991 0.133842212 -0.799721654 0.458335263 -0.700088391 9.310855076 -1.322014491 5.511601607 1.383983330 5.744859939 9.211115772 -1.721318054 5.922548770 1.350550656 2.599518659 8.211723558 -0.123119182 -1.246122346 3.151054556 5.145652773 7.918527906 -0.095588690 3.963383931 6.759152409
3.474217653 -21.946357025 -19.933986957 -0.210653818 0.197871526 -0.806073051 0.516447543 0.615619038 1.504249449 3.362374513 1.685512148 5.474566511 1.783238809 3.009445170 5.196469741 4.689589997 1.516812888 5.561522579 0.568472986 2.304570225 1.999238988 9.141759784 3.908833486 3.913032432 7.987432792 3.928329868 5.007263800
7.898988550 -11.552451657 -27.196455817 0.348197274 -0.469602645 0.810628939 0.033357721 10.578296509 9.455503998 3.942501599 3.026739738 6.217688574 13.123476937 2.893688227 9.198611490 -4.334487706 0.274530550 -0.128477428 8.709023877 4.322026860 -0.080455054 3.065699520 0.405433825 3.237265237 4.863395296 1.373051607 0.702131244
10.570308860 -6.159491399 -23.912161256 0.190822309 -0.482697772 0.441148444 0.732105019 6.212615292 1.400078619 4.945110276 3.143730420 -0.755254110 2.556260266 6.349171024 7.613178267 -0.894133512 2.377667774 1.124121578 6.938805087 5.282997908 3.610122649 7.042570011 6.105583387 4.768774798 1.668816576 6.390559096 8.353642144
-1.707316784 -11.668347185 -25.381942944 0.596724039 0.490787748 0.565487128 0.288569082 -0.270451063 -1.353114475 6.875307409 2.493728443 3.871585372 4.258701298 7.304436854 5.788743223 -0.324348509 6.106196946 5.807754333 3.818904988 3.819433313 6.246434667 1.961605183 5.983414680 6.388851438 4.160037668 4.780908624 4.775698409
9.821860635 -23.284825958 -23.275892130 -0.548537123 0.142876430 0.809495988 0.153001946 0.042963934 0.447505814 2.982544869 5.305413419 4.467835655 -1.862601788 -0.623695213 2.569997778 -2.119135949 5.073562045 7.450158213 2.240908766 4.185050919 5.881123878 7.248618161 3.277632496 7.039114014 1.312436252 1.728123219 2.667138489
12.441434854 -14.070227286 -20.049922087 -0.230175368 0.655691178 -0.456235066 0.555821863 6.738908514 9.650734636 1.577418894 -0.712467384 6.489798285 2.567365086 2.992059815 2.087212382 4.747508555 4.485403111 4.180062070 -5.350609676 2.049797065 0.510770773 2.918289127 3.135052908 -0.493043026 1.262590511 8.630417755 5.128600589
3.614054482 -15.655560242 -28.224513979 -0.839512158 0.497136037 -0.005795462 0.219183734 1.697932120 0.190712900 2.863474295 -0.063592828 0.115912826 4.831318848 2.424141137 6.367554588 9.896372458 9.160634946 6.146708302 2.546350286 5.267369167 3.908355119 1.023151480 1.745752869 4.249847231 -1.402374543 3.413222162 4.615771483
5.579546753 -18.218024316 -26.810970054 -0.285993190 -0.602840129 0.363533785 0.650103732 9.206337830 5.319306523 4.693271912 -0.191912155 3.711630219 4.906322067 6.929939109 3.938883481 6.952592881 6.198019327 3.276438318 3.760743887 8.512507385 7.649975857 2.924807019 6.596850749 3.920015943 8.174255236 10.040593544 4.299269440
7.126295253 -12.728562830 -25.987209957 0.210848943 -0.690756085 0.174712048 -0.669234230 -0.763868597 3.131671477 3.522034238 0.126755406 -1.335777327 5.574490011 7.013051749 2.066782560 11.575217514 9.681522445 3.453454692 3.872137183 1.665826841 5.438830067 1.067349389 2.742295942 5.002404198 1.305572325 6.798103104 6.683162987
5.492536149 -19.622420298 -31.807605833 -0.741114546 0.182896616 0.485143146 -0.426537437 4.384536484 2.287577959 8.037243079 0.277170725 8.024008865 6.516322699 3.762031213 9.901665566 4.348562985 2.609668855 6.066327529 5.957694430 5.430577556 6.324378107 0.964096413 3.638763165 2.799607401 1.097903219 0.099115089 0.536992739
10.561874676 -12.510631637 -21.043129911 -0.656159971 -0.036141800 -0.173239581 0.733577474 1.302419967 5.084270762 1.247069726 3.716785415 9.908326881 3.480068042 0.834747601 6.579133574 0.580418548 3.651405438 3.822914355 -1.579118194 4.705401934 2.444010966 7.706532887 5.078088220 8.733515876 5.864341152 1.236940862 7.649725791
6.203639897 -9.955651385 -33.056510963 -0.882735045 -0.373159515 0.115238742 0.261248633 9.286077243 8.871376435 9.362576867 4.254573142 7.768041166 4.465633523 9.554439212 5.458217047 6.890988552 8.320124861 2.858015056 4.212653437 4.595025376 1.217282751 1.969806593 6.164610671 4.786711299 2.120095266 2.736124383 5.533694846
6.135716785 -11.652903862 -30.242021798 0.283450497 -0.381795882 -0.536257426 -0.697363387 4.227019163 5.408053514 2.500199505 8.097834267 7.076529176 6.007615574 6.731395102 8.971533155 7.568950239 3.501520206 5.360166303 -2.023695839 5.643600198 5.101458105 5.741996742 4.273956000 5.562879094 8.690971200 1.024862473 8.225027285
-0.848938499 -13.466847989 -26.073943268 -0.096646767 -0.868423060 0.486256407 0.007449670 10.735026323 1.500777934 3.413856970 7.051594632 2.829989219 1.308802472 3.066645542 0.653448403 2.048850232 5.392000351 5.552708611 5.719760814 1.420767710 5.170103206 1.066668185 1.847415969 8.000152262 6.622248036 1.849914323 0.188373833
4.100344943 -18.827046892 -26.704528259 -0.322686362 -0.770325253 0.275877545 -0.475777361 3.403863044 6.556420606 5.106648981 1.950439264 7.376224201 5.276916387 0.642087208 9.253479487 6.485109027 7.978777121 7.429709385 1.548839708 0.686299659 5.327863601 6.771240132 8.609078769 4.630814742 3.209533643 0.367384119 1.833249474
8.589263501 -15.766106442 -19.226213288 -0.279230731 -0.944365986 0.060665200 0.162858271 3.567077232 6.940732522 6.231842908 5.457472372 3.134620547 3.663798104 -1.488165791 6.212100570 9.504724109 3.661762790 11.246713098 5.838269433 8.584746414 6.372819017 4.232056905 6.638763771 5.000436854 2.567034238 -1.152286643 3.839678878
1.848946673 -15.718744059 -28.705622069 -0.711902858 -0.476316702 -0.432386568 0.281706542 1.276676764 3.152905151 5.865985522 4.372083190 0.998744239 0.120498731 3.250037298 10.320748704 11.239305303 4.207687999 3.328397726 -0.384556053 2.560728024 -2.800087757 3.464799789 1.539372643 1.578246141 5.119241180 4.888415601 2.291254297
7.062827387 -14.562672459 -17.178282656 0.242717439 0.643425185 -0.568863348 0.451095077 2.901300205 -1.172839578 0.763835524 5.441828182 4.270576124 5.928164868 -1.038942012 5.590449472 5.707177345 3.023565871 5.587159521 6.691075734 5.578946482 3.536121170 4.161468773 3.524215373 7.550091136 1.797114821 5.781281855 4.234708157
6.349364559 -18.444826834 -16.405849961 0.334651518 -0.889778184 -0.161734689 0.264849079 6.534134151 3.957596088 0.579837313 3.627929522 4.038531676 5.210524891 2.222038193 3.302597114 1.722493615 3.701077229 5.739611463 3.355402565 3.044715722 2.266775832 4.940743844 5.585906870 5.371339592 1.834913058 4.630399419 2.266726062
6.707069348 -16.788114895 -32.051620861 -0.334157073 -0.064198251 -0.903636041 0.260114475 7.376252053 7.305180680 4.564840552 3.288152386 1.696016876 8.608180668 5.592140549 3.395238513 3.633664239 -0.923079776 0.591347982 1.425432030 3.865956858 3.373414720 3.098848234 3.083027579 1.674637402 -1.176714185 3.668388206 0.120370898
5.131543787 -9.829663061 -26.929905709 -0.550407073 0.101491676 0.812391125 0.163621986 5.654393131 0.037586710 1.570667245 1.504537285 1.735606998 2.952475384 4.672951959 -1.353597403 5.261902432 3.041243898 0.144739237 3.673472855 3.650936490 -1.570911854 6.841661191 -0.223948634 3.832661917 2.230637166 1.371973694 9.875406583
8.829018774 -9.500877838 -18.500620643 0.027149969 -0.184551647 -0.885609108 0.425323495 1.287601239 -1.227929494 3.557539149 2.981304216 9.651304810 6.168663609 1.419525484 5.425716039 -3.656583006 0.846753843 1.961541155 1.641814715 1.978801363 5.734734939 6.282157072 -1.116613943 1.647581364 5.850635953 1.732599570 5.028865910
9.199417672 -15.055897651 -31.335913604 -0.585725995 -0.779394675 0.051751880 0.216311679 2.631991422 -0.389130128 4.954738409 9.057182898 1.136395684 -0.820318495 4.708010447 5.126424547 -0.275145447 2.054114405 7.914867224 1.022652187 3.850328312 5.885262548 2.946492922 3.945704016 7.531298469 6.497511224 2.804060561 1.793348402
5.602974979 -6.316490716 -24.454276650 0.353537659 0.015542513 -0.008078698 0.935256269 5.606183397 3.269937291 2.410565575 5.213562801 1.770590447 6.914169351 3.721309222 3.882900194 7.109390013 1.372598297 4.189744553 3.556746379 3.191927710 10.213498627 5.809741415 0.418989253 4.010249137 4.718376171 7.739573883 6.585251589
4.840936195 -12.065153227 -20.067891986 -0.519074742 -0.381307776 -0.592081708 -0.484360447 1.039322199 7.944285577 2.353607205 7.077622008 8.776972263 -1.973445211 7.612290252 2.744401457 5.011606738 1.388808557 1.964693215 -2.697399460 3.406478931 6.550792749 9.872911909 4.590952431 0.714524544 2.553086608 1.247416444 2.583552979
5.298921620 -7.595975641 -22.470919986 -0.451459456 0.481830830 0.062939110 0.748372955 10.789503799 1.783385974 4.484379039 4.990672370 5.733069757 2.443852655 3.681172846 4.207233395 2.021913889 4.947423587 4.704634172 6.283228346 -0.475769204 0.233903937 4.751850123 3.691038878 5.934771860 1.713192300 4.107116181 1.569387286
2.707382005 -21.220996869 -21.260401287 -0.617723605 0.312843428 -0.711201437 -0.121404504 2.237359284 6.609836406 4.600399989 4.560928117 3.847785588 0.723253544 6.030766519 0.867107761 6.815613608 -1.413064502 6.351410678 3.551564375 3.541033360 1.991496601 5.561585730 5.308258850 2.206234171 6.036630074 6.579359791 14.030590753
3.051588440 -9.953982412 -21.924940938 -0.125935281 -0.134519777 0.978711979 0.090374754 2.274498486 5.373407910 8.246270128 5.181435089 4.356603406 0.319942085 3.152855998 4.112893834 2.230291110 4.653100466 6.362911248 1.476901999 3.363445416 0.839722907 5.632905522 1.877904387 4.719738760 6.779385458 1.916747148 10.143357928
12.429217029 -12.405000048 -29.065495783 0.023558265 0.668250188 -0.692060724 0.271916621 1.229158839 2.047966064 6.006715010 4.022932663 0.772816172 1.794344597 4.899514837 4.670511660 3.133459110 1.668272781 5.218055646 2.166344045 3.500140486 4.884471718 5.769823234 -0.345848008 2.789530983 4.305725652 10.488092064 1.531781594
9.974266414 -16.703042431 -28.845676173 -0.513730674 0.547042048 0.644996683 0.144239634 2.690156265 3.824582904 4.402919772 5.071067066 8.928461401 1.516642522 4.268760171 5.439474197 4.609010858 4.987774071 3.434257238 1.517647180 1.962274313 6.858961228 4.278631038 8.758359084 4.773071315 6.415681216 -5.352691092 5.566520863
-2.455446699 -15.989687383 -28.170666917 -0.861483228 -0.141029254 -0.169506876 0.457410993 9.862451175 5.697742915 9.424168045 1.160832649 4.345159491 1.121324977 3.427544697 9.359685101 -0.391057749 4.525017736 5.526702732 5.099639815 11.919018877 5.496367798 1.923878470 2.444998875 4.059028571 3.833641660 4.923366958 5.536856443
12.744980343 -8.991492046 -23.684541634 0.592943382 -0.240862255 -0.727325097 -0.247793710 12.036904054 3.570928584 3.980744765 8.172669597 7.296252720 6.752362376 2.377204127 3.780659339 -2.333743242 7.716004798 2.519465171 3.600392994 2.959719434 1.319021857 -2.466806579 8.119083361 5.468136923 4.468102811 3.343902541 -4.117032629
10.740780523 -15.066521504 -21.816640447 0.592966448 -0.156964574 0.359240069 -0.703348766 5.581958243 3.734586070 0.416547656 3.667182506 5.467628521 -2.076754214 2.861476721 1.815174515 -1.379448431 -1.742506223 5.473828223 2.172072787 1.425888064 -0.847383257 7.502261135 0.264791978 8.032314699 6.103966122 3.476105510 2.238281785
10.379200370 -13.721482684 -23.143017956 -0.361078151 0.904092858 0.224208408 -0.044376376 7.030348813 4.206210545 -1.666302240 5.584850318 4.150965881 2.126578173 6.466546095 3.372083358 2.944079800 7.320356285 1.444891990 4.866913033 1.456478634 4.446767145 0.186301407 6.066463723 3.837983253 4.908977622 7.623025634 4.308480545
-0.181585887 -9.817006540 -19.241059977 -0.454466856 -0.245999333 -0.813262076 -0.267486448 1.109491448 6.744292505 5.379773259 0.665667752 2.555499428 5.630593161 8.610402455 7.702785841 1.723332127 4.376584599 5.748619631 6.118192377 0.848833755 7.956635928 3.713512897 2.611042692 4.516656253 3.303973200 5.542884523 3.705639858
-0.251235556 -10.332088474 -29.177967875 -0.093677992 -0.634391177 -0.765728165 -0.049321857 4.277586091 2.208838258 4.633107067 2.663294713 9.076467733 2.569065477 6.984191887 2.985153861 0.863970461 4.335504893 4.770664277 2.836757271 5.814981766 4.561439083 8.534087893 5.286815087 5.197331725 6.233572489 4.068943977 -0.424894703
4.139713802 -14.515464395 -28.915135984 -0.694925572 0.718619388 0.003408555 0.025553982 1.327598793 8.219761865 4.390456292 -2.407111769 3.744341825 -0.592377135 3.795283393 3.833393202 -4.055667197 4.736478979 2.325349626 3.612911758 1.346491147 5.437041697 5.673529950 0.965636788 4.138086255 3.251959850 -1.129480758 4.277360956
3.963498775 -5.433402368 -21.319201901 -0.441855422 -0.079534333 -0.431888740 -0.782246887 4.262579648 6.944701856 5.077138158 -3.279456538 1.814502624 3.369444188 5.989593385 4.759348380 -0.048770864 0.538426381 8.265051559 10.126554565 4.340595108 3.168961145 4.692015716 5.989851584 5.713680207 9.720150769 4.200727082 3.087367086
9.854427048 -5.816882937 -24.498032189 -0.594053681 0.229199629 0.699578586 -0.324280058 3.632110022 0.902675257 4.861136938 0.766757587 -2.041692909 3.818361167 2.946415916 3.839200646 5.283727341 -2.143023823 10.400352509 2.827607790 5.299518173 5.342830573 8.109783161 5.828245276 4.989942061 10.903561963 0.852493841 3.550979837
2.426066934 -18.287870007 -21.707147335 0.362963851 -0.684215609 0.097053667 -0.625049462 5.577154699 3.979499696 5.973115066 -0.212012387 5.205830410 6.911218832 0.697674648 4.283030233 2.326013839 2.082129421 8.727276850 2.081554768 6.962134689 5.822315946 1.482512490 3.310934954 4.604410520 5.444899565 4.558654368 2.055309575
6.569780557 -14.325562584 -18.132609365 0.861756051 0.210618492 -0.244634891 -0.391369556 1.849081318 3.860198670 3.031507532 0.550658876 7.627887205 -0.464728565 4.649515091 7.939152036 7.362030310 2.818020183 3.329350720 2.685592440 5.619528993 9.154097575 -0.105105333 6.929171762 6.399958554 8.534649483 1.793195768 -0.995924596
5.329382417 -23.011231515 -28.362023255 -0.419016825 -0.504493222 -0.001580022 -0.754923170 5.471384373 4.046690888 3.437891231 3.283298115 2.641484375 9.406672027 2.489174689 4.205958023 7.003660604 1.662587376 8.713324703 1.545798669 6.490442153 10.396275542 3.531566909 6.475071298 9.974756628 3.998537602 0.707175853 -3.859208581
5.587615795 -20.854345918 -29.404360791 0.369678194 0.870745838 -0.265438936 0.186230745 5.422117716 4.618520777 3.055912304 6.666511658 6.386865703 4.131295063 -0.976026781 4.021177592 0.279796724 9.581378306 3.721094373 0.859000399 3.345619768 10.026541018 2.167937971 2.043205392 8.867679387 4.550856938 2.130021825 7.908081609
10.066192507 -14.589628206 -22.983598786 -0.676110293 0.374564754 -0.524098952 0.357626068 1.439097569 6.391196678 7.892077392 2.298850889 5.789147996 8.398408086 -0.838310186 3.128163020 1.206690609 1.430634682 0.851225061 7.769035531 5.246212384 5.151610640 5.034172904 2.893915529 7.383547978 5.266550721 3.989397770 8.953976459
7.778136088 -14.496872142 -26.538808443 0.677803364 0.026347570 -0.726863132 0.107509964 5.952014165 5.510391627 4.141619049 3.974998801 1.007812248 1.528436134 -0.113567828 5.855537443 2.282984212 -0.676355851 2.962684640 2.587819719 1.776630883 3.256480991 9.655762838 3.113660618 -4.671012379 0.824857094 5.691366056 6.309638935
-2.022912111 -18.422580865 -27.107821569 0.593810115 -0.367480712 -0.367858661 0.614025634 2.651029401 4.814265911 2.245994389 0.721064250 3.657903465 8.448107046 5.529794650 2.242377199 -0.751205584 4.946403511 3.107397549 3.366417063 2.511298100 8.847386473 2.980877543 6.051890327 5.291874865 -0.681743707 7.218049369 5.513781463
1.454745818 -10.681437685 -23.687153024 0.540358118 -0.832390849 0.096749104 -0.076014406 4.533156484 1.125814145 2.748142358 1.820906339 7.660819080 4.014722168 5.987917787 6.249483482 -1.128311580 1.881037545 7.274803690 3.542654227 3.890837331 1.583256676 5.768033574 5.158007351 3.864294018 5.139627552 2.862099340 -3.840717058
0.945839447 -11.978792952 -21.285534487 -0.678925786 -0.076413922 0.643600201 -0.344962999 3.467432593 7.221831967 9.708885595 3.866976497 2.022604280 1.621574822 7.614265636 7.440061354 4.357911475 1.311881070 0.244651381 -1.137432954 -0.041445017 2.313200135 5.312469062 7.857575158 -2.222998479 7.350600763 5.147603860 5.436266231
1.607117669 -12.826583052 -16.741212352 0.152151936 0.982164501 -0.083306987 -0.072543972 10.076850419 5.097374727 0.845457790 5.548788520 1.231353417 1.560583593 6.336957188 4.215767529 1.824816794 -0.252609865 7.337861560 8.161327180 -2.063244174 5.471403679 0.910033864 2.341789145 5.878802758 6.625093507 7.117594672 2.092697147
14.346666099 -12.214187856 -21.148514589 0.690000585 0.407467443 0.574025052 0.168418273 4.596254920 4.803361695 4.540658698 7.016427636 0.415909372 5.018534125 8.927809432 1.677039517 1.252677358 5.093614691 7.831511709 7.333791938 1.959212815 7.266088146 -2.387627371 7.696488478 -2.972527021 6.034777799 7.090361038 -0.539069114
9.228221508 -11.952709731 -32.945791318 -0.833510996 0.476458611 -0.139173188 0.242646728 5.377520482 3.628030080 3.106320666 1.834267033 4.444032135 -3.312542310 3.112812618 4.602492982 3.757252864 2.230690652 6.296566271 4.075391849 4.758415108 3.546431091 6.017926466 5.629432731 8.130891748 6.472986073 2.772862418 0.141019202
9.197649069 -17.299188552 -24.485467319 -0.059838508 0.133781198 0.856529713 -0.494852296 3.091778328 -1.887814144 3.789848291 -0.507491187 7.599204645 7.619827929 3.206953267 2.567360829 7.291054606 0.025656729 6.211007183 5.724812016 5.027113136 2.110727990 2.756862448 7.344228551 5.445506339 8.633307520 6.204607889 5.650289528
5.824251947 -23.088493992 -20.161188679 -0.423057601 -0.263106887 -0.856404614 -0.135529217 4.298598275 1.769559844 2.578573870 4.542161909 4.370444247 2.705026025 2.651994976 4.235315211 4.248761864 4.130712513 6.041402500 -1.163405161 8.422250436 2.406599942 1.761554441 4.800290533 4.564269860 7.951197938 2.884955421 1.182174992
5.063272063 -7.335101283 -22.008189489 -0.043618958 0.755800658 -0.601620808 -0.254784528 5.541873681 3.966826164 2.825660182 2.479036935 6.772626729 5.695973065 9.228285695 4.858420510 4.961134509 8.301872555 4.350298999 4.397831292 6.088681284 2.755486430 4.783011068 5.554122379 10.436036064 5.906230630 1.779165665 -1.016068990
1.785189323 -17.016868824 -27.437669216 -0.021216483 0.853187307 0.000761262 -0.521172429 6.289905496 0.256155808 0.517257119 2.104417700 8.106548265 0.258239706 5.760385068 5.416634822 3.698553151 2.703195394 1.633226706 4.874651112 3.837163352 8.870331301 2.647709750 2.028152221 4.992881946 7.195034528 5.631384124 3.933122659
13.725930016 -12.288780013 -21.333614753 0.789434440 0.240452473 0.157729140 0.542307469 1.508260355 4.314155778 7.308863314 5.174478755 1.930247933 2.778895064 2.231220672 6.300541430 6.402747522 3.675903182 2.699426531 8.391878869 5.951328710 5.139469464 7.206787096 2.794715850 4.417059680 8.832675313 -2.081363735 5.702110872
3.425327777 -8.531012132 -17.247663460 -0.332850106 -0.107680107 0.928968143 -0.120971031 2.237845536 1.141349502 1.567211281 6.628385482 6.559184395 -0.575628682 4.236256610 3.778474351 3.808201667 0.620617635 9.081629614 1.635945396 2.266634974 7.278544898 2.629770172 2.490277390 2.171421396 1.766055952 6.139420921 2.700316396
-0.912514441 -15.463263257 -29.466061535 0.661470710 -0.336296783 0.630637412 -0.227282704 7.315690892 5.962559525 3.388413452 4.482713147 5.656036042 -1.121308110 -0.205374997 3.537659869 0.290912396 1.414771220 5.499239153 4.658915151 7.747626362 5.900678236 5.601674099 2.014346874 0.876866440 4.081000558 -1.409648531 8.874690790
8.720571295 -16.633874689 -18.750750473 -0.671218343 0.498520756 0.499506017 0.226796672 3.012517686 4.796707128 4.529962122 8.258425851 6.271668288 3.946044925 4.924268451 7.131924572 8.682149107 4.279838813 5.492946011 3.700691988 3.877261321 8.084168069 0.657048827 1.047629375 5.897283263 5.415715972 4.469937166 3.478725219
0.527893093 -10.558338252 -28.403587951 -0.014503258 0.075390119 0.370061428 -0.925829642 -2.028100477 3.543138192 0.440932174 -0.236541399 0.629609074 4.337174613 2.513602466 5.955975107 4.625221418 4.429762565 -0.616981247 5.926256483 10.263505065 0.400877341 1.036300289 4.883526021 3.438916354 3.042146032 8.382353582 1.581836942
6.123268761 -18.482361775 -16.276129028 0.020998549 0.225067626 0.942511724 0.246120446 3.094022299 8.679485789 3.516304175 6.533037836 4.636749586 5.112069788 5.092755632 8.406801576 6.522129789 2.481778295 4.890940763 4.862141769 3.184679999 0.689806625 2.861335163 2.674134628 4.704787205 1.107897727 5.437976291 5.632962262
11.734161035 -15.621845224 -22.761834720 -0.671307901 -0.322782932 -0.642476085 0.179948220 5.003126281 4.649949539 -0.158078493 7.251635935 9.542622005 6.309784130 4.416877425 3.367506823 3.568176908 6.949418812 3.778110141 4.097801529 -0.310269158 8.223344398 4.427035713 3.745486556 8.974051802 2.504355219 7.047818307 4.705164982
3.499726108 -13.963426195 -16.797806337 -0.380034169 -0.111272075 -0.610406803 -0.686000066 6.912043531 4.706252228 4.872759426 9.287040571 2.612851865 5.760498151 2.852840243 2.436531977 6.068883669 3.455297316 4.782742150 1.494213467 4.506997426 5.609552914 6.873004147 6.582845100 3.599857432 6.978879344 2.741447771 7.926319478
-1.347313678 -18.443883057 -24.139030892 -0.811219533 0.368320473 0.225322022 0.394325862 5.632685841 9.486069991 7.547571382 3.140855401 1.254008308 -1.326147440 3.295508884 3.173377141 6.562881256 0.628665649 3.336010754 4.376732926 5.914782004 1.882328858 4.918110219 8.000697026 6.064864996 4.034343802 -3.792143571 1.536166388
7.462625631 -7.819701504 -22.863832081 0.235301205 0.027977319 0.969098772 0.068543288 0.113124699 1.070510339 4.435959830 7.022812362 2.342122607 1.589759863 6.091622265 2.237845340 5.842299724 3.446604284 3.760628357 2.112496799 1.747951790 0.535389549 1.485306468 0.971784902 0.674958835 7.464393473 1.880645047 -1.758324792
-1.311315314 -11.677979903 -27.640518816 0.729728722 0.095978552 0.511616654 0.443319871 10.088730707 3.290065051 2.355738038 3.930507569 9.604068865 4.927372420 7.096449223 2.593241291 6.391371006 3.025064824 5.295316466 6.110003787 6.851731443 0.193125348 5.875237616 5.878901947 4.589806439 4.537518806 12.891793629 3.187956708
8.571481911 -19.011143652 -28.644135288 0.195907463 -0.872411575 0.269335841 0.357738053 -2.226802190 6.979131048 4.009478166 2.827064499 0.184713230 5.493407955 -0.466344258 2.668654930 4.484219686 4.587646360 5.967560772 -0.270450383 2.508096166 6.692242339 3.633595171 5.638521659 -1.132831797 3.698965056 10.745083300 0.436590749
-3.450041005 -16.038146210 -22.100848439 0.612400810 -0.715520042 -0.029298050 0.334870038 7.248697997 6.357817155 0.972138506 4.740612192 4.552856105 0.548924579 -0.584317036 3.007524134 4.746727474 6.514764166 4.098064719 3.223786954 -2.769784560 0.858118479 10.914689485 3.439274128 3.690140311 2.436011418 3.988909374 5.316860151
8.348721915 -12.549761575 -24.287119312 -0.516417185 -0.578528775 0.625603109 0.085079356 6.171370024 3.272211170 7.217090880 0.662936874 8.103761544 5.428948408 8.214077832 3.377383247 0.868777540 8.940889883 2.473799410 0.615619866 4.916014739 3.674097701 6.234841683 5.664567849 3.344496563 3.516649143 3.577131095 2.928526749
5.284176624 -11.914798426 -23.369791141 0.242443537 0.744322269 0.550014321 0.291015011 6.534951120 -2.522460177 6.373341371 5.887149708 3.240719074 1.859467540 6.188235778 10.670897514 3.878278482 1.279448646 3.908008744 2.290087429 7.167767080 3.669087065 10.219329682 8.544056331 0.626153037 5.437194251 2.922005064 7.514420591
4.374679689 -16.845116787 -30.714932199 -0.155515611 -0.547268078 0.721463647 -0.394718573 5.569770611 4.610491642 4.679527390 1.938777305 6.336963826 0.876597093 0.832725004 6.781304859 8.070244202 5.828475382 4.487966009 4.907358992 6.342378459 5.136841900 6.047493363 5.028065987 8.359897164 3.350559162 8.045448183 0.330474356
8.221120616 -12.562870994 -31.778776359 0.460067198 -0.463928331 0.451356612 -0.607771244 -1.691195653 1.755766236 0.577844042 10.545767470 4.062455137 6.089302693 0.918072924 4.737375401 5.292754219 -0.940909800 1.916931372 4.695604175 4.848017326 2.019512846 -0.499390847 -1.448970787 4.052384338 7.757610691 1.530976690 0.553602278
12.379157728 -18.231045831 -24.476775810 -0.488060232 0.385564611 0.719120771 -0.309842633 8.985706474 2.672005699 8.060942222 6.068303014 5.459293879 2.774788302 2.432137388 3.865715273 4.189671987 -0.321904060 2.111399867 4.260854146 4.243170195 2.079604578 4.103915585 -1.377847112 3.277320430 2.731586254 2.983581521 4.237649749
3.466745294 -11.240730988 -23.257812520 -0.367645070 0.531742502 -0.053420885 0.761073730 6.557682132 4.520087711 5.402478777 3.485052431 4.972421431 1.092499598 3.562521683 3.135925753 1.836208142 7.763005117 4.865729521 5.933461349 7.844718904 1.082777926 9.220952674 2.332201897 4.082950234 -1.956218663 5.126022586 5.264990040
11.347468542 -19.513128560 -23.399727706 0.380502307 0.684955557 0.577513429 -0.229198865 -1.227470413 4.608491982 2.771982616 7.235704959 4.015323465 3.727945636 6.272253239 -0.930202388 4.532794591 3.294638000 9.600258821 3.727903008 4.791047784 9.526088518 3.880624482 1.771746859 4.519838869 6.570589680 -2.692037782 9.348012845
5.249768737 -19.518197312 -28.511973877 0.285713607 -0.334413261 -0.785013266 -0.436222052 5.345459982 -0.010458564 5.493298286 4.696437600 10.436927455 0.751669484 8.477206770 7.965958388 2.398517801 10.207047782 -1.817526350 -0.021116508 3.222478464 4.019511896 4.019419584 0.219896082 0.377394409 6.898984295 4.389951582 3.438957941
0.668961831 -19.239486451 -30.079018205 0.919493451 -0.087729057 -0.032621722 0.381799986 3.560838343 5.134809236 2.024347641 5.201144173 8.637581651 -3.868287396 1.875496728 0.113395207 8.646237099 3.058663707 5.495427966 5.425205109 2.248041895 -0.713516443 3.487925173 3.205396249 1.225340183 1.923039226 6.652298695 6.452402462
10.819243654 -11.392159038 -24.744982735 0.001779959 -0.321552617 0.231850610 0.918066469 2.044714755 7.951263306 3.311664311 8.495356080 0.550048995 2.832386858 3.109228838 5.115963857 6.884294896 4.246075849 6.195931692 6.539325001 6.249789122 1.039799189 3.701925736 4.661903188 10.366891869 10.296953186 7.292322870 2.858475852
3.769782968 -13.932817011 -16.441602626 -0.086322545 -0.192586321 -0.124633374 0.969497524 6.231010899 6.413958938 1.210618938 0.028995529 4.201545568 8.039729965 7.137342689 15.306230924 3.209638332 5.534520009 8.451000607 7.493054860 -1.247437420 -0.449861559 3.285932869 10.241863207 5.052854035 2.800638186 4.702567320 -1.457412387
4.853383979 -21.034558972 -26.453526547 0.893936316 0.013651370 -0.210575984 -0.395410240 3.326022362 5.769291199 0.489398112 7.773096492 3.819305013 5.577309581 5.767837540 3.135831486 6.175222450 -0.593832985 -0.973882230 7.013941820 1.303209072 1.729175834 1.308905207 2.819904733 0.278264022 5.214422460 1.592881477 0.972056984
4.412770183 -7.416348690 -30.156929754 0.684060747 0.286049189 -0.383080673 -0.550895592 4.197001998 4.368932257 7.234946700 6.638574646 8.391776393 5.060800593 6.691904839 8.571688280 7.626197793 6.676892388 6.315226073 -0.955165725 3.300945623 5.259549877 3.914904433 10.572918593 1.199086690 2.898344458 0.398276324 5.715084125
3.905104126 -14.576431052 -28.211879547 -0.405950909 0.847658959 -0.340129982 0.031460192 8.174906808 5.921037279 5.131722576 2.981253193 -0.095959563 0.481836670 9.435614729 2.461727847 3.097873343 -0.543811152 0.478597610 3.146372531 4.918648332 3.338995061 0.688591914 0.407644177 3.595464859 6.186956124 0.513740534 1.474955718
-1.259472535 -11.322049436 -27.436845941 -0.169005412 -0.832701087 -0.280721572 0.446364727 5.090229342 2.055813844 5.744259973 1.889424712 5.985908232 -0.237574131 5.348716509 1.852086191 5.463659686 5.485535459 9.905215133 0.552818413 9.143194251 8.127263251 9.162061674 10.005114465 -0.357066318 5.274526076 2.661753372 8.480910087
9.194007966 -21.015465645 -17.788433646 0.745968587 -0.408892114 -0.483925829 0.205314148 1.448955518 9.464145563 6.580936129 5.717362003 2.712955959 6.522529190 6.567530751 7.698990885 -0.961106027 4.734214430 3.949245242 9.988349563 5.015620794 7.503536012 2.305338185 10.008025582 5.172553465 8.091081205 0.542546372 1.914940816
-2.367157123 -11.973232740 -21.422392334 -0.418557386 -0.214920971 -0.281090740 0.836424944 5.479130886 0.422711959 2.945785184 2.259785037 5.859701073 5.910077759 0.649994626 0.367290924 11.993265624 2.702738982 5.154029533 4.288661343 3.106271453 4.367084029 5.593425811 6.057424228 3.679873680 -2.084553988 4.874171012 3.578320743
6.161882598 -12.678961936 -23.850213778 0.443938054 0.637748694 -0.093445656 0.622465676 -0.161541389 5.409758175 3.796852881 4.954884724 2.850700332 0.967278020 2.849322473 6.898262578 4.421856796 0.224873324 -1.151876885 7.311368670 4.112020137 6.054635801 5.927099461 7.344415207 9.921447248 2.861530148 3.970459151 6.713617577
6.613062524 -12.341286078 -14.745476642 -0.094231542 0.081340992 -0.239831533 -0.962800548 0.078385962 7.881156987 4.884010109 7.349474261 8.460849497 2.933649958 3.027904702 2.983564069 8.912983709 8.390844822 4.018381046 4.902161262 3.469555939 4.543522859 2.470555932 2.970598577 0.301691916 4.339492883 6.919752836 7.444059884
12.054953026 -17.214128025 -25.319469890 0.564633140 0.541183995 0.512142939 0.354991424 -0.272646838 2.606357824 12.431180564 5.210417661 1.576705466 0.393198773 12.563727946 5.316390096 4.425871657 3.087595894 5.674937323 -0.064354329 3.552580370 5.079396263 -0.161862111 4.595580924 1.321461500 1.983298815 4.899701933 3.039307102
4.598680660 -16.878976945 -15.318762980 0.467443040 0.189153838 0.446986113 -0.738864835 5.014546763 6.734226240 -0.471414379 6.882876435 4.209115396 4.458775719 1.723298636 12.065789805 2.301311236 3.750432271 5.527295473 1.771962265 0.547683130 3.724406131 4.297832620 -2.298633086 9.848642721 4.292815225 -0.457033416 7.996590002
-1.067123394 -16.994971505 -19.012182888 0.672013451 -0.496167813 0.412092086 -0.363861973 3.910102606 5.674277283 5.925716068 -3.981054866 5.234231414 2.696671505 3.787591459 1.155522316 -0.194495536 3.706849717 1.114085312 4.826967181 5.037589183 -1.068792313 4.063407436 2.044503839 3.401276083 11.147175026 7.349465496 3.859026594
-0.532550279 -12.700908362 -18.657191542 0.859711121 -0.280239831 -0.014191990 0.426803249 9.857173579 0.588193846 3.427899442 4.498176969 2.748389169 4.347104511 5.604913809 2.927138279 1.561984344 8.387731509 4.097430704 6.204053009 5.478536873 1.800734056 6.722412903 6.674417726 -2.190768533 4.014456537 -1.033937581 4.104985180
13.797276875 -14.378059112 -23.534367483 -0.333921527 -0.247100708 -0.862305466 0.289597889 2.045944884 5.979100758 2.128146264 -6.681274576 0.737144720 -1.063871241 2.540774967 -1.146731797 2.612900390 2.910623128 3.637642933 5.033401522 10.332648795 2.921062039 4.776621831 4.632435028 5.436865112 2.272886034 -2.250724154 2.152998891
4.999014673 -17.820311194 -28.173157054 -0.159978645 0.039674782 -0.986232927 -0.013317610 3.933912986 0.919662557 -1.408703251 2.040453613 3.607838948 -0.340912807 5.850794843 -0.646522018 0.443299230 2.246518196 5.212427761 8.625884312 6.629415218 2.350631702 4.705231864 -2.414381863 2.014491987 1.257236892 7.106404513 7.939569674
0.394235592 -10.296597150 -29.659185111 0.366979756 -0.118387354 0.560807655 0.732669822 6.145245719 3.968944748 5.219341417 5.246787372 7.229423059 6.347712465 6.034901537 4.470759200 7.243141375 1.846038509 4.817687807 5.274031004 1.703042174 3.606059671 7.705874159 4.268082438 5.488901217 8.166908677 9.985296761 4.348743849
13.674799627 -10.456591713 -22.679939414 0.451499258 0.066975205 -0.783557970 -0.421544362 8.114315738 12.500817804 11.962663691 5.022967128 3.789804512 5.124878248 2.043660149 9.752972472 12.207414414 4.907430769 5.691989743 5.353440003 7.001075120 0.728755861 3.348396790 0.138093536 0.437927006 -1.489100062 1.917531205 3.367476678
1.735600338 -12.698186301 -23.048228534 -0.083465933 0.645368631 0.680280772 -0.337269685 0.528256143 2.019601725 6.005157477 1.935442479 6.336849050 2.160862128 8.040514277 2.940016667 3.018662887 3.145250901 1.810867815 6.354675383 6.012676556 7.191043129 1.188804587 0.567449496 6.442880382 3.932638956 8.386656058 2.684608339
1.503201783 -18.735468985 -30.825531833 0.152169604 -0.461123824 -0.595008905 0.640447995 1.471602091 6.518683633 10.265103132 1.463473444 1.542253765 5.515337734 -0.512212271 10.396590022 4.193209959 1.470879720 1.794358686 8.669218289 2.962465471 3.858494545 6.347232138 3.213522825 6.950002272 0.767446069 3.143684225 2.307184568
-2.746345203 -14.894183560 -23.009296049 0.984244213 0.053418606 -0.168310466 0.009020491 3.267659177 8.989048105 7.298371034 2.762240594 -1.503452673 -1.206108992 7.129759298 3.066078380 -1.285752713 3.474512254 6.556428318 9.418055704 5.907473651 3.875955261 -0.265209902 6.571482932 7.023268328 7.686702317 0.551121225 10.197402231
6.006195895 -6.153357174 -23.184386338 -0.062709592 0.921817181 -0.305792259 0.229807933 6.132132262 8.775718079 3.168191919 1.080236402 4.971098655 4.911696805 2.699394693 4.704851134 4.335675965 4.117590307 4.358536169 2.392567572 3.037471019 4.589767702 5.355051826 5.184730895 1.450104458 7.118720884 8.307264732 4.703942126
8.113758993 -11.974387984 -28.778785888 -0.544190369 0.781453112 0.231830522 0.198601323 9.366639290 8.909904291 5.994736809 2.838901870 4.011540063 2.632355282 -3.288900302 0.060195422 5.076262414 7.319803126 6.380239051 -1.089724790 3.009894883 5.374190288 5.335666477 1.199055379 2.384639936 2.247704305 5.121751721 6.414001215
7.725238637 -16.764046249 -19.857574161 0.537124128 -0.695665197 0.461351637 0.121252921 8.430214131 8.951464830 7.586849657 3.291865136 3.671144503 8.292489785 5.013443491 3.116758306 4.253537627 6.640479726 3.420573781 1.341225516 5.083249887 0.791708775 5.339165956 2.843814275 -0.510402959 1.233605206 8.833507258 0.885691162
6.058527720 -16.700252175 -32.458705016 0.238307201 -0.842246643 -0.237435036 -0.421253930 4.499751646 4.463090779 9.021676195 0.875789891 0.522445832 6.270184756 4.126226154 4.070433421 3.221165715 0.819650958 2.630784275 5.785710928 -0.060957064 3.130520853 4.057355302 8.039666857 -0.343178829 7.183007714 2.801946015 5.723583959
