-35.666453359 -7.595303944 -8.322768918 0.383599590 -0.898336815 0.109204420 0.184164916 2.056146704 2.752172542 2.902170099 6.522040046 2.243990774 1.193638230 1.661049343 3.406473374 4.145658839 5.745242630 -1.233914241 1.309880463 8.883206543 -0.042257236 6.422662476 7.596967791 2.905258204 8.121539163 5.776038373 -0.030860955
-28.549468670 -11.501998789 -4.057195051 0.478825535 0.063413562 -0.606032507 0.632004293 10.257239627 7.569165076 -0.944149046 6.778961993 11.394382956 6.075957133 7.047062596 9.850010197 5.674890143 1.267763037 5.676463420 5.059421844 3.279663060 6.357776399 5.876704345 10.599450506 5.376323486 1.240776043 6.890472339 3.375988350
-26.591588407 0.121827309 -15.171051376 -0.546247739 -0.752249686 0.366389385 -0.038634639 2.877765819 6.961654475 6.552500623 2.934231048 5.314651674 1.433305060 4.998804788 5.746029069 -1.029127627 4.818346570 7.774501115 0.052284933 0.441440145 5.333350501 4.095574827 7.138256307 3.456436370 2.532830197 4.513767447 3.654362042
-23.877474239 -6.548328822 -4.739371231 -0.096242537 -0.499831318 -0.817015863 -0.270907931 6.695406752 -1.149830861 0.355326957 0.366177384 1.146499114 3.408657021 -0.349269566 6.066784541 0.459145978 4.318074962 4.237187816 2.256218486 -1.681802463 5.346573100 4.668143284 3.067519758 -0.334074364 -3.292445457 -2.132833197 9.101513551
-31.750220142 4.291310629 -5.643039627 -0.422916656 -0.755467870 -0.161371258 0.473676173 8.020070470 0.937076293 5.850458018 3.187831885 3.792550336 -1.578048309 6.436480139 1.745143180 1.804922419 3.815494911 5.235457111 4.351665202 3.840388615 9.728175754 2.271601733 6.373123471 6.887869117 4.655107805 5.477834571 3.431825124
-24.870576295 -2.913514117 -11.509714189 -0.595616777 -0.730305701 -0.334503747 0.001217035 4.485365467 1.687068728 1.286558040 7.415257379 5.623909382 3.890720588 5.511647147 7.072528255 0.614477623 1.166860373 12.193023114 3.583887488 0.431404155 2.789008785 -0.997895632 3.602409911 4.250307249 1.355021307 3.221884021 3.102173178
-22.924230001 -11.521319180 -11.307074625 0.567103632 -0.263985340 0.101688301 -0.773540367 2.730930979 5.852468912 -0.859070246 4.751597030 5.451212207 -0.035219680 6.362729370 5.767341654 2.113848717 4.804255189 0.308585105 5.013375472 4.109126136 4.754832666 -0.270779092 8.890130114 4.205217776 6.800804873 1.547915989 4.126979769
-28.067491360 -7.293075203 -3.643636129 0.472124354 0.608233130 -0.034100165 0.637172059 2.324258782 7.651449354 1.931557471 6.593433150 7.331688469 6.337149890 5.599379201 4.493072359 0.013154863 8.046746199 4.957138250 5.398223813 1.659828829 4.962052381 7.478401127 4.163014899 3.749931859 1.410425730 2.389276036 4.243836334
-24.829995828 -10.310558045 -2.468518017 -0.575820443 -0.612797963 0.064410397 -0.537364657 4.465698542 4.258511289 5.999528697 7.854361712 -0.390609708 1.343084422 5.652715930 -0.457900548 5.627441071 2.769070578 -0.155172225 3.406529745 1.495262725 3.734277065 1.077616292 3.177793706 1.383960255 4.786645140 3.365414305 0.629091177
-31.274733968 -0.669034567 -5.394992527 0.321941569 -0.717432994 -0.131651157 -0.603582221 10.696655412 -1.987271421 4.822155929 -0.440039846 2.045826193 1.764181700 7.801527687 7.903166068 7.295422759 -0.989517132 5.063169145 1.903172053 2.268273369 2.528356283 2.799126193 5.940545864 0.857128514 2.494528296 -1.768743716 -3.625738984
-24.299063153 3.237368818 -4.706049520 0.991324819 -0.102967860 0.078352936 0.023098481 2.063369872 -2.100375825 2.599631490 2.695245459 5.303638587 6.912907267 2.944485780 2.747285715 4.657188350 6.089704846 1.311560661 8.021892263 0.623161826 2.777121088 0.449185700 5.786406465 8.892334251 3.457604308 3.012141341 4.907769177
-29.757612852 -5.246169735 -3.384692591 -0.420186449 -0.460987325 0.168036677 -0.763346389 1.838632634 4.462993733 7.597111077 3.065345456 1.323186839 -0.577400923 6.955141609 3.213373772 5.635168561 -0.406706712 1.212842165 9.111605491 9.462375472 8.282291027 4.905241128 3.850268636 2.047056342 7.610607356 3.845308749 3.579533248
-22.260829076 -3.943593546 -10.128471154 -0.927308826 0.323395264 -0.090859229 -0.165101319 3.199393675 1.355878376 4.381087700 6.422183017 1.917212629 9.559807841 4.221871261 4.300910721 0.773779083 5.565193745 4.416741679 1.472173931 1.981597271 5.310529069 6.270011405 3.448055788 4.109989234 8.175870779 2.351845763 4.676422715
-22.880302593 -4.416336258 0.279001878 0.501022165 0.578752986 0.163348365 -0.622365714 8.873448440 -0.299237219 0.214461702 6.356001486 1.643126772 3.372741414 1.348527838 -3.484208627 4.780229914 7.625768179 -5.936083581 3.854079852 4.666608778 3.641047753 4.302163077 9.399875469 1.007010755 2.661732323 1.408799138 -2.750519212
-25.559297422 -10.450302179 -11.622632205 0.939403241 -0.247318814 0.089231766 -0.219983289 8.149295901 5.918536620 5.726926551 2.749106744 1.062546025 4.267975632 0.914327118 6.030715671 8.699266615 3.370350161 4.454481568 4.832168265 4.532207427 4.459881933 4.484014841 3.238618255 4.829652328 4.221226466 2.545842546 4.092350467
-35.914263907 -4.140467426 -5.593286992 0.141408228 -0.121024373 -0.981106564 -0.052789431 1.987911136 2.553860570 5.986290273 2.941226058 1.752381952 5.149474851 0.816279925 1.050370671 3.300722856 9.290901607 3.123833483 4.754168458 5.743537627 4.132436864 8.114950792 6.253137761 0.656148920 6.322781348 4.845395839 -4.477004446
-27.549542640 -4.451967431 -0.792495329 -0.590506373 -0.158828709 0.363979042 0.702563108 3.736848736 5.179178713 4.165833555 3.416061188 3.968505101 2.025956943 -0.188444046 1.405377818 2.761036571 -1.802520365 5.329212491 6.405486058 6.286262168 2.982071863 1.545046483 7.206905830 9.129344618 -0.811612848 8.140238194 2.554050750
-21.807901308 2.401118891 -11.882605906 -0.577900441 0.717713267 -0.381160465 -0.075069613 4.511008948 7.346125528 1.868706236 2.278303683 -0.047926904 7.508414493 7.917991737 8.299339350 5.742387655 13.174590820 2.760087743 6.308667334 4.491582381 7.623025665 8.621021777 1.705704372 6.911494219 7.462010240 1.963579054 7.327043821
-33.815752836 -9.851841148 -8.416709667 -0.970621880 -0.172140144 -0.160802323 0.049026003 -0.110073782 7.208191662 0.276134360 5.549599648 1.594802623 3.792512061 6.198268595 2.985316659 3.645229164 1.664478703 3.113925695 4.203863551 0.169247742 2.235344417 6.122745985 3.997747529 3.439957952 2.388553401 0.742646610 6.790733283
-26.506268543 -8.899495799 -8.234403307 0.538537300 0.146643672 0.617064280 0.554711533 6.706313237 6.868627039 5.777928108 1.913992100 8.617711796 2.231622078 3.062696836 5.132427622 3.378401957 -0.378088547 1.960956618 2.975688088 3.077393040 7.381534714 1.040284236 2.970677712 5.035617144 2.236441515 6.703550910 6.195768409
-23.858127586 1.366519156 -3.520540860 0.282813811 -0.105548150 -0.605259214 -0.736571259 6.202070637 1.470934406 3.641486871 7.826125190 1.563753418 2.306142090 7.066186081 6.955654979 6.938566057 3.224106497 0.975901496 4.091518475 1.441327071 7.984303408 4.372633397 5.154283529 3.885454340 2.066574805 4.110997206 7.358958166
-30.986236515 -10.049146301 -5.100918633 0.559850543 0.632354936 0.065572821 0.531408327 9.823075853 3.382016213 5.812629134 6.769537670 5.561566760 8.630663749 3.462997987 5.779873848 1.661843280 -2.245943996 3.163409839 5.611007385 2.290923897 2.476689558 -2.475598099 3.135486102 4.424877855 2.627173473 1.677815304 -1.465197500
-24.662213269 -11.630375872 -11.010049298 0.273465115 0.462275863 -0.371009686 0.757541860 -1.576295603 7.646023020 5.819915750 1.592367277 2.366979886 6.309375690 5.077403477 8.139901515 -3.168915816 -0.465991688 3.501564488 0.637702835 8.791778233 1.626236250 7.286340503 6.078959474 2.827883172 7.094503822 2.582211540 2.737328434
-21.443834867 -2.044768700 -11.762123592 -0.325341839 -0.929533275 -0.144994256 0.095379472 6.503121704 2.780528965 6.557855225 4.444016295 6.858434378 2.606741923 6.981371718 5.736885621 3.376715078 -1.898976975 5.149734529 -5.573449907 5.411096132 -0.417966363 0.110802600 1.182256791 2.717950636 3.833809905 -3.234422728 2.708791662
-21.069913380 -3.216002272 -5.861022263 0.219757191 -0.297643242 -0.055345800 -0.927389950 2.950595493 1.458306117 0.759190945 4.896100384 4.535540223 -0.135062809 2.637895877 5.906176559 1.079256762 4.888520994 5.401347221 4.891366385 4.853745117 8.052010542 2.339726715 4.357703647 5.138935092 4.451148708 1.796473792 4.009470908
-33.118575550 2.252379460 -12.681103041 0.407822167 0.290671679 0.676497382 -0.539946615 4.363446122 -0.545521901 4.363730722 5.269396598 3.185287860 5.806296097 8.778951583 7.235553629 5.037668051 -1.532383285 0.354010172 -0.343510347 5.572585757 -3.951883782 3.250628966 7.355941972 3.384277509 3.833334584 -1.025542751 2.485849194
-23.528140067 -9.317294200 -6.384318347 -0.200558488 -0.709834120 0.407977500 0.538020608 9.733606301 8.096640896 6.967644931 4.384175510 7.107961435 4.412384816 -0.696877443 2.568546125 4.664890889 2.637306864 0.737852393 -2.511802804 6.706691021 2.876514912 6.962518506 7.462004225 1.209141124 1.985987894 0.599110836 7.520189002
-32.867360364 -7.216180341 -12.959069572 -0.802160396 -0.514577083 -0.185302499 -0.239608239 1.847940565 8.524635945 0.946418590 3.322078734 3.136235336 4.112771554 5.465002750 10.354209015 6.756770124 -1.445497056 6.584737553 5.590166211 6.173615165 6.138319492 -0.246881319 4.687601295 5.821893924 5.206545740 4.506207192 -0.808519870
-27.596427469 -0.151268278 -12.790829010 0.743202316 -0.378398113 0.180342697 0.521480294 2.848399264 3.553702863 1.740472950 0.818789384 2.277599352 3.299644397 1.676477206 6.825998268 11.298267486 3.424591214 4.167329113 6.619614313 3.188077589 6.070874701 1.034668496 3.818056251 4.236973117 7.228070642 0.603069560 3.785099720
-29.676307689 -4.593084889 -3.063611110 -0.904016663 -0.165015151 -0.341012368 0.198076849 7.764781506 5.016195227 3.957033160 7.669993202 7.836109252 5.039544347 4.607805268 3.671101250 9.433235726 0.559715286 5.740543629 3.613470493 7.197735320 7.733126715 3.427457117 1.163729035 2.946970578 4.527914330 6.110751299 1.720566828
-17.102794249 -5.478753711 -7.464024090 -0.629406766 0.664174904 0.062944702 0.398442950 6.206903778 3.623035776 2.433691912 3.103296359 3.023008482 5.281886483 8.281009164 1.900406006 4.936925148 5.106226248 6.259279719 6.135619408 6.515815667 4.324125400 1.400207151 8.577406211 1.735617087 4.014555798 4.726133715 5.338851725
-31.782709600 -9.630942354 -7.253189874 0.253428411 0.730212002 0.062177926 0.631425671 -0.398865701 4.748834228 4.425588047 10.864352502 8.253330600 3.258183161 1.995864431 1.357357651 7.935944639 4.626095285 3.132766497 -0.939811081 10.429801692 5.854754104 4.245227153 3.973784466 1.286248708 0.835375323 5.763527183 3.891330886
-29.657890461 -0.402319489 0.396690818 -0.179501006 -0.947649890 0.261122036 0.039425339 1.430020746 9.790769402 -0.345005532 2.821415308 3.502367529 4.532988809 7.120134682 3.383835673 -3.941395804 3.694750421 1.730738841 7.149162742 4.490981678 7.977923740 4.166749289 2.146170941 -0.764020544 6.519992752 1.031619835 -0.782739209
-25.791737024 -1.350019243 0.347741519 0.774212360 0.274753622 -0.202042236 -0.533183462 6.218394066 2.594712867 -0.596497499 2.250803518 1.919552951 6.627983973 0.426149545 1.057767516 4.348575478 0.452642626 4.788239589 7.155996836 4.828723304 4.418951315 -3.885263450 -1.362448328 5.051772920 4.497554829 -1.970714767 10.221552237
-26.302258593 -3.992050820 -5.889271473 -0.867895833 -0.059185227 0.457780620 -0.183550636 4.635528399 6.734191109 4.373561066 5.058266668 2.998457735 0.344659265 2.287696220 -1.557225452 9.456848780 6.585126040 6.143013847 -0.670519996 4.797310638 7.267835059 6.436009690 1.203973322 4.807687861 3.891690306 7.363277423 3.125380552
-25.722083726 -10.685138436 -13.428987653 -0.245696569 0.762822632 -0.487629513 -0.346341287 6.322703703 0.277058999 5.432529353 1.563944516 0.383600894 5.748337869 5.969803960 -0.429963369 10.640860629 0.725880543 4.287932261 4.550792859 7.960167332 2.253566390 -4.128519157 0.620493876 -1.776034461 4.605619689 6.680420813 -0.489311796
-28.444702732 2.612891067 -5.300872458 0.303559489 -0.051630920 0.758484482 0.574358054 2.499679504 -1.971145681 1.577654708 4.116882374 1.877888542 3.661059615 3.324823356 1.662446195 4.058617434 2.754581710 6.252151908 3.014548328 -1.371951928 -2.038574533 0.743175173 7.583929159 7.625056397 3.164028713 4.001641294 3.345898491
-23.830300249 -3.917911278 -17.761320102 0.477232088 0.198242649 0.854469594 -0.053208079 6.747395782 -0.054566678 8.025334890 5.026385949 3.149613132 4.741702830 -1.091070331 3.727870142 2.961049463 9.730998920 4.740756700 1.060068349 4.253812204 7.883649655 1.990721756 2.727413460 5.884747782 1.865728240 2.473656801 9.599833248
-27.206305766 -10.708687839 -13.101540379 -0.117763539 -0.717624256 -0.686394116 0.003208465 2.261481861 3.412410051 3.361661919 7.400799050 0.141499841 3.496656927 8.295717566 -0.055118591 0.578743083 4.830155183 3.974687661 -0.074859715 1.426693522 2.666858846 3.302909433 3.466283610 1.200428201 4.565976557 5.503123534 3.127082032
-33.529660588 -7.008805574 -11.909583248 0.216607956 0.427593729 0.758048249 0.442275310 -0.992856324 0.124536790 6.852877657 6.429957327 4.671344071 2.687436872 5.056083801 4.248788089 8.315739945 4.534472709 3.836855921 4.307008670 6.168639627 5.896635008 2.512641920 6.701919895 2.550025359 3.909831335 9.264243908 3.976991647
-21.132680376 -6.415077804 -9.278924259 -0.095948218 0.310826687 -0.617433238 -0.716210100 4.929787600 1.907899396 2.501247605 1.260513960 2.686365785 9.162212733 6.193102021 4.183381136 4.209675156 9.568405131 4.365514088 7.931355002 3.932858962 2.627824327 3.169852116 3.014425205 9.139693494 3.661045675 2.071136935 1.903423639
-35.664409642 -3.538162247 -8.938693014 -0.596079702 -0.498285061 -0.538365080 -0.326441460 0.302602611 6.536941280 -1.646693490 5.781692845 -0.313614060 8.705576994 5.062070394 4.073884965 5.232146871 5.548655107 6.163194806 5.089415403 3.117419128 0.993536896 6.853329567 9.922865249 5.844023236 1.342573433 0.995824127 3.127108397
-25.559424062 -4.988313456 -10.441343419 0.088727583 -0.286516324 0.478237458 -0.825423980 9.340177399 3.880646642 5.198108508 3.920510683 2.211157561 6.673668493 7.916805622 7.051141903 5.911350760 4.735251930 1.325406387 1.970055535 7.119132785 7.641212226 5.210061250 6.028169934 1.594086744 9.092728792 0.824611172 2.197118890
-26.240333992 5.412980667 -9.761024298 0.537930849 0.162247863 0.802512607 -0.200697651 4.192789382 7.423999206 3.985021895 4.027726563 1.894976048 10.735471469 7.612321060 1.364466012 5.235034069 6.164969511 0.973586364 4.199905408 5.406861079 -1.348060977 5.380786883 -0.078357599 9.349885205 8.890868652 8.727567448 6.054042220
-32.635451197 -8.917000584 -10.190688300 -0.005522588 -0.258761265 0.526292798 -0.809955554 2.932290737 5.368195795 4.623958545 7.154918726 8.356208389 -2.563033664 6.677741289 5.673393450 5.099412305 4.625726858 2.667216052 2.889585602 1.665575940 0.287445299 7.849195052 5.573003981 4.203882349 2.866055505 2.002789683 2.531999775
-26.421697760 3.872272103 -13.212756231 0.215550952 -0.468027075 -0.532346144 -0.671636827 7.762778755 1.555452432 10.077215343 1.247227516 -0.082912822 4.063495730 1.526150053 2.377429643 1.212199657 1.416901049 4.006106539 7.906002376 5.134101091 3.364563252 4.185914246 8.217376169 1.565686388 -0.162034894 9.950019385 3.463959138
-31.333447313 -10.030374502 -14.301130500 0.664312192 0.253644627 0.702737568 0.022663309 3.803697367 3.410252698 3.435125492 -1.093780159 3.887734281 2.033010404 2.049771990 5.795462407 4.408675628 5.501164653 0.235154150 2.435263330 5.444997266 1.266833384 1.881085089 4.395269193 4.666005859 5.915953093 5.535875183 2.908230271
-22.060984354 -0.295915865 -16.597647259 -0.526677468 -0.552652154 -0.319292822 -0.561461072 4.310496210 5.389147164 7.798609536 -0.895962380 2.420228697 7.700995092 1.511564314 5.317959660 3.049467432 2.139796902 1.306073348 4.902387924 1.638405996 4.052955000 2.832011602 1.329770324 5.778775679 2.455981480 4.768177900 8.464846605
-21.519609067 -7.993420963 -12.621325130 0.444788497 0.754835691 0.481771531 -0.016806691 5.570291027 1.572433294 4.124050673 3.001760750 3.506713453 2.302413314 3.599115151 2.586609874 1.892527621 7.804121793 3.090953287 2.504780015 5.341249443 1.326788298 -1.802644217 3.198625439 10.222657777 0.585172491 5.437337345 2.250846970
-32.889110655 -6.940046734 -4.699147011 -0.579742709 0.005307695 0.739594829 0.341862118 0.732837865 12.244496846 0.393929321 0.951595484 5.247574852 -0.692266319 4.913680228 3.115119127 -0.241569863 1.766576453 2.933244748 2.303750364 5.058828768 3.020150802 3.530365046 5.046340670 5.877392395 -0.879409869 7.275184998 3.091851894
-20.154141725 -8.015199193 -13.995001536 -0.502860631 0.790974678 0.348315833 0.012896708 1.906920670 3.350474091 3.224034125 3.986391418 6.737343633 4.858985883 2.329300800 10.512021981 4.455204080 5.055362775 -1.265244396 6.007942937 13.235900135 3.848574954 -0.141767549 7.647316759 4.804345484 5.379618768 1.564116113 6.582084220
-25.850393586 -0.360329705 -13.162047606 -0.350744908 0.861826415 -0.164150651 0.327548170 4.868018665 2.494698869 7.397065708 -2.069993544 8.258276041 8.599140569 5.616738598 3.940017133 2.536365428 3.576504597 7.775145286 1.764315555 3.023852399 7.916208411 8.606440856 2.901728071 1.957571441 2.984985043 3.420095149 4.251988733
-22.677092923 2.082905393 -3.075630524 -0.482037775 -0.465834907 -0.438593567 0.598559191 8.101941497 11.212240014 6.343085569 -1.930498458 3.379083335 1.439003822 6.036820271 6.792785303 7.725820759 0.643217002 4.478784019 6.577974457 1.536549236 4.609096801 8.353990025 2.019247317 12.729288457 4.174286074 1.513610172 8.027664666
-28.242389821 -0.444069025 -12.034828514 0.610970401 -0.651874151 -0.418568373 -0.163020788 4.196120800 4.347977946 4.588841714 3.051360134 -0.153601555 9.198447802 2.304423453 4.755586724 1.313560844 2.446061401 8.042479375 4.287408775 2.167556815 1.003836526 5.484070064 2.141813780 6.168151831 4.400878159 7.648135834 5.650699929
-23.558559053 0.905857548 -5.375257084 0.724261599 0.514456002 0.350773195 -0.296206555 1.007291535 5.200629443 2.931334882 7.909241575 1.518353099 6.585525729 7.521089839 3.252920234 4.113663717 5.604313693 10.185875551 -4.211630764 1.445018520 3.478062954 2.609383355 2.883037735 9.615807824 2.693690437 10.768691171 4.040987726
-25.306363325 -7.327929210 -13.369585216 -0.122446769 0.484708634 -0.696426601 0.514834262 6.610074854 2.458815690 5.820274466 2.780476987 0.702171609 3.855549099 4.112749445 1.355954847 4.207045593 5.250849763 1.697304481 4.708196570 6.683525212 0.695672173 5.048369552 2.837140067 6.239020345 3.110579018 0.471426307 9.300741204
-34.686167003 -2.945599789 -4.817766315 -0.228922809 0.702214430 -0.654185589 -0.162881728 3.029975599 3.841054483 1.731784115 -1.260231535 4.978118639 4.677872186 4.706018307 4.086326064 5.031802323 3.924033660 -0.732647512 3.999087748 12.797363201 2.628388671 8.992810382 0.952392163 -0.269986572 6.662036011 6.761752255 8.506491615
-27.483975163 -10.206210571 -9.975351598 -0.866588665 -0.385136091 -0.244473643 0.202304018 3.911924378 4.187607901 7.226960870 2.556047857 6.146423617 5.792423196 5.670606263 3.387547094 6.767558167 2.951806225 11.083511490 -0.046371591 5.063956193 4.145997588 -1.168764822 1.391451294 0.759200639 12.620815855 1.151878056 2.358815580
-30.896684734 -3.698954963 -9.979865615 -0.438618646 0.124013678 0.640790531 -0.617755442 3.933763373 7.367157541 0.853090490 2.124086291 -0.496314708 1.173102805 4.287875693 4.572457370 5.019950706 5.698845481 5.222409629 1.573952702 5.299358993 4.455510435 1.373162745 2.945233459 5.402302918 1.317966418 1.177572913 3.237636365
-29.557326117 -0.469310415 -1.009845558 -0.787964262 -0.583475843 -0.171128493 0.096867440 5.920746877 10.818700499 9.221959287 1.488870207 4.592532733 9.930281598 8.512325929 6.071219295 6.405333789 1.288636043 5.142334445 4.237540033 1.652074050 2.324389404 4.231669477 4.848065685 2.130011915 1.915518994 7.026219685 1.078264767
-27.566486989 -11.533907566 -9.316098462 0.287576774 0.818548975 -0.070926034 -0.492185607 1.217112365 4.161175839 9.247605460 -1.323678860 4.780462255 3.232646615 6.638147617 4.706694254 7.354694054 0.476646363 8.806889153 6.925909353 11.270999267 2.282560274 5.222853620 4.171418007 7.033441472 6.372957542 7.100444174 6.447425562
-17.957680029 -5.156043755 -11.316631505 -0.163772222 -0.468610103 0.153636110 0.854388188 4.027792460 5.041203706 6.036698100 2.537898056 -2.456751889 4.403074939 5.175458591 1.866991354 7.144498239 9.584683413 3.414394362 3.336439127 4.664348183 1.765060366 2.632107819 4.942693569 -0.243937608 4.564772210 -0.688551045 2.399199788
-31.706008069 -2.098360638 -15.455889813 -0.596955161 -0.205821758 0.143927160 0.761949415 2.221339212 4.612127928 4.901135765 1.643252780 2.459587173 -2.617321622 5.644791919 0.199724965 0.066318891 6.317612614 1.709027092 3.709176599 1.862548172 4.599032656 5.443243486 4.811132553 3.352567774 7.850438332 5.712383333 4.010137659
-34.831349779 -7.128260919 -12.551414842 0.121016254 0.283261092 -0.117264382 -0.944122495 5.591759436 0.348747278 0.142726609 5.349900404 5.124561520 2.570713928 9.250616900 3.395451269 -3.352994649 2.845800911 4.767492064 8.389192495 3.435848749 0.543177807 2.741886480 5.837120141 4.218162057 4.338147362 8.710534009 6.826388619
-32.189929897 -4.477192126 -12.552314651 -0.301823570 0.664190150 -0.682509378 -0.043987786 0.602449426 3.905194519 1.025321525 3.450743858 1.702703648 5.827233362 2.777350710 3.454623097 5.096536534 2.626424102 3.518899540 6.844961516 3.674221629 6.606395345 4.014160908 7.129507251 3.613239596 3.631648652 4.697190080 4.435689628
-30.340768050 -1.374923643 -13.545152983 0.044984526 -0.853955981 -0.262507265 -0.447018467 2.259243788 6.471118267 -0.741180732 5.745667582 3.049525778 2.721733520 8.656536175 2.116850245 3.436365267 5.270947989 4.698683074 1.227695998 2.818488272 6.025274086 2.503849472 7.085664328 6.171118382 3.726203821 2.301570227 -2.414652575
-28.908197051 -2.610054907 -15.036329474 0.856496134 -0.202653716 -0.407068056 0.244215973 0.242849232 6.029768595 0.752947593 3.201329348 2.581834996 0.777758736 7.879170464 3.589821791 7.110013545 9.559560795 3.066054499 7.232186878 4.244468707 -1.260571811 1.469363927 0.305398706 2.064408964 -0.045174052 4.576457495 4.136785399
-20.768615553 -5.566756374 -5.488981591 -0.632797898 0.772159477 0.004665770 -0.057574244 2.919757130 -1.214068306 5.635181480 7.544850751 5.823824746 3.409608824 0.447594349 3.021170100 3.927897885 3.509874443 5.680029890 2.181321728 1.404684609 0.561292603 5.776965568 3.129162320 1.635835776 4.154410733 0.397388303 6.331525055
-19.674777017 -9.911415511 -9.289197776 -0.615842084 0.774453946 0.025513181 0.142508565 3.360166314 0.658220642 0.783139284 4.016012777 3.068965981 2.184918725 3.389376643 9.955948210 6.619704178 6.726156860 3.733353991 5.909481230 2.160560413 1.870385759 5.478569284 0.557755937 -2.620745069 4.403394451 4.303886015 4.171403261
-22.748779980 -6.026235825 -5.869388487 -0.938204217 0.137558577 -0.302511677 0.096629037 4.666983224 4.897376673 0.771133558 1.500130179 2.891302934 -3.004100218 1.778387012 9.701190320 3.113482120 2.199002888 3.021134773 3.175001924 7.952996440 -1.205915457 7.880011055 4.241488004 -1.515784788 1.372290197 -4.410557308 8.288641905
-21.489275426 -1.358517775 -14.147009721 0.264545846 0.856916868 -0.426123362 -0.118860666 -2.791514480 6.936436682 7.253846384 6.643972348 3.194862754 8.257389611 3.794863580 1.530265521 4.707425717 3.867211610 5.523190414 1.699769490 8.308046172 5.544813232 6.759000995 6.613917117 5.769977642 1.911380124 -2.932776544 0.853986584
-23.487621069 -7.775317938 -7.516927248 -0.152958369 0.601889475 0.670299906 -0.406239872 4.130138731 -0.023616636 0.489552580 4.531487301 5.636241096 3.644341768 7.097315263 4.501508258 0.641963912 5.891912785 0.282117820 1.221147986 -0.396029883 7.360031722 2.362629841 0.248571917 4.380046289 -2.621893531 3.818174514 6.746052086
-20.510694538 -4.697359574 -9.407620714 0.865730657 -0.093743693 -0.385884473 -0.304656728 5.196376246 4.673061772 -4.102724496 1.406382769 3.382372008 1.481059977 -0.376538270 5.227270066 6.988521713 1.769772490 5.119509540 4.395117540 6.217061018 5.452806967 3.458537307 3.902461867 1.043713265 6.031734496 6.921615740 4.676119506
-20.142178532 -1.938601303 -3.945014237 -0.169725844 0.770762910 0.610604842 -0.065417134 7.210257747 7.002587510 3.771346311 0.835843852 5.740262350 -2.132720048 5.589463728 4.179686247 5.214443489 0.322610181 5.554168602 6.039074846 4.288623708 -0.115045490 4.116365531 2.648959893 3.333078664 6.587384145 2.762304951 1.441621364
-30.564906567 1.110276664 -7.753550273 -0.952990270 -0.297970762 -0.042048529 -0.035424441 7.218746570 5.111048596 4.361646686 -2.391521973 7.969078733 4.955457583 7.180244279 4.223175200 4.300861909 3.008081531 7.103991041 10.651254390 7.905016852 3.900652705 3.518257786 6.977906564 7.199522021 4.119239532 2.317187030 2.610431189
-24.464666760 4.030015324 -10.288814547 0.326717408 0.211200931 -0.920025695 0.046932107 -0.457120630 5.073326629 0.981310975 4.077297371 5.450233534 0.840035219 8.086886560 -0.214601244 4.371649051 9.103529874 2.828764701 2.396911648 3.929898927 2.324221384 10.317814350 4.957135085 5.967402674 6.272065065 8.368368193 1.321857731
-33.616207130 0.809072425 -10.912879515 -0.666429645 -0.386129278 0.497877690 0.398614495 0.988451474 0.754968759 3.005773855 4.127268631 3.564034007 9.631209129 6.631944880 2.914455583 7.703538861 4.170710767 1.071555991 1.790099172 6.482609036 4.155468546 0.182812491 1.568608854 2.271501460 3.138603958 5.538333053 2.755111703
-29.953152233 4.116330389 -9.328091678 0.930085143 -0.048449427 -0.206554309 -0.299882641 8.281778615 -0.104108444 5.475514975 3.283134731 5.122129327 2.036361121 3.071861956 3.996220758 5.299719142 2.774792399 8.233732770 9.660938788 3.498815472 1.359269966 7.012564711 2.328678575 3.302403135 4.598886177 0.571727953 8.728946428
-21.588156899 -0.618358532 -10.089161929 -0.645987262 0.045370178 -0.244581489 -0.721679915 1.303185920 6.691845936 2.112456983 2.475297596 -0.744809544 -0.350263393 4.935699452 2.566140406 1.579876144 2.101873403 3.781844177 3.034120478 6.731519183 4.317577965 2.278275756 -1.290138624 9.068006381 -2.818923939 0.026424840 -1.606045011
-32.156485800 1.416799663 -2.528645946 0.766503090 0.410482709 -0.426909769 0.248445180 7.950330924 4.311023741 0.636030064 5.518379507 1.613724726 7.399485746 1.418761799 4.128212216 2.812396354 1.720815683 -0.875617030 6.894580884 3.295489219 4.271875758 0.779849675 -1.171473251 2.196103017 4.141013704 6.052789266 -2.043845776
-29.547921485 1.674619107 -10.765095680 0.190598722 -0.017828257 0.604030604 -0.773628664 5.142328733 5.744566599 6.258881285 4.044201091 4.824475393 8.527967692 4.873154863 0.651411898 7.521344979 2.739208392 -0.141994198 3.944191849 1.102444070 -3.506701303 0.090987954 6.931039389 3.129237328 5.020133690 2.169228107 7.184962824
-30.278974074 -2.924686452 -0.241577301 0.644818339 0.023192083 0.150975749 -0.748917726 3.947012157 1.509311536 -2.335079645 5.358473851 1.632704851 1.655690092 9.274869684 0.038675247 6.617787093 2.698599327 5.556781504 0.587582234 1.934131061 7.581775223 8.652636722 4.249162669 4.275644227 2.080387303 6.894709616 4.789866841
-33.745941536 1.218090929 -6.291311044 0.607103912 -0.736877427 0.297010261 -0.014879631 3.472334418 -1.033447758 5.248634083 5.026211864 4.309081505 0.682786623 3.897008491 4.276423191 8.319475546 5.231515965 9.814068941 7.223876808 2.974380676 8.822828586 3.298860260 4.373506783 5.746321475 1.881924940 4.469001043 3.335881096
-28.655528801 -3.678052861 -14.973507870 -0.265793084 -0.922042034 -0.237979650 -0.150193908 9.258497671 0.189242888 2.720701885 3.257045609 4.805315970 4.665069124 3.386158919 5.822071728 2.781618682 3.631043341 2.647681426 6.307624457 3.343098553 7.605327587 3.417586805 0.894396504 4.918195020 3.159945828 7.003761982 3.252700922
-33.240214749 1.394836155 -11.295511227 -0.742413670 -0.548453745 -0.125969950 0.363527170 6.196753141 2.553752045 8.965491098 8.763681706 8.655723064 3.597392451 6.982175780 10.438808834 3.606914122 3.564968136 7.288167140 3.638209586 0.339569889 -0.438898746 2.685404070 5.193991384 5.840835386 9.223666500 7.996370010 2.456030740
-24.193253063 -1.689763825 -7.942786991 -0.145259164 -0.571828939 -0.749475813 -0.300328895 1.785372022 4.642545285 3.857831692 1.440834970 3.415422578 8.025633657 -0.696533800 3.071489109 4.885523539 3.817871091 5.797767595 6.883462913 1.539326435 7.816356429 1.415710745 11.972900316 3.898108741 3.647743605 7.770163531 5.262733308
-25.957394350 -10.269721811 -14.441425566 -0.060700629 -0.456580297 -0.427065372 0.778116337 5.411056871 4.409189603 1.175942356 1.757634152 6.582294995 0.601339487 -0.630869636 1.264676262 -0.615776952 0.909840144 3.926115602 4.820993373 8.414942421 -0.395115545 5.014868887 1.762516493 4.074976683 6.799217427 4.802596257 5.362324595
-20.712973810 -4.110090703 -5.685378661 -0.003940902 0.804345444 -0.579894165 0.129366275 -0.846406031 6.920512876 3.735414760 -4.213073059 3.857180439 -0.501279932 -0.652751479 -0.229945083 3.753724530 0.499091662 0.371167158 9.219959780 11.404807472 5.530524808 0.399010983 7.368993497 2.305356042 1.213370723 3.014032263 1.338435395
-26.468200228 -5.805871608 0.927001213 0.472663187 -0.236351429 -0.628007744 0.571256323 5.722758565 1.907671980 2.423952329 7.125404605 3.451331876 3.839134052 5.951168117 8.866220066 6.006133711 4.702428751 10.264602016 2.439563910 7.719142195 5.925838292 3.688855918 6.661749257 4.290252468 4.961027826 3.798307156 8.534558921
-21.216526390 -8.893052869 -5.223437458 0.223771393 0.166446563 -0.690294242 0.667619477 6.299776599 5.371006169 6.721330306 4.909995711 4.994974453 6.693397160 1.693290321 1.429798617 2.877056244 0.514103156 7.651119841 2.812671445 6.294727858 6.502074150 -0.933521458 7.754894279 6.050809880 1.225124340 6.889421826 7.359772787
-26.431790322 -4.223618538 -17.936409234 0.358768264 -0.365608149 -0.040312126 0.857899147 1.714258687 3.015323672 -0.451192607 7.042818185 1.363067275 3.991723184 5.509622561 1.942952229 5.671705770 8.678205975 2.166970336 2.938683416 4.538672082 -1.750464993 4.935752712 2.863023238 5.764132637 10.901011509 6.036624417 3.204744763
-21.000038880 -8.186411417 -5.374294196 0.883840326 -0.161745162 0.437630184 0.033831972 4.314796364 3.872392350 4.296222298 3.460159087 4.272088762 -3.711482103 1.033883167 -0.159202014 3.830864197 2.730922633 2.287231907 6.956118433 5.125288583 4.353699535 2.002599800 -2.111821426 6.422656140 2.579844687 2.612139629 5.010483002
-31.333957154 -2.041322995 -12.515438345 -0.175374709 0.480862058 -0.783652643 0.351999898 4.491037106 1.490755989 2.811644089 3.386959443 4.652582943 -0.647278070 1.427690558 4.887109945 4.848228366 4.262023259 4.532675941 -0.790722339 -0.746798376 10.795336839 3.058573301 3.957159679 0.351977515 5.730777911 1.082817264 5.349094167
-22.214429349 -8.361722965 -9.540017015 0.107777376 -0.535944622 0.225791704 0.806328410 1.599126855 2.502879473 3.274571891 5.327396914 6.617181304 2.987117431 4.899398418 0.284490100 5.664002309 9.497954440 2.630035608 -0.225199372 8.735649769 5.707129865 -2.062699244 1.807275824 1.672211930 -0.199589604 2.091838449 8.298539285
-21.977639335 -3.769929271 -2.992929975 -0.402575955 -0.086581745 -0.206772609 -0.887514107 5.597587779 7.100037515 3.912809411 5.941907566 2.912270186 6.991872151 1.672618894 7.655905916 2.436420529 0.840313636 4.391650612 3.672212830 5.907626423 4.404477500 1.145603240 3.525840349 4.185228508 -2.175196712 6.192303723 4.726262870
-26.572650242 -10.577969552 -2.935605136 -0.543445000 0.555313290 -0.304835446 -0.550790371 3.217792672 6.217844842 -1.740020067 2.875467579 8.425418856 1.642911415 2.313631397 5.440207862 5.881335946 5.142769653 4.016207116 4.555959793 7.594766336 4.266532140 6.553240866 5.698339342 0.345000259 2.312904654 5.462932943 3.293090787
-19.894645281 -10.689184127 -9.625034562 0.138224502 0.886472891 -0.437695911 0.059009231 5.155345392 3.175410049 4.672160266 1.213839541 8.749574202 -0.945018001 2.642330466 6.103819273 4.815896610 3.061888414 6.972295293 0.211171843 1.740449125 0.949577671 3.505202730 5.604710412 -0.397972658 4.262857942 3.783155406 7.805929278
-26.665981769 4.583150613 -13.031753912 0.109440185 -0.970405721 0.201315507 -0.076207933 12.079446835 11.608785453 6.457432153 4.491871503 7.780350808 -0.347535100 0.935930440 3.689398449 0.487121488 10.090276722 4.239096079 2.964521739 5.534313642 0.230466368 3.313092787 4.821793894 7.057779086 8.369660128 1.780632582 2.708180475
-26.289121278 -2.508770918 -9.368001915 -0.690189170 0.108889179 0.612626390 -0.369419766 0.541135461 9.941173535 6.024502098 10.350397230 4.549560304 3.858378593 5.873021254 7.370408651 6.195807984 2.998398751 4.929065238 4.576396800 0.437663036 5.556960631 -2.396843402 0.729341181 2.514951692 1.583359634 6.749448161 1.893294261
-24.674248557 -11.557712695 -13.555642917 -0.093980552 -0.847262933 -0.464507069 -0.239888227 5.943595195 -0.693416117 4.230197864 5.032195133 15.372937128 4.167063419 3.353716561 0.423134194 5.229907214 1.531338891 6.028712621 5.566047600 2.393976991 -3.135056248 2.785881715 1.916701115 5.059649973 2.753287199 7.948732244 1.850329468
-24.563720657 1.906697771 -2.650494207 -0.085093499 -0.214403586 -0.639258337 0.733579564 3.987947847 4.575657012 5.920801948 1.406284552 3.659289800 4.088962113 4.857650676 2.866411700 3.296263195 2.421946973 4.322970424 0.537325132 2.349357371 3.188497296 0.561020327 1.600978013 0.673439789 5.859500361 -3.357534014 8.719826359
-20.898448854 -0.174676347 -12.447159969 -0.644370826 0.692838623 -0.299031894 0.123858014 3.328593102 1.784678402 13.852861880 2.326007717 4.768648026 1.393534037 3.981044874 0.951065530 5.343922554 8.417596029 2.312086486 2.856848295 0.208238636 9.171805391 5.244959093 8.530170268 6.639289333 0.604350155 4.551197885 4.881695636
-29.556588226 -3.051426126 0.676717403 -0.439780378 -0.774476701 0.221777515 -0.396980847 3.715254623 9.055253867 8.340114108 -1.474458680 7.350242868 5.202744007 6.968514427 2.438583277 6.234343580 0.109078692 5.564180083 2.669432344 3.674457843 4.547628141 9.218704248 5.286776598 2.664895330 7.039196993 0.795298927 4.456163637
-19.973321119 1.951615377 -11.118660732 -0.368915606 -0.366816811 0.244433028 0.818290411 6.220158798 2.354976586 -1.409560827 0.984418054 2.502649776 6.795691242 7.448430672 1.444958050 2.710144640 5.128429174 2.903619286 0.385790920 -0.529021369 3.529334950 7.097448789 4.169193356 1.998173690 0.891868691 5.999520173 5.977648115
-27.577286993 -0.529612000 -10.695872514 -0.321717161 -0.441377547 0.837665684 0.000361578 4.901590440 1.202533190 0.932644386 7.155182496 1.880039452 4.829724468 3.393978645 6.065914687 5.360904452 0.508857501 2.765838996 3.141571288 -0.792177701 2.861247390 6.535001157 6.577468063 4.318327065 3.255673568 2.911207357 4.754087185
-30.190850750 -10.299934560 -7.614078735 -0.842079446 -0.408529432 -0.349044613 -0.046623682 8.991140551 -0.224384202 6.907578162 0.711630078 5.088874090 6.750961080 7.723999208 6.855855411 2.373564427 6.273933181 4.233869213 -0.903157104 5.541057594 6.316616402 3.254314455 5.544784306 1.663939131 3.044542879 7.502937055 3.325561114
-26.962275082 -6.694536671 -3.879691601 0.594141943 -0.346844889 -0.723970745 -0.050599755 12.873450930 3.725842399 3.451094592 4.975415671 3.780374781 1.924602644 2.991239927 7.859610479 2.870162745 7.077322586 -1.191011495 2.405332462 0.510665825 3.844983382 4.082220026 3.866126273 3.312986458 2.402458273 -0.720975104 6.777745998
-28.240312112 -3.509496957 -12.908033013 0.461492915 -0.741950600 0.315967342 -0.369727245 0.630664870 -0.703552944 7.449961432 10.308010484 6.455697125 3.878480517 3.799098737 9.289022461 2.714490335 -2.716509444 6.119997021 0.460419517 2.769467605 4.106207175 2.586425695 4.312384946 5.125973060 2.555998082 6.395977415 3.069718317
-24.263836128 -0.950167160 -10.267927606 -0.235081900 -0.686341783 -0.671796025 -0.149537816 5.568409209 6.115337941 1.372879697 3.919715589 1.828681644 -3.904345525 5.989328286 2.676537907 4.325264585 3.277575299 7.356822663 3.425545478 6.826223572 0.330798225 3.202844992 1.125156444 0.457735604 6.625884273 3.440349163 0.319654821
-22.032265610 -2.072708320 -16.090562842 -0.425932181 -0.678278032 -0.270920390 -0.533968942 1.202795297 3.798381953 2.323394588 2.158014072 -0.078706547 5.563127153 5.306244297 8.323864097 0.052545601 4.876943859 3.383300152 4.316393080 3.905636539 8.619452543 5.176135832 3.457962415 -0.286522110 0.378084397 8.077605112 6.750154566
-31.848752319 -10.052633322 -3.010168426 0.931982326 -0.271717117 -0.083852923 -0.224827577 3.915549936 7.468405509 1.747067943 8.088320383 8.586393943 8.114588720 1.942044778 3.495142006 4.006135973 7.622759784 -1.598973749 5.124928885 4.587577631 -0.894485364 4.766788835 4.660067993 2.277785502 4.528655139 -0.972137376 5.418907442
-24.569649774 -1.033525868 -0.019635187 -0.017436016 -0.994853903 0.083489815 0.054691392 3.634671822 3.554684597 1.680393765 2.485192064 0.792840362 8.228033256 -1.948168974 3.290391015 -0.739522916 2.317974859 8.724735768 -2.370747099 3.832388349 9.145772270 4.703739784 6.024736610 -0.907418931 5.747588922 3.940938418 1.727602262
-28.037384340 -12.174251743 -10.805602979 -0.561711403 0.683015643 0.313677493 0.345798151 6.091275308 1.148763000 4.068987086 3.118596453 4.780106745 3.865747637 3.759994156 -0.785695032 0.250011364 6.323376073 0.865769736 4.130243405 6.568282071 1.929008878 5.234543980 5.509966948 4.676865082 3.711530769 5.812338156 4.680767574
-30.509515322 -0.946441393 -13.685259006 0.154697698 0.133448132 0.327988689 0.922325126 6.002520075 4.215198090 2.175687783 2.983259509 2.322078056 3.184395617 10.214383346 11.405972039 8.093468049 6.960373824 4.693254738 1.988023367 11.788887574 7.004547596 -0.113827526 6.693400854 0.931171252 8.983863407 5.571844272 6.315683342
-25.536473416 3.578771631 -8.829882531 -0.777680762 -0.524041422 0.304030939 -0.167804672 2.687471523 3.867205625 2.859082428 1.088679752 1.369191413 0.576534801 -1.797531656 -0.749092130 4.329917249 4.097546966 5.403618596 2.838538200 4.224313452 5.010782838 0.196880762 5.924443166 3.942906597 6.000903524 6.560554687 0.264870258
-35.355614666 -1.670885477 -10.125336689 0.484128709 0.059467354 0.518449965 -0.702347962 2.256917240 2.776642306 5.988330091 7.364391758 3.520320773 7.734590673 0.222652504 5.860716133 3.444377086 3.250974361 3.915685265 2.935737470 5.479318668 0.333336353 3.567624906 2.627420597 6.203735558 6.312292990 6.483031241 4.320438520
-27.735614755 -1.618216759 -16.573104466 -0.472737593 0.235536076 -0.255931231 0.809654945 3.617124950 4.030033086 4.390123742 4.469345513 3.810041750 2.244474633 6.845786817 5.158873166 7.924593719 4.087202752 -0.191074165 7.666364299 4.691129578 4.998094679 4.647399205 5.669333369 4.996939977 7.106297356 7.382885433 -0.378943038
-26.943133794 0.474782689 -0.814697770 0.582418532 0.010810776 0.312357313 -0.750403018 7.713838747 3.967584769 10.383671708 4.607313960 11.549376635 1.665520236 4.434112749 4.743505823 1.690618737 3.988873540 3.057165828 6.243797827 7.339178961 9.774361955 0.896741419 -0.783340820 6.147782239 4.156887996 6.871057410 10.502610573
-24.160798298 -11.320377017 -10.635457974 -0.156757033 -0.892053400 -0.031245059 -0.422719422 2.706135806 2.553073776 -0.653498179 3.430593694 4.224379469 2.005603890 9.527563757 6.788480032 5.848888584 2.953352536 5.610711260 5.627348665 4.317306669 2.374094768 4.040161730 4.468487178 5.956836389 0.359852889 -0.894562574 6.176318940
-24.856177422 -11.684678673 -6.931093123 0.922292336 0.098128971 0.215472790 -0.305481634 9.152821946 1.381695929 0.650603593 12.096136673 7.284227893 3.317189107 6.344675833 2.992925467 5.740469906 4.532842381 -1.376105553 -1.652506404 11.583486408 3.421171599 6.130122200 -0.349416151 9.233665221 3.813505636 7.198845743 -0.226629448
-22.994172283 -11.823841241 -6.147232023 0.429084858 0.625971470 -0.597377007 0.259203809 5.690637874 6.547616191 7.298351383 10.833708216 6.284352061 5.160571058 6.373490536 1.145213460 3.410294001 4.654511543 1.757562010 0.932492501 3.896953970 1.696072889 6.314786542 2.625841133 6.181290301 2.196243081 3.035778059 7.505609521
-24.263478754 -1.116512533 -6.350238175 0.591956784 0.276615403 -0.740687873 0.156373140 4.179138683 4.309551011 4.473150315 9.286945406 3.837612272 3.345760605 4.338761227 2.219231523 -0.128442438 3.833845295 4.921189516 0.205925258 3.199545147 1.757465352 6.906982222 1.944636771 4.933247905 6.329072064 0.422861650 8.302527536
-29.232518217 -8.323322137 -2.202492035 -0.313654986 0.272007418 -0.899886254 -0.133556146 7.752020610 5.024183457 -4.855961104 5.270077410 5.575882882 2.946358342 0.380205793 0.360790389 6.085814877 -2.463304068 4.298947225 -0.194135479 3.679958726 4.854952516 -1.859507874 6.257331759 5.798071199 3.217035817 10.333010134 7.098829651
-21.735698584 2.824597477 -7.731526803 0.723136290 -0.494520420 -0.369951700 -0.309288216 6.535838000 1.448863900 2.350553532 0.340248259 6.959385746 1.609578584 2.063773114 3.826165726 2.437679499 8.394332662 1.754871389 -1.437635287 0.458015465 1.160967670 4.348074473 1.382413520 3.786258683 5.362894632 0.099732227 10.518684247
-35.259359380 -6.110573888 -12.903937548 0.468763828 0.038321819 0.334796952 0.816518777 0.958076767 7.209227847 3.483309837 10.634337311 8.865604037 3.667060414 2.988507955 -0.254323274 2.678136903 6.243345661 6.977746242 0.129800651 2.140830009 5.828523230 1.502995397 4.071212349 1.424391418 6.545919918 9.835582879 3.697942619
-31.408212136 -0.765154812 -5.379582690 0.114691049 -0.646124738 0.076255134 0.750702298 5.346308981 5.627740328 2.712965266 1.563569863 2.573394948 -1.941131686 8.585396177 5.147325294 0.126367051 1.987214822 5.255909669 -0.164306007 8.439321774 5.701950456 5.436930216 4.387937175 7.266757307 6.240152741 9.353106647 2.430815875
-25.962037088 -7.165966935 -9.990035009 -0.652531288 0.143170102 0.153531198 0.728102610 3.938861706 4.481158831 3.914797034 5.078133699 4.254811337 4.429694085 0.911239341 5.210974516 3.994944480 2.671033797 7.924286061 1.851864825 9.099455083 5.175531008 3.316747618 5.237324177 4.567908918 9.276548192 3.603307039 2.044455645
-28.282781851 4.729826706 -12.343529602 -0.615151490 -0.345354683 -0.635938942 0.312890475 6.447021697 5.271939463 3.198962726 4.984819951 6.377976940 6.018413958 -1.714782937 5.561628965 4.876202332 1.059818950 4.073739941 7.888546683 6.008438990 4.287512981 6.545049480 4.901987711 6.333611198 2.186949094 7.683299374 0.923904651
-26.723533232 4.508806870 -3.273057878 -0.718710449 0.568411750 0.165109308 -0.364831863 -0.951361312 6.326611789 12.600583514 10.100434790 3.939790852 1.459258730 11.284030405 8.543694879 0.703420850 4.581888262 2.970988651 7.236035743 6.432577823 2.828211399 2.582569391 6.038762906 0.741551558 1.824538052 4.663900656 -0.026700289
-20.811604954 -1.051376676 -11.480885172 -0.087797433 -0.645976777 0.205303969 -0.729969790 7.135871720 2.853909238 4.463241189 1.764610133 2.061623370 7.297858461 7.145944686 5.294853798 3.675699913 1.771477188 5.897434611 2.046103125 2.159148404 5.580213519 3.368950375 1.908201762 1.031738230 8.613459067 3.915243346 1.589417115
-28.376981228 -5.308278594 0.821141194 -0.763862203 -0.425654011 -0.322743609 0.362173662 5.101062441 5.324277265 7.754280145 7.612763835 3.222087445 4.309676794 6.257344901 5.143961514 11.006150478 2.775882299 -0.985956359 7.015092578 1.436889603 0.730679565 6.840989539 1.602898024 -0.823123482 3.026345888 3.689878214 6.416351648
-29.509918066 -9.103252210 -0.951668178 -0.086436360 -0.117980609 0.945536519 -0.290809254 4.749200226 6.865705287 1.409196346 3.501075857 1.723528747 3.054653196 1.457500186 4.448749157 1.058094703 6.800149464 0.804089203 3.921383773 5.828727626 3.558716909 6.411788504 0.543055633 2.324526644 3.070240162 4.791127820 6.623507719
-33.753025498 -1.198923014 -4.169414294 -0.330306300 -0.837665060 -0.342179906 -0.268566394 3.759553838 4.542480508 3.756802312 0.564028611 4.755684044 -0.871751987 6.521018873 1.163785510 2.969248165 5.609472442 5.187160140 2.108518974 4.744569164 8.260034784 2.642847763 5.881983860 6.188439876 5.894277778 -0.931018050 3.797504477
-25.562023193 -4.296375436 -14.168565114 0.014296267 -0.896517908 0.442764017 -0.003359074 3.821326171 3.600348904 2.135324089 5.815670711 3.736094783 3.120440170 2.010870755 3.196067412 0.200155136 3.863584776 4.771649501 7.365317655 -3.057839585 3.224863566 6.191271869 6.452452225 2.662150137 1.272504686 7.201215759 1.695055606
-21.209888577 -8.070112777 -8.066866674 -0.700851105 -0.360919350 0.615195024 -0.008946175 -0.425844138 10.590317280 7.064830954 -5.812632327 2.567250047 8.565861017 4.309203477 10.810959798 1.038523621 4.913841153 6.705754915 7.688505451 5.131219741 0.863751123 1.931902317 6.165542646 6.065002001 2.460083083 -1.676500896 8.016311182
-21.946898014 -4.558394062 -15.535960012 -0.837763188 -0.475530440 -0.264674509 -0.044396461 3.918694580 2.231544770 8.760384397 2.090158075 3.868973050 1.112166635 5.434803379 3.552647669 0.074738612 8.483963208 0.956282300 5.323654044 0.270686011 -2.171031783 2.985921225 -1.874119687 6.309488568 5.851256177 4.299197975 3.409734379
-29.283100798 -8.082770011 -3.958301745 -0.267710916 -0.291365047 -0.910561902 0.119642374 6.565899809 -1.096768856 1.433200452 5.250095443 3.594988625 8.686540373 5.082716052 1.369234858 7.610507172 0.006412398 0.986481437 2.183100669 4.761585878 9.615428125 2.599332746 -1.816145733 5.778376926 8.255842347 1.497611785 -0.557693401
-31.199389556 -10.357438288 -14.316354937 -0.779785007 0.624272125 0.045209666 -0.013256827 -2.011679803 4.999485458 2.376446496 -1.588953075 4.742035605 10.757410628 8.470649493 4.744757923 2.859828276 7.646983437 0.263857301 2.298728325 -0.795896770 5.876196605 1.448647485 0.370858543 2.978552959 6.579525424 -0.006516877 3.859652666
-28.375020552 -5.082237163 -15.503823383 0.663689008 0.261281390 0.281894475 0.641704326 5.669693407 4.535886846 -0.179787423 1.441200330 1.337338162 4.089739493 9.332816761 0.604724715 10.306435150 4.995627966 -0.568532457 2.555359789 4.790813892 2.806666403 4.880671151 4.249545478 5.541888820 6.460090308 1.242817290 3.859307625
-29.410203053 -5.270581334 -3.739332769 0.229111416 0.618642656 0.634391822 0.402909716 3.593925127 8.611535487 4.272227019 15.009931602 3.394475336 4.995103830 7.404936538 0.045077174 3.469066172 -0.690956567 4.759985577 5.189345864 5.445176048 2.151597917 5.961111351 0.885273289 8.843506768 4.414203411 8.482786183 4.458808744
-25.567000398 -1.830531729 0.469932892 -0.384214883 0.276685424 -0.825258552 -0.307851299 5.689627657 10.989894916 6.947599805 12.079532956 5.858475780 0.956024001 3.041848764 5.762242767 11.729513189 2.792564000 3.634973374 7.623173692 7.030135552 5.158425116 5.022424511 0.602561833 0.675457761 3.489159036 4.144772999 1.698348574
-18.252443269 -1.918492218 -9.096730546 0.089336504 0.380720389 0.759763437 0.519452110 5.538662860 0.906483295 5.137156332 10.386379025 10.061791785 6.355016995 3.325053209 3.910356225 7.993231184 2.498590543 4.891037503 0.843194891 -0.395842104 8.066960724 1.135259265 0.624033986 3.524374486 3.467401089 5.041891790 -0.425469914
-27.033784441 3.896220331 -8.030894943 -0.361585418 0.344201216 0.442598200 0.744908277 2.705644967 7.844302660 6.581065036 7.873670232 5.596874816 5.894651020 5.221599744 4.596585769 1.633595205 3.894176854 2.931269032 5.827159145 -1.056250875 7.474209128 6.669661263 5.622548848 7.095757998 5.005600214 -3.018551804 9.841919123
-29.560977357 -6.983876917 -10.704124004 -0.234431205 -0.923034905 0.044954142 -0.301707969 -0.037143940 2.132670413 7.416741462 3.412032747 2.310026932 1.304141294 3.042565179 4.133749824 4.489329089 6.909099971 3.103874084 2.605253730 0.725151649 4.495922421 2.402798012 6.803869620 2.065172640 10.354984522 4.706060385 8.521328691
-21.959756818 -8.314324061 -10.856028703 -0.402393142 0.579349258 -0.693363220 0.147246875 2.589015288 6.679903049 3.367663096 7.274997498 1.163976759 5.599274670 1.029347637 5.070992393 8.315869061 4.974128026 11.872742631 2.856396665 6.929288919 4.698792728 8.540663849 2.983877493 2.927006957 8.675919551 3.784724417 8.452792538
-18.221405874 -6.216674136 -8.796224422 -0.440727904 0.314116145 0.830457233 -0.132025547 1.980107632 0.213870336 5.609720441 8.734840899 4.566155378 6.158997251 0.839599143 7.282686829 2.011736287 4.019226318 2.064204786 4.202651102 1.672083482 4.483265699 2.735533946 4.190560435 0.516943635 5.547553290 5.885085787 5.287824099
-29.977123978 -11.513591841 -3.754094704 0.571695637 0.642541977 -0.487799927 -0.149516343 6.199723919 6.237235326 2.946206883 3.163218787 3.800926375 5.775709875 6.074017896 7.246954103 6.780163313 1.455670280 1.192415380 5.311408620 3.218863644 4.680186483 3.953710767 -2.357644654 1.645396473 8.917630203 4.058273772 3.842268641
-21.607467380 -0.626478234 -3.573883607 -0.506042065 -0.343791898 -0.327690728 0.719963434 7.121471742 4.089105461 3.388615034 -0.436845721 6.606382897 -3.858330996 3.043749660 5.977029024 11.630640034 2.688312863 4.033192404 3.380751233 3.475807042 5.982150550 2.922734923 6.971211269 0.121846243 3.572020773 7.909616583 -0.149062638
-25.116778600 -7.984387894 -16.447669758 0.430589649 -0.341050633 -0.703190920 -0.451441635 4.500199155 6.173887178 2.851918768 6.385147967 -4.005145343 4.636748607 4.735927740 1.792900290 1.660263373 3.754875845 4.738030981 2.766316070 1.874517373 0.136034562 7.343278861 2.291076194 0.450547142 5.751687909 -0.650518929 5.558493953
-23.357334537 -11.069673427 -8.630181780 -0.448867637 -0.682842942 -0.049568423 -0.574270261 8.340223947 5.909220839 -0.922025549 6.095865830 6.042750321 1.626880915 6.623991571 3.113190514 4.679713261 -0.174912436 4.030650595 1.281657522 -2.402718535 7.467903195 3.411241405 2.797350535 -0.273584445 4.747950255 4.323273453 -0.602930204
-27.505714058 2.443433909 -15.123049890 -0.956624055 0.008059659 0.098846077 -0.273925013 1.936046489 0.325077272 5.652749756 -1.301994272 0.102860489 4.957177347 7.069898831 7.344135792 3.001253093 0.390638156 9.566785800 7.806346170 10.175922496 0.970306954 0.813033773 2.225769778 5.524973585 1.526278428 6.768681274 3.947644082
-27.145501904 -0.005293921 -15.650424952 -0.160037605 0.639074086 -0.748154676 0.078973778 3.964108862 -0.307396127 5.447766705 1.164313229 7.189616553 8.559101391 5.246000336 9.784073865 2.593325502 -1.744549291 -0.567924480 2.215040627 5.818415417 4.513323524 3.287402424 4.477617894 5.224189219 1.980140315 6.083666715 1.886747997
-19.880682543 -1.138790959 -14.339250268 0.330265991 0.459105055 -0.714336305 0.412153573 0.847850181 5.740918065 3.676307036 2.990323554 6.175752107 -1.364191963 1.414085927 9.918673464 4.449091094 1.002279751 -0.488695452 0.151976282 1.828276769 9.206768757 -2.544360685 3.831542984 6.925840300 1.501216889 4.114411408 6.004393785
-20.269965198 -6.793321566 -13.599578621 -0.146918967 0.328792997 -0.389154233 -0.847861407 8.597987015 2.530467586 5.596516816 -0.158371200 2.738254752 2.460675425 2.151357562 4.749268828 6.689394597 1.843328373 2.906037954 2.836968829 4.180183394 4.376144737 8.084467465 10.851292496 4.619605557 2.186739383 5.791056084 4.507753144
-28.424999973 -1.644830278 -6.439712435 0.012732479 0.661237243 0.745207853 -0.085255194 2.250942883 4.283318314 10.003982305 2.880736455 5.182093124 5.104505927 6.641248716 6.067808694 4.696094315 7.206307332 3.647772758 1.661622453 5.398162376 -0.314336772 -1.697069906 5.472826258 1.886839832 3.979363415 4.902696100 6.420550644
-32.980523237 -5.813164497 -6.125821523 0.942931296 0.129509534 0.297730593 -0.073921215 0.210811719 9.517906274 5.938250562 7.263199388 11.188786078 0.607965315 6.493224686 0.636106597 3.123972061 6.502353783 6.385673719 1.489987417 4.499301582 6.642733864 1.631416253 3.546670705 10.757496225 10.587463944 3.092588261 0.213930863
-33.381832731 2.294130005 -5.047703057 -0.015816254 -0.564141947 -0.416905842 0.712518932 2.563095196 6.242208391 1.695119593 6.444503722 1.247167425 2.764402631 5.676690091 6.508922954 4.741871430 5.832716528 7.375289324 1.770921627 5.117827609 3.044850010 9.629374194 2.093666368 6.860911806 2.551325847 3.917636359 5.221166972
-23.523105394 -4.657300144 -5.922893395 -0.077646318 0.038644074 -0.961687643 -0.260066455 2.819415135 2.460822198 5.347661718 0.914165471 3.754083899 1.965164270 2.015006321 11.842135411 3.213661048 7.358753597 5.534795654 4.397252794 5.080461168 6.992577634 3.372619938 0.279895412 1.141392251 1.154378908 6.834720477 3.981856673
-26.937585670 -10.641024494 -6.317745084 -0.160788651 -0.855527248 -0.136060984 -0.472977322 -0.073751571 6.154399638 6.949166422 1.494636986 5.525797695 2.601991275 4.019563949 3.560800316 4.963817149 7.677439928 8.560189607 0.506583653 1.162667991 1.215232411 9.838208915 7.905627756 2.307217460 4.738229974 10.021378805 8.300695793
-27.494423186 -7.584044138 -13.659449437 0.370228285 0.593138853 -0.706424287 -0.109918350 6.188510642 4.230843763 3.220835190 5.520376997 11.301757626 4.593954103 -0.498700483 5.191728166 2.973780427 1.915315011 3.577229349 2.173324817 0.948315830 3.831326508 5.920950147 2.330804863 4.836031960 5.640019206 0.573190967 2.318724232
-29.580230338 -2.321439041 -2.897348194 0.538949470 -0.440117519 -0.431649676 -0.574028393 5.954685690 1.577492621 2.001556935 1.868131495 4.271118766 2.344801764 6.663723370 2.336112905 6.375846816 2.635510343 2.088496376 4.222352749 5.972467224 4.048348299 6.785625022 3.268233950 5.449942054 2.055324723 -0.323555478 -1.036835731
-30.609603192 5.354436211 -9.217538338 0.450213438 -0.138609223 -0.764253083 -0.440468578 5.301688859 3.230283249 4.964651794 1.377644981 3.579802870 5.802181130 -0.296564314 2.809757862 5.769927661 6.426208030 1.476383259 4.162062528 0.818348668 3.331157215 4.844780621 5.525855062 4.081236036 -0.446092216 5.655013786 3.613098379
-23.854844809 2.446030458 -12.344667851 0.756445912 0.458155166 -0.447819243 0.131686567 0.982024749 3.271449680 4.267181176 3.236619399 9.129826273 1.829994298 0.401165115 9.855206332 0.581092838 3.198240132 4.797528781 6.310802266 0.403616795 4.426513616 3.341229362 7.355382506 1.638220437 5.674316982 4.854321513 3.882183354
-21.370878703 4.099963648 -10.798588211 -0.060766737 -0.386652403 0.916845592 0.078749503 4.404409980 -3.098453832 5.990458682 3.545547230 3.335689577 4.883941718 1.912045062 -0.523655192 8.524341418 11.519774204 -0.692073129 8.473258075 -1.306266094 -0.942641239 -1.498121556 3.807807042 8.841821936 1.299865315 6.737671681 2.534140401
-24.828831785 -4.520486627 -13.955326636 -0.769151512 0.224152100 -0.580078350 -0.147210375 7.815756573 5.279182096 3.996322840 4.947520282 7.272814152 6.071310417 9.964852937 4.788085809 1.811864247 -2.267085584 3.398731930 7.622252296 7.766036712 7.842356768 4.831985749 6.003119608 6.240465735 3.609063054 -1.469369766 5.675857439
-30.793080939 -2.532428808 -14.708553267 -0.481437546 -0.252130663 0.838992565 -0.027193638 2.783729751 11.687936966 2.684839044 2.036195055 1.903656605 3.533041500 7.686038998 4.532840549 6.418956104 5.397137006 2.000665931 6.043090348 5.001941071 6.795366337 1.544767554 2.628082221 5.849124532 5.400994110 -4.469287637 4.445121464
-28.881550065 -11.425933208 -7.235003918 0.207468527 -0.250159472 0.707748212 0.627271486 1.088120970 0.901101675 4.257157354 2.417009655 2.539415602 4.283331444 8.154700790 9.339731552 11.351863211 4.680291453 5.289117657 2.623885078 3.356662341 6.570845446 -1.186157009 5.560549178 7.399339724 4.602494731 5.103781947 5.712900612
-23.110449436 1.370885416 -13.097735337 0.945837726 -0.222546563 -0.158253011 0.175556279 1.404462781 4.229282145 6.558944699 8.886296864 8.479441730 5.257596727 1.921289960 1.198564390 1.507961012 0.457696214 3.658651421 4.169527689 7.154600657 5.133630435 1.919876647 3.952518667 3.680498441 3.982875694 5.649192611 5.547212502
-26.561225772 -6.015809665 -15.920323115 0.515521810 -0.441331186 0.416303874 0.605107538 6.115738217 6.275833093 2.522362775 0.465067508 5.304197959 6.340569755 2.303003761 2.212287593 -0.451622472 5.424044946 0.842712191 4.180215369 8.474414487 1.808152050 7.620264688 7.695910857 2.166329596 -1.206418419 8.203181044 2.047794946
-28.559408460 -12.208790290 -9.690864303 -0.742935332 0.013474458 -0.520817966 -0.420254896 3.053581242 1.513562708 5.090704083 -1.194694004 5.579354179 4.340965226 -4.319229368 4.648793293 3.594524705 3.469399915 2.511503451 3.422692880 5.563628380 6.560356031 9.849168341 2.819639784 7.754280834 2.263950326 5.012982232 11.051089160
-34.845292318 -2.306490036 -8.607105648 0.056906900 -0.801571055 0.555972332 -0.212462265 7.358380614 0.793975405 0.736321586 -0.636635917 5.841251516 0.858035499 3.312709905 6.976722028 0.783023827 5.650676485 5.690813840 5.101184338 0.059865769 0.523458988 5.345844607 2.279619822 8.574990390 4.176243622 7.997652091 1.390541117
-26.811298664 -0.581901983 -1.762895324 -0.153494648 -0.987896102 -0.022349110 -0.001096457 8.297167886 5.903739966 4.479122803 1.713888586 -0.636216192 2.980445764 3.433307876 -1.691899280 -1.506944172 2.153410429 5.932021175 2.126932789 4.534579063 6.877165659 5.564430906 2.321012306 2.975712492 8.492007785 3.488582810 5.738370889
-30.354394490 -0.937133366 -1.698129549 0.023033783 0.176847485 0.606490280 -0.774831563 5.352905066 8.301630889 5.123795409 5.627967936 3.835069430 2.362394542 8.514730076 6.323308930 4.690837816 2.401615783 2.041958080 4.767851192 5.982620662 4.418642062 0.934031408 -1.398739138 3.296796650 5.330219215 5.575206906 5.569124028
-24.049202265 -1.830486988 -1.333555206 0.182910152 -0.905310871 0.366326326 0.112965158 0.685242141 4.098021846 5.600548159 5.144696739 2.586439930 7.133598462 5.850680776 6.184465618 6.069766861 1.390939031 -0.269127316 4.588534406 0.162259200 3.005086020 1.855700253 6.897972797 2.096746137 -2.904503928 5.615429484 0.961501508
-31.555470061 -9.256096967 -6.646326895 0.900464384 -0.116656550 0.102142940 0.406352017 4.809475944 9.258630812 5.650454613 3.332355328 4.988335929 5.276156265 4.816648158 3.036737923 9.106260710 5.183126729 7.175742619 3.062632355 8.118409971 1.345538019 2.243677028 -2.277190599 8.559052284 3.346206024 3.098522708 4.849481021
-29.338044151 -5.699403340 -9.636685505 -0.299233148 0.323454535 0.236540360 -0.865959205 5.689116016 2.247882868 3.182396476 6.728736122 6.548601393 7.250396383 6.571585528 2.169384155 4.524487615 5.745764370 10.051277381 2.214856524 3.457838774 2.299128992 -0.975376317 3.566077298 8.023715767 -1.624108159 4.532731425 4.223368793
-23.272018434 -7.937739599 -9.408911591 -0.609138261 -0.230538033 0.268377561 0.709771990 -1.064884194 0.729873259 3.281303307 5.702950553 1.026611384 3.765840545 4.805936667 1.055105623 4.950296691 5.701874459 2.607170466 6.054263268 7.045034367 3.117628393 -0.468203334 4.712524576 2.551986333 -1.945178027 5.377494180 10.141853800
-24.239324473 -4.672822517 -6.209483832 -0.272010372 0.777252071 -0.464997107 -0.325065019 1.796243000 4.311807676 4.461164701 6.141549528 7.920103358 7.714842074 8.858154920 3.385664234 2.790737753 5.788354914 0.396398137 3.247121029 7.258110773 7.841425542 6.026611550 8.458056955 5.648635122 3.672837322 4.003014284 6.250679145
-20.182859969 -5.325817416 -12.246917263 -0.239520943 0.485548256 -0.415329689 -0.731008795 2.334890431 6.591858070 7.956984345 5.324084824 3.819644948 6.266535950 5.229797635 -0.129828706 2.140787540 -3.467556941 3.259282756 7.057360976 1.833541966 5.937459804 3.780769516 2.894206225 5.687212799 3.554774853 6.604523253 5.480186233
-35.129687550 -4.788500059 -4.154304884 0.184059492 -0.558742105 -0.383349497 -0.712020032 7.849794648 6.567479102 6.407965505 6.208839407 4.062901189 4.308980605 3.251184282 2.682361793 -0.792312072 7.626518665 3.229908643 4.039573689 9.348772491 2.973394402 2.888460190 1.020425571 0.759970534 -2.861546879 3.816013137 3.828198395
-27.705612532 -2.875206325 -2.244952232 0.341344394 -0.129046880 -0.835325404 -0.411171954 5.369505214 -2.833530624 5.718971326 2.677972904 1.601025881 0.302720459 5.405002123 3.956546337 6.264107380 4.764310763 4.237251208 2.146677530 3.117681161 1.758671990 4.729476400 7.955896583 3.370776835 0.504235958 3.719453038 4.611259083
-24.379891132 3.230178965 -15.111235303 0.465344318 -0.382836733 0.712849960 0.358797487 11.241897895 0.296237503 -0.228137799 1.731201516 2.138372063 4.036734522 6.048070966 2.690142680 -0.818002597 4.964935516 5.242761971 3.171028486 -3.152196110 0.757897695 6.778469608 -0.450058676 2.345178815 -1.792122640 0.076683963 7.742303916
-23.498487158 -3.375300112 -16.671778687 0.416545470 0.193664156 -0.432061529 -0.776084339 2.424821299 6.289192589 5.417454802 -2.198317895 -0.459528819 5.165594815 3.187849324 6.561539605 0.543821146 -0.695805636 4.846782865 5.423222226 3.953650697 8.920508284 5.192068871 1.176870827 -0.824028563 5.178204988 1.680551199 3.086056458
-25.762739661 3.386845738 -6.749358615 -0.113481660 -0.508598630 -0.391353286 0.758480027 6.178364742 0.717233098 1.882893562 6.212898618 6.060257330 7.047375344 8.405299175 7.180760808 9.821228262 3.458064637 4.064208257 1.292640315 3.602922433 6.964651757 9.892159136 2.769427212 4.037239629 5.375808519 2.633903433 2.362986791
-28.776493152 -4.542410639 1.134874237 0.428654533 0.791909819 -0.401417408 -0.167326609 5.900867513 0.219270209 6.469947958 4.453640050 3.795397969 3.898816370 3.057191919 6.365258952 -1.009180009 4.471123020 3.472273425 1.019167605 4.051667250 7.681936451 7.704875188 2.867659624 5.338021044 -2.785010718 5.221883864 3.920419771
-24.830654885 -8.372488439 -2.906273664 -0.730310147 -0.336228828 -0.241975458 0.543180579 6.207286063 4.856181013 -0.003274607 3.826526656 2.321185876 -1.042411936 4.685332112 8.932092749 5.006439171 5.904545803 5.900358109 10.587575324 4.898570682 9.300588980 1.226092154 7.029274993 4.049445780 3.760280905 2.182964743 5.320317558
-23.771380268 -8.624833738 -14.062731306 -0.804243240 0.110392627 -0.529722175 0.245765532 4.491211378 -2.507997846 4.005318782 9.739524533 1.372474546 -1.593631591 4.541591804 4.271599598 3.949821227 1.958760940 4.595130608 5.811503841 3.532986471 -2.222834616 1.477539748 6.224940042 5.644655798 5.878674027 1.126542829 5.885626081
-31.017973683 4.619555532 -10.751328447 -0.071281952 0.707030011 -0.277238013 -0.646657971 6.158033713 1.812501820 4.733010817 3.888993295 4.991193305 0.907667915 -3.561986106 6.773580639 9.564069570 6.198869659 1.222502494 3.812342328 5.636588978 1.002350713 5.951376562 4.529863708 2.499501763 7.072586135 5.857644860 7.360644885
-31.379601197 4.205224959 -5.586557577 -0.254124149 -0.537281347 0.074359995 -0.800762301 9.229649304 3.138464662 4.243445198 3.828123100 -0.289152207 5.775855225 8.672898296 0.702492719 3.398795111 2.794513384 5.412195665 7.095876087 7.663513858 3.123430616 5.466782931 3.945884355 -0.226899306 2.454987607 1.875153739 12.980928197
-22.306070326 -6.128951374 -14.269447663 0.141713251 0.821929449 -0.228415615 0.502170929 6.552513895 7.446043763 -2.685873420 0.813345986 8.466523302 5.447706645 3.433086307 1.893033742 8.322595933 1.384848597 2.196835953 4.193754646 -0.656803635 -2.508549671 2.222452682 6.819746750 5.719449475 7.335162905 6.144881402 1.366982084
-18.098056560 0.642039828 -10.142125073 -0.271598117 0.518660348 0.105144150 -0.803847382 6.844699605 1.451227755 0.912325719 4.848069155 3.607125091 3.947151758 6.380830848 12.449664665 2.755711366 -0.430879994 1.596623375 6.711653192 5.945375880 1.575207701 5.792479736 4.021572768 4.934902406 6.387586353 7.718026237 7.597442289
-27.954401667 -2.233722578 0.729127848 -0.416617879 -0.166790943 0.753866628 -0.479891062 1.560411815 -1.750986995 3.728882495 6.321147163 0.909919019 1.167886871 4.406389908 6.013590403 0.978269271 -0.117102394 4.169376466 4.234703165 5.068106220 -2.453301505 2.901979661 1.999190163 -1.567932670 4.915610331 3.769083825 8.006904656
-28.416898007 -1.664159597 -5.868472858 0.852295055 0.177753932 0.450121634 0.198462070 3.231877604 4.417591277 2.743019124 -3.549631554 -0.027971284 4.593213845 0.504544935 2.827290551 6.933095928 0.221005981 5.344108873 3.970704415 0.635402124 5.589136745 9.265651952 7.504539129 6.210678459 6.630361095 -0.809665393 2.646565477
-23.592969724 -10.506912297 -13.372684084 0.634754503 0.381896109 0.013060484 -0.671618572 2.925847171 3.825908991 4.094075148 6.104666798 4.848773761 1.495093670 -1.921949500 6.138276619 5.788790646 9.270074017 5.035807869 1.083067749 3.483082726 5.550505474 3.102119225 4.697290644 6.253937259 10.561593204 9.345091799 2.266870410
-32.823125599 -0.938728714 -12.338158314 -0.292391649 0.718966845 0.551739420 0.305249752 6.472588156 -2.392001545 3.509766922 5.369418406 5.338459129 5.707076990 4.229591492 1.457588788 4.295082298 2.055088647 4.995924395 2.976581466 3.284693088 3.382177956 0.654101947 5.056425046 3.630932014 3.008647124 4.848169550 5.170638675
-29.069894065 -9.339029995 -11.628764853 0.470488733 0.140427293 -0.593408912 0.637798079 4.405929551 3.723450308 -1.672128901 6.367302448 6.089100431 -1.075953429 3.548038811 5.346979092 1.072031005 -1.026545165 5.609550237 7.117925289 -0.894245515 3.922036151 4.492618921 3.421561737 0.794905389 6.256631439 8.120143411 9.783128388
-28.400330743 -3.921403630 -4.874066043 0.957466853 0.042504089 0.041925597 -0.282299261 6.381710708 2.150977438 0.528520015 2.810708822 3.981399784 0.838257931 3.575183877 -0.598770821 10.280644379 1.611622815 8.510241668 3.015554207 0.094300754 -0.445693356 2.442350024 8.545067888 6.451682269 2.584527314 -0.189110253 3.647425448
-25.783714214 -10.987206294 -10.688897771 -0.893840569 0.237910368 -0.000525540 -0.380062386 5.508323347 4.627352495 5.673252344 6.301683304 4.935427837 6.157315168 2.457758558 4.865980207 7.914612471 5.295162414 2.976304815 4.845559735 3.143474232 2.270847856 4.667054378 4.722454185 4.228418255 4.832964946 0.955889027 9.194676511
-28.246456162 4.715708943 -13.491238556 -0.053008456 -0.238385701 0.967738365 0.062006599 10.109428469 0.059491456 6.011418517 -0.525893555 -0.026412210 3.929012377 1.928100804 6.241110768 6.679159838 3.555566791 6.613221239 4.033611090 -0.734256696 1.954673669 4.500883252 0.491999644 2.454195786 8.838613540 5.608646496 6.590917819
-21.197301736 3.479963269 -9.743917357 -0.343883133 -0.670581078 0.528952187 -0.390224285 2.995956663 5.440230822 3.167152471 9.485755192 6.234207850 10.223906070 5.473791999 3.539072010 1.110835797 0.906852030 6.506605899 14.081741279 -1.342014333 3.858904683 4.288101495 8.261200132 7.543940793 -1.296678469 5.446675745 2.344234551
