-11.452809462 21.744888825 -16.357217793 0.027605294 -0.462930589 0.868814186 -0.173479474 0.086729036 3.149489198 8.305132817 7.516764979 4.495164169 2.037102267 4.824897927 0.442112864 6.888480221 2.508748283 4.161182314 4.983538996 9.490107524 1.892153971 5.353110953 5.602949847 2.296037428 8.488656501 0.918455246 2.037181120
-7.432045385 24.130241383 -18.707484047 -0.030869610 -0.186301748 0.175130848 0.966264928 7.684220689 6.538728299 6.809520912 0.857757752 1.553738811 1.825193031 4.350811943 3.764513866 3.093889636 -0.406362405 6.453975545 0.339832419 3.216050319 3.562050318 2.370267468 4.444194868 10.663336511 3.224710991 4.107229965 -0.062725389
-14.921380014 29.255341547 -17.041406031 0.426926616 0.141389933 0.479012062 0.753850115 -3.858027598 3.819099662 1.843173061 6.893914320 4.475778864 1.852689556 1.085062631 -2.891524022 4.924914824 6.526510195 6.883024348 5.744146958 6.627272385 3.119368566 2.717184824 4.539781628 7.711378601 2.911727918 12.042246451 8.101149177
-9.143435703 21.621105560 -13.493171243 0.004039611 -0.736374982 0.270761187 0.620019312 4.880619583 1.301799370 1.728532564 1.307576221 1.819247436 6.321356515 3.805146261 4.861885400 6.367343705 0.672280854 3.937576511 3.043539105 5.052383728 2.697350324 6.433375825 2.581354577 5.011728510 0.658850183 6.508770266 0.455671088
-7.588331813 29.033329243 -21.034638769 -0.221563250 -0.794792011 -0.521500223 -0.217377330 8.993773315 0.877093331 3.571535595 6.226802456 2.770238693 -2.430683978 2.517764719 1.023686403 1.305340921 3.341583672 6.417163028 2.805071107 -0.402326330 -2.070391941 -1.250822250 9.952750638 -0.446202591 0.892995269 2.332620094 9.383195362
-9.452431885 30.126141073 -22.080865618 -0.504773717 0.372337654 -0.400685246 -0.667846914 1.590453326 1.739084379 -1.804614969 0.685661365 4.293051349 7.262541095 9.108404574 0.034235601 1.171706665 5.721797528 7.330559179 1.024040926 0.902390576 0.681370835 5.491854016 1.113847855 5.777060484 -0.908031349 0.832337721 6.228660318
-7.534248299 22.654283837 -16.067655792 0.800883915 -0.104755440 0.507486672 -0.300114196 9.156999512 2.319804285 4.269472238 1.963139762 6.250841973 6.092088320 2.640618715 6.457952356 1.535614521 7.143393986 2.757377873 4.369270663 1.072712393 1.723705237 -0.467020503 5.649759919 7.128004566 7.153170901 5.646901392 4.997111687
-10.619838432 26.662913176 -4.123265205 -0.707605562 -0.640539087 0.192015771 0.228328689 4.209915117 7.150193979 1.374942685 3.885601791 4.398524900 6.324685444 4.985392502 2.542946202 -0.349963734 6.895861994 5.769298273 6.595651587 3.364059376 3.215214176 7.058252228 8.848247373 1.671114300 1.022634713 3.093637186 6.107176484
-3.299548840 28.286774831 -13.944373709 0.807574027 -0.322586214 -0.466931931 -0.160427235 7.360489147 2.990747048 0.473383914 0.528145403 4.045669154 6.355670224 10.075826517 3.878745733 -0.533628890 -2.290745755 2.293347641 10.691093002 -2.201694873 2.019303940 6.515553021 3.105151080 6.798996109 2.553740871 2.956353076 6.517694073
-4.953298262 31.098656672 -9.269484552 -0.443283718 0.520249033 0.293558545 -0.668329162 7.260893589 3.483238394 7.885855586 4.258811233 6.812287825 6.981783223 8.227184698 5.356781987 1.938369442 7.603747890 -3.117831655 3.552624970 7.791880661 9.791469037 3.800565146 3.058437524 1.881475325 1.523596619 10.279693753 0.301432823
-6.569034771 27.341341169 -14.254348523 -0.783514822 -0.165647102 -0.429124520 0.417753167 1.687124327 9.470122713 4.807022731 2.317357239 7.644525638 6.878209120 8.594379526 0.886927059 0.399750432 0.805050127 4.923868684 3.998050746 5.642616533 1.585095553 5.126618734 0.051276751 8.177003197 8.197143161 1.494488266 3.680884116
-10.592113223 30.427064512 -5.289324079 -0.747834541 0.508976259 0.042905378 -0.424082298 1.095764994 0.370039120 9.457525021 3.660543699 0.692648421 4.635728775 2.976020484 -2.849335832 1.541046223 5.608748930 7.109523939 1.903829988 0.381700282 3.621962525 4.781966029 11.620036535 -1.845542982 8.394156200 -0.664242278 3.599708271
-5.034726663 25.496576935 -21.745900536 0.106934736 0.095301631 -0.914965153 0.377254994 6.117843610 2.399783701 1.833040057 4.826387646 2.126223337 2.082532013 4.828177703 1.653485936 3.877797782 0.221058008 1.706065011 -1.477517462 4.649336496 0.760907363 7.159172256 9.242363553 6.771811256 4.066847783 1.063500860 6.774646630
-8.425318958 24.185968794 -10.513115683 0.157496407 0.051138085 0.924377512 -0.343665525 5.038555525 6.673372705 9.236840367 -1.070933267 5.894372916 7.664074802 3.137463616 3.974054894 5.187317690 0.029961214 8.161619675 6.704238602 6.284172644 2.585519394 1.280598049 2.578617898 7.563154491 5.400750370 2.423609545 -0.787257723
-5.906493747 23.803587805 -18.245268252 -0.137782094 -0.656231684 0.622081174 -0.404216631 3.529761415 2.772335243 3.043076102 10.838336812 4.985820799 2.496066421 7.050506415 0.024427520 6.693865306 -0.489514770 3.097975527 4.932932096 0.961174231 7.964055888 1.780452735 8.839449649 5.051209604 6.235389521 -0.488552907 4.445410208
-1.611583477 33.527942025 -14.244924747 0.114403009 -0.286564673 0.570569095 0.761080513 7.005699806 3.066151472 3.142616484 1.936750488 5.546472224 1.418697431 8.399367641 5.032008312 3.953771359 4.932015833 3.358936287 4.641963564 5.910043760 10.058415156 1.321353218 3.583039079 -1.934498955 9.936308073 -1.025533536 2.254497877
-10.783479146 34.827365021 -11.408845038 -0.507945983 0.377425010 -0.003748110 -0.774291413 -3.580865183 5.793600962 2.280895712 9.908905293 4.657122833 7.392632142 -1.949197423 1.732734249 4.566892933 4.882191679 0.431564440 5.933237472 7.489697012 2.475694080 3.715127529 4.041136627 1.070181472 2.617508352 6.154191405 8.311525849
-5.583031427 27.658037318 -9.250076184 -0.799095313 0.222072484 -0.384643279 -0.405191363 3.487763438 6.082468394 2.130203956 5.119206373 3.089047324 4.186616437 4.614280583 6.119106666 5.786204848 2.825991065 1.632332725 3.126553659 2.871174762 -1.061995977 2.034139064 -0.576656338 2.610316105 4.639818554 0.545460662 3.213667960
-1.469477753 26.311224177 -6.080711783 0.599803817 -0.633429931 0.442725055 -0.207355801 3.449889251 3.619162597 -1.286699328 4.059654916 0.039323756 9.466694038 5.693129171 4.724677915 4.780202399 2.225909745 3.751890201 2.632900982 6.276491723 3.729465555 1.074552922 4.741442627 -0.236409705 3.987940486 3.258669251 5.894786761
-9.813188796 20.024514134 -19.559148794 0.365502774 -0.007759793 0.360385351 -0.858178249 4.811794377 4.341676619 -0.440248374 7.117900211 4.681300735 6.614436744 8.543646397 4.715322929 3.191932291 8.154576053 6.665164400 6.044588989 3.596598120 -0.407380802 8.838145277 -3.142591460 3.547787724 9.124265610 5.161711305 8.158218129
-9.178326748 25.060382026 -4.600806502 -0.935879355 -0.265768713 0.149240024 0.176703816 2.701533593 5.323977113 3.623101367 2.972294398 2.905545117 7.028175416 0.726015506 1.005507717 6.961257211 6.299700799 1.613076938 7.002067015 8.504229126 6.725706124 5.550268460 8.006775329 2.261912319 2.165684805 -0.245981099 3.532665831
-16.006576817 24.013701947 -14.228969338 -0.596807436 0.646039002 -0.448360325 -0.159460060 2.277452147 7.372853176 2.599626264 3.559053290 2.082366390 3.584052521 4.911435701 4.791408008 5.506234223 1.064850944 5.014668800 4.295685458 -0.588042122 3.731453691 2.296267867 3.108647260 1.573802180 6.790740581 5.527335657 4.418135793
-1.890017239 28.698435875 -9.430926584 0.106051373 -0.919663569 -0.351080645 -0.140408001 4.168119361 6.840571430 7.912378075 1.756680730 6.258713196 4.884840284 4.029616105 2.546425104 1.714524332 11.553381637 8.580495032 5.870382219 4.029151171 0.506740483 -4.510737479 7.864423854 5.452320934 9.681108617 3.471459608 6.993198319
-10.257328859 35.621972640 -14.620580307 0.157170639 0.216631115 -0.742100585 0.614536469 6.449778406 5.444332894 3.622897179 -0.154948681 1.690185379 4.962133302 5.425952089 1.095633819 -1.103665042 7.275570104 8.079235991 2.441651988 7.146972427 5.921786827 3.074359986 6.496401239 5.033877195 0.919676369 8.248273644 10.210532488
-7.751317403 20.051096204 -15.152890371 -0.233386403 0.364285880 0.900144433 0.050661462 -0.709327469 1.528424553 5.732698831 -0.663373330 4.865176564 3.522324332 2.789731940 3.010522983 3.664242172 5.579594389 0.851567781 3.191653863 2.213753446 0.414586387 2.570343512 6.643531252 -1.708570539 8.601723628 4.832951098 0.685138289
-6.350348294 22.291568986 -7.507162684 0.423446986 0.506222448 -0.751038811 -0.019292144 5.146048132 8.338998896 4.003037188 2.478813071 6.157117840 0.843753246 4.925128719 3.213436967 4.489637807 3.691936910 0.847352121 4.618047506 3.918809034 2.755782695 0.846628441 2.254077083 9.333894571 0.094077841 5.255635963 9.353886464
-16.498006049 30.792284245 -12.903759078 -0.212270185 0.819957320 -0.080874362 -0.525424305 1.241457794 4.050491801 -0.053295647 5.711789155 5.601967260 -0.257811543 2.558849020 10.176316815 5.619728410 3.161525372 9.248736554 1.696282939 5.385835375 1.646412354 2.314562848 1.517887127 7.783576615 5.433706852 2.168026530 2.188876534
-5.308854403 17.089616790 -16.102365399 0.522989247 -0.161894090 -0.279705566 -0.788693443 0.170429300 2.207662898 8.743696731 6.346244922 4.770913757 0.169391393 2.964333693 3.478457574 -0.321736710 4.494032487 5.732525382 0.733425056 3.015610530 6.183480300 6.872989585 5.258568282 0.040506364 2.024268473 0.981859818 3.178381823
-8.873866265 24.035643075 -6.104512193 -0.604525920 0.616580044 0.157644995 -0.479088214 0.030415323 5.162525964 2.663845564 -1.394639924 6.907528247 -2.428244728 3.282451871 2.601072670 5.400033411 2.459532738 6.335091539 3.058258381 4.964131676 4.310249524 1.908843711 4.435670392 -0.743515661 -0.505441875 3.786885619 8.786023833
-11.092970134 29.041253316 -17.329622205 0.727153348 0.296306497 0.593188266 0.177702421 7.072565392 1.189498875 4.237170727 4.087253815 5.902883578 2.469458064 0.806195326 4.878073333 -0.879187636 9.485011239 2.253078420 4.741299543 3.381391870 4.070878883 4.794166211 8.203984853 1.170985602 7.486313035 6.044083879 2.939349639
-8.674097262 21.544279107 -18.366478283 0.133509324 -0.009731402 -0.854080623 -0.502619986 1.602308390 -1.515733132 2.754127683 2.076391318 7.600859928 3.590547420 7.113431473 0.746357565 4.766562188 3.223300500 5.186717141 -1.257786909 4.311986633 -2.384710232 1.920075816 13.924316734 5.616823430 8.906296664 -1.245678432 8.525810881
-11.309667771 21.025898455 -6.773629727 -0.564727369 0.408608588 -0.086705598 0.711761308 7.068679070 4.126254241 6.925783154 9.216278583 5.988579917 -0.248424340 4.654436561 2.441420811 5.544604251 4.089508399 7.501670742 4.384376843 8.735542536 5.055253671 1.202877125 5.774546068 4.219967991 1.620267609 5.863707220 3.573881766
-4.366085576 22.630993809 -15.864791548 -0.688046417 0.475172455 0.332918406 0.435853876 2.367316682 2.682075729 4.463535056 1.777168049 3.211841982 5.308896026 2.613696332 3.598513947 8.047877083 -0.648069694 12.809078356 7.079156874 2.735793066 2.675893678 3.274572958 0.620829640 0.575045994 4.673779557 -0.598951285 0.690995156
-7.764877739 20.078222627 -20.968137471 0.872798328 0.051646189 0.471155920 0.116481112 -0.223507177 1.984418231 3.390805089 5.383600678 -0.230926136 -1.588896972 -0.172836334 2.534216838 6.064252313 2.832885745 7.758198706 2.508725413 2.322120494 5.425590033 8.290487647 -2.751474147 3.867407122 3.543456498 4.598939991 6.423043708
-3.496546694 29.455737930 -15.421656218 -0.488908500 -0.043205875 0.691346083 -0.530228558 9.754969310 4.644423312 7.835199432 7.098152792 6.496310996 8.248959940 6.777507527 3.685323423 8.593037465 5.265289783 1.966390492 -1.961003824 4.824887344 5.905658964 2.073472229 5.096915030 7.917034741 3.544027883 8.121870557 -2.346316866
-1.800879949 25.366309670 -6.357234290 0.125682934 0.052825931 -0.770370442 -0.622850387 9.276312511 5.799512736 1.874436718 -0.330833861 1.377747225 5.400991022 2.742520444 6.391263992 4.600289005 1.952772942 4.921160535 3.507895170 5.020842803 4.804166822 4.567977385 8.091215263 5.914141655 7.195425416 1.782952017 5.342723011
-5.869044458 18.310228989 -13.205536469 0.893303917 0.283895835 0.181813656 0.297245795 3.509290147 5.932593774 6.128787365 1.147639632 -0.013314060 5.241395209 0.815518129 1.613487569 1.433561027 4.273595035 0.699254625 6.174617287 2.716827354 7.049120223 4.625654859 5.955573580 -2.522156279 7.641736310 4.938096456 3.987562983
-1.849398902 25.457501360 -16.699908431 -0.703135897 0.384636261 -0.590098238 0.097154144 7.576080053 4.060742006 2.951948985 5.104673476 5.366806504 5.789042698 3.539714533 6.560626406 3.780117590 -1.196680132 0.315627731 2.178540346 -2.127283679 2.567294450 0.577774254 -3.072514622 1.979730421 1.716839144 3.648582038 4.291166279
-5.434233894 27.818697896 -7.932279787 -0.289570751 0.783693036 -0.533184353 0.132997935 0.280129372 4.505724054 8.713616973 4.692663078 2.880335764 7.171348718 -0.344013104 3.347581211 7.423137653 7.849208676 5.232465160 7.925251456 10.488029120 1.940253758 3.682402345 4.183763094 2.113483972 4.315861124 4.203049828 0.503726238
0.466701707 24.980683923 -8.514256023 -0.302813614 0.280133874 -0.866039587 -0.282496658 3.415865030 -1.295571629 2.809288042 4.820366650 3.814889113 3.397471807 5.112809451 3.533411280 1.079101814 6.299188874 2.541956703 6.896157017 9.416669342 3.311231141 2.027868879 3.745170247 1.012186888 3.716377930 11.605386891 6.140182153
-9.894742274 27.313447613 -6.480091403 0.579599255 -0.150899692 0.506648040 0.620162680 4.510314368 4.642788296 10.464863199 5.218443391 7.878359902 6.625939237 4.729545006 7.251113835 4.902994346 2.317407505 8.276446659 2.856044424 2.431042720 2.523727082 1.135258084 5.970531781 5.783621475 0.193573023 7.320056776 8.042185931
-8.156695248 17.620496869 -17.403666347 -0.157728750 0.151762533 -0.301212411 0.928095285 3.460231866 4.302471533 2.391852173 9.489505665 4.758497903 5.543589438 7.248296430 2.345288360 -0.952467237 6.579447700 2.446897614 4.825814180 7.061023874 5.215804229 6.186448189 7.649879392 2.148190538 -0.863810058 4.179326685 10.197606693
-7.242726255 24.666631119 -18.143375700 -0.174925833 0.841665913 -0.115237141 0.497714623 7.639579498 6.756295670 6.391171103 -0.488741359 4.895646513 8.231774146 1.046334778 5.975041898 2.463497571 4.118792680 3.221545084 4.230942187 1.531619174 7.419933880 -0.612461813 7.084011717 2.278632092 8.132523737 4.970688703 2.307000253
-5.342159896 29.386935668 -21.745097038 -0.823398713 0.422190385 0.349761992 -0.146411703 2.475085479 5.351881445 6.455989488 4.325797389 9.186949702 3.122355181 5.061924366 -1.342221378 -4.835722958 -1.178493811 2.606670320 1.140654721 7.406033459 -0.132363309 2.052171900 0.053409283 2.584352100 3.065760661 0.196566478 4.529884547
-16.130178240 28.434646928 -12.750440476 0.613255044 -0.305494736 0.725211242 0.068263254 0.994602536 5.022732389 4.668039333 7.830577203 0.494285560 3.298750365 4.279328662 2.924986672 0.764791255 -1.191256726 4.507409199 6.723244560 7.998272076 0.082467622 4.926241440 0.338392396 4.460555801 1.018294934 1.424823093 6.889612691
-6.828692642 32.816669632 -20.261752988 0.089574058 0.356579319 0.574124551 -0.731579577 2.838444000 -3.753555409 1.995386861 2.683476281 0.435149499 -1.056994911 3.912664693 8.306202005 6.096444375 7.874316735 4.828506960 1.018179272 1.386579488 9.229640518 8.557896262 0.536998612 2.399515458 2.141814756 3.521463804 4.107037147
-6.392896324 25.646981051 -12.849042669 -0.641263381 0.383638811 0.338950818 -0.571589785 -1.158519768 1.723065528 5.081954029 4.316335538 1.490256509 7.562975089 6.025321889 5.524978335 7.407444136 2.623315833 7.223532979 -0.916524428 1.677219817 1.819084085 4.647966892 3.261262939 4.944355446 6.427587041 -0.109279669 1.942262405
-12.274275793 23.079038039 -20.310369183 0.901998976 -0.038167701 -0.428011496 -0.041799927 8.230904684 5.599455160 0.624603005 5.467625074 7.595647414 8.619290709 2.603469308 1.713384659 3.412209337 5.980727693 -0.609369610 6.185024866 3.622089430 7.174547959 7.739639078 5.963010176 -0.279354245 3.551274917 4.223883890 6.440854871
-1.147290687 19.710379647 -12.927096429 -0.605921950 -0.106686062 -0.432790613 -0.658914987 2.049605336 4.702732585 7.714659185 3.454853600 8.854556447 -2.090061594 -1.382483722 -2.396893160 6.422472795 8.114556350 3.364441086 2.118462693 1.026655706 4.939554889 3.643909880 6.889613228 5.799013947 3.666216397 2.428757673 0.287930098
-10.381115763 27.310789421 -16.171495874 0.186379285 -0.575286319 -0.445139471 0.660423549 0.415991103 6.806699555 -0.508063009 3.208908695 1.467413912 3.089028140 4.138754589 7.054562410 1.641179499 1.348635934 4.112053150 3.504714368 6.581001550 4.576678560 5.597073054 3.990190548 3.801768002 5.334792838 -1.891224227 4.329379842
-13.229556370 23.515533096 -14.137866170 0.022307079 0.333276774 0.864712721 0.375101181 4.012719356 2.408251038 6.869372952 3.971087108 4.198839117 6.330181737 9.914344723 2.627317753 1.940302667 7.641673434 6.912799655 0.391002650 7.122861839 3.096379459 2.846417921 0.572243934 3.294182225 1.864500194 0.551550525 6.414645058
-8.788532436 34.193543271 -11.972613790 0.337498953 0.595851881 0.390960343 -0.614983741 9.419250171 3.702236347 5.503654230 1.336644094 8.858842063 -0.184608338 1.782842698 7.532129986 10.292486813 0.362927147 0.460411749 0.344350903 0.771589275 2.545997558 9.071364495 7.085286941 6.366723600 2.994384767 0.217454556 6.845849068
-8.504442678 20.413630180 -15.989136073 0.385573491 0.184311876 0.567550123 -0.703739350 -1.559884989 1.557275755 5.276796328 -1.749498267 3.008709104 -0.415007301 5.061858756 2.463030186 4.613778490 5.058707732 2.136793821 3.615135354 3.741755555 0.285923893 3.950119849 6.411506982 3.662409205 6.103713821 0.973264904 2.868373170
-11.260614235 21.170015021 -6.811092794 0.156753889 0.173427355 -0.574389074 -0.784492424 6.807740130 1.412561345 4.519457529 1.207984816 6.571161786 3.112909142 3.550615902 2.994481917 3.327498405 3.004448704 -0.490415304 4.201168740 3.344765627 9.360679734 1.065533905 4.940404203 3.341481901 7.433426896 0.806228339 9.455779805
-7.552888681 20.966080745 -16.397205852 0.458514966 0.665469395 0.570182124 0.147671448 2.699429295 5.509411973 2.623057896 2.901948410 3.959060100 3.684882073 3.326670000 4.120704940 4.776807856 9.104465945 -3.653668986 4.367353637 4.816600427 9.442638758 6.862783318 6.890070196 2.438053624 3.620790490 7.572651751 6.262450329
-16.239840738 31.017600689 -12.880855441 0.177328059 -0.902785571 -0.075145063 -0.384559739 4.585508772 7.755370856 1.286051973 3.592565465 6.243524275 0.959885689 2.195444756 8.970392070 3.210506359 7.114412462 5.192079718 5.818420296 0.711362079 3.220789518 6.940626428 2.559983939 2.693883957 6.861533516 2.929434198 1.714804260
-13.337244648 29.380020308 -10.314048071 -0.707424306 -0.446234841 0.546037601 -0.047626216 6.885052956 6.514384399 3.568751130 -0.942587353 3.119333475 6.970026782 5.954390771 6.028187411 0.467607067 -0.543459129 10.051334974 10.716786840 6.063901358 4.827787729 4.626742524 1.205214925 -1.799589112 0.062648458 2.479140365 6.913732430
-12.204465269 20.270508711 -19.705530689 0.459547594 0.440257330 -0.762004240 0.119745691 2.384232655 0.624617486 8.014529132 7.277829475 -1.892164714 5.511624172 9.182920862 -0.329134955 5.789358547 2.583950933 5.238451713 1.089860378 2.117910507 -0.596758952 2.767291859 7.252037774 11.375148384 3.880051138 3.673883869 2.749955727
-4.852334929 21.495227814 -6.765192450 0.765807704 -0.607602890 -0.209510969 -0.021504457 0.473656240 4.918946163 6.185898284 4.346346495 1.272141613 3.642532085 3.661408084 3.281462050 4.681572337 -1.282257260 -2.974406992 8.674561645 2.368439993 4.778741033 7.714616357 5.488898048 8.275075024 6.791046416 1.871030235 5.532879541
-14.052708426 22.982010170 -17.918288469 -0.073837433 0.855551623 0.311673780 -0.406741820 3.000726812 3.901646082 2.320584940 10.359998365 7.731758430 3.511060267 6.308863088 -0.652404018 6.476017925 1.119793518 6.043288625 6.528405235 -0.735839864 1.200537657 5.751828099 6.289019834 7.965988049 0.876696484 3.825873362 2.778377189
-15.422933788 27.216714459 -18.513007953 0.431730339 0.644667438 -0.403019093 0.485374514 4.233479003 0.452550039 5.561353290 2.602297612 -0.611613409 6.541456686 3.578994704 -1.721359437 4.771691067 5.769916149 6.530859969 -0.711126835 6.577289559 4.150513884 4.744363107 -0.603160968 8.489467059 6.839147069 1.425264575 -0.227957768
-2.645057844 20.825032906 -20.131245277 0.338313050 -0.248082857 0.774255655 -0.473843178 -2.897766186 8.558738891 2.988689715 6.693642605 4.381569219 7.842245871 0.209883294 -2.431332310 6.443350678 2.801857940 5.907749231 3.929229725 6.272768827 3.880474145 5.525396722 2.311892431 4.936710098 3.209690913 6.276112295 2.417891823
-8.953879147 22.440815321 -12.320104679 0.661532232 0.053976354 -0.732854691 0.149618386 2.649722754 1.253513711 7.091170672 6.881153641 -1.587064727 2.670661306 4.079411979 4.085982350 3.022127288 8.878942191 0.058303272 4.262911498 5.889142452 3.215217400 6.196947505 5.485802462 4.975368407 5.967392854 1.363123943 5.854536219
-5.735672109 27.274621740 -17.622230181 -0.145453951 0.527001440 -0.805431381 0.228895001 7.786038042 2.792557131 -1.941792451 7.560308525 -0.176202871 -0.569564456 6.195036155 5.158126972 3.741745301 4.856475320 2.167773095 3.972473697 -0.464677612 6.399388367 2.333119403 0.283722562 -0.778597852 4.733120394 3.844480725 3.196880584
-9.979027190 31.479784030 -14.452370369 -0.909758405 0.072104292 -0.389065370 -0.125573701 5.943763882 8.177820323 0.826612785 2.081651014 6.936871922 6.218080864 5.314692027 4.652410571 -0.005511730 8.750282714 7.509086042 0.116828825 1.524408141 -0.150416486 2.341958861 7.784937602 0.061406347 0.353916843 0.992544267 12.387230909
-10.166528393 31.377201189 -14.790746956 -0.511343081 0.478173631 0.469208797 0.538257686 2.349066868 -0.461541222 5.888726997 3.039391734 3.745369668 3.682911637 4.302276127 8.041844386 2.951528437 7.179948718 -0.401554948 3.093043335 8.223171663 4.260327853 7.324266757 4.107824114 1.648418861 2.492039133 0.411493286 4.299598610
-9.087720221 26.066327190 -10.220433861 0.060974470 0.257682450 -0.602786344 0.752682199 2.969351907 6.222732808 3.414732174 4.227851840 -0.423431378 2.537358659 5.218092166 9.316923860 2.445318856 -2.217877359 8.475850032 6.988389379 4.850821450 2.583585531 2.705088051 0.488499947 0.851013043 4.962954646 2.041151730 7.929203662
-12.884813359 19.995842158 -10.268825383 0.717532128 -0.140329531 0.596020251 -0.331986638 2.172867468 3.880889595 2.055282900 7.396872244 7.443367828 7.199638285 4.003971777 1.149571472 6.640576895 4.134219364 5.484502172 5.482240136 7.007703040 6.509269025 5.858554824 -0.442414071 -1.901580203 7.217867043 1.219602932 6.829590014
-3.337339831 27.832882337 -5.978892217 0.419198739 0.488451639 -0.082202029 -0.760874655 2.772957146 9.317750334 4.317456266 -4.611416586 4.265396953 4.563210338 2.949351434 4.968841769 6.764877557 0.567960412 5.718808278 6.569885533 4.394592258 4.525030948 -0.803011157 5.908914891 6.296977316 3.675710903 4.906725953 4.280548357
-5.450316950 35.263000142 -14.109732018 -0.668948947 -0.137492729 0.429277781 -0.591036075 3.507047856 5.844384248 7.388316930 10.880791491 4.731129110 7.762457240 1.461336799 8.038633749 4.936935287 0.912316785 2.995039273 5.573695392 3.798791207 5.240968631 6.714082967 5.428931054 5.548322594 0.223814072 6.642013227 -0.274244383
-13.603578304 26.511896262 -14.432462928 0.480528875 0.610630653 -0.287695435 0.559869220 1.377603968 6.425401047 6.920200515 4.639587523 3.437664934 4.657575235 5.884080703 11.497422834 2.677029189 4.547866589 2.481949955 4.675198298 7.562870863 4.986604266 -1.261452096 5.177525994 0.393301630 5.746138850 2.464573386 5.491480083
-10.777238171 30.597991369 -16.302075367 -0.653106225 0.575819337 -0.087007837 0.484059900 0.838106735 4.689067625 4.755249237 8.797743588 -0.825105782 -2.354250145 2.932544268 -2.035573673 6.827648927 3.278814506 3.427480900 7.478816600 6.104007944 7.188054322 3.033866903 1.908650860 -1.627800333 4.429384754 2.824259938 5.630365133
-5.780344909 24.257807953 -8.906833610 0.558816717 -0.246958994 -0.761700393 0.215749028 11.747531439 2.155839175 5.869841766 5.505164605 0.629460508 6.925749228 4.372301252 6.508441425 5.846952533 4.703972530 3.469228881 2.484219851 5.720288505 8.119768760 3.828277852 4.334466209 6.892977651 4.934758866 2.325755843 2.954340603
-11.167164953 29.451179162 -9.632934077 0.796429866 0.274228414 0.519292334 0.144338901 3.916208499 8.067244828 -1.199874402 9.098381230 -1.297598067 6.056477064 1.022278746 0.559060520 6.015473653 6.139738259 8.026863141 0.385607250 2.342625662 8.171843984 1.925110529 3.969797185 2.416105644 3.061531600 10.024995277 6.837671653
-3.876200161 25.903998464 -16.562853014 -0.078018087 -0.657876343 -0.653200711 0.366661596 6.086002014 5.420746817 5.827646003 0.356947098 4.476233886 8.569299274 4.192961218 -0.094226998 7.607046702 1.741707391 5.360788493 3.476801309 4.955881296 6.138887664 11.280013376 5.296490756 7.887959934 3.710721732 8.346663299 11.124784642
-0.639310180 32.869047097 -13.635026512 0.712619067 -0.049595323 -0.579115017 0.392861510 -0.742673038 1.481996077 3.084608268 -1.921589633 2.721800404 0.553933927 1.398890013 3.990479709 2.396083418 0.827354804 7.642452531 6.395028235 7.781665037 7.245423186 4.859794598 5.589330568 5.294400040 7.138891180 3.823065427 2.698339270
-0.479919156 22.183961943 -9.903997396 -0.539976705 0.015001443 0.423303994 0.727333378 0.355525151 3.897981580 7.263503534 0.560252860 7.734980303 4.111657889 0.227773080 5.730051270 5.751892908 -2.508345745 5.255199708 4.824540068 1.944948188 8.341101641 4.720462722 6.895809428 4.193693104 0.920904191 -0.052863754 1.401134651
-11.302072212 32.049431065 -11.343423718 0.554996992 -0.141025373 -0.816657788 0.071834816 4.698642780 7.432676435 3.806905136 -2.631698220 0.311804153 -0.021231348 3.005215896 6.104512874 0.348225829 6.231957444 3.989533235 0.616009502 4.002832058 3.403321246 4.639548354 6.463099427 3.910959342 4.180811493 6.228249459 4.923841771
-2.903126535 22.118174051 -8.139947962 0.689036972 0.431466240 0.504637068 0.290527734 2.796717995 5.226147948 7.239908068 -1.344790771 0.821908341 5.971413744 1.339561113 -0.248476441 1.525411057 3.822311022 5.943827177 3.894765427 7.077145101 2.526584560 3.479286493 6.630626050 -1.601547256 6.820003166 2.864691256 9.406389624
-12.773893793 31.995210092 -16.779714459 0.102727508 0.003327650 -0.187372116 -0.976896963 5.819744722 6.839609836 8.884664168 -1.366822278 6.377588028 11.691505368 0.178486347 7.076923551 5.290800037 8.813858574 2.820500087 0.856806040 2.192176682 4.337617028 -1.827597168 4.585653088 5.602043262 1.192909761 8.742508443 2.164397728
-7.134891588 33.027314786 -6.592232451 0.266803742 0.712015751 0.646605792 -0.061239560 9.053847528 3.685046970 3.136290409 4.895446581 4.380550875 -0.497260605 4.062769306 2.155262966 6.469820532 2.183552344 3.522380002 -1.273106933 7.173401269 2.501762092 5.035291297 4.487102937 9.225587461 3.153705303 4.491520091 6.179844291
-3.600053210 22.307320831 -7.460789448 0.286331555 -0.554892106 -0.717038489 0.309781853 4.242428223 3.498833824 4.449524102 9.017799863 2.292422439 2.024224561 1.062254161 7.768212534 4.310907890 3.465865254 8.286869109 4.884573589 5.087088002 1.820274005 6.995561721 7.070424513 7.123177676 0.584595279 2.684832686 4.763510609
-13.974271679 23.634068973 -14.346633984 0.347313451 -0.032964066 0.683374067 0.641316319 3.573165721 3.928718996 6.001863903 0.912989530 3.659205998 8.666935871 -1.112272473 6.191638950 0.952300437 6.531619302 -0.599446349 1.866888176 -1.600084482 6.768802687 4.417282566 0.773124945 5.375949597 5.163242447 1.298101838 5.888990945
-13.122753778 32.943757027 -17.626150031 -0.246302753 0.041659239 -0.076205794 -0.965293810 2.769920768 6.316557478 0.154645464 8.207581386 3.663832967 6.029829763 3.744155344 4.994476691 6.099361657 5.415300552 2.758701233 2.690491635 3.131759277 5.997775089 4.184258104 5.119629272 4.612765452 4.096611506 4.842000816 2.794487150
-2.228989137 27.892636428 -19.684644991 0.526217298 -0.008984196 0.330363498 0.783501499 6.198022142 4.261784120 2.648966651 7.560009513 6.773832258 8.227402128 2.483000157 6.009572646 10.117081701 1.511051225 9.337386803 2.650104229 3.509115138 2.919547044 4.375202166 4.944759017 1.401326581 7.687172092 3.464277280 8.670103949
-5.216785504 25.619985518 -22.675553501 0.274631072 0.268601858 0.403423245 -0.830470049 3.733542146 0.903362049 5.303214942 8.815637758 3.878396635 7.631123928 7.641523205 -0.613767455 4.464499634 1.932697161 3.649915918 8.897440109 4.980586254 7.892856705 7.441056721 6.219190681 1.495169764 -2.575509766 2.532517406 4.438250614
-11.890908432 26.176023012 -18.913610083 0.585584668 -0.406286514 -0.591517452 0.376999960 3.459579132 1.611048762 5.218755982 -0.002064493 3.398049718 5.784484490 5.562353755 4.859334359 -0.736094648 8.098129578 5.770211857 6.911557745 3.695455618 3.853322369 6.115327429 -1.701957783 3.764207656 5.200800429 1.545226353 5.280690465
-5.808245329 30.082717448 -12.305687051 0.297255789 0.916248317 -0.139480385 -0.229506514 2.682531062 -3.705164508 4.091468692 9.010028611 2.432490869 7.318459053 -1.945389813 1.093452565 -1.853213250 0.405473986 3.116151089 5.530478109 3.140495974 6.014795689 4.572882412 9.581089899 2.085999731 4.414545055 4.399655581 2.057820747
-13.616036215 29.269654348 -13.797012667 0.522106045 0.671768436 0.463256285 -0.248044475 6.776421872 3.543982285 1.175550722 -1.089546353 4.120727564 2.198981989 7.992015152 1.259398961 2.907968951 5.822847123 3.690313992 2.960738378 1.639692588 9.300318902 -1.271439739 7.436800125 5.014343793 1.182886533 3.714438217 3.671098098
-14.625804381 27.950431984 -19.970996981 -0.083447859 -0.016765902 0.907676309 0.410948997 2.295003208 5.597494733 2.471112980 4.264225109 4.223185304 1.344815687 0.764531318 1.024057684 3.338492691 8.169001866 8.147937991 3.113240324 -4.337681617 -1.512728102 5.717684435 4.417138981 5.876552985 1.714199933 2.515942592 3.875651468
-6.555975703 18.007150303 -13.188234779 0.584187315 0.354929439 0.291830775 -0.669017991 7.756646075 5.136196065 1.222426337 7.038042766 0.519858618 4.718378607 7.615595774 2.502283579 8.674391882 6.053650528 4.203959796 7.295230897 6.297586519 6.436849259 0.688255656 1.099419351 3.627897043 4.662845575 0.227039689 3.867636052
-2.954689651 23.833946960 -8.833089218 0.973404815 0.013809099 -0.030253660 0.226665153 1.571498198 4.762261412 8.513359236 4.463631462 1.090489717 1.369598853 7.556229538 2.252438323 2.083232301 6.553463201 2.379987202 6.362559670 8.901945959 7.419126836 1.740265998 5.426110664 6.048941764 8.059562272 4.829334150 2.939941232
-6.625835066 26.727409684 -6.321422774 -0.156947319 0.015781694 0.215698897 -0.963635026 3.482671600 0.915351595 8.516690479 1.354988973 2.034671949 11.222408084 6.422095358 2.813929133 6.648771525 5.417729465 1.570369316 3.901505130 -0.858244598 6.872455466 -2.775367025 6.875296475 9.956865391 4.799943526 4.165793954 1.212257322
-12.257214344 23.107478651 -6.776654052 0.217598187 -0.880104308 -0.214482943 0.363406800 1.134512344 6.607635934 0.354582761 6.687394971 5.905411328 2.734260260 0.748069826 6.625271572 1.264107182 0.588899448 3.305218266 2.457729887 -0.185257290 2.951040739 5.951192841 7.809480454 5.162104372 5.422458375 0.306045987 6.270814281
-7.725478923 24.880119666 -9.670652825 -0.911118587 0.005098811 0.024966689 -0.411355791 0.370881795 0.542198704 3.576863873 -1.167819470 -4.442760604 2.677121398 3.047092133 5.158283231 4.879461934 1.884820931 2.820646559 -0.349987027 6.056489474 2.174376137 1.506886976 4.222228015 5.480375664 3.277533024 8.312968355 1.691200439
-2.311916503 20.417119752 -13.281065754 -0.456883292 0.860271746 -0.197520462 -0.110344224 6.916205037 1.869601710 6.178071273 6.772376063 3.141583846 -0.261251136 3.620036712 -0.329904996 -0.292888393 6.144333465 4.924104294 7.566756395 5.415845664 7.262971421 7.353904725 9.005677668 3.813547896 -0.471287275 3.302506575 0.557792711
-4.914013581 25.132305350 -12.558463528 0.663563549 -0.064457495 -0.243774075 -0.704345688 4.722557823 5.564672684 7.663487764 1.422962920 5.940147395 6.468171089 5.032513542 5.239713722 5.114529066 3.674905162 7.690638133 5.198213280 0.312800667 5.486478422 -2.541397262 4.368335149 5.996524502 3.079281569 7.526253688 3.364422295
-15.059432652 29.650433132 -7.809498012 0.122768608 0.964890087 0.062695781 -0.223571528 1.524459600 8.506130374 3.013260860 3.939272986 0.937471053 2.942608511 2.604400692 3.333241656 6.277868630 6.960394126 6.572824688 4.158419536 2.867485387 2.704652026 3.470323274 3.651413122 4.818630903 3.781937614 5.115321140 2.809759118
-10.524967012 28.171817208 -16.113984642 -0.388012470 0.177726682 0.055877653 0.902627962 2.743788584 0.086857218 -2.292934009 7.128535656 9.870019714 5.929781068 4.825927780 1.861895698 5.889890354 3.954582341 7.373859475 0.759026937 1.812291503 1.462818179 8.417013252 1.976204021 5.794517034 2.928624714 8.197580283 4.229791942
-8.858705797 29.441566388 -16.096729874 -0.769067736 -0.271847691 -0.518920453 -0.255646656 0.671778220 -1.788174488 6.158285445 3.395353500 3.122937200 4.994911743 6.227190923 -2.016714102 0.253584319 -1.798282803 2.505319127 4.771940765 5.945689830 1.171101756 5.362051012 -0.030815268 4.147760574 0.110132689 9.386567245 4.441856117
-1.915525528 25.898681049 -14.883903923 0.249181095 0.310298080 -0.890831934 -0.219185650 3.115515165 5.506408169 1.684812482 6.525629593 -0.210657445 0.787058547 0.294731829 2.062531983 0.720758015 4.641121732 3.462048185 11.116337944 4.305565456 4.654191535 6.035621354 8.334392302 4.969410100 7.706263251 5.522500772 -0.503584621
-11.811783362 26.693775174 -14.797617288 0.310166169 0.549208929 0.598203349 0.494286610 11.896745333 6.722709679 -2.136488054 8.692515434 2.171649797 -1.954471386 8.853988665 5.891522931 2.535583571 8.216965518 7.398311981 -0.752871299 1.176992249 3.680709513 0.266940521 7.362120720 5.370406347 11.400464086 2.635799409 0.471052524
-6.601002358 21.037824521 -8.687689933 0.898670756 0.285302810 0.169117389 0.287040917 1.406524239 0.756651169 4.225882628 -0.345716100 5.416400115 4.880071057 1.320515550 5.506232882 2.455812741 4.536714620 7.610771665 2.559296341 3.642027198 7.537214292 1.272524170 7.045212431 2.367670749 5.266522354 5.426254728 4.391623028
-6.109988582 21.865376959 -9.580638349 0.240606632 0.026430703 -0.115096280 0.963412016 5.466783333 6.528683652 2.731080904 -0.754114005 2.114059050 3.320439978 1.763137381 -0.443279908 8.175214844 0.601272013 4.060493759 3.498100048 -0.045656856 5.143282263 4.883858292 1.502513545 4.149884227 1.272449612 4.359513295 4.286213417
-9.666817063 25.875209955 -21.124499979 -0.470192543 -0.126652782 0.830757027 -0.269667958 3.138569413 0.840147039 0.169100127 1.506062973 5.143431449 3.416499327 5.717128689 -2.385906369 4.231236643 -0.029436696 2.634911797 8.465099427 0.921270462 2.896202250 4.907946744 7.997627750 0.314544668 5.132971543 9.672603198 5.061236153
-2.591294488 21.658075454 -12.636501804 -0.401094402 0.741444371 0.174837111 -0.508739137 2.681927274 2.214506366 5.142228857 1.161919492 8.598632702 7.390111500 8.106061633 0.694639592 1.846356654 -0.377490262 4.421171057 -1.041557614 3.230665062 4.937081403 2.769571337 4.365702119 4.079417616 6.701443157 0.841493643 9.186404187
-1.379923301 29.942166858 -7.679741906 0.141754629 -0.681089659 0.446695033 -0.562570928 -5.197318375 2.920812786 4.325660525 4.407858999 3.327208110 7.866599895 5.356532906 4.942447959 5.260931989 -1.101238418 7.575197019 5.412701529 3.124606333 0.406442376 2.209368362 5.053170317 3.908330843 -1.697742135 0.940249208 8.864609104
-9.227199883 28.627914964 -4.128291778 -0.847212299 0.146018571 0.433047250 -0.270887388 4.791190021 4.216452461 6.323406327 4.891256592 8.700012182 6.311732027 6.996978947 7.125655178 6.742271499 9.791475355 7.795419521 6.185887282 3.457645218 2.987578379 1.385864187 10.015311846 -2.559074571 -3.213239852 3.625913360 6.596547402
-8.397211258 29.577039099 -8.420706608 0.316948989 -0.750459577 0.485614906 -0.317067699 4.305865412 5.227953307 1.849818914 -0.425798628 1.178450044 8.970145034 7.457861944 8.594865995 1.148121059 6.003605418 5.190343418 1.820481705 5.694649108 5.622353578 2.362300923 4.091157045 4.962517996 2.375579076 2.607341472 -2.729986224
0.490438941 23.234130481 -11.661298309 -0.602975737 0.201204939 -0.731168573 0.247647636 -0.178273264 4.085632508 2.078316709 6.160906026 1.872938343 4.664595236 1.941832656 8.164823411 6.443303643 3.023677607 3.665116176 5.802907544 2.930471037 4.050974438 2.224789545 3.807904759 16.717511585 5.945220903 5.326634940 3.438092479
-13.737342224 29.727725307 -11.408074622 -0.330930499 0.163300694 -0.824785823 0.428422963 0.169548509 6.344589332 3.802419295 4.256718543 4.646359315 2.367386471 4.107526347 7.483468559 2.175357087 4.471486992 2.097408484 -1.693983283 5.925132694 -0.561068121 3.774656947 2.257970047 6.283889101 8.183201038 1.885747334 3.476823203
-9.248823785 31.495062874 -11.460845838 -0.412789762 -0.496999487 0.625068955 0.438046714 5.959181322 0.297360325 7.422738021 9.153807099 4.281077450 7.347494432 -0.784218228 2.809104041 4.146597101 2.625364288 7.077656700 2.952310003 3.003878193 5.429022008 -3.572475424 0.544208086 2.167515207 3.832513072 0.819648920 7.019862186
-9.139326291 23.676480658 -15.068470593 0.449351739 0.488810001 -0.657253285 0.356603305 6.228829383 6.260516461 2.976198719 3.121296692 1.435674653 3.562557413 1.556489045 2.740605436 1.896898077 3.990165052 1.524057248 2.167926224 2.144470401 0.467353147 7.808132970 4.567316927 10.930616766 1.516599409 -1.796146956 10.282665709
-12.244730581 22.773596323 -9.201202376 -0.240781282 -0.734547076 -0.223724143 -0.593643391 6.257764346 8.589710707 3.832303099 6.902529477 2.402464654 6.515462888 7.434833417 1.292079285 5.454161413 2.878743188 1.642323646 0.165257726 5.989314018 6.626979436 3.088577940 6.507874140 5.419027103 4.401420102 8.955117293 5.189090870
-9.628769258 18.116046330 -11.608183239 0.873365329 -0.368464165 0.043835778 0.315508456 6.074679118 1.791229596 2.273310282 4.611453622 5.104449564 6.960102864 0.522068736 2.368490048 -0.297706465 -1.943133016 1.477981390 5.571181661 -1.442349816 2.767466409 5.230451919 -0.221582064 2.741820888 3.014490779 4.396425649 5.514494469
-11.859228772 25.945805079 -15.045571442 -0.837759108 -0.445667208 -0.315300653 -0.011221155 4.507913337 0.498235118 0.789477573 6.179487070 -5.286261873 2.451009556 6.030130110 7.503448801 7.704031648 -2.701600598 6.223073691 2.260804917 6.525305265 1.612722483 11.231216289 1.315111846 -0.179220069 7.710074982 3.602093956 -2.043028867
-5.714968636 29.062632934 -22.140982256 0.444509211 0.558458326 0.536959117 0.449678515 4.138514977 4.593324579 6.000865511 4.108714471 3.166648951 6.366503388 8.052464253 2.710791070 6.399608754 6.866972561 4.217890938 2.970151036 4.498676165 1.780738722 2.237976971 5.416868323 7.560012904 2.827428757 -1.272220341 4.661339939
-14.630264371 22.963615485 -11.649242033 -0.015729260 -0.193465081 0.750433065 0.631802238 3.337339652 6.450998847 -1.316895982 5.267917359 7.256684228 3.106106946 4.883163652 0.420876813 3.131172526 5.308989233 7.045241240 1.146987772 1.560784241 0.604942298 4.856951545 0.405434149 2.754733052 9.996862379 8.470973753 2.044389172
-14.940925339 21.193211453 -9.615906962 0.337324040 -0.246573688 0.332307076 -0.845568398 6.047958582 6.994979682 1.849912605 1.321222887 6.855729971 3.894750322 8.350329533 2.898901711 0.741498923 5.735475745 8.335796086 6.055819699 5.391924528 5.369300589 1.316143837 3.451169445 5.830248820 6.311564663 5.387741869 3.550276322
-3.835504200 27.570760245 -6.662050831 0.808379392 -0.399901293 0.283789103 0.325676926 7.998440927 4.707894775 3.543793647 9.134122123 4.798129843 2.877581942 5.242363469 3.682458825 5.226763578 4.796027738 2.538187920 0.077090176 3.106956074 1.644568603 6.758819941 4.532053897 0.661749082 8.163047335 6.423101337 -1.373402880
-14.078769521 33.981480757 -13.474087522 0.309087263 0.022859573 0.842936519 0.439773270 5.167884430 -2.481376265 6.357895289 6.342915589 7.243318842 6.819231481 0.219782871 6.854225566 10.029119381 -0.824109974 7.752927425 3.790318646 0.051747203 4.375380236 5.911710265 3.256474576 5.673452335 3.832366678 3.753928808 1.141531800
-9.255794682 29.298892404 -12.249283258 -0.556079713 -0.709303652 -0.378769916 -0.210230902 7.430671222 -0.531379259 2.415125056 -0.886877076 0.896216301 2.050945412 0.677891214 5.601073169 3.391701115 2.278315948 0.807527306 7.604304099 4.677183116 6.074535918 0.553535440 2.915228288 4.362129457 5.017960063 5.493016026 5.519263905
-10.670144756 22.875408407 -15.204951797 0.036253597 0.874630459 -0.186551320 -0.445988611 2.700556918 1.124362479 -2.022834797 4.119878074 3.437743018 2.791273799 -3.340786631 4.873454999 3.520780506 2.420066447 2.143573603 4.184400186 4.696676539 -0.978229974 9.641003622 6.990176747 10.275753478 3.895359091 0.455501812 1.123612959
-5.954365229 25.533077326 -4.888106595 -0.199022001 0.667746061 -0.290159987 0.655982182 4.879335042 3.473429234 0.249194769 3.495015588 6.866247722 1.927206952 0.445919816 2.369495455 7.850481784 5.028396152 2.007483067 9.925544710 8.852973284 8.684748521 1.304900125 6.055425961 -1.089730047 5.611715063 2.199112718 4.740762484
-6.307742891 18.525583787 -18.188354923 0.593147319 0.309994150 0.627412988 -0.398036213 -1.220736628 0.609912075 8.399345363 0.816869663 12.123830145 5.955728928 1.659372158 3.131410335 0.185519558 4.170482195 4.018842688 7.469534795 5.662882685 8.160349657 2.575375425 3.004630209 1.231015985 2.494049540 6.949490733 0.676815033
-1.362422478 24.525826772 -19.814827878 0.147860984 -0.377237685 -0.658967306 -0.633712039 2.767321514 6.643173198 5.561370737 8.953009074 1.692178938 3.047693800 2.882203170 4.410886120 4.198109420 3.068431561 0.621842384 4.486095013 1.769544432 5.109188135 2.008960241 7.569568834 3.491105439 5.383499346 6.441193919 1.074961385
-3.258839071 32.191575791 -8.139497719 0.334765359 0.818386136 -0.466470322 -0.024118991 -0.480714551 4.844019230 1.102844820 4.609198558 0.447979384 7.505952093 3.290232808 6.694341920 2.389532593 6.537286861 5.415270388 4.786637283 7.567095129 2.505423464 0.906472570 9.014990778 4.048966782 1.995804403 2.917090876 2.730858678
-10.357766558 32.652596218 -8.120243857 0.331228250 -0.842922365 0.354947136 0.231910036 7.649098994 5.511159418 6.023909370 1.859021050 5.821089865 0.409250451 9.873905883 4.752584636 3.550734626 8.404455789 2.788334580 6.974821036 4.128974933 8.675213898 7.737085291 6.567467739 7.563315523 2.525151355 2.878350967 7.074224744
-11.325470682 33.067244969 -12.764061683 0.217140936 0.017973701 -0.150906076 0.964237583 3.011157557 5.294400494 4.360223889 3.059750722 2.847078352 1.320904265 2.230746487 5.766956822 0.604924860 1.303429618 2.907609299 2.621084215 6.203918087 2.207767174 6.713399205 2.352356990 -1.100452804 3.632991404 8.879150136 1.725835248
-8.064973370 29.673716429 -20.036656943 0.160818096 -0.336235274 -0.316746215 -0.872212827 6.131262806 4.272813955 5.865471933 9.146222547 4.663337026 3.951836876 5.017081347 6.356696913 6.627163015 4.128092841 1.809771987 4.228055454 5.615545693 6.515700625 7.496360581 5.578574743 -1.584787864 2.016878178 4.372712833 5.247129019
-4.239578902 22.862033400 -22.071597019 -0.705401045 0.252367157 -0.139516923 0.647499198 -0.842660779 -0.577570034 7.603255836 4.164712965 4.488226793 8.496142910 6.409653967 2.589592355 7.978678749 6.623069162 2.636154247 1.856527752 5.851044295 3.495399005 5.854564219 1.783931327 1.911154053 6.234823748 10.025102648 1.916935104
-3.797454195 28.864919832 -6.904505439 -0.645455718 0.212014468 0.716840557 -0.156768610 1.333204405 4.582174031 7.369138325 4.873307957 3.392443387 3.488935810 1.822201316 5.968453290 -0.032059995 2.709435747 4.655147722 1.326301819 4.166380062 4.087211898 7.115109707 0.146747529 1.928498509 10.829820486 3.457518863 3.119581236
-15.411066859 28.268009817 -11.313941856 0.153559052 -0.859612193 0.433653467 0.222331208 2.694970669 0.865630676 2.732601808 -0.607055363 6.076374064 1.379060734 6.966036915 4.741154519 -3.058410126 6.761656651 6.884525380 1.321237407 4.809942591 2.454772059 3.089931703 3.095597931 6.729037063 9.052595756 6.544548115 7.098575775
-10.167624956 22.144882180 -13.652938876 0.633745689 0.326101767 -0.037427231 0.700445031 8.827057410 5.736662087 0.265223645 4.280134516 1.753611898 7.675170231 3.963763848 2.995419001 7.277443286 1.426547455 4.042841507 0.621100941 6.186102444 1.698561258 7.993698861 7.294323171 3.063910625 5.266364910 0.580684982 4.214097224
-11.823978586 34.410687201 -13.426475533 -0.493128968 0.379750565 0.288400435 -0.727625259 -2.714349195 1.698744715 4.647373841 7.909087942 3.899172574 9.136540513 9.929655268 9.616867111 3.315019844 4.521086495 11.440445462 7.130307314 9.061453449 0.323210071 2.198318370 8.120649984 5.228151308 3.123889529 5.205264634 2.448365782
-4.040968252 30.611742261 -5.917115947 0.395358999 0.333528660 -0.776437649 0.359992322 4.798039548 5.204464654 3.301443255 7.164991379 0.900568920 2.262099586 7.658973682 2.818165434 3.990260839 1.728332261 2.727081857 10.178383945 7.292203702 -0.912351887 -0.464266394 5.865222165 4.740080303 8.207182909 6.930547755 5.168414922
-4.010822438 18.848953396 -13.659137362 0.583901830 -0.145397044 0.518053129 -0.607897449 2.637087270 1.560684659 -0.197630943 7.774032207 4.845837550 6.358017138 4.620293541 2.220842724 4.337329667 6.757285827 5.262424895 4.636372829 2.321863346 3.102807210 7.097154637 2.546789724 5.751219529 3.204244014 6.610389285 0.253418055
-5.709007736 26.955480561 -16.056285721 -0.593939327 -0.053697262 0.321094521 -0.735697620 4.152422857 3.825485750 4.571596767 1.020871026 0.671503887 5.065764327 6.184786694 1.885451004 0.274795584 -0.343325525 5.988564899 3.132228929 3.879038345 7.194934496 0.461274387 5.096352216 4.833949119 4.333782639 2.220288231 -0.929434344
-10.634703709 26.998688877 -14.297816619 0.476475950 0.203760304 0.401619475 0.755085561 5.460153969 2.676570770 4.161020409 1.687280903 1.924871044 3.127621000 2.479524827 7.728568369 3.030023575 5.416654235 5.331408216 5.152927645 6.727645460 6.326139807 5.507255939 1.559767771 6.083115104 3.876810176 14.195778031 2.396913386
-6.579228557 20.958792522 -15.071621273 0.253201408 0.576634619 -0.661908541 0.406520168 6.551100058 0.458251469 0.686981257 2.516089993 1.929777507 2.233422979 1.258854993 9.765113163 8.479646439 6.542190126 2.896492217 3.739774480 2.006739085 2.809142126 4.852635436 6.272859471 -1.020955885 7.132538613 2.049013364 4.459609142
-7.386695731 19.299603827 -15.839676634 0.106860741 0.327383541 0.500405355 0.794352113 3.694169332 2.503948501 3.775336123 -0.576656524 1.691343007 0.694949349 3.651623892 4.312964204 -4.950226313 3.257312338 4.302393089 -1.166333182 9.767244800 5.829207758 5.295916106 3.152987992 5.344491674 -0.275286144 0.097099415 3.954465582
-11.269004436 34.739539154 -11.416996604 -0.538929217 -0.112538029 0.130239879 0.824577507 2.699192387 11.069433545 1.326745989 1.549365414 -5.619693006 6.113020799 4.930639467 2.971352435 3.378699198 6.492302723 7.180347480 4.671103460 6.862057191 10.043666854 3.271140192 8.625476591 3.299222009 3.364771256 -0.502936544 1.739240610
-13.955588889 29.874915829 -11.103341655 -0.088455511 -0.158584491 -0.511659163 -0.839780616 2.556916363 1.454043786 0.097502582 7.860398234 4.930573902 0.563547180 0.842177648 5.764975004 2.319270469 4.752405404 1.840960537 9.599687633 4.543481066 -4.454967175 3.437267713 2.441229557 3.299956603 7.218101397 6.753343569 2.808450869
-7.957833258 25.590027543 -9.634406748 -0.017545396 -0.701439828 0.287645510 -0.651869916 7.795663150 2.197725513 4.885841348 -1.433315282 5.432702607 2.194747130 4.177659604 2.554579048 3.473805785 3.193287450 9.851932101 1.491148101 2.857683456 3.110887837 7.827619830 6.851679338 5.504744312 2.744446613 1.678047826 3.960381003
-9.623134225 20.431877917 -18.656075724 0.666172611 -0.342284677 0.271201546 -0.604570074 1.521762302 1.503146014 5.847501076 -0.829316086 4.505910317 4.626434506 2.716307350 -3.567120506 4.139421753 5.456311054 6.002355929 6.202388360 4.635228500 3.597458940 5.721408597 8.930967491 4.861111688 7.700661209 9.682042348 4.589081787
-9.954452582 23.592935682 -10.441912090 0.675007594 -0.627687692 -0.311890456 0.230428413 4.550418089 3.314017774 0.097499704 4.655037262 6.697410821 0.979123360 -1.670271750 4.577207038 5.811539304 10.087501768 0.259079044 4.965421135 2.153799854 1.146885536 10.099431430 4.254723186 7.298161262 4.223522267 5.780691790 0.894397029
-4.300016274 20.690057861 -8.109027061 0.242939585 0.524416849 -0.252656176 -0.775971767 5.960130018 1.905478252 5.024043078 3.618744416 6.381831498 6.372728428 1.000482705 0.308034540 2.847618711 -0.045982585 0.225216351 6.189454965 4.265798107 7.536752456 4.722461370 8.680839941 1.055723862 3.410951506 2.746985918 3.609701451
-12.217896357 29.146235129 -11.010310627 -0.258052363 0.192299443 0.900838871 0.291409044 -3.448161924 2.655610693 3.773918502 1.877207007 2.470448475 5.284222265 4.709031814 -1.367520371 3.431253584 4.314068435 -2.787433395 2.120807982 2.299761509 2.018293901 5.055275149 4.416101343 5.485325949 0.452724920 7.482318812 2.942332044
-7.862924718 31.179871093 -15.713592166 0.722066346 -0.516052717 -0.166601384 0.429597212 4.819278869 4.195125471 6.009843005 3.144379075 9.562902539 3.877954949 4.510627122 1.801504519 3.652764338 4.639226616 11.899895387 4.171429649 -2.748034046 6.923845439 3.749325834 0.915697920 1.777064447 4.420323230 3.675271679 -0.112744002
-4.066874150 28.478897456 -11.187372289 -0.750923448 0.377519891 -0.289633824 0.457935535 1.460035052 1.289845023 4.189499134 4.186694007 1.450061014 3.386662186 7.684665074 5.269477026 6.470796003 1.695608789 3.866135301 6.941696665 0.828086547 1.293672192 9.217635404 7.212833328 0.486444387 1.183060932 2.772101621 2.141068547
-1.414218492 22.470398190 -8.884733104 0.724134069 0.029088970 -0.310345897 -0.615198428 1.713921985 4.206499303 3.777798795 5.068488091 6.025844656 2.995908559 5.103443547 2.506685285 -0.067553607 5.264428186 3.928248421 3.514043538 -5.313119982 -1.183120259 2.532361625 10.017891813 2.045156162 -0.966773786 3.931245729 -0.538981209
-11.303469480 20.159617553 -19.221975376 0.124159693 -0.024263873 0.529776594 0.838649150 1.858282945 5.979432665 0.883948166 9.061985176 6.039447395 6.008299647 8.772602203 -0.129132522 0.118473975 10.389658425 0.738452464 4.085760347 3.368425902 8.417671949 7.947440641 5.240252967 4.991912203 6.604853240 0.340437014 8.424969672
-6.322840306 27.020803745 -7.462763895 0.164868276 -0.038782654 0.928851922 0.329466940 4.022558865 9.368063562 7.349883312 3.895068442 1.375360072 4.488272166 7.366281895 2.960650994 2.448250335 6.046023427 -0.547380483 5.230640576 3.397055648 6.253901673 -2.683842587 0.684991754 3.682335768 0.047981944 6.081308747 3.504684562
1.026220504 23.448520771 -10.243693867 -0.776548143 -0.047958385 -0.538367032 0.323780656 -0.944864268 2.185868485 4.294628080 8.591710060 4.513562598 -0.477226243 4.323262456 2.466868859 8.169288907 -0.835728259 5.992034853 0.464443638 2.860358722 3.767457579 2.218621724 2.515113738 6.576974481 2.475944665 -0.713286556 2.183778103
-10.821631497 34.693874831 -9.421569498 -0.289644370 -0.424498366 0.373141427 0.772445954 7.428137262 0.963867532 3.124490021 1.026280657 2.611488786 4.277967568 2.530655868 2.802843696 3.496773758 4.589376026 3.017865282 6.848075435 3.619376533 -0.238117908 0.542957233 4.859248308 6.887922689 5.186418936 8.060827253 5.165221948
-11.248301361 30.860206519 -9.164511618 0.537018230 -0.081895204 0.785718404 -0.295890496 5.061094709 4.976542730 3.121265075 4.829990557 5.725588158 1.553490783 10.943266560 2.939333508 3.094315147 8.084803029 3.609291250 2.634926964 2.254661072 8.489205240 0.964763099 0.094691459 2.092687327 -3.788366114 4.361069774 7.134534023
-8.573997128 24.090155452 -13.938261856 0.037612644 0.145055641 -0.260194542 -0.953856881 4.949124423 1.195625177 0.379788197 6.540254316 1.137613950 5.316764189 6.165606333 6.481388145 1.124816310 6.518800409 4.542580554 -0.860135179 -2.337215026 2.348254600 4.501680081 11.101856368 4.352494491 2.961886697 4.914251463 9.442469730
-0.355664649 21.730608647 -15.035585118 -0.465353079 -0.290406150 -0.618786963 0.562328617 6.116217510 2.489530933 2.006848588 -1.687704412 8.150617174 0.597895301 7.432821427 6.047262203 5.014694676 2.992765504 9.143207242 4.494916946 2.895149671 -0.989939871 5.679581637 8.392730534 3.567987228 1.679136221 1.863645786 8.521546977
-5.480866815 22.494704463 -12.800102632 0.350377015 -0.923138829 0.157536182 -0.015264346 8.847224016 5.724355839 2.254007209 3.999903703 3.116811509 7.608296181 -0.115848612 -0.481725428 6.477554765 5.198164368 5.163046918 -0.934250395 9.270649956 6.746485411 10.235743351 5.730035619 3.324935302 4.270801928 4.224237529 -3.050090423
0.034908898 29.629875792 -8.028232805 0.683906569 -0.558872403 -0.120369531 -0.453259989 4.140257127 2.935660859 4.725066109 5.322202885 5.638121465 0.519028031 3.215864837 6.024634233 6.774589287 1.106276403 5.064434386 0.890776328 7.907808992 1.218973777 4.810941812 -0.123526556 1.348089966 0.387841507 2.135091730 1.675697464
-9.604060355 20.742714568 -14.172588317 0.981469016 -0.169245696 0.056051871 0.070232847 3.774009949 6.695890050 2.343877395 3.789006373 1.204631997 1.348818663 6.750960997 8.691535699 6.033658375 7.550599944 5.125579812 2.732528677 0.149619613 -1.690361736 2.522289373 4.349523978 3.657465237 0.827725739 1.429711506 3.285274606
-8.713691887 23.843568564 -12.321122912 0.114284856 0.696572913 -0.088839599 0.702732292 5.730086705 2.296208102 6.075504124 1.299264526 3.448459195 0.935710959 5.712103911 1.487049754 5.062691870 5.054796992 5.144655962 3.248014351 8.510881583 1.733290741 6.661869160 2.811133592 3.210149005 0.928852350 2.089036731 11.214607186
-11.471492434 23.911522093 -16.939559477 -0.232383839 -0.443723595 -0.119289978 0.857249686 1.821149944 2.793341527 9.300850701 2.114634370 4.180065962 5.715770514 3.021333635 10.681146099 1.543237456 6.829049417 2.864482068 0.420047917 2.072693124 3.142489886 -0.144105702 0.995133272 1.001707291 5.097641279 0.863930483 7.745405587
-10.510450290 30.657181606 -5.879820839 0.432011626 -0.331064270 0.822662509 -0.164282686 6.560632418 1.616008349 5.950532529 6.258244120 3.445906044 0.075874872 2.868988203 -0.176670715 4.087198335 9.494677110 3.005412590 0.314407759 6.061408121 1.882452253 0.641187213 1.768521790 2.638164217 2.698418649 8.065730262 8.600108907
-7.245447781 26.485293674 -21.502723049 -0.921295897 -0.147267006 -0.095130343 0.347097274 3.237382056 2.609769098 0.316605044 3.469992907 7.633851642 2.432475651 2.938673001 8.221594558 0.344319829 7.674419691 7.730343215 1.652129955 7.058376208 7.283317210 -1.854249648 5.988524877 8.529249485 3.468477243 2.009374738 3.889476305
-12.605312068 27.497918856 -9.810191817 0.091550634 0.097498210 0.893509072 -0.428665508 1.046392031 8.463463027 -3.465450015 5.939655157 9.649253758 3.876934904 3.583287127 4.845762005 2.858467613 5.975907151 8.707630297 6.039261232 3.444706833 9.640160349 3.145049519 -0.546905719 4.513762759 1.483183203 4.510195432 6.422781863
-7.424307464 29.167492354 -15.044869520 -0.758833682 -0.409762935 -0.505377428 -0.029316124 6.009639535 2.933377279 8.024227826 0.652605578 1.046795331 2.937120659 4.102804372 2.347383268 3.135087039 2.017404221 3.191998298 8.165400748 0.107822258 3.209568410 4.773480365 6.851848315 2.819382979 5.629967438 3.978489580 4.767862263
-6.112276623 21.306286110 -8.679932928 -0.100586854 -0.711654571 0.611224536 0.331413069 2.647235037 5.633379190 0.036398827 -0.890954121 3.532577190 3.023663150 2.253786475 6.973167869 4.008682786 -0.140450675 0.719816895 2.611320809 4.164253925 -1.212692125 -1.306968369 7.801012315 3.746535272 2.499631483 6.624842341 -0.348378140
-8.620696212 23.645725057 -18.484439722 -0.011217575 0.882026690 0.062612317 0.466886263 6.238894304 3.872752320 3.260697039 2.886337565 0.781819995 2.872907025 6.676941627 3.416722844 10.963775048 9.578946089 1.907532234 0.893664596 3.446060070 3.513452987 4.844292197 8.135187457 5.601601432 3.678373316 4.993427206 6.009489845
-7.799111432 27.839408699 -13.116197974 0.566221271 -0.269582681 -0.141201972 -0.766016092 3.703011995 3.264055826 2.924817101 5.695084071 1.065753564 4.341620855 11.363809625 -1.236547467 2.047600146 2.841552371 7.060363420 4.514500543 1.839153600 4.485856131 2.937843928 3.041066990 5.443979560 2.555812034 4.019402131 1.788702805
-8.539574048 17.985227244 -12.391328250 0.956442980 -0.150921016 -0.090525641 -0.232905089 8.538224248 6.952607461 3.880126935 1.659862806 4.661039550 5.160569204 2.270166478 4.891947895 3.981681758 5.139601241 5.335219393 3.585330799 3.977052742 2.595691883 5.579338709 3.134490447 -0.813616212 6.252084040 8.855609315 9.738785970
-10.391909895 28.525632549 -18.730919488 -0.133317724 -0.939727838 -0.314771926 -0.007523871 5.211958824 5.729898427 7.418927446 6.186419226 0.149269866 4.266518006 4.328200364 8.143106697 7.953900541 5.105736929 3.937316635 2.881626395 4.170893527 0.795391372 1.470230247 4.578322358 1.360218744 3.708743480 2.145681682 2.017143690
-7.270688832 16.747562561 -11.097162015 -0.038015826 -0.966055016 0.254703378 -0.020461963 5.147568513 8.667955026 11.431030886 4.195169494 6.647659103 0.015152209 7.549362522 5.987186039 4.157958776 0.816805222 8.294592010 6.242324491 7.394946075 2.254873389 4.087550618 5.975958571 5.665198751 5.651413277 0.256154064 2.555790373
0.446656731 29.481113473 -16.906317096 0.091518248 -0.059170876 -0.943553368 0.312778291 0.054317145 8.311055222 3.373732619 5.842566468 4.994306385 4.900980727 3.892728818 7.885514227 2.941897518 -0.813390778 6.643934036 5.576557988 6.172460205 7.089878747 7.386169040 5.279978163 5.902950051 4.303065274 1.829806943 3.514764474
-8.707427257 20.833384013 -21.805428454 0.791390570 0.315517775 -0.383869314 0.356081240 5.064507565 4.460980181 1.483157216 5.332106342 2.423904396 4.215725980 1.731711779 9.198714337 5.310643804 12.169446018 3.031675129 -1.427329914 8.827173950 -1.199769334 3.083535113 6.330034335 6.736549842 6.758896477 5.770949243 8.125803653
-9.802852386 29.108640793 -15.994400398 -0.495144054 0.161981367 0.770101249 -0.368155495 6.057581785 5.355428135 3.631300366 4.941353148 8.205252433 4.749145036 3.720027095 4.780358495 6.761088447 -2.687401227 3.550614216 5.340376801 2.770668738 8.111624050 2.460778618 5.422837226 2.966759814 7.390166635 3.477240253 2.737248950
-4.266152689 29.684776968 -14.865180879 -0.396259796 0.219231916 0.805532838 0.382141843 2.225687498 2.711722605 -1.348570820 4.381535360 6.341499693 1.295578953 4.296637712 8.935010542 -0.858739227 0.031597422 3.525188359 6.762801280 4.893910618 6.252902616 2.872224792 1.061284736 5.228413141 7.779238859 4.916728412 -1.277783666
-11.247545254 30.128747536 -19.988429073 0.921471734 0.276493776 0.262983122 0.072669883 7.033523218 0.674019276 7.448400234 4.934117566 5.521255080 2.676329358 0.302735766 2.957194638 1.803272833 6.169770019 3.268676008 4.054645735 3.690064655 5.900216033 2.610254821 6.009752745 2.829359772 1.697526548 9.297529315 2.206931659
-7.159391969 26.926055140 -20.636172277 -0.031221567 0.827264485 0.205725128 -0.521858081 4.673305630 4.156708076 3.738441668 5.934788680 1.822428214 -2.239879661 2.316235976 2.520383173 2.655680996 1.234300380 5.799416611 0.562097986 1.921182792 6.267534871 4.990618594 1.352273774 6.268161086 1.023808985 7.808910190 2.479104773
-4.045031273 28.630266684 -7.930502783 0.529931842 -0.307250129 -0.605364763 -0.508235286 -0.076658156 2.642798738 12.507134925 1.047483156 4.558841910 6.232319431 1.181952332 -1.171382264 -2.592506049 4.872552450 6.136873016 7.283364369 2.936977890 5.248365123 8.488774014 5.562477913 6.257668304 2.928520866 4.478452105 6.234173821
-10.150585580 32.602360664 -12.671742677 -0.745382076 0.273265909 -0.127386654 -0.594561976 3.818807197 7.034386667 1.539242536 7.517191416 -2.760777555 -0.504705717 6.723314939 3.860427860 -2.500134826 1.625493380 3.927208018 5.585014832 5.363605884 10.545458263 9.472989432 2.534085025 2.267517578 3.506210012 1.802324574 2.414646643
0.010510364 31.965098497 -13.864483790 0.364700657 -0.863042720 0.160687971 -0.310370858 4.758635761 3.464671616 8.746310558 2.668222914 3.934520373 5.367442890 5.403755588 2.687745252 4.360324187 -4.584590711 3.777613355 4.766176480 6.376295507 3.119119393 8.398636374 9.203963272 2.059901666 5.172889741 -2.036793326 6.519990014
-1.445982464 22.873322644 -16.434366835 -0.596044664 0.776967670 -0.093096807 -0.179958279 3.250893648 4.833093271 5.228013954 2.477903828 5.929589843 3.178157727 3.723408852 3.413549827 4.527372663 4.098607472 3.566852986 4.267436377 -0.099566308 3.425176790 5.547259583 1.443939897 2.647832290 5.644841261 4.102507862 0.844126676
-1.446755377 29.038345836 -9.680605869 0.646999218 -0.751572347 0.127217234 -0.018622436 2.158156653 7.759916148 6.013018289 1.915741633 5.850165523 8.836413325 2.634408492 5.813564924 6.237727223 2.251681432 4.226995266 5.788272090 4.075531143 3.979923109 3.628824651 3.240350722 0.124310017 7.567551064 1.404463806 4.644477658
0.448268639 24.777733172 -9.726991476 0.089398082 0.777299038 -0.384214279 -0.490095477 -1.679661440 5.248567362 8.945901960 8.820979482 0.544428083 -1.184657574 8.987784850 7.050084417 1.094278499 6.735752545 0.486926137 5.715577180 1.983216531 4.019332045 5.868787349 1.476088246 7.943148275 1.127566446 -0.006410061 0.083654951
0.714397916 30.666574204 -12.704986603 -0.253341440 0.273822886 -0.801199696 -0.467886940 3.955673448 2.907012989 3.389880812 4.805448194 5.585811371 9.646807181 1.519931984 9.291644412 6.661139125 4.909729285 7.651992771 4.286564984 5.645418016 5.800638283 3.895254519 8.025514496 1.701428781 1.424489479 3.736745686 5.754888871
-5.275426781 25.847500469 -12.389046214 -0.626845686 0.483829334 0.321180257 0.519439028 2.620350749 -0.304195768 4.622293097 4.272957590 1.100091726 4.891584922 4.654560254 3.055752143 3.838498324 10.933382271 1.975387808 4.679176844 5.355026739 2.756405537 6.872322088 8.308603778 5.859242689 1.678522466 0.810319443 7.507262111
-2.152071563 19.964478569 -12.139111875 -0.059988637 -0.900966931 0.058421182 -0.425731041 2.105423053 3.851679949 2.662283880 2.002955245 3.022972182 2.128476543 6.827167093 7.643761261 5.285613287 1.728879700 7.606093235 4.792110834 1.931814541 8.780001190 3.311790257 0.442681089 7.604097363 4.263344664 6.376157886 0.071960249
-5.845065904 35.303556322 -15.000757265 0.417835253 0.036257447 -0.456822793 0.784482017 3.809349193 0.543104206 -1.956978255 7.710865588 7.009878565 1.154487284 4.619083809 0.550808651 7.777106105 3.292184790 9.734834670 2.833567536 7.465438914 -2.404378310 2.431791989 9.680513980 5.010744751 7.280848305 5.142875825 4.090665438
-4.867583633 31.959546122 -12.800436041 -0.889961936 -0.450340667 -0.015421963 0.070165504 2.507427840 7.037997451 5.269032746 5.262422858 0.860316618 1.028886496 4.896012972 3.508823833 5.789583517 12.048907938 4.912151902 5.955190100 3.784330457 -3.237301354 -1.985103411 4.752367853 1.137424363 8.930822231 3.394574059 4.315081500
-16.012845577 25.130187906 -11.900163028 0.686411176 0.336866515 0.201551015 -0.612158343 -0.926804569 8.752463945 -0.479261525 7.456562450 8.061615540 3.674373606 2.123907896 1.799633877 8.685150276 3.048041734 5.346345311 4.369075674 6.769925004 3.425169700 3.662638918 7.154716308 7.271508851 7.100189902 0.614933950 4.876798841
-16.100795991 23.507205730 -13.180172477 0.049385919 0.509606927 0.258222614 0.819257526 6.793118898 2.397765033 5.040341281 -0.577699428 5.561466858 2.845273399 7.487444882 6.522041144 2.419117596 4.790782176 6.463330789 3.927439953 9.666580498 0.106662296 -0.637765417 0.542128262 9.229518222 5.867970945 2.752953384 1.292867508
-7.331000435 23.651668879 -6.643684515 -0.654750112 0.094646199 0.215859568 0.718156692 3.046567978 6.422709344 10.523410587 9.525692784 2.593318149 3.030554005 5.108791688 12.440126261 8.092635510 0.389304014 2.048981283 2.096182856 7.307345215 1.094856568 5.160472934 1.837238023 2.285757047 9.771636578 4.292119201 3.006695825
-6.965773941 35.872281909 -14.657677204 0.011785469 -0.751605134 0.622040013 0.219127924 1.985326750 5.406251093 3.309633641 4.671285117 5.331867596 8.077093929 3.570662228 3.516189912 3.720821799 6.985788080 2.953782633 6.273882506 2.766874784 4.025043355 1.655484353 6.254966491 1.021969558 7.753608032 3.619867564 4.805490356
-2.114935143 31.902308236 -17.294397559 0.162297885 -0.116811793 -0.333510311 0.921295433 5.330139599 -3.552358238 3.997038474 5.092970797 -1.218948918 5.028539954 2.180753293 2.352065561 4.634248979 1.134155091 1.674009400 2.075831040 -1.520960074 6.373981094 6.959277296 2.415189176 5.634729676 3.001606165 4.329829477 4.761545144
-10.271118107 23.167056046 -11.379970301 -0.218341201 0.337855992 -0.345346618 -0.847889240 1.655210756 4.174685755 -4.787843534 3.106601572 8.951188308 6.746355943 5.987026835 1.209332818 2.999460671 6.655100655 8.814119607 3.781324433 5.559445136 3.042971424 -0.428909788 -0.112468060 -2.645738704 3.978245118 6.854162678 3.423418248
-11.514034729 23.265660727 -12.941177361 -0.093643442 0.299244580 -0.476322428 -0.821462435 7.093193279 4.281834728 2.846531114 5.179034706 3.361525119 8.699001638 -0.622941095 5.732428713 -1.147647646 2.415504866 4.248452527 -0.192954045 9.169467741 7.854967043 -0.253983714 3.246660190 5.261461939 2.644911032 2.344555444 1.311497848
-6.191597793 19.793417631 -19.188206950 -0.933975608 0.310661155 -0.163268141 -0.067251200 6.030094547 -2.913872075 4.172010879 4.186229539 4.544568671 2.780844578 5.575656357 3.892581386 0.924266152 -3.406366374 3.003378637 6.444782643 4.977342717 3.581555401 2.669931067 0.723392882 11.500958106 -2.250968130 2.218178273 3.983485097
-16.440389387 28.998038209 -15.817839334 0.399505822 0.647660222 0.072753362 0.644700150 8.981603481 7.198979071 3.570287856 5.126558818 3.933304614 4.446804497 3.212829955 9.534925190 8.084592183 -1.199431977 -3.862796495 0.429122720 2.153212805 7.583790823 5.784491313 7.107883263 -0.075840593 5.059470166 11.725535388 7.472775788
-1.380570612 27.560663125 -20.863497562 0.769562191 0.001858577 -0.447329527 0.455704809 -1.025763579 5.459266578 0.650103578 6.973400051 3.479021520 5.348708269 4.223640952 6.472716226 3.298136598 2.716264079 0.761626763 5.500229257 7.091419750 8.157473453 4.247940658 8.634744966 3.345999671 -0.146138803 6.457893081 1.827976635
