19.866845492 10.158511567 16.460375865 0.191083503 -0.234198636 0.931140762 -0.203997489 3.934082868 8.115604099 9.969645691 4.334680996 3.048919966 3.583088151 7.811690820 4.287503150 1.316465802 4.271940936 0.715765115 2.198508701 7.603455799 0.375060574 1.745028872 3.538924851 2.862820426 0.299807113 8.933992599 5.568770229
17.759331832 -2.209959875 13.485065862 -0.603253210 -0.151381222 -0.132760516 0.771714931 6.056731775 0.335835459 3.622307311 2.140371091 -0.944175362 6.929613385 2.946072120 3.618755030 6.226722496 4.238676021 7.475482234 6.131520971 5.720946441 4.515042149 1.072037605 3.941499480 3.179156079 2.488093284 6.920124795 5.045524044
21.152799271 0.514792412 12.413465299 0.562069139 0.484830769 0.183992780 0.644332263 1.064926934 -1.342710503 3.802208451 0.877243238 10.351903735 2.338823366 6.000165671 5.781556675 7.215802647 -0.062425976 3.347545871 4.784420870 7.434984830 6.235401258 5.255190029 3.836231178 6.983531663 3.885414695 0.449127032 4.846553155
14.144789359 -1.601535125 11.617563939 -0.397350056 -0.395143717 -0.819601747 0.119278466 0.473194562 6.083239947 -3.624479329 -0.940029475 9.173551118 2.742594794 3.218740212 2.073040759 -0.600369771 5.554032902 11.413317537 5.924733063 3.512899852 11.084255992 0.420460305 5.527154994 -0.700994234 2.368566922 2.262787962 7.917917774
23.583037653 2.165742364 6.766158260 0.524989705 0.725714837 -0.427141415 -0.123588015 2.030414221 9.475893787 6.636472947 5.061916231 4.573562587 -0.446000574 3.590703906 8.299481963 3.998558197 3.695196895 8.072234273 4.986556991 -1.017187446 0.851281089 3.078953035 2.871527302 0.615023111 8.395610127 3.814170804 4.855945219
21.262458635 15.167036922 17.149375755 0.213575081 0.423850281 -0.604752619 0.639539595 -1.020848589 3.942773494 9.612482123 2.810110694 4.278653586 0.022038254 5.164451204 8.339762000 6.620011400 1.761368850 5.846589796 3.574955581 2.543941349 7.521750928 6.133525412 2.060465911 5.042017923 -0.252833344 1.978053254 4.553318892
22.087231615 3.603442524 18.628439621 0.304876488 -0.786476600 0.470267323 0.259525586 4.141138919 0.291150101 5.474298890 2.925484091 3.269391931 8.345059617 1.017749464 2.779266070 5.118904128 1.444098889 4.415970537 3.654288126 7.258802580 11.717458288 -2.452673763 5.947873276 2.902450936 2.799136275 4.543995796 6.314406735
16.813401613 -1.720595207 16.211849336 -0.072680390 0.747864601 0.185323950 0.633301771 7.219128092 8.458836109 5.091749073 8.127456466 5.131788109 8.392550022 6.129146305 5.118522211 2.752426092 3.033113931 5.633563979 2.439056249 7.104985036 1.992024186 3.679252611 5.391789686 3.707438573 6.845442942 5.770472158 2.897540145
20.702808394 6.645712366 17.827675069 -0.455241427 -0.698827311 0.529242709 -0.155877472 6.042169049 9.850753182 0.844932568 6.204959644 4.836388309 6.453857320 -3.729502807 1.367205937 5.252872540 4.299023346 0.734609941 7.468446164 -1.847846819 3.617073526 5.883175034 4.515387352 6.473132891 6.383702580 7.302139588 3.663884441
16.940691810 7.279328783 21.970209832 0.372389168 -0.881588505 -0.200802836 0.209299393 -4.770338772 0.079927983 -1.073961915 2.636920600 3.553569067 2.643002870 6.698426598 6.525028434 5.408510163 4.530924840 2.653101407 2.037368313 3.780874723 5.843049718 9.211938832 6.251017935 7.194825483 4.272753363 8.192181886 1.771063442
20.397113519 3.160383092 4.946691708 0.470407143 0.217361648 -0.840208261 0.159753285 4.713708901 1.330681160 2.233063354 6.137698160 2.490834256 6.669413867 8.119493838 1.407861969 0.648021879 2.006745385 -0.735010207 5.505875097 3.776527168 3.606264794 -0.453299906 2.657231834 3.701445357 7.864227519 6.082128300 1.215895320
22.975313862 6.928223754 15.953960776 -0.436706747 -0.142847807 -0.877567931 -0.136953451 6.635918246 4.963179881 5.073735895 2.935622871 5.093557259 -0.023704655 3.847644096 8.097165968 1.356632041 7.171948347 0.960071459 7.009841262 4.650676335 8.676884741 -1.714104869 7.216732555 9.194546417 7.632524215 8.107104863 5.691642991
19.336211722 5.782596263 8.455931179 0.421611892 -0.269888697 0.858722682 -0.109539306 1.987054960 4.956422909 -2.628955051 3.601613917 3.071654176 4.967981074 6.175531718 7.795868786 2.585068283 -1.576464494 5.297283220 6.746574356 1.814498241 -0.476003415 6.309029369 1.208934405 4.592241826 1.718738010 5.844431970 6.972319189
20.771112762 3.174932731 18.153475787 -0.590804151 -0.348500126 -0.361843710 -0.631321825 -0.900139341 4.127254537 2.466169950 7.094769829 3.437039717 6.958072223 2.662466759 7.747053692 4.462832280 11.444945356 3.740408685 4.241888699 1.814136187 9.974911775 0.634683478 7.266145597 7.738157093 6.377183014 2.629156844 5.924622154
21.176245821 9.775218298 20.186659413 0.164983978 0.037250976 0.949830264 -0.263087667 5.616087747 4.725117358 1.278021834 4.159218851 5.161174839 3.255710710 9.348609838 9.724207252 5.293606371 7.054600551 1.584597886 2.737966586 2.662065812 1.306761432 1.031762999 8.445157877 3.947317372 3.567799277 -3.453920568 -2.490456853
14.167145056 2.236379698 9.500769076 0.487661375 -0.443041168 -0.739770738 0.136528976 8.099443635 6.718987702 3.323232943 8.905877299 2.187258625 6.015232011 1.330427773 3.164385323 6.294904914 2.923021080 4.203935867 1.417901676 4.488980563 7.944826566 4.879557976 2.681819404 4.066613200 9.072243774 7.785042161 6.842704891
22.118326749 -1.814239611 9.312830909 -0.750705077 0.488435809 0.187763846 0.403258089 3.657270101 2.366196366 3.751008652 1.688777255 10.299192656 3.343882180 -1.461969032 2.231408244 7.602696989 -1.493678208 5.291097224 4.308078162 7.254847228 -1.575161146 6.869684659 6.374742316 0.623747393 3.096503577 4.900075608 6.658032502
24.130341206 2.526561265 15.013670131 0.469830505 -0.850672045 -0.108870389 0.209197532 7.269231421 0.846658903 -3.520201943 3.771122816 11.149975162 0.499517802 2.082775032 3.987647751 6.702445221 5.429444960 5.693174698 10.780998005 4.792757779 1.402050399 1.104443411 6.060227507 8.061963928 7.326346274 10.732277978 2.476402556
21.806524785 -0.909075695 17.040663079 0.885582743 0.374614504 0.227564757 0.153692742 7.638433544 0.094117435 9.249943631 2.154388299 2.906450602 2.813169759 7.218159589 4.663924101 0.749260539 6.181925838 8.638807407 4.806745626 6.807147705 -1.144626632 5.708270466 1.448375328 8.286754609 6.638945493 7.701144608 1.971654803
27.872950520 8.028962785 17.812093857 -0.476094976 0.266994350 0.837778042 -0.013249245 5.984403264 7.762632322 6.430328793 -1.678658164 3.803485024 8.420341728 2.809757470 3.954667226 9.023828456 7.225955919 -1.722105682 7.447301132 5.963561744 6.021609907 -0.323848331 3.327767104 0.486664057 4.312727226 3.717799842 1.312969153
15.247442229 3.338226455 8.851831390 -0.352869840 0.282605761 0.498890509 -0.739408628 6.560069692 9.137668041 4.134530477 6.597129629 5.682123919 5.861899081 1.856074236 4.806700329 2.515305747 8.802072006 0.162150364 1.999879184 7.377090745 -0.480608725 2.446549763 5.811274830 1.652193403 0.296270542 5.692769516 1.655425253
21.417809921 -2.344127126 15.528379432 -0.740419463 0.141039126 -0.498054738 -0.428752215 1.736475753 5.770778470 5.761707430 6.455109865 1.847161724 3.538864041 2.985646247 5.164024893 4.316181324 2.824076608 1.047496269 2.240109684 3.941808710 5.790622617 7.233510022 1.729579122 1.003919185 6.558452235 0.187970559 3.780242881
16.281865110 11.977410065 17.151098930 -0.603437315 -0.058205299 -0.672535382 -0.424466383 0.121429335 7.721025422 2.232899849 4.460992287 9.657033381 2.735150044 3.859210357 4.228178317 -1.729609594 -0.747817300 6.459871455 6.290492048 1.874456022 9.718632449 5.642820757 5.533747675 6.998755476 2.941914260 3.244535187 2.348010380
19.098101447 5.471641885 18.854995688 -0.794008735 0.596658815 -0.107801598 0.043899914 3.610105449 2.463407285 -2.563618726 0.678598145 1.776374474 6.272425884 6.293192365 5.154563974 -0.365174582 6.046424789 5.640035132 4.367534943 2.041660515 2.557845267 3.973841607 5.567538490 5.508835413 4.785177886 0.850158625 4.816908628
15.070528798 13.134976328 10.019355815 -0.378742085 0.227111381 0.235105803 -0.865852248 4.766934883 0.317157358 4.657303732 2.016058816 9.991617292 3.148277504 2.062197381 3.251587482 5.666023305 -0.249967337 5.371924534 2.116129575 2.306724203 5.159289995 2.338484704 8.074487032 -3.977295458 1.219490925 0.199541610 3.235080531
15.064134514 6.188579368 14.049938261 -0.264056820 -0.952545113 -0.042605360 0.145315473 4.937319902 1.960258368 3.956372535 6.264097231 2.958685151 1.536697035 7.661157964 0.866035030 3.633131669 9.150787221 5.394045751 3.159631605 4.692574600 3.601684343 6.228021566 11.409889830 8.032704859 2.547162153 4.691374407 1.112062717
17.434608905 1.521803038 15.758526211 0.297792652 0.210251583 -0.461118696 0.809001456 -0.313335672 5.228866058 3.628979970 3.013425574 3.553674431 8.173651834 8.023684252 1.361673106 2.321897363 1.033257354 1.323927219 3.105650412 9.528403333 3.078763242 3.320870380 5.158141824 0.984916507 7.753290648 4.489358065 -1.587899373
25.870316951 8.566497271 19.705451033 0.305852692 0.524534987 0.760750140 0.229295449 0.718653431 3.172851415 -1.455021833 1.598578931 0.594560954 9.964162178 6.684980701 -1.313452350 3.250313111 5.658365473 5.163401315 8.935496604 1.918763354 5.823722368 2.092510869 3.590433049 3.323649026 4.406088479 4.979681148 3.933677662
16.295265413 14.448416190 13.923463195 0.359563245 -0.167735723 0.910899608 0.113317714 0.730352330 9.740010459 3.585399369 6.098229211 0.369112882 10.469465550 5.627860821 7.410626243 5.080802359 0.692977104 4.448443056 3.030388852 3.440826148 4.567985460 6.536939049 4.856892077 4.424854525 7.129681026 3.195591707 -0.694150339
28.845507448 8.747814899 14.178181386 0.476262758 0.484773794 0.109871459 0.725325042 5.268521718 8.025971934 8.341634479 2.213851408 1.604764324 0.438051961 7.554529885 4.714942121 2.760026203 -3.411789162 3.725765153 3.930453558 3.623548104 -0.136868252 -0.077192469 3.391792961 0.429771347 2.597344901 6.301549605 7.328904759
20.098931311 0.734889835 17.523118737 0.578950853 -0.030603334 -0.809701795 0.090897462 4.929498436 6.492494258 0.427567280 -1.757622587 4.100946457 2.222946619 3.273593926 3.454731530 8.631392148 7.090756450 5.795648024 2.475776300 5.079859534 3.153322140 -0.918416893 7.292253405 2.990311527 13.151089576 4.983099165 0.175579997
27.506010570 3.944067152 12.915924832 0.602203523 -0.485431541 -0.545639829 -0.322465987 2.823431416 6.406170527 -1.698196255 0.602094570 2.612993470 6.802368526 6.004459149 1.470418688 6.275441736 7.318313184 2.560773950 6.285429379 0.419045727 6.045037143 2.299502267 9.771060430 3.345870899 6.415767679 9.120819507 3.808171148
23.320254452 7.199535724 9.352648166 0.829799482 0.040387341 0.444594791 -0.334868863 2.546736399 -0.477523746 4.188937993 3.173699586 -1.816124133 5.878319084 8.775687064 2.116099546 8.672636375 4.179936579 7.674635864 1.842823119 3.203957281 0.844722082 0.169050986 3.902828642 2.006463625 4.832484899 1.254141833 10.710490870
13.855569172 5.034580163 14.333355308 0.357484239 -0.037029850 -0.851248334 0.382374271 5.027364902 1.379519240 1.807278326 9.042956710 5.032600030 4.552134533 7.104310544 3.723795399 2.241846982 5.122932797 5.369595267 2.140696700 4.495814102 0.705889902 8.562587281 1.848197456 5.122416180 1.509869854 4.816457013 2.279999398
14.190232068 5.070475424 12.897960048 -0.840201406 -0.319925954 -0.319429565 -0.299455729 1.543981661 3.153971577 2.145126571 10.407871169 2.198912795 5.503005563 7.527013807 2.286727829 8.547734544 5.984075445 0.636854948 4.558509458 4.067213096 3.786129079 4.616851454 1.757217082 6.023661583 -1.308329467 0.249535238 6.562355768
25.229248547 5.661827416 20.774640375 0.919219442 0.191869563 0.343833659 0.000321588 5.378214191 6.511385040 4.957953295 8.534857746 1.839552182 3.506846139 -2.039499668 2.938699393 4.517337846 0.622787593 3.154224455 7.930539772 1.614361631 5.298751255 4.545988640 -0.379305498 2.035911607 9.806309863 -0.561730912 0.889716906
15.060197325 11.546786032 11.708225474 -0.255237660 -0.532112499 -0.781977098 0.200553843 0.138290870 2.802718027 3.479896950 5.790224752 0.093580181 4.154661698 3.926891044 2.034690999 9.610951251 9.442580139 2.690340595 4.521377093 4.749372508 2.113308841 2.511156266 5.579782555 6.488987629 4.134395397 6.090827482 4.070496660
27.207649521 8.201873826 12.645246476 -0.242783065 -0.624788339 0.405349013 0.621601233 5.284075312 1.524071425 4.900100769 2.969883156 4.412557904 5.950726484 5.191690070 1.994851712 2.909315550 -2.912172009 7.032432104 4.796630248 6.200439249 4.926360475 5.089746992 6.076652287 9.012968477 4.793867163 -0.418431118 2.537762123
17.888485331 -1.070701176 10.819514893 0.139585985 0.565160826 -0.224956899 0.781347162 4.982366218 3.419317244 -0.530363645 3.746552824 1.256275866 0.241225254 2.828725119 3.363712083 3.395218638 1.929944951 3.599521589 3.584061114 0.803849745 0.144871118 -0.953570709 7.279617833 5.917028113 -2.938749029 5.758696117 1.544017598
23.085303722 3.976749684 19.902365027 0.525190118 0.536276058 -0.658591716 -0.053294294 2.587788226 2.353896589 4.913761453 4.928857245 0.404403753 4.417211668 3.762402840 1.024298312 4.762251110 9.156013838 3.407725372 5.340618590 4.161831980 2.843125050 2.533218530 -1.074321892 1.091589749 6.990088143 1.854393437 2.007580030
9.556043130 5.532340156 12.376260556 -0.607947146 -0.339592997 -0.509694182 -0.505261028 7.589080561 5.054236027 3.087845950 4.516472761 3.990371616 2.955255968 5.434689216 -1.297136973 7.275539795 11.394696747 -0.635129566 2.800748459 3.979166744 4.806164803 4.255002305 9.953031076 -0.117540182 7.513390925 8.088045086 1.949148995
15.380398615 8.229088804 10.560398257 -0.242873738 -0.418424060 0.633194888 -0.604150550 1.156669089 7.520489546 5.485519241 1.303169073 0.957623388 7.380114416 3.973934009 3.987597243 -0.118556118 3.191431009 2.677239926 1.731111876 -1.604570105 5.669401742 3.522789054 3.848978209 -0.050756261 5.904525390 0.436853355 4.843414185
22.256659440 4.894836443 13.098296392 0.090763030 0.400396748 0.768687447 0.490473368 10.349591356 6.324487505 2.192605920 3.766347278 8.276003723 1.656946722 4.561755577 6.336896456 5.400492498 3.013452161 3.976777208 3.993077479 5.909558821 4.880880115 2.462600143 3.503532318 -0.947419329 7.571675711 2.646818141 4.495548572
13.874335257 7.030146089 21.613025781 -0.030076649 0.403113372 0.620310026 0.672168488 3.685963722 1.186233960 6.456325406 -0.954402854 1.995636687 4.413710464 7.190704847 1.679744163 2.725188713 -0.720567770 0.256830818 6.462524292 4.008117423 4.868957471 9.717949153 4.125799948 7.259348787 2.740336609 2.595168408 8.053597061
25.720399235 12.973632274 12.460780142 -0.649298746 -0.296035490 -0.458146019 -0.529977691 0.574613350 2.807545733 0.174362307 0.815950172 5.298902059 6.303947740 2.007269751 3.217828205 -2.174018660 0.129931178 1.042401981 4.550336715 0.766551108 1.759471547 11.030992086 -3.718114143 5.966045826 -1.031578226 5.678466396 2.899187200
27.397422697 1.739991820 16.966744518 -0.689488223 0.248835077 0.669398599 0.120799879 1.891497520 5.931554587 9.893666215 2.363850647 3.096041701 3.596307677 3.150895180 3.307715579 3.133307091 -1.574618759 3.231742652 -0.711405682 3.441685081 -0.608086985 4.698170555 8.171913328 1.434501850 9.885316354 -1.664016095 -3.966864019
16.620187224 7.602945009 12.328070404 0.905089770 -0.019441419 -0.385878714 0.177572963 8.688855354 5.138745731 0.485700042 0.189047320 4.099854521 4.253819896 4.244041682 4.370325894 5.530106650 0.861574165 2.229038704 6.337786868 10.108624183 2.242353230 8.308927769 11.609254901 6.460937107 2.278607256 4.618136395 3.314146477
15.653012928 4.431205543 6.594990655 0.354395094 0.429447823 0.781658915 -0.281048084 2.964975857 5.552355908 2.473436194 2.558726599 4.650452907 5.591434063 3.235551001 -0.615307562 1.577412800 5.756704412 5.140743643 0.004345739 3.376446944 6.058359910 3.838548792 8.741915132 0.274146526 7.565392974 2.893192294 3.253287063
26.346482278 4.272342249 16.376251289 0.101000417 -0.602208951 -0.039426409 0.790941751 3.899369513 9.322851809 2.434634104 9.292802420 1.569648125 5.798176358 1.354002008 -0.801400195 2.704412101 5.252551084 6.614734220 6.323001715 7.285778823 3.781227998 6.228129615 0.846602873 4.659059186 6.774813058 4.001460628 1.131953576
18.584207303 10.350901046 21.258290041 0.204303621 0.852038059 0.456929913 0.153317419 3.740496477 3.315279951 4.957479444 5.943565208 5.556993835 1.003614835 9.480468614 1.273085748 -1.002417247 -1.675900828 0.558201442 8.831439232 3.883341124 5.601412593 -0.103199427 3.210891838 10.511151699 2.572998525 1.044964592 6.537348366
19.749440629 0.482811762 18.226889870 -0.778300350 -0.072809354 0.571129789 0.250515721 4.593251574 6.034814893 7.023332388 0.293059441 4.153522168 6.794573527 4.090131525 2.686783030 2.678407689 0.201674860 1.874993102 0.886862202 3.833432260 1.195051934 8.750530474 3.156769529 5.445873636 1.226305467 3.487705949 5.217163585
10.185947140 4.720750496 15.241130868 0.296801038 0.337561529 -0.571347985 0.686675205 5.009507884 4.043476329 6.413644103 6.706316215 11.169561598 -0.148431160 6.064957162 6.659903733 6.612458735 8.409402280 3.642546209 1.348189974 2.273707122 2.531122997 -2.250123347 6.384842789 3.067143731 3.576825738 -5.824272322 3.896586479
17.145199566 -1.485398427 19.660495541 -0.169529837 0.847946080 0.358367886 0.351880005 0.050086489 -0.519140825 4.587945158 4.841907448 6.103978903 6.158875732 10.487432303 6.047412334 -1.342579338 2.421681352 1.790847892 6.307316325 0.879291356 4.045842447 7.936376954 4.213860822 5.513326388 8.798423340 8.100481539 7.424516642
20.551046196 9.272376265 6.939996253 0.527568388 0.804402843 -0.266835485 0.058365108 7.023629598 3.642999532 3.089211706 0.105638064 3.860880563 3.101135294 9.308630967 2.853256782 5.694235896 1.726086622 -3.566233968 10.399456233 6.619342444 4.931295065 5.649305999 8.610093937 4.360180397 4.570323535 4.797801056 4.152858951
19.527067441 -2.002903533 8.498925626 0.246604420 -0.091001819 -0.954794568 -0.138824570 0.998109893 1.598203320 0.808148920 5.065176198 -0.240090335 3.786694397 4.039887134 5.179517150 -1.172871187 4.715788439 -4.536719735 3.343054134 4.126199266 1.484252593 5.005497669 6.035257944 6.310488291 -0.081151831 6.312273869 5.714451986
23.327953158 8.053058296 16.901807553 -0.477871086 -0.874959603 -0.072898512 0.027761955 2.492568488 0.278606950 4.823124658 1.745840272 5.558270278 2.482249062 11.735853050 4.075426298 8.981515643 2.975271455 3.593266418 4.022328259 6.756486935 5.770754200 0.094799135 3.704014931 3.237490521 0.928542396 2.460686813 2.152351521
24.649616709 9.773551033 16.549441565 -0.402679414 -0.222045667 0.824514117 -0.329729407 4.420008860 6.838161361 -1.319602574 1.851457231 4.265688098 2.973240699 1.288862155 3.147504765 -0.451983592 4.773172013 5.764042379 4.136979589 9.147405366 9.953465947 1.228992360 3.744396760 6.350038207 3.891619063 3.944551707 5.390114421
11.707327952 12.391076212 14.305353924 -0.754444302 0.406308466 0.075934219 0.509863922 4.573019392 -2.059371143 6.191717259 2.511919643 5.059834849 6.256370576 3.043843305 2.510582146 4.091531426 4.255895205 4.929676059 7.344135428 6.732682542 3.618444847 4.216308556 5.686251930 -0.179895741 2.896513714 9.269621228 5.159429761
17.882324057 10.267219714 9.829619782 0.075467924 -0.469275577 0.567845216 -0.672039311 3.882651526 7.686991042 3.540075068 5.160332556 1.246447997 3.623043011 5.777617102 2.605444034 3.195570165 3.884210388 6.039845739 0.120690520 6.089006845 2.896438280 5.272086055 0.730844320 2.935503407 6.058743385 3.335048971 3.775844309
24.931360740 -0.417366910 8.835297284 -0.004904820 -0.712575962 0.507092083 -0.484839212 0.316172460 6.642449432 4.477184195 2.807426679 8.971471641 8.358288791 2.832254596 -0.132002734 -0.562432569 4.573251820 4.868831519 7.080880353 4.158684688 3.891302231 -0.612922224 8.305491663 5.333853291 7.076187631 5.440776720 5.228246060
27.722877777 1.633723045 10.625283438 -0.209233733 0.421149426 -0.145601517 0.870433573 0.670669154 4.568201904 3.566438132 1.233078017 5.360575113 -3.248489188 2.372053968 -0.605768890 3.223839300 3.494841341 4.208878676 0.541321538 4.188369465 6.127391220 7.853141905 4.726072997 -0.230897213 3.501072430 3.120513163 3.516004212
17.291902291 4.159635456 8.379223931 -0.312498032 0.031236497 0.568233150 0.760578956 3.801343946 5.304439667 8.976940753 4.083512587 1.012811115 0.418857788 2.694456716 5.116657088 2.417708588 6.181374537 -0.223849233 5.529767394 6.296625696 2.652351915 -1.535247407 5.921992040 5.946155207 3.624883149 0.625607217 1.771634206
16.183440648 5.344651337 12.984901006 0.600866446 0.538925788 0.152310075 0.570368434 1.469338970 0.026317231 -1.489755972 5.639884774 3.726720032 8.890492572 6.105548279 11.621006829 4.381846455 -0.381591677 6.134432414 -0.144511961 2.675463223 6.936057746 2.357771431 10.085034307 6.274012843 7.770603470 4.312128739 7.422737162
24.352753401 2.311452225 7.462929524 0.909589752 0.226493927 -0.004559727 0.348319097 6.782343775 2.253471328 1.978793547 2.059318337 0.189228491 5.784790932 4.114248282 1.857632881 3.542317738 4.831449771 4.788990007 7.823722484 1.247669376 6.564312206 6.699823523 2.565884282 5.679003232 1.165697300 5.248531834 1.149234518
19.139635055 6.350035202 20.110790158 0.420397202 0.542191484 0.492175387 0.535777916 0.990314515 6.630898264 2.562099296 5.839302342 1.257528952 6.810779493 1.864667489 6.979926045 2.858920018 2.062627849 1.468607612 2.482818342 1.463584398 8.310339474 1.711205451 3.085658245 3.284381758 2.433553901 2.428810737 0.630356483
25.607788780 10.250417136 15.754558088 -0.463400070 -0.420156547 0.709699555 0.324122498 6.674857297 4.624569189 5.609570278 1.136999287 6.301804101 6.148047643 -3.125287042 1.188670505 5.234694179 2.484529939 1.208422236 1.800901956 4.765802460 2.891490823 9.550761639 7.579905464 4.728300280 3.474770925 7.545723903 4.674211278
10.618913761 4.082084123 16.239441192 0.366201089 0.192092357 -0.667896532 -0.618798442 2.734502052 7.600806809 4.343694089 6.362901533 -0.065547243 -0.414051130 8.498135992 -5.087628307 8.616073918 0.336166257 6.511051516 5.173725473 9.045398294 -0.453984415 5.760935919 7.661544176 2.641919736 2.535412664 -1.846047153 14.111400384
16.297259717 14.500049377 15.144411913 0.057409711 -0.736197821 0.616710541 -0.272736141 -1.373127756 2.753295734 5.455735646 5.328396374 3.096541567 1.288426538 2.656049263 8.657035183 2.484664287 0.686850463 2.500871090 1.221733118 11.191599606 0.985987540 3.016099535 2.227464332 4.346702382 1.715983592 3.851269658 2.168620406
18.971740863 -2.093672987 16.999480998 -0.695247213 0.326097809 -0.030857658 0.639796324 5.756042157 6.459166646 3.636254891 6.413874017 8.808452519 6.218835169 4.620657937 4.767641981 2.885982061 9.007561568 1.757849450 8.078661704 -1.569376804 7.497931591 4.150078397 0.928917015 8.963210984 4.320958942 7.956164809 8.850057155
23.124499625 6.505760907 10.776273232 0.642780836 0.590913876 -0.112793205 -0.474269208 6.119860198 0.759805236 4.851826524 3.394704183 -1.027818539 10.160620716 6.077979888 1.909059968 -1.442522738 6.209643137 0.754518307 6.928468848 5.076107167 4.453666869 1.749111671 1.476554704 2.336179903 5.996128904 3.482604413 5.054548828
12.998424301 0.128274708 11.410883022 -0.112482418 0.594776999 0.410929993 -0.681707098 3.047314915 -1.347966278 3.775693028 6.897150757 3.703358991 5.974405531 0.958132599 7.280886400 4.919692011 2.433287611 11.671943199 -0.006186081 1.044730835 1.865637171 5.547801019 2.670492895 4.967793897 5.994541474 0.251967671 7.255192110
26.862968657 6.378387238 9.648180401 -0.578625011 -0.548670569 -0.253283333 -0.547723704 3.434408271 1.379490988 2.872007304 4.145583859 4.018452066 7.642554086 2.343687803 6.323171711 4.513773315 3.617030618 1.728616508 7.817762417 6.926303802 3.060827143 11.033829301 2.184160305 4.243934431 2.339875440 1.583588067 4.878159020
16.527551873 4.235222760 20.303892530 0.466810706 0.796252621 -0.258961903 0.284619501 4.913715570 1.021679945 3.804625169 9.725344983 7.120552021 8.670914769 6.094077758 2.807306020 3.430875757 -0.007326377 2.797342880 4.819747760 6.587648987 7.665233283 4.952694548 6.807899409 0.531214781 0.510845863 2.405404641 6.079259287
25.587500109 8.259539684 15.997875968 0.802663907 -0.087757738 -0.164956275 0.566408563 5.301193652 -0.848323222 3.411128163 7.528130537 1.612271517 0.539781285 5.832027315 7.131894129 3.529466993 2.285926529 11.136810950 0.621952982 7.300124554 4.095513871 3.203938664 4.453737813 0.964830946 3.556702336 6.310210576 5.157227411
16.634663932 0.460813666 13.546841560 0.632420659 -0.100200691 0.616711373 -0.457898476 2.837061593 6.158091660 0.576212352 5.563332639 2.532990656 5.870971069 6.012975279 -4.794932409 7.244282284 3.643873133 6.049546316 6.213653898 4.244972555 6.311483688 0.081963916 9.106421571 3.211709971 2.727217997 9.690486283 5.767541335
17.482148151 4.999392359 15.394482642 -0.640303085 0.206050372 0.050621162 -0.738236210 1.742914622 4.434192828 2.255110011 0.473078025 -0.532102742 5.882559548 0.809846994 2.717483696 3.122182040 5.131274253 4.165097731 4.265225632 6.232485536 2.910341652 3.327946787 9.286461449 7.675626196 1.106489862 4.539198139 10.109955168
22.669090989 1.738163730 10.576441263 -0.647621744 -0.106460892 0.230451513 0.718431803 5.042589371 4.525588440 3.480608185 -1.352166749 3.679575533 -0.099044138 8.337244520 5.199904507 6.492466772 4.058399494 3.952144033 1.437557008 3.751287228 4.733409315 7.974242796 7.732973415 5.662406983 0.012064507 4.333900529 3.920843753
24.231824201 11.200929115 11.878957900 -0.924930849 0.136374190 0.003529495 -0.354813397 3.176529257 4.585575575 2.839886171 6.801874774 2.044959157 7.176057777 5.863830013 5.902807733 6.881036318 4.429356392 8.302451721 1.932236491 2.884620652 5.030117262 -2.046015237 9.693599122 8.411708025 5.659928746 7.390137584 1.129877269
21.017848373 11.832157169 9.818348968 -0.317543503 0.366101754 -0.843100801 -0.233059368 6.654723387 0.553341002 5.371172143 4.889301626 2.614283937 5.067196695 7.865901787 -0.506279911 2.812922397 -2.222128736 4.202146133 7.125168974 5.296704549 8.342489637 1.526701178 4.153231862 1.341771600 5.059925729 5.925413995 3.603200964
15.673790159 9.069700445 15.609315369 -0.022184754 -0.179593173 -0.557193958 0.810425210 4.431273841 -2.164658764 -0.582105834 1.798291642 8.141692449 3.912170755 2.969173809 0.718522339 4.487796560 0.850270122 -2.893126333 2.806727045 6.801209991 6.980316653 1.843095928 3.342557287 1.773487203 1.665762334 7.111124125 2.416446152
16.284414455 -0.947090532 18.528345026 -0.611087080 -0.089191278 -0.777364496 -0.119674292 3.258806451 9.808153276 6.789614870 3.839666148 5.646043545 6.987069708 2.059773649 9.395676994 0.568467952 5.784880962 7.127155929 6.993941970 0.990295368 5.247129029 1.857458877 5.024745072 5.010089024 2.973277358 1.796218800 8.990355390
17.179513287 10.500856517 15.124125105 0.156044909 -0.198986069 0.802906134 0.539811329 5.769451218 6.256669616 3.175180462 7.492122697 -3.737970935 2.235341474 2.177270619 2.578300073 10.966761201 4.721421163 5.698923193 -0.349974791 7.522290134 2.631082771 7.709521797 -0.139150872 6.068307418 1.869173501 7.395362776 4.408031207
13.256052343 7.763465723 11.869221142 -0.454259034 0.327979323 0.817485674 -0.133399651 1.867703302 0.217982674 6.897681099 9.996256581 2.477918326 -0.929078068 4.093997114 4.832501740 4.549186787 4.033353944 1.403407538 2.342747817 5.537354948 0.137368977 5.245339256 -1.125158089 8.692072744 6.294731343 6.962754071 8.927378770
20.040187432 9.748241848 17.337428651 0.230370547 0.543302592 0.762692366 0.264673496 5.271731388 6.244852095 6.944406933 3.801476600 0.672388819 7.956829938 3.667520861 -5.264673050 0.267270314 2.873921307 -0.291941405 7.766288038 7.390437456 6.147706227 1.632195022 3.512326932 10.394520169 4.900883721 9.656448594 7.424887961
25.552310156 2.296495933 13.574034578 0.100880169 -0.334754971 -0.807666898 0.474801519 2.022689495 6.097543337 2.592217374 5.835002112 1.365532005 2.025104245 2.420820681 4.070230940 3.429488485 2.669811493 6.700953056 0.746519174 1.743570766 2.900060576 6.451940170 11.335079120 4.360072975 8.712617295 6.464248782 1.086818622
17.283485972 5.691927986 6.836858750 -0.011996028 0.830362998 0.010510840 -0.556994532 4.858312175 6.406397658 2.706412201 3.466454529 4.429874340 3.176217308 3.011139414 2.241547687 3.119027793 3.251866535 8.040172865 1.151759029 2.094400668 5.217616304 2.859097557 4.685388532 -0.548014687 0.871591370 5.404787960 6.220825330
19.761836898 -0.111468843 9.647732594 0.796937260 -0.315932815 0.360529644 -0.367553853 0.127434221 6.933499953 3.963437547 6.408900447 5.887048975 8.309699078 1.301525369 2.041042913 0.124402922 1.735219345 2.427520117 3.272694730 4.655905428 8.847759903 6.107166837 3.841060460 4.017869346 3.975889094 0.712695842 8.637030007
15.214918998 4.489653171 18.143968807 0.509997299 -0.649063392 0.562312943 0.049230299 8.320876911 7.461339043 6.386980907 8.712835487 3.855533064 -0.110601720 0.856386818 3.345633315 3.228216432 2.174539856 -0.707461264 -1.026621690 2.489592343 6.495183503 6.251856529 4.407053771 -0.278696702 1.744778973 -0.754238829 3.681753801
16.413422156 7.234853434 11.310194796 0.409218390 0.185701867 -0.148065990 -0.880983308 1.931732937 6.672078140 0.685950530 5.905516527 2.846069378 2.645107306 -1.006975306 7.588216525 8.028808165 -0.609629605 4.078485887 3.833908031 2.953836554 6.558969105 4.401862323 1.659598711 6.887918338 9.189713273 4.573259443 5.100846221
21.222499649 9.513013523 20.248854515 0.407140174 -0.861762144 0.294493448 0.069831909 0.743342481 1.941231332 0.560573528 1.529348028 1.728767314 5.263007877 8.482649771 4.412668301 3.201423883 1.268709333 2.638882555 4.670786952 2.737850804 2.955975247 1.139925636 1.009144284 7.285534459 7.719321204 2.711469268 8.531161048
19.097681979 0.278070702 16.836813753 0.101607294 -0.072749031 -0.751469705 0.647824682 5.275120973 9.095042397 4.359760908 10.095015395 0.882778528 3.455168823 5.680992092 4.743643801 2.454485740 2.673505570 9.258410098 2.479326116 4.154255209 5.232880155 0.527915006 -2.134764413 8.163845645 1.611713436 -2.720409129 9.060388407
19.265910736 10.033889346 19.263229272 0.958459359 0.112006856 0.234000911 -0.118548278 7.141051457 -0.902421306 -0.686059975 9.691830955 2.279304101 -0.718798371 4.757414959 2.265919271 2.672491496 5.841481398 2.104949646 1.091416628 0.302924980 -1.905423438 3.847119135 6.298021635 7.892814726 7.455558256 1.739826914 8.232717967
22.212655151 11.949420492 13.140573467 0.051387938 0.174583694 0.579717544 0.794233834 7.857958239 -0.991276621 4.677976900 2.580870203 3.050216010 3.418659788 6.163679892 2.279428118 4.828299270 3.481280314 8.573030893 0.118309048 5.914381867 3.137654143 2.936305159 -0.598563274 1.583544526 5.182823500 8.353709642 3.626545455
24.278385815 3.086517590 20.775909210 -0.331437992 0.278401628 0.726280753 -0.534001553 5.257840907 6.071116564 2.826821462 3.054639096 5.855877555 3.130359905 0.538248424 -0.337796527 4.717033896 4.956876661 5.379892840 0.015318485 -1.004816195 3.406087861 0.854059810 7.284613305 3.262990215 1.867118539 1.220006160 9.933572289
20.296344875 1.831128176 21.131633365 -0.347975271 -0.485164002 -0.791788837 0.128839198 2.956382609 4.534237129 4.352267787 4.817049411 5.271556062 9.646178679 2.093179083 8.070844750 7.554570493 5.155794385 3.321982065 1.068250375 3.750032877 -2.000771181 6.306720822 5.553120216 7.170375004 5.995588716 1.908295933 8.907132402
13.608824788 4.128683673 7.394244903 -0.262191494 -0.797290269 -0.540736360 0.056462692 4.280150257 6.854012031 1.626345364 4.978668746 -1.344640995 1.893593484 2.494529478 2.799415223 6.420824479 6.007020758 1.119285154 -1.010547689 3.175403569 5.230305223 1.663470233 9.694129727 4.994986406 -0.906780687 1.541981014 6.977582213
22.206553807 8.165821510 8.384519309 0.614534191 -0.116948719 -0.475887462 -0.618224755 2.056344113 8.227925774 3.415125663 3.329793926 8.598557663 4.198748164 4.561935899 2.611996230 5.192456085 2.253180999 11.071675856 0.465136902 3.692650802 1.790258668 7.809459273 3.851227354 -0.085083289 2.274009481 5.473959582 7.858326577
23.682161140 4.657299334 17.849398042 -0.524512967 0.012730601 -0.715798262 0.460822013 0.250970608 9.759750064 11.051864556 9.734327855 2.988898098 4.854297693 4.366940535 0.699083255 8.593994145 1.650677765 2.352981097 7.064748598 8.306734134 6.213777116 -0.076344787 8.449610442 0.961488584 5.561360592 3.207744841 -0.247489092
28.281071086 6.969615521 15.307303238 0.613563253 -0.225487559 -0.204703086 0.728554831 7.001533396 6.103861712 3.641306809 10.314718994 5.310350688 5.875224910 -2.711430459 7.578900007 4.552678803 5.585275062 3.734210671 10.364147032 7.623755473 3.179354573 -2.123792183 5.214426622 4.931968018 8.240986800 8.796929645 8.453064278
22.688692306 0.308664882 15.566864517 -0.862961843 -0.478968426 0.066298774 0.146596644 1.694863081 6.439708346 0.681730205 3.894022216 7.152504134 1.967910632 5.435646210 1.261520357 1.264548636 -0.631036038 2.944588086 2.012310981 5.678254616 6.455528039 4.596055556 1.330893394 4.642982643 0.578829555 2.811435415 4.599500309
21.940861063 7.007541538 21.473349532 0.230586369 -0.263624265 0.604259606 0.715683241 4.841361707 7.536209381 6.882405492 6.339822571 1.332463120 6.548687324 7.666098840 10.015168428 2.312698485 4.771367706 -3.314617112 4.115076297 8.629554716 -1.268672294 3.636840730 1.371032696 4.843954628 3.006122185 6.458795864 -2.751020632
16.545769561 6.233434008 8.502875809 -0.372985170 0.746032268 -0.456439090 -0.309808449 4.123030105 -2.795494263 -1.056885014 3.004827995 3.751192897 2.824665856 8.582070949 5.808049345 5.387465406 1.044503484 3.138094159 -0.111743478 5.358368170 -0.638007804 6.848172443 0.491128229 2.632281555 5.072736234 7.823576071 10.121706690
22.237986105 0.190859993 12.420559266 -0.031096320 -0.841172408 0.537481546 0.050750235 4.315364258 5.401098786 8.887893520 4.500178488 11.362009498 0.481331693 2.078796232 5.888597900 8.888762619 8.253355116 1.121806577 4.492779322 3.333971520 1.095112239 7.022553827 3.644695641 6.874468003 3.015784981 5.007381132 4.992889013
17.338606422 4.912623443 8.448087941 -0.145675481 -0.406943288 0.892864235 -0.126369586 6.351376338 1.121285647 4.054635164 2.102695061 7.547279959 -1.696888325 3.909886200 4.313499601 0.730500120 1.510815119 2.657138207 6.933481405 3.411763885 7.554523679 8.459758904 4.742349151 3.911968662 3.825608859 4.582934568 6.471245153
22.330534970 4.649976799 14.198134231 0.460119413 0.312951939 0.354987516 0.751222386 2.694528969 -0.158341273 7.055931373 2.994687656 1.933205700 3.515329772 1.086076227 7.733356737 -2.984765087 4.772454107 1.132762720 3.830512793 5.297572860 5.183653039 1.874900698 5.753896106 4.730106846 2.179283598 8.448344382 6.284816479
13.506061041 5.539531951 17.015357437 -0.120442877 0.861177323 0.490575493 -0.056593435 3.968439451 3.438311624 7.399620738 5.662836356 2.560286376 6.949598410 4.726743488 3.757930512 0.238246966 4.388758223 0.645702375 11.378023739 6.439918223 5.786248511 4.140334111 9.713745469 7.324993578 1.038622432 5.723364036 3.032417948
18.039134120 11.568844139 20.494421354 0.177751662 -0.247928559 -0.919995712 0.246056224 2.935572705 5.115638385 4.022900371 8.617969485 3.755314123 6.186057309 1.888823049 6.170321264 5.189989368 0.363935538 9.995802513 10.370270504 4.089287489 5.361199688 3.116133941 2.809321780 2.815963602 1.864954853 3.502971337 0.509950277
15.947542513 12.411886763 14.070179180 -0.688259865 0.365441687 0.553328318 -0.294242256 2.399104506 -0.868212991 7.515822944 3.117660680 5.064174623 6.827936145 2.166078121 2.651819789 0.261932105 5.424880344 5.252034150 2.052391278 2.751568003 0.832386175 6.700127889 5.844508924 -0.620067515 2.708159695 8.846858742 3.925691925
26.681214095 9.101475747 14.180631201 0.467297340 0.195427414 -0.123652880 0.853317811 2.166601420 3.855485257 7.242857038 7.026161242 4.196884269 2.605850618 0.222365768 5.333705362 -1.609743748 5.358050742 4.983920884 -0.482332589 7.381078423 5.511715455 6.687834998 6.801687731 8.185892469 4.469515743 3.599487036 -5.121405123
14.962819863 3.813457947 9.011870882 0.686028944 0.268404577 -0.675078492 -0.039903636 6.564566871 2.804662004 5.922983056 6.095417603 3.363612838 6.576073029 6.239455336 3.770901010 4.234499862 0.139718259 0.691415230 6.671786705 6.027319216 1.348796635 -0.634926994 2.035033884 4.814859083 5.396335976 6.020654707 3.173401510
19.129377177 0.225954590 6.916322338 -0.869295818 0.415669884 0.000083217 0.267475834 5.763824552 6.494818350 2.518911605 3.872896114 6.613385965 7.573710424 -1.230592203 2.946139248 4.631027584 -0.727639117 2.803029359 10.003583035 8.363738551 10.090234236 8.965998410 4.676810504 -1.636246053 4.927396544 1.577006476 4.778242317
10.936968893 7.623126922 15.558908505 0.418544598 -0.540346839 -0.715336287 -0.145395012 1.092084025 4.894888474 4.312116108 3.229106720 4.062760232 9.180364208 -0.436588108 5.646255477 4.340101356 3.129967956 3.762418657 1.120085198 0.484845964 4.651595682 3.130740600 1.100145589 9.277674312 1.238631820 4.561421421 5.263302030
19.648413188 1.784171514 12.803850940 0.244589917 0.896052530 -0.294092666 0.225333396 8.652584806 9.250414061 5.937969359 3.521219959 3.040070642 7.463302424 1.104305276 2.056735749 9.973695086 3.846633393 3.275684847 -0.278884703 2.325193540 6.001162791 1.744330194 -0.748090106 10.198538837 1.037337815 7.345029010 1.265681123
24.928372029 1.778876608 10.363344999 -0.200054641 -0.398985248 0.445421005 -0.776137256 1.992025915 3.359426963 6.586548984 8.341726136 -2.793591380 2.774455507 5.784742009 2.177058336 7.873526396 6.384750798 3.589816373 5.597871898 4.976203999 0.389965874 1.407753710 4.454343934 3.525863786 9.664774500 -0.402447391 5.889279006
16.426330883 1.116582533 11.302781732 0.353509838 -0.399109238 -0.326620682 -0.780423949 5.136155202 6.478882603 10.255728781 6.000092397 -2.203133060 4.908367560 0.002194652 7.184022339 4.378470820 -3.493233731 2.542682299 8.034321626 7.035983839 7.271886839 7.110970318 3.026699924 2.060309803 3.101389671 3.288220388 3.694830272
24.077110096 0.971286782 15.289359275 -0.886106130 0.207631265 0.363819378 0.198344763 3.290104635 6.246105522 2.160212066 0.057350848 3.403029835 3.301228638 4.710674732 5.588222132 9.705158092 1.487831260 3.803699853 4.867670316 4.334919694 6.009166237 6.556415826 1.624048388 -2.274490571 7.382145864 6.162249458 2.799723025
22.616949811 5.691600312 6.260884413 0.094880876 -0.184621521 -0.056999301 -0.976557010 -0.515119315 2.837799860 8.939253442 3.309794257 0.592980073 5.255564842 4.235585692 2.105117195 3.268663850 3.929412340 4.676699160 1.301078636 6.396153257 -2.143423005 -2.110120273 -0.185704270 4.471196724 2.015696669 8.987111767 4.051311871
13.289657375 6.045265155 13.401025022 -0.685405458 -0.689060652 0.224317379 -0.071389700 2.481608224 6.214457517 0.729348940 7.702868858 2.129645317 5.430606010 2.183545197 1.605845279 4.543082636 3.992491715 4.595293378 -1.025000455 3.094789259 1.961361588 1.972164722 3.224875044 -0.740705344 2.239489419 6.533315935 2.085640903
15.905338099 4.051584616 13.073396031 -0.120504799 0.215953025 -0.968490219 -0.029488654 1.349180124 4.297555226 1.328557629 4.858718733 3.064921172 3.132641741 5.640606261 3.127719617 6.265164292 5.076994768 11.571290709 3.235067110 -1.890244173 9.475956595 10.488930919 3.697592983 -2.729015829 1.712710210 5.165402937 4.849011852
21.764935939 5.078422831 10.448443492 -0.431618391 -0.599478304 0.169840523 -0.652292515 5.049236621 -3.599173513 3.556657431 -0.190396847 3.753169801 2.324564459 6.366002267 0.583915446 3.706841714 -1.850563854 2.912094775 5.918772733 3.223127117 3.315471992 5.115199719 3.832235931 3.461699017 2.063470307 2.774004537 8.434660673
17.538570068 0.162151763 10.581136827 0.439455422 0.480758870 -0.421909724 0.630667921 2.992931188 0.393642406 -0.538010270 1.618048452 4.871494958 4.942706979 3.703887714 4.447112868 2.054726415 10.250676045 10.114810349 2.260064246 1.629141922 3.913991711 6.609973277 2.437546738 4.640478800 7.521028427 1.834925790 4.685767743
28.170735004 5.024561612 16.361832401 -0.562957892 0.102059477 -0.447998235 -0.686993346 5.503688882 6.392776830 1.723812656 9.903655931 0.110018682 5.706062875 3.192059163 6.429059348 10.535005841 7.391744886 3.139778908 7.452968117 2.029393848 0.339076945 3.238651532 -0.000963321 0.108514611 0.537488282 4.081449759 0.990615240
24.201030550 1.918162517 21.291477006 0.032428652 0.465292247 0.802750088 0.371542466 7.726802483 5.295582034 7.519670974 1.705575230 0.600156761 3.116184270 5.604610352 4.057630456 7.421032462 0.847118379 7.921385854 3.369299247 1.756207174 -0.498466716 1.359638998 -0.974675589 0.444916401 6.709828476 -0.137138543 -2.954535998
23.541770297 11.504730899 7.830616628 0.759302598 -0.154719598 -0.386484581 0.500151056 1.495036484 5.193102911 2.643536270 2.184481053 3.076342576 -0.593467159 7.112727249 8.689035821 5.177910124 1.386554707 4.687025032 7.182241256 1.654489502 7.225933586 6.582403616 1.903075493 6.618736414 -1.482719643 4.739712406 3.703856949
16.515001705 -3.438946092 14.970996193 -0.099398816 0.959872877 -0.126356765 -0.229777943 2.605609154 0.890703527 5.364743831 7.307336467 4.580149588 2.795638358 3.001759932 6.196511252 5.533830492 8.576033075 4.721584377 3.013775469 0.759025183 4.447539151 5.829034392 0.440293458 7.477601721 6.939193161 4.456523583 4.086930004
23.780818803 0.940036299 14.936904591 -0.828379544 -0.457357388 0.148710234 0.287222592 4.648698304 2.865081203 3.039337264 -4.414584128 6.811115293 4.628865617 1.523593051 1.447994463 -3.018125788 4.533702488 1.391297353 5.295924468 6.484935734 5.940301322 8.758427369 3.582429423 5.904640987 -0.508774321 3.186647625 -1.908228910
11.376481750 9.481842553 16.295454829 -0.041881153 -0.138828360 -0.504231012 -0.851307079 7.331039560 4.023048357 2.553777173 2.193697284 5.294995856 2.434971045 7.945481140 7.595389525 1.740129627 0.744798984 2.158365635 5.885074010 3.347421155 2.010285861 8.612983606 3.362940551 6.292391388 -1.613350194 7.985372604 6.963277645
17.554564326 6.574762394 11.004746430 -0.439874194 -0.634750567 -0.176889241 -0.610174243 -1.245787925 3.371206129 6.609464059 2.323927569 -0.473148101 3.567481906 6.388774662 6.727637878 5.605623128 2.670019263 4.578916942 -0.374096855 7.274898695 7.565723730 7.717295984 4.700412306 5.960470756 2.766399097 7.256466009 4.344246380
13.379585069 9.466237494 12.143900506 -0.758718812 0.234950751 -0.035210571 0.606551008 2.048243067 4.286549886 2.865231671 7.487341298 2.286789190 8.476906391 6.813844900 3.891215545 -1.092707983 3.445033684 1.979853285 7.141922509 5.397820180 2.863426130 1.336054865 -1.557672992 -2.811165669 3.197320328 4.719624294 2.916017885
12.592524014 9.435313374 19.581398944 -0.300257405 -0.200049753 0.664344479 0.654577727 5.397549512 1.525078852 2.584219794 2.224896815 2.817677108 9.172189606 4.836297086 6.470125294 5.392102259 4.415833187 3.044621996 0.850903774 2.614705192 1.963559927 -2.525564358 3.113016928 8.391019197 5.668585798 4.666096114 3.651506333
14.142274316 12.988484388 15.111220664 -0.780214153 -0.030607128 -0.114784386 -0.614128345 8.665376200 4.326507783 -0.430324061 -0.886094681 5.316838337 3.535415290 3.702741417 -1.319403159 -1.028752571 5.068372347 3.987455616 3.267971587 7.675329856 1.242609886 5.853260731 4.627455361 3.747398554 5.464670572 2.917084827 2.484402605
11.553809605 7.162701436 17.167418975 -0.056771380 0.763499711 -0.016886084 0.643086356 3.232564366 6.119768942 4.118092299 1.750256943 4.545701879 4.199133089 5.303157591 9.162854741 -0.896390089 5.777035409 5.418515182 4.357143288 5.209269480 4.636333108 3.134090751 5.901607701 0.890105507 0.264966584 2.964415561 3.446560087
18.401117028 1.767033152 7.330939532 0.601752873 0.256288196 -0.756276925 -0.015970394 2.058552818 10.847100667 5.077273540 3.709022654 5.629244542 0.966172489 11.644649261 7.013532884 2.762374544 3.830327914 3.594682790 -1.054779429 4.912771375 4.519230108 -1.381231123 0.619888617 -1.827164012 -1.648454785 0.890346645 3.547273870
23.371141272 4.463891390 18.873314741 0.274211332 0.280525097 -0.324399994 0.860742969 7.539540947 6.742289342 8.206638779 3.684808055 3.619684715 6.050189172 5.304005220 2.130041379 6.650473034 1.352250073 4.297927856 6.563452342 4.169153660 -1.904052423 -1.854570578 1.887630089 3.957280548 1.832562511 5.166422610 5.741594217
26.004048569 10.925907679 10.523187073 -0.163354866 -0.705149471 0.689860381 0.013117425 5.737589409 4.545496023 3.489015868 3.068678919 7.723461791 5.675045060 7.871421566 3.069361477 1.188105895 5.662640846 11.610247560 6.502335215 10.036384431 9.452113884 9.849579526 -1.300608151 0.291595167 7.802577551 2.689076953 -0.520430775
23.441126946 10.356038685 16.260846926 0.474010837 -0.527564578 0.264954688 0.653290407 5.008720632 11.948988875 -0.529013483 2.919193199 4.189865304 4.745004655 2.274333346 1.952079415 4.083568820 3.242695654 6.746836315 -0.909754639 4.875441271 4.308904264 -0.935242727 9.459994836 11.263023037 4.160825280 6.374856653 7.092525241
11.509981055 4.358680406 18.581206857 0.441080535 -0.274819128 0.689325812 -0.504729962 7.441981185 6.869765513 6.499541852 5.643801559 6.842304348 8.542885786 7.403313527 2.385050392 0.566946865 7.023270155 0.604366333 -2.595425680 4.418201417 8.056678124 1.036762958 8.485194853 2.874697745 5.167390734 6.245797294 -0.404323548
15.255992189 0.552481499 11.262936839 -0.796525406 -0.267156241 0.540407119 -0.046205685 3.824503206 3.834272095 2.815977144 -2.376008611 5.796609293 2.111874903 1.200303110 4.182621831 5.325657193 4.897929416 7.841017143 4.600148107 4.006797927 3.369468776 7.725964981 5.320284636 5.669989243 2.294566036 3.480022245 5.450697266
17.227308207 6.310646969 21.458974279 -0.042437885 0.300437200 -0.715807846 -0.628932144 3.650764141 5.783263828 -0.670522871 7.317723354 4.051774504 1.191319153 5.826673177 9.619497153 4.330610148 2.033854135 3.290138563 2.096402388 5.360586754 2.361752436 5.084921715 8.897742856 3.179852884 6.725188756 6.179843675 6.944934932
20.345105120 15.346475865 16.160783327 0.079094411 -0.880228877 -0.342774167 -0.318507564 9.163444303 1.964751118 7.790852890 2.270555102 -1.863208925 -0.955083709 3.139900550 3.108208493 0.852306282 -0.103245454 5.300627077 2.501825944 1.210198305 6.421039655 0.453467163 4.109689071 3.113180530 5.445452317 0.836286917 0.473471487
19.542855512 -1.008092179 12.475204436 0.962069028 0.104800650 0.195961903 -0.158236981 5.060517539 4.063616200 3.830642088 1.308839442 -2.925874803 0.780348297 1.269185000 6.139940158 2.620874263 4.227492662 1.575457728 7.930031133 3.303532487 5.056973303 4.840362358 3.544753545 4.702485764 5.362927649 0.733534658 -0.279136661
17.425267551 10.897670199 17.307311427 -0.444564696 -0.359317659 0.801231177 -0.176866194 2.713814017 5.735818290 0.170632625 4.722919793 -0.309985846 0.218804157 0.865994359 5.565209390 11.097580999 4.111692978 7.080694937 1.122852638 3.790301422 4.642221021 7.086849292 2.596369406 1.191166725 5.426151563 7.683017253 6.164321485
15.136207126 9.663995264 15.187487511 -0.920695946 0.181963272 0.033929285 0.343594449 3.947087559 9.077519955 5.309500135 3.277039839 4.107265190 9.566434906 0.592622591 4.471706864 4.286781690 1.600785964 3.147756811 0.826914435 2.082934358 1.567404824 4.741779644 2.609258244 4.882118231 6.473667224 2.492030916 5.575233525
18.310510121 7.574425230 16.519238362 -0.415621204 -0.844664652 -0.195121687 -0.275187513 4.178182822 7.070257047 6.413198225 7.726854564 4.578147313 5.333315546 4.077640722 8.754285146 4.417770985 0.619305637 3.768592271 4.298659580 6.579366286 4.546706057 -2.240070183 4.465125086 7.739995249 6.742466410 -0.378266302 3.482271431
16.391434207 -3.143621459 15.789152209 -0.160413011 -0.151866346 -0.735918906 -0.640021596 -2.542527923 4.347612628 0.706657635 8.619629393 1.086705782 5.211356955 3.130793050 2.682352180 6.009595206 0.575377758 6.052853972 3.594040661 2.251781868 2.237307353 5.949671515 5.121216635 4.353156105 4.865205677 2.953363348 2.978276157
24.091331409 12.996880576 15.954905445 -0.621591962 -0.177027248 -0.659403787 -0.384020093 -1.339200338 -0.393729822 3.661767094 -0.349342789 2.064651293 6.197576895 7.028153480 9.126683689 10.584324203 4.366839850 5.744134562 3.729346667 6.628405590 3.931026742 4.758397023 3.518971576 -0.929559292 5.958616209 -4.732667085 4.506132809
13.964890090 13.273829847 14.957811162 -0.205920678 0.257626758 -0.593786028 -0.733923212 3.117926111 6.919980959 7.731854400 4.163513146 2.629343631 0.275520134 1.421591811 3.626236317 -0.133274728 2.029852673 2.517352067 6.999068086 11.682738363 -1.280028999 3.433915688 0.576925293 3.377625845 5.022117780 6.680308569 -1.375399503
19.009098865 4.210922262 15.258939480 -0.336999351 0.422217137 -0.170215931 -0.824130247 2.642323894 4.339005263 4.299540229 4.831891732 -1.832935990 8.542514979 4.565939204 7.483614764 5.982828548 6.562075404 2.455878617 4.287154225 -0.380432112 3.952500027 6.598407588 4.471414302 -1.185700073 3.715287631 1.918680353 1.809652496
20.421035647 7.595520318 13.801971692 -0.692636229 -0.040317906 0.433524259 -0.575053248 2.321919980 0.273640990 6.412548757 4.349308120 7.450518495 2.780545705 9.785630429 6.496763478 11.068853790 4.506996092 0.522816528 3.757386991 13.283832045 1.347710107 3.996938186 2.365162457 5.670034687 3.318955695 3.931305003 2.399548663
15.755839308 0.775627370 14.061777075 -0.403508988 0.878189319 -0.013619172 0.256473264 1.232951110 7.762179064 3.672353140 2.703561172 1.109107781 1.391331802 -4.170843701 4.406672268 5.345706209 6.670738303 5.840083188 2.671973304 -0.493452468 1.585020198 7.291027083 4.530739227 0.933278679 -0.793811819 5.251759090 1.878255997
23.262630907 5.181043913 9.660279394 -0.691679827 -0.013561246 -0.573976697 -0.438116263 3.916941454 8.065877131 9.040164352 4.318397608 -0.264200956 6.717226857 4.189379822 1.412094953 1.110294764 10.616331199 2.779003878 3.348434187 5.226566967 3.961698327 1.755695808 10.091748456 -0.356538714 1.974824808 8.362934888 5.468816149
18.091267867 -2.767612367 12.313095431 -0.481348886 0.814058493 0.108646790 -0.306280744 8.107525532 2.341312281 3.660156410 -0.008600440 -1.637477056 8.016051098 2.960762523 3.166386123 4.447454001 4.706661711 4.389587701 10.027641286 4.106010483 2.719847651 6.432181340 4.507648405 11.458252565 1.413119880 7.738075015 -0.883344519
25.535784740 2.798675946 14.678336186 -0.530361923 0.420163429 -0.131672775 -0.724459250 3.920281849 5.501222276 3.958237378 2.152884270 8.404137617 4.647371511 6.298176021 1.863495982 8.216998237 6.825285664 -0.027704660 3.017359755 2.733344105 -4.572963183 -0.862653898 3.343412705 -0.213917729 5.270153510 2.351093730 0.813191525
26.429848848 7.682584736 9.360472515 -0.754645380 0.605254525 0.138572520 -0.212073023 5.345341092 2.376332412 4.894874906 2.430975843 9.829545297 11.751920772 4.141918944 3.644139493 2.406291998 10.471804664 2.504525199 -0.151590401 -0.655287138 1.928184984 4.125393386 1.776046909 6.874251855 2.907927435 2.657264379 -1.521843665
22.632618756 -1.221381918 8.823552134 0.520568788 -0.059272443 0.472070914 0.708973883 4.731463066 6.747450202 -0.731452838 6.475536969 1.477315346 4.659486684 5.046654384 2.923550841 0.456205450 10.692490232 1.056456885 9.104911355 6.652854349 0.843344552 1.048409353 7.069907275 1.500071787 4.099143136 5.844121866 8.184333503
19.434892675 3.284274986 18.778863814 -0.795755249 0.322615699 -0.406433966 -0.312256505 4.475280424 3.587651661 -0.583023217 6.810960770 -1.166142956 0.487844554 3.669247954 4.852189190 0.769924678 3.537906588 4.936888770 -2.072175355 0.509198677 6.973206621 1.967363210 -0.829265068 5.171554525 1.740609164 -1.490158252 7.642664186
22.609494080 11.598903364 10.716593539 0.393184519 -0.580995788 -0.486216391 0.521002350 1.728185388 7.324065033 3.840042194 2.874033818 5.723068799 2.016229614 2.267762740 4.808224122 2.839931691 3.149659633 0.961442156 3.914228459 5.063504346 4.003141641 2.106629385 3.368373147 0.250917059 4.886717002 2.920515245 -1.217967063
23.667351181 11.129253862 7.949735849 -0.380396043 0.346237202 0.359283467 0.778674541 2.024231829 2.473324139 2.040549787 0.520775038 6.610482568 2.615595694 8.164917532 4.858715715 -1.849114585 7.765395753 3.797898241 6.006428127 0.244389535 7.496242731 6.613046413 4.417364115 1.585483684 2.040050717 2.933798895 5.633699013
16.888337764 3.620012731 13.432191741 0.780414074 -0.594064740 0.044265715 -0.189951320 2.166847999 0.107617336 1.345494014 4.108359820 -1.661959936 3.200753159 3.338889604 -1.949567352 0.651504762 -2.095522743 5.322395678 4.561568708 9.514575583 4.053736729 1.236211759 -3.048891118 0.034633130 4.848653215 1.186287145 1.864410686
26.896623849 4.990286530 12.636259443 -0.011616479 -0.226899135 -0.209795288 0.950982532 3.648991065 2.360967296 5.831098628 0.129300370 3.732643549 1.776576635 3.101523310 3.420183680 1.309020195 4.463014899 5.583153111 2.129610423 5.529774189 5.185192333 3.546436834 3.273581179 -1.291380781 4.600179898 -0.628598331 4.175314209
21.404569361 7.148395667 4.688060297 -0.950228359 -0.107948386 0.267678889 0.117308246 7.389840827 2.453145190 7.000336438 5.910304775 3.504578226 7.162661764 2.974817707 4.128867362 2.384765638 1.561797355 -2.795272283 8.492302602 2.538435594 7.801478525 4.358367190 12.834785907 -0.987457141 3.788917056 0.527582795 5.522534267
15.097129248 5.322719018 19.137759645 0.461215704 -0.725867703 0.356280338 -0.365322425 3.309096597 11.013393201 1.845895603 3.175131516 2.193670762 2.430363715 6.259264324 1.511461215 2.643965488 2.404143488 5.126800985 5.266612579 7.217755704 0.431025595 7.086428538 3.524298542 3.642644178 3.141300436 7.049603640 2.306030934
24.411059633 4.414976619 9.934292622 -0.599504760 -0.264443516 0.599557701 0.459558736 -0.325482622 9.419316694 2.236293709 5.721592739 5.292005390 1.243596217 6.828272618 2.745974751 6.778516223 5.009473365 -1.683232902 6.591273471 0.998138469 -0.987735715 2.188595964 3.978331728 3.172763830 5.022899988 9.016656767 7.319252354
19.216250609 6.140457430 7.639560420 0.041990456 0.536157588 0.329865070 -0.775861378 4.568961412 4.345266755 2.834676587 4.616663213 7.368673882 1.681421502 1.674742573 5.033091400 5.918601564 -0.792360599 1.360946324 0.660521865 4.664200005 3.405728148 4.557732159 2.726826152 3.305155566 3.177865895 6.108369257 2.113488864
15.412275262 3.864345982 9.518280630 0.407742897 -0.162457908 0.713253842 -0.546463278 8.391500458 1.812418860 2.541764821 3.539387424 4.963292071 6.829151368 0.894951954 3.646737837 1.473070844 3.185422330 3.076389938 4.593485909 8.827155107 6.501892737 5.685404359 6.159121950 2.630601481 -0.906108459 2.826346576 1.013312319
19.988516166 0.223274051 13.327774119 -0.046200913 -0.574912448 -0.475411846 -0.664322760 -2.869143472 8.003556846 -0.832316366 -1.105493437 8.639540621 7.858784281 6.807515774 -0.688716937 1.180823416 4.662724706 3.900165335 4.833985182 1.093591298 9.001717288 -0.369588503 3.856775437 5.436574416 8.772232087 4.270729120 5.907427532
12.270930503 8.035616017 12.868030754 -0.871396328 0.085063693 0.280573415 -0.393333403 1.759818008 2.323543770 0.551252889 6.539280694 5.978303303 4.498029771 1.347987055 4.309228276 0.776800520 5.326948976 3.908779812 7.494422516 3.021531359 2.993202125 7.214862414 8.486745951 8.424124036 4.526938742 2.355189245 9.516292010
13.313346531 3.978666046 18.961410944 0.170938376 -0.542701829 0.420490885 -0.706712256 -1.348699353 0.501499477 4.182245880 5.739910045 2.858396553 2.142791811 2.867242777 3.085329217 1.875450049 2.542405784 5.205600284 0.610963572 3.376858664 3.660465381 7.059849716 1.189381818 6.575285969 9.545519886 -0.703437743 0.361079434
13.944535390 13.608555800 17.299753217 -0.326742941 0.555552673 0.312516542 -0.697806340 4.674158756 8.275226895 3.868512552 2.786171636 2.501004231 -0.452890748 3.814501913 -1.138525307 0.798407071 2.740175033 5.131846106 6.087546749 2.120475961 2.244780719 2.996442994 1.373400196 8.589136299 1.428845157 1.616721955 1.553954624
15.824319803 4.523579053 10.288585306 -0.320591403 -0.074614751 0.343029254 0.879764015 5.646843544 10.489077980 5.803984354 7.329981502 6.482106035 3.854303351 6.735080932 3.392361711 3.010908091 6.431248692 0.428630454 8.862160668 6.950248564 4.017919754 5.232770574 4.072691630 7.517990399 5.002604261 3.362271424 6.368676888
13.948017234 0.950699993 12.288891261 0.035622513 0.344071315 0.865546425 -0.362181381 4.507709224 3.942587089 1.229687970 4.887783706 5.517893194 1.058487549 3.444446300 3.295313817 2.059286850 -0.423787980 2.756336437 9.608857278 2.212699333 4.742743478 6.018795577 11.925322805 5.382554486 8.160829822 1.534085054 2.139537416
21.892383571 10.280886541 18.354769550 -0.639320412 0.366090074 0.351567252 -0.577622659 5.559308072 1.735244711 7.189879884 4.085978861 -2.167909259 3.289933946 0.746927740 3.604850095 2.906826358 5.793015188 1.360918517 6.099469048 4.744152861 8.007612160 9.574790494 0.713552115 6.612168553 6.185543889 0.809036584 1.034248043
21.456545830 -1.654893668 10.537726329 -0.246472733 0.400810569 0.606769803 -0.640650050 1.848776099 6.977598874 5.250629890 3.057761748 4.741215778 5.875516772 5.679304772 3.649292163 4.978615807 1.600632196 3.769400656 -2.183127909 5.607180813 1.225978144 -2.008770853 7.595456680 3.904439571 3.631184714 0.262115854 4.488115815
26.945148153 4.361274665 13.483966355 0.106307630 -0.105008167 -0.678405930 0.719331194 3.366403372 4.723289878 0.996389505 2.238657701 2.860755217 -0.350868865 3.698784029 4.752070677 6.692118704 5.248479889 4.631013285 -0.457656291 6.163593947 3.693821240 9.319805487 7.434696449 4.949823457 2.857462133 2.266544597 4.012416606
27.728383067 4.098048372 12.301588507 0.364968363 -0.542004205 -0.661904061 0.367304438 9.235518672 5.882605130 2.073816826 1.596585635 1.508919039 6.976451210 5.018278667 1.342932301 5.527365223 2.609068341 4.638029952 4.953650712 6.857628605 1.342908750 9.563733071 3.357747259 0.360084541 4.664177965 3.264130879 3.414553889
19.188907740 13.890862075 8.068104336 0.264363769 -0.437530435 0.453127268 0.730311301 -0.356534736 6.382175680 6.033423358 5.497494767 1.931240978 7.640034979 4.105542357 4.210693790 0.440056022 4.321173615 1.573370588 6.104610510 4.668965683 6.439045602 0.006073805 1.097766817 8.525619137 5.633302671 5.848490742 3.093691983
17.470096037 -3.534038672 13.960123177 0.168955545 0.592190120 -0.786834941 -0.040689813 6.757334235 11.384462241 0.666296174 1.542209338 7.692535252 7.681840994 -1.269248474 9.865914167 0.930906662 6.991187555 -1.098415962 -0.790387127 3.033197908 4.776503019 5.139056508 2.460472187 1.799256248 8.607816595 1.435867462 6.679597298
13.526905275 7.358079452 17.081740788 0.334074765 0.448930961 0.749921737 0.352806507 0.992579110 2.204499544 4.507959831 2.471644882 4.200692046 2.582927225 4.344340608 6.363284586 1.476945577 7.172720351 6.100501238 -1.244940724 2.311824767 6.616954583 6.084632270 3.287881599 8.507905297 2.629432676 1.760491697 3.353881480
22.249333083 9.142562282 14.550086863 -0.306507156 -0.583192366 -0.676441235 0.329191865 2.281057927 1.719424609 1.574212462 -1.018367747 2.167818878 7.944755128 3.675297363 3.184203247 8.057470349 8.126115147 4.448395316 2.039496039 6.331561233 -1.902146464 9.138435569 3.072063927 9.311867360 4.099974223 3.399776200 1.493394797
23.344833565 12.882842178 17.336858734 0.490513455 -0.460865809 -0.236133882 0.700885188 4.365556726 8.155651397 2.872365774 5.286099341 6.571163503 5.086184358 0.940657324 5.781980841 2.899446702 -2.775934860 5.612636569 4.716183867 8.707512973 4.313513836 6.553419785 2.976473702 5.052379636 5.794749063 -0.370606293 1.863088034
15.795319501 14.712919629 10.968372418 0.145795093 -0.798752795 0.206742673 0.545889393 -1.460339684 -0.353924740 5.681235541 7.976019920 6.040761348 3.709280035 -2.195585319 3.564384414 4.305596995 7.593373666 -0.496345192 3.234409115 7.482367938 6.376209234 7.660055228 6.375995495 5.999772455 5.311625668 -1.152404265 3.049796305
19.344820815 2.008727081 20.168885834 -0.446148634 -0.500606346 0.380303028 -0.636957055 4.418225912 2.803952257 2.117183432 5.311164630 -0.197529204 4.024319780 0.024831496 3.006795759 0.319372999 6.418731101 3.199038304 6.065563067 -5.760930683 4.537221787 -0.348988808 11.115480055 2.296017948 4.419146352 6.186170018 4.253985059
15.883152624 -1.756748674 17.741243599 0.731220698 -0.409412597 0.512819889 -0.186315262 1.507353495 5.943432190 8.117378729 1.773998264 1.404750896 6.932024151 0.896734542 3.076861018 7.134587756 3.356095527 5.070740350 0.044124670 1.472069323 4.619400116 5.457670622 2.114537827 2.092517047 5.432512396 2.396673679 2.871225763
13.782784749 13.849568440 15.645775528 -0.350026761 0.264018859 -0.861615221 -0.255723522 2.478286502 9.615161410 4.991688234 5.566216636 1.492948131 2.316975635 -2.602857440 4.880058334 0.478000038 3.144746089 7.249166837 0.188330231 3.493501787 2.900993980 4.128349235 0.939067376 5.465225695 0.259427154 9.136002595 3.559881602
19.436239372 -0.359359849 12.265527567 0.231197556 -0.316022844 -0.894258835 0.216744985 6.784446843 5.261779422 5.793371514 -2.205311965 6.516817914 4.033396246 3.528962866 4.582107339 6.280495851 5.417260291 5.117061909 6.700649842 2.551711274 6.685947998 3.341833550 0.010338676 4.124490039 8.160954109 6.873680134 5.600831990
19.547631666 0.407401425 8.973031296 -0.042181077 -0.494768147 -0.722735422 -0.480706508 4.088527739 6.204274233 6.076477028 3.635168080 0.704936569 5.626824272 3.614108344 0.967955401 7.874513154 7.566130004 2.869956523 5.614689504 5.063966224 3.762177196 2.433688021 5.135558378 5.783036155 9.351244813 2.187328046 1.389552422
21.895924554 -1.375402439 17.538922130 -0.396321951 -0.270893947 -0.060808695 -0.875127238 3.871062361 2.104517586 0.800063941 4.852393258 7.916181128 0.750385960 2.468919677 -0.889839121 6.085476960 3.355589879 1.285037325 4.700788369 0.965336224 -1.199425913 7.689297436 3.716812069 10.921105786 5.147058477 5.569309843 6.434185073
21.837128014 1.877738648 8.051919150 0.467373299 0.389988860 -0.058243510 -0.791251276 4.020416476 6.515926815 2.970878629 0.079901685 5.412470006 2.713550731 3.275940007 3.395853071 1.916457820 5.027175879 6.098973209 1.485983697 6.037799377 3.880051906 3.111216905 3.164309534 7.534298380 2.778249362 3.517865343 2.440561393
21.672874816 1.008974133 17.442486650 -0.347503908 -0.579102513 -0.731097659 -0.096837635 7.574415620 4.927643921 4.689172265 2.883461016 -0.042027789 5.234040117 4.005892517 4.679116167 7.412406535 4.059097275 10.320167888 1.164521106 4.258158135 2.824717588 8.078970124 4.470234551 2.087870569 7.644036738 7.212257509 4.535887612
18.125027243 -3.282013008 11.268227048 -0.324608153 0.598811421 -0.662130630 -0.312469932 5.225360609 2.009029798 2.646762105 3.587772441 10.739541487 7.966799741 6.833575114 4.942356285 4.228125098 8.439072188 1.733470624 6.368575654 -1.067977980 6.415393407 -1.965429553 1.474576689 -1.729237902 1.374847589 1.858094485 3.587174026
26.421230630 7.365896039 8.157273793 -0.788669732 -0.034841018 0.346676441 0.506558588 6.153580530 2.006841292 3.736719499 -1.097154439 -0.960309265 5.739279239 4.768975939 -1.539980999 1.894725889 5.332489656 5.566806977 2.240726329 5.433683923 4.723500281 4.410876312 4.421293704 2.009628695 5.009433029 3.615849348 7.838253980
25.634239966 9.896349974 13.357697104 -0.661458197 -0.741251518 0.060423685 -0.096789562 0.234883976 6.691084399 8.432522261 2.251420775 3.505049018 3.370319002 5.000122219 5.094523981 -0.595049624 1.942144013 4.039618522 1.902286192 4.645321111 5.474528242 2.671244671 1.849519193 5.373516206 6.151436840 7.970216183 6.762708537
20.797353859 7.896900860 19.783183033 -0.807663157 0.369349175 -0.453817025 0.072880180 6.091693162 6.622015740 5.661968130 2.060404693 3.555994436 5.639700031 7.692913737 5.276156649 4.326183223 6.139405450 5.812451086 4.259546558 6.361340942 7.891141365 1.543514432 3.358995450 2.485490436 1.928394162 5.214767559 5.583655663
28.329662999 5.549934473 13.791802142 -0.232919291 -0.509252324 -0.685637191 -0.465093880 3.173811988 -1.427606314 7.967235406 1.545771673 4.212187396 0.834114426 2.555867998 7.072493329 6.670006355 -0.247156027 -0.384069381 5.833982670 3.899721265 4.108080311 2.616298351 6.321223631 3.351134707 5.589775655 2.875179811 7.406178384
21.893777432 4.315566654 15.211725082 0.496785765 -0.850005281 0.023070497 0.173674057 0.402277394 2.418705035 5.096129583 4.971952469 5.486007107 7.789610725 7.644514548 2.500219063 3.521019323 3.169122007 7.573382922 4.694141438 2.125533139 1.484012970 -1.621475270 3.523128958 5.718727813 9.134195235 0.481658323 2.869537875
21.546760499 1.358559041 15.347267338 -0.008142228 0.427000029 0.717977543 0.549648003 2.927864716 11.029456007 2.718614077 4.212035872 6.053749649 10.104887606 4.813810623 6.221280118 3.331483783 0.780029990 2.661811853 3.703151785 7.163555012 3.335407060 3.669872780 5.001774565 5.040030792 -0.008635113 0.492488061 3.465234384
14.185068796 1.937641392 21.170583449 -0.553984855 0.658168365 0.383925193 0.335434986 -0.309067128 2.858700162 5.031704666 7.868916746 8.326507673 -3.416770380 8.740941628 3.384618528 0.683298517 3.401510271 3.308868702 3.539392958 8.698474656 8.034817503 2.725186625 0.801924668 4.592555794 5.891573155 2.709190514 6.187669772
17.135897139 -1.455376756 9.424059641 0.100576097 -0.139660816 -0.801085059 0.573273089 1.170064801 0.608724397 0.480938628 5.159203904 6.071982201 6.793858022 3.160468644 -1.487989212 4.916398349 9.390446571 5.743471415 4.420393859 2.075164092 1.678567294 7.556170771 -0.110284682 3.152620673 0.100100281 3.608715169 7.285651523
12.138077329 10.487161224 9.588251233 -0.328532441 0.375690750 -0.367836922 0.784613850 3.965358517 0.603167182 -0.906604813 -0.277775324 2.766533301 5.818093269 1.569880525 8.142186807 9.487644956 0.771003861 7.537201879 1.419348540 4.051530512 -1.173421112 5.141872778 9.583346963 1.577579112 7.845582626 1.478107108 5.462286765
26.946939602 6.827264151 7.430629819 0.425782725 -0.112350661 0.801745958 -0.404091351 2.317456205 6.087630696 -1.106273373 9.231020739 7.644539509 0.497394326 3.784027614 1.363425735 -1.070533815 4.838277642 4.463288973 2.310581505 2.054567878 11.495991678 9.519330827 3.399036585 7.881643908 8.579834981 7.539389746 6.981862498
