3.331166753 -8.982506574 -16.886987648 -0.029629880 0.484824928 -0.387509175 0.783519941 3.351679044 -0.725880711 9.389818973 -0.659314917 2.683822620 2.379775220 1.304532502 4.975713391 0.176489224 3.860329052 8.088333891 -0.221706679 6.167641939 4.679178640 4.142292861 6.097940058 -1.504562101 4.691889666 -1.591380083 -2.267035173
10.501755188 -15.500032726 -23.368003589 -0.502329891 -0.329533165 0.294043401 -0.743378135 0.957844846 8.945395942 1.991454360 3.263535077 6.647445425 6.480937750 -0.782879790 -0.264081849 2.989014354 5.943978079 2.154831262 1.660465574 1.399592706 -2.486181790 5.441422419 7.523917999 3.957262977 9.461172091 4.744018813 9.238263568
10.338254509 -16.186106346 -22.939172327 -0.083605942 0.971948932 -0.140738254 -0.168872922 3.774017862 5.921439678 4.791450576 8.337095216 3.675782038 4.332609689 2.508525141 7.371726761 6.224880949 2.997630895 3.555751630 7.694419987 0.541401060 2.984088403 2.501977642 3.136684524 0.408331551 6.793141754 3.580781135 1.195356533
-1.794989719 -13.971074297 -22.944572147 -0.301351335 0.758483156 -0.208893263 0.538752521 5.396185789 2.943002587 0.469727586 0.792045019 5.370421389 -1.796722447 2.187161389 -0.857538359 2.963779251 1.230077926 3.991304478 7.523839932 8.773867352 5.215374979 8.332002679 8.146809381 7.514839683 0.996338456 1.818739265 8.096901245
1.901094352 -12.697973325 -16.602738579 0.664626276 -0.370949324 0.194187716 0.618837332 1.342018470 1.213240749 2.072157573 0.996996514 8.855281024 8.205152019 10.218674712 1.644819471 -0.791354738 4.704268775 8.612178282 2.261711936 -0.470059767 9.142791654 6.379616911 6.377193133 1.619981677 4.674652418 7.310427190 -2.213288697
1.427534726 -11.376220367 -30.209252530 -0.003563379 0.721958078 -0.687817026 -0.075309860 7.285606401 4.360543684 4.910957985 0.638037484 7.789729116 5.269332768 5.324718168 2.994530876 -0.695534456 3.970021985 0.715458273 7.768443126 3.171312027 4.173382226 5.312732053 3.997494759 9.937711841 -0.303594054 6.241407544 4.335161751
5.246685987 -21.959366754 -18.138083747 0.585393161 -0.167873987 -0.524801321 -0.594740906 -1.972316663 2.338274241 6.703605827 -1.943263185 11.259352493 4.162453593 0.448644570 3.956691600 5.502997573 -0.779454983 3.524822265 5.577614664 4.133005659 5.744565551 3.766666642 6.974425430 5.284078602 1.717569609 1.886022151 9.848252089
-1.084953736 -16.639322618 -29.858079443 -0.885097269 0.182600202 -0.419388100 -0.085869742 1.435586966 7.226329795 4.536594134 9.044403621 2.425017651 -0.501456340 7.446736019 3.046552339 -1.216266193 2.327530162 6.437625406 2.816795579 7.894387996 0.570424975 8.721242467 7.777173018 0.698377451 3.199494438 -0.793729599 4.500910958
5.470143053 -8.860636802 -24.996526053 -0.471483818 -0.763716564 0.380770580 -0.222382069 0.831286503 -0.129333325 0.285421014 3.699213276 3.714097459 0.715095964 5.079312274 -0.884744656 7.819508467 3.650999835 4.678773768 1.805792220 3.783265413 2.905928107 -0.389263757 4.381000118 5.371661694 5.702325676 1.202871516 7.080796978
4.371888732 -14.190884285 -17.285700729 0.560270125 -0.503100268 -0.443908094 0.485729463 1.433366008 5.569097834 -0.304301711 5.234851216 5.272010732 1.002812563 8.631550715 4.670377145 2.906384956 -0.382878601 2.305867028 3.246762848 -2.928735402 4.328772861 2.093139459 3.214181755 7.184326284 4.853364773 13.622250125 2.593036070
7.972729088 -12.748950814 -18.829686777 0.711658900 0.500815595 0.292846905 -0.396189399 4.963520999 3.464797659 4.373982615 4.351537549 4.049297476 6.784481105 4.086696328 10.600552820 1.675956948 5.150031467 7.857858596 7.822615438 1.366423440 6.390133191 7.052972945 4.607609879 3.473371427 -0.207634107 6.268042635 6.017143868
6.216570895 -16.787339817 -29.345271458 -0.411327310 0.706287275 0.565428697 -0.110718193 5.648518678 1.092749560 4.670626567 0.251413932 3.356951960 3.891030179 3.854271139 7.748261556 1.575407594 0.234496432 0.424632161 3.262802543 2.317574118 4.267260178 3.676067391 -0.071316264 4.614244707 6.210085753 -2.028448605 5.676669995
3.010893227 -13.582736596 -15.735307399 0.562339801 0.681294533 0.426779408 0.193574389 -1.041081645 5.056177851 11.391236399 4.851950644 0.311068869 2.891320085 7.813445743 4.460987542 4.269212398 5.854533834 5.836002961 4.120661700 3.251230688 2.878905415 5.094928023 2.269774619 4.932246029 5.440190325 4.121771588 6.566874093
7.447475391 -12.210308903 -28.490351389 0.817565015 -0.394870629 0.133058913 -0.397441768 0.856359697 5.815462358 4.801225473 6.555853999 4.876093034 6.567867589 5.469093540 5.039766686 8.545061904 5.833009803 3.467049036 5.544711420 8.891653065 3.890415866 7.379780462 1.043921794 6.167275340 8.276590603 2.524520032 6.832663622
4.692510827 -12.873095341 -13.693102601 -0.341239497 -0.677765194 0.009003314 -0.651236430 6.171719294 -0.219943916 10.850936696 0.634068610 7.949263258 4.833746800 7.621383571 3.664443039 2.398518658 5.605093317 12.827327887 4.333379999 3.989290867 4.969684230 2.086384102 7.525219236 6.425209900 1.892856585 11.467905697 5.849533853
8.152116678 -19.511593203 -28.848229602 0.494851950 -0.106069650 0.116708466 -0.854546611 -0.408144945 1.014118669 4.340233120 4.492364461 0.069712867 8.106063082 7.496214812 6.487781527 9.035975704 3.776103457 -0.568057223 4.254657041 7.410301002 2.838094140 4.123004268 1.667414073 1.631507477 3.034702201 1.651985882 6.738083802
3.385727254 -16.675485194 -31.645827073 -0.392065483 -0.186073193 0.886903946 0.158312395 2.036340642 -3.771557454 7.584071153 6.527879066 2.578996995 8.584111936 1.904623546 5.607224294 1.794915433 0.924415365 6.756122620 9.923660647 -0.180404086 6.056142967 4.094872903 7.289573193 8.348487772 1.386423956 6.634838792 4.153695387
6.339722616 -10.762098420 -27.787962788 -0.385413564 0.885578082 0.238234594 0.102235627 7.177818086 5.523954479 2.753337797 0.775223707 -0.673399988 0.234681836 7.463495956 3.399913692 7.255938734 6.005470571 0.685564657 14.803669301 8.307495120 0.239580896 1.591732234 4.233887146 0.025886089 5.875634623 3.574860282 0.823141487
11.085961355 -20.745628444 -22.630572336 -0.357899041 -0.685457466 -0.268440629 0.574452756 0.379073718 3.784120775 5.308316021 5.501344560 6.447939424 6.814600111 3.631042895 3.532687612 5.449841905 7.232617528 1.738090588 1.947773636 0.941860521 4.871234394 -1.536578005 8.452497627 5.980502202 6.495395834 5.744966135 11.842924432
2.877965138 -23.929734839 -19.336640953 0.176533149 -0.661731057 -0.088421486 0.723277054 6.107008194 -0.302499993 1.781448948 1.531302909 2.947058562 -3.574306147 1.554808933 4.496470615 7.906804789 6.113181877 8.011400723 4.828093858 4.243682035 5.348631640 0.200702950 1.191606541 7.472159771 -0.942272976 5.866404929 9.903730216
-6.137103034 -18.132094762 -24.313232842 0.409082950 0.497249944 -0.483337252 0.593109378 0.794694964 3.497559402 4.554779629 8.790064085 -0.733342706 -0.447319772 3.075717503 0.418215736 7.602594770 3.733499901 5.962397823 3.305866253 6.788027687 6.247849243 4.208790537 5.328134530 3.201975755 5.071511089 0.296187615 3.578913975
5.645264278 -9.398873446 -26.544608575 -0.255393138 -0.555985476 0.591848334 0.524757129 7.995383662 0.393353305 4.313977941 4.786739975 5.913848021 3.587621138 3.769332082 5.883839797 2.173716670 7.535055970 3.452109640 8.474769444 2.822327064 7.057694781 -1.704265124 6.125330383 5.684338478 3.211207362 0.915869484 6.955698469
7.671015891 -12.300888284 -14.579947101 0.357672502 -0.675476228 -0.269035994 0.586022082 6.551298107 3.380001594 6.675698797 2.400770516 2.342752012 0.801140057 -5.470552146 2.165018708 8.763688901 9.264422233 2.126921975 2.641586589 3.781283243 4.795816339 3.349725594 2.362843498 5.783098379 1.992543063 5.431262167 5.544533473
-3.643404576 -13.799284660 -24.265831677 -0.480187768 -0.013720094 -0.693354489 0.537113600 10.739559097 4.175248829 4.812997712 5.822612343 5.088388935 3.156931419 4.014135779 1.948649346 9.092477366 3.371063883 4.538763378 1.946728614 1.469037437 1.827820764 4.398089199 3.668488123 7.464429230 5.428533569 6.805665449 6.479003773
7.205485640 -19.091024395 -29.726483945 0.302734715 0.470199776 -0.002538459 0.829009903 1.081710267 3.305939815 1.056472487 11.237329800 2.679849306 1.526059859 2.216777020 3.517813337 4.941725723 5.918734535 4.880469794 8.605239736 1.690024376 7.436563710 3.222152953 7.833262327 3.986216259 3.592481048 6.921721605 4.729173448
1.266009606 -18.434624519 -24.126378469 -0.003634940 -0.722586765 -0.512167645 -0.464262272 -1.134277940 5.809186570 6.179132918 -1.037560800 2.756278016 -1.114726544 3.367410599 7.909359642 7.352667586 3.452084699 6.299307940 -0.796947551 6.275312922 3.452511386 2.746324194 3.566392362 1.254325413 3.181957311 9.783746048 1.808290781
2.781954700 -18.391927691 -23.550799561 0.029924612 0.594779437 -0.291526981 -0.748567938 5.314725783 2.660337316 3.247654235 1.810384894 7.067001054 1.502482760 3.923909407 5.738156692 8.298167047 4.882364915 7.971030007 -0.613714624 0.606748002 5.882938127 2.501208748 5.085737954 2.992643905 6.826915504 8.439270411 -2.443447056
2.150301581 -18.381232851 -21.650504102 0.149060664 0.222085864 -0.065972786 -0.961304519 5.725231585 5.195908349 8.028556183 4.382113852 0.702495785 4.527702045 6.427600681 2.794356448 5.756108045 8.382572601 0.355257764 3.227149719 7.200146129 3.769150164 2.255267221 0.392402075 6.919251839 -2.200130923 4.835929853 6.172021866
-1.443455773 -13.546574039 -25.256505760 -0.765769222 -0.602217046 0.211992278 -0.077404143 1.744475452 8.520821936 8.449998205 1.985173949 -3.206260249 3.358108556 6.492195350 3.281729116 -0.323097064 3.681271286 1.666677267 8.432129725 4.178660658 3.766301993 0.459234645 5.315072977 9.726221730 -1.360222465 -4.131758873 3.475608169
2.830415307 -10.540588929 -24.009970352 0.303114625 -0.446216806 -0.810807904 -0.227162120 4.034219433 0.916402554 -0.456272926 -0.778311800 12.404372123 4.480539796 4.818461447 2.155872868 5.159055596 6.134882527 -0.481999288 4.812550479 5.755879376 -1.172118416 3.846528576 7.075252163 2.843846361 4.796210399 6.958821499 2.039591776
3.688036328 -16.674989750 -26.538137340 0.062599428 -0.679957866 -0.705432339 0.190010070 -2.279307222 5.812822057 2.521412796 10.561559139 1.415554434 -0.034098074 4.657315772 5.586988168 7.126138316 4.709941132 8.594600003 0.406118262 0.521457305 5.972187761 10.687992017 3.491278065 3.916785676 0.296499305 4.498949700 3.380715830
-0.678370723 -25.007299491 -25.453749190 -0.125775689 -0.717393745 -0.433818133 -0.530404108 4.582336486 6.102768755 1.684610884 5.736428486 4.082008121 4.593086877 -2.947026037 2.422091067 7.892918923 6.665888757 2.876110130 -0.431027378 3.291372131 -0.071356395 6.710481604 5.452141230 1.211928434 2.518650843 1.516592936 7.824274933
-1.896307746 -18.014809438 -22.947667563 -0.654354864 0.371490165 0.635967098 -0.171349407 -0.399428933 6.820479199 5.785143608 8.849973339 -0.495436248 6.162269347 6.406459941 2.887435360 1.948460254 2.133038879 9.286433078 2.536234047 6.073089668 5.923310563 4.548747406 4.221071362 5.208456999 5.727106576 4.450960599 3.826825636
7.897296654 -23.114534347 -22.712352904 -0.302671619 -0.416187809 -0.791220121 -0.330376026 4.575325253 8.525797194 4.865963507 2.747792091 8.962164327 3.061367181 4.343718803 10.171087747 -0.500728789 10.725284247 2.019100495 9.068315831 6.746282718 10.369241692 2.730832908 4.827640091 2.836845414 4.128530626 5.845877629 4.964558977
4.888951647 -16.668538371 -30.078002909 0.482273372 -0.057907369 -0.016625366 -0.873946640 7.038049480 1.294040915 1.808637365 8.644228614 5.505382785 3.890220802 4.311380127 5.106168049 4.592476962 7.967857322 6.263440663 -0.041638232 9.577164672 1.942290592 6.538010626 0.867595437 1.389263025 -2.455073651 -2.652485540 5.695285961
0.519610464 -13.584216043 -14.380479595 -0.224315880 -0.736505560 -0.310462092 0.557543930 1.848132472 3.805111397 -0.865351745 12.155088030 4.217234992 5.189160767 8.679656550 4.041584952 6.566208881 3.459130847 5.621361639 3.789926629 4.392723810 4.776412052 0.988691647 7.081484422 6.014457171 2.276896971 5.771226743 -2.053311770
7.011407921 -18.108917387 -30.339324365 0.242600256 0.689751274 0.647939380 0.213454576 9.525728500 0.320208716 4.003543604 -0.253281493 4.251269170 4.632337250 3.889299874 3.378743144 5.140170724 4.413139479 7.282160412 4.293784680 3.710918325 2.064957373 7.731506862 3.000543194 6.977723394 4.692300146 4.543568995 -0.133951819
5.550858130 -16.123264068 -27.755538047 0.184200856 -0.057879493 0.489776577 -0.850199337 0.516885852 0.686560934 9.486157376 4.541983217 -1.287656675 3.898609970 7.305135915 6.588244675 -4.582810337 0.882320842 5.233205197 3.964567882 3.233597732 4.847909799 1.129865592 3.712794700 4.813985202 -1.162205857 8.893870624 7.288041183
0.221586409 -20.092802589 -24.468818194 0.465544942 0.483914223 -0.199766569 -0.713574278 3.124013428 4.728558648 9.836742289 5.191690837 4.524372812 6.920463228 4.184457161 3.002974299 5.792152685 6.426370505 1.693469682 4.728409571 3.080824012 6.559055623 4.642698448 5.677646484 2.599760068 3.281923284 0.080555570 7.565032611
-0.284169527 -9.114563492 -23.065716844 0.151385653 0.767536609 0.353287444 0.512989200 3.219206234 0.421566777 1.218956700 3.754750314 -1.608029438 10.490734775 2.747649298 3.379837157 4.571769799 7.252749596 9.926052979 4.881147335 0.580373031 2.975610949 2.616719780 4.870133103 5.886633799 1.938263673 2.990172810 4.334835543
6.616363014 -17.646313911 -14.720568589 -0.203202464 -0.765435038 0.341713894 0.506013414 3.983537006 -1.413985083 10.900377077 1.773379719 6.737656398 -2.691020680 3.967910089 -4.833180249 2.860799834 4.061605543 4.866679663 -0.292921895 -1.054653972 8.592222575 1.665074691 2.575116748 12.140813245 2.679205803 -0.170091500 4.840475030
10.593246872 -16.886964893 -18.091859443 0.050947273 -0.616945027 -0.693267030 0.369004112 5.136451551 6.503345978 3.227865725 2.473254471 1.992009291 4.611744874 10.068614963 5.995611441 6.127158190 0.731481186 8.434945208 0.162595870 -0.629476937 7.864585114 2.377781189 -1.485184539 0.986882644 2.095613863 1.985530550 1.753157738
7.258479909 -17.561730738 -19.761791956 0.652427991 -0.112011400 0.749011968 0.027789106 0.840955027 5.083516849 7.959188077 6.667589763 5.250754394 3.449540604 7.860343132 4.359708451 -1.347553149 3.173528559 4.379706755 3.866841989 7.166101723 5.374370528 1.404364999 5.100316131 8.270561932 6.400471878 3.455087310 6.682272281
2.577008822 -25.577451158 -25.708366400 -0.660447410 0.554494225 -0.251104067 0.439649998 2.077880212 4.466827612 0.885277162 7.174935972 4.175292756 3.189034662 5.439777734 6.833237042 8.215538687 3.227342169 7.937344180 6.769776673 3.745690634 -2.112083147 1.113923499 -0.512642744 -1.262136952 5.647340356 6.623306798 6.134468335
2.001438611 -16.284502249 -26.103962051 0.417548363 -0.666337602 0.609619840 -0.100056065 1.439436372 6.289386718 5.791769303 0.279235688 6.455754059 4.925682328 4.492788838 10.280946043 0.241172617 2.650436970 4.132731635 3.985621229 3.872773462 6.397391556 -2.406391462 4.229936643 1.257783540 4.895494354 -0.497905758 2.010931011
-0.879378904 -15.194190196 -16.651498066 -0.513653068 -0.442770272 0.733537603 0.045139754 5.744024162 -1.708276436 0.892447103 5.225317439 7.365288506 2.235894665 1.159602687 3.875687672 0.920666504 -4.203605584 7.149521614 2.853584926 6.034485009 -5.104372571 5.192994326 4.523881474 2.058724768 1.062625660 9.980023517 11.837183439
8.572883304 -14.893009765 -19.113561748 0.556152351 0.142281736 0.715892741 0.397426790 -1.085654635 1.131625223 3.998344795 -1.020895210 2.215697375 2.429652570 6.348666088 6.848555835 6.841174397 6.374176037 7.120727626 0.012031899 6.060373173 1.990292753 7.170887749 0.144633982 3.426558940 8.757189840 -0.543143295 -0.833809162
2.178988461 -15.261052528 -16.870788407 0.454793089 -0.585118509 -0.238620236 -0.627582632 3.574700993 3.904681669 5.396279190 6.262051270 8.369073999 7.534245175 2.359532448 4.431854990 4.660725244 6.458547718 4.375312771 2.666445782 -0.851914371 4.151371728 2.844923472 -1.929811814 -1.650273023 3.545580053 7.239875076 5.212690779
0.698064310 -16.607493385 -13.353787161 0.168483487 -0.983080292 -0.023778722 -0.067830872 4.695288505 -3.679982354 1.137230826 2.941199717 3.400413696 -2.154549648 2.019021398 2.912997499 5.479040096 1.340560411 3.154343285 -0.201698307 3.411420986 4.983995051 5.957687655 6.691171771 5.254029058 8.031108054 8.460446835 11.807231128
-6.249390005 -13.043997413 -19.398514891 0.876612932 -0.243608771 0.369750091 0.188386317 1.396594926 5.139166014 0.568959323 7.268178980 -0.690858887 3.270790755 6.665034108 0.245217077 1.146069179 0.061065532 3.216569533 6.434803533 6.402869549 8.055335619 5.422217074 8.072199201 3.164261065 5.756384942 1.148710978 8.245613311
9.329051612 -11.997202247 -20.267105246 -0.499688244 -0.571583468 0.448903593 -0.471263793 2.034446139 7.451040145 7.428325597 1.590004748 3.670802824 8.528638073 3.219166411 1.412438808 -3.720198490 1.356006315 6.228602558 3.868470577 2.967308310 2.776962271 1.481010278 -2.252475772 3.911995204 3.554036673 5.427966881 3.806472080
11.534095785 -14.303861699 -20.862803082 0.935097194 -0.021501024 0.318116629 0.154702144 7.412839952 -2.005251489 2.822039019 3.344103925 3.735802911 4.713614156 4.792926419 6.217629519 0.574405407 4.910683653 4.015730936 0.695187238 2.531413986 -1.334427560 -1.829105695 2.124345905 4.380689710 0.802028284 7.757064074 4.914681614
5.123896868 -25.013148413 -19.002863879 0.339413350 0.724436245 -0.571532543 0.182595885 6.547483365 5.980295441 5.813920209 4.586149345 7.607744995 2.514447132 3.315915305 5.814045773 5.270730896 7.466582876 2.008028613 2.214625516 0.834301475 4.981652511 -0.291255097 9.505443242 0.313451035 -1.503028719 6.699151641 -0.743444853
6.811471694 -10.402786858 -27.897109912 0.601766652 0.234738987 0.321909638 -0.692205670 4.665671674 3.565639292 8.357725142 0.116876429 4.274019163 3.628445716 2.557436258 8.671960939 -4.103749492 4.709223316 3.135880084 4.843807151 2.089254215 5.002272160 6.606583113 2.421275367 8.867742813 -1.109261015 5.741831959 4.877371903
-5.228436620 -14.358010121 -21.130528475 -0.643755873 -0.545329391 -0.014772398 0.536633960 0.575580740 4.035186671 5.534490320 4.551418245 9.476195227 6.151296207 9.076260849 2.971133263 7.741671898 5.919954783 3.393295996 6.375108770 0.979681821 8.605021300 4.745114178 2.646470449 4.059840008 4.304354228 2.429781006 3.556418077
8.977245444 -13.158359343 -19.290484562 0.056976994 -0.193140268 -0.955703313 0.214666337 -0.745455332 3.437986661 -0.171282626 4.021090371 -0.709942108 1.393534020 4.254183279 8.309524877 -4.881289647 8.766196568 1.759670216 2.146889533 2.639757413 -2.615628043 1.380189770 1.753543352 1.067071060 7.199074044 9.295540028 2.884388707
-0.695025610 -14.256620979 -31.013209905 0.075536118 0.752730658 0.102062093 0.645967631 3.563739928 3.244617284 5.307954106 3.119152532 0.754102967 5.183184292 8.278626595 4.583353689 -1.909765427 7.609787160 0.606034685 6.870804101 4.364913529 5.153800601 10.760165871 1.960619960 7.137394617 4.550415460 7.489698398 5.465485361
-4.056369849 -15.484385889 -19.451957211 0.276895765 0.872278840 -0.299072870 -0.270210618 5.652225133 0.588592032 0.532034139 2.512024143 4.161740875 -2.616633806 2.093818581 9.117230805 1.487929504 1.750227947 -3.101397288 0.859992355 5.848198340 4.260471937 6.328230374 5.343108716 9.085146994 3.371488386 3.191414766 0.342320986
6.138895762 -13.192685271 -18.693540666 0.266794492 0.003708428 -0.773607567 0.574750624 3.676819106 3.211657512 -0.016302472 1.989128625 -1.496021155 5.611976440 4.353202062 5.327470053 2.866947716 3.135749610 12.085707774 7.502770031 8.466185531 2.893458668 5.246766432 5.488388825 7.759308822 1.729591899 3.672770854 4.382915787
-0.869718584 -11.223993656 -18.731515764 0.706575343 0.157675791 -0.280016323 0.630460537 -1.036445114 5.862079488 7.159151208 4.043755954 6.108906668 6.009221719 6.131544919 4.745371652 -1.421304682 9.208349570 5.239456866 3.164253503 4.754279696 5.172237018 5.897663326 1.990278992 1.839600477 0.304611549 0.074353984 1.790410745
4.701855790 -17.596855199 -22.556562630 0.463374231 -0.147803833 -0.867352931 -0.105533131 0.209046217 2.428232432 5.922891023 5.349699218 5.689695865 10.770731900 10.258726317 4.799468378 5.207418403 0.649746140 5.445337632 6.829684112 2.085074856 8.732442435 3.004575854 2.427440791 0.123399128 6.848738518 4.453977056 3.101234261
5.313182768 -14.987612018 -15.590374202 0.867599278 0.304457512 0.318524290 -0.230476448 5.625117013 4.424793131 3.166317680 2.993521573 4.411678627 3.181084166 -5.159394727 4.295261738 2.222060446 4.749218742 7.528116184 2.829642722 6.686815378 3.402574725 9.482042956 -0.194480755 3.042241365 4.663596625 6.961103562 4.422903744
9.803669087 -17.417247529 -27.010077841 -0.544431346 0.677625132 -0.338070918 0.360730847 2.387068714 4.943376958 3.524582262 2.429828108 3.124821373 -0.546355013 -0.496493235 7.143483195 3.321671803 1.717340663 11.097261146 7.815978689 -0.361503592 7.653487044 4.617518798 4.254528949 11.764605412 6.860432958 6.030567992 5.085653076
-5.336314532 -19.877759860 -23.125300757 -0.127569634 -0.340209290 -0.385306920 0.848246548 2.616890185 5.813988464 5.900774315 3.084983518 9.225188082 -4.774040464 5.508137607 6.350241683 5.001126905 6.919942057 1.535500910 4.587802488 0.747849391 2.533550530 4.643625288 3.723415832 -0.699933090 3.971747395 4.596378414 1.623668742
5.813895910 -24.991339342 -26.502777371 -0.458618296 0.121862056 0.551304548 -0.686208564 3.500034757 3.162811661 2.821571088 5.929582150 3.598045000 6.716296392 1.230082928 5.437486428 10.652219133 5.368367319 2.187672783 5.953066032 3.405715538 3.190362898 2.421071026 5.649776102 7.011490439 5.234421175 4.976491993 9.026290677
-1.435896430 -14.154870710 -26.395463945 -0.461033181 -0.224090144 0.831333841 -0.214746499 2.519151554 3.021902858 2.568965081 2.671550681 4.758056099 4.187179940 3.018258878 3.704368144 0.262837668 0.965320936 -0.918189970 -0.770200611 4.257642532 1.582707423 6.542236617 -5.629918428 3.146276175 -2.280592641 6.378559188 5.940893915
-0.861565681 -23.014344584 -15.181757353 -0.199238931 0.849173959 0.479176585 -0.097965482 3.179784227 -1.621638434 6.485348489 2.446500892 5.247726955 5.915480204 0.393039736 1.125863385 7.593572358 6.995240437 -0.696874825 2.474009660 3.630664987 4.638148276 -0.412284848 5.345345255 6.591047854 8.376788492 4.846573444 2.654329817
6.172834006 -14.157377603 -13.512913269 -0.707815954 -0.304982337 0.272703071 -0.575860560 1.816181551 7.523138655 6.815346887 2.033310553 3.708159114 1.515318641 3.728080588 2.619909900 2.204856697 3.953558383 -1.264737265 -2.695187071 1.083470265 5.870066573 3.367144690 1.990722396 5.217431001 5.226551965 9.017438115 4.458326153
3.642851288 -22.411147444 -23.550864152 0.400764344 -0.694471459 -0.591085407 0.087837202 0.309042346 8.316220348 5.342133200 -0.868155152 2.165134067 6.589079465 2.507338917 6.259086038 7.558405778 0.656402357 -4.579721901 6.576451161 9.243902927 2.966462868 2.003524916 6.962445675 1.221649645 8.606624370 5.026217171 5.041725145
2.862953150 -10.213232273 -25.387535666 -0.461585310 0.512619650 -0.189694121 0.698696098 3.590821836 -0.381702129 -2.091460298 1.465975055 7.535413946 8.348734962 5.612241553 3.933721912 4.794655701 3.272638997 1.315636833 3.879525239 9.822330662 2.382431376 3.498116514 4.286061829 3.488780493 5.470583904 2.632914720 6.874824957
3.326183199 -18.623060936 -21.599537147 -0.445535761 0.079199560 0.871674142 -0.188174138 2.751928105 1.150582679 0.717005577 -1.237042402 3.830781151 2.490121508 4.083088388 5.364096780 3.051429030 4.041915604 2.733679306 8.809449756 3.711553066 2.358310660 6.836001890 9.738093984 6.849311847 9.107089155 8.723255826 7.189779027
5.949056884 -25.669307543 -19.234302689 0.379090498 -0.777839271 0.488883931 -0.110675043 6.858112288 5.934805706 2.944940358 6.766088384 5.421352881 7.039490196 4.603811549 6.605036580 3.199236770 6.158141437 2.263331784 4.502391029 3.395244100 6.958824842 1.752946788 4.863607079 -1.766560922 4.208169838 4.034330054 2.309811644
8.088304629 -20.881267106 -16.712898250 0.670806782 -0.424443132 0.606145458 0.049537595 2.119639235 3.038705001 6.843257355 8.129073666 1.176560648 2.940968297 2.881125396 5.118702202 4.671676387 4.648505580 1.980396050 5.644117891 -0.233241376 3.229116875 3.004979354 4.984097442 1.883300154 -1.465661806 1.871801035 1.114934952
-1.296530199 -11.558907527 -16.596012515 0.275796705 0.090723028 -0.066767935 -0.954592873 -2.261005171 2.661738657 6.909253812 -0.485328671 2.525231622 7.539464301 5.847257192 1.853534949 0.898446483 2.618327184 2.450826272 9.072685072 9.654727497 2.818690111 4.522084299 2.784200462 6.209505320 5.913873355 4.785872961 3.148876897
2.693874757 -15.470271912 -20.957284455 -0.448503853 0.137335746 0.451673993 0.758929372 3.492625551 2.662431742 1.476981914 2.795726778 7.893805987 6.348126085 3.371447474 9.691873914 9.748817301 8.484929405 3.189131583 -0.164756346 6.934114129 4.895637923 -0.214844457 5.545348864 5.571161726 6.212058490 7.767444305 1.319056356
-2.263861675 -17.022039795 -30.075909305 -0.052451010 0.845915171 0.496454627 0.187641195 5.865594601 3.364375706 -0.099682342 3.097786012 -1.049691655 0.842975473 4.843961286 5.088699732 9.909845419 3.194906478 2.913159369 9.171978778 0.735418991 7.675323060 0.501500666 0.230803081 5.997161580 3.771576146 9.537682410 13.381966738
10.517631434 -11.931946024 -23.792077551 0.651572001 0.529813690 -0.505042571 0.199206886 4.592126812 5.056156768 3.408184554 3.806005463 6.637638557 0.510105922 4.630240471 1.067616513 3.611395729 10.321354689 7.309867959 4.583689553 7.937596807 2.298984794 -0.618189048 10.811361939 6.738747791 5.388931400 1.736652028 8.118647507
5.616742134 -12.661903667 -24.727823376 0.121100044 -0.138918989 0.860111050 -0.475652474 6.190280227 13.391159997 4.905745070 2.452300125 5.396556529 5.833046069 0.797900920 1.936739168 2.741504150 2.589451764 -3.851417417 5.504993799 3.169805902 4.890823557 9.342498146 1.325957073 2.233940809 3.259879441 6.104775580 5.330831319
7.936425111 -13.022499197 -21.880646205 0.068152463 -0.651913587 -0.526509708 0.541434617 5.157180150 2.098853901 -0.854755974 1.241283610 8.629054782 4.267072416 5.806016389 1.566050316 2.960317037 -0.727308507 3.345377114 1.619741294 3.619593214 3.294945348 5.025458793 -2.135380532 0.102783653 4.681745089 1.832249500 -0.212126543
2.734962624 -7.991741379 -22.805786178 0.861335022 -0.286363302 -0.419131595 -0.020657805 3.439171664 1.628345818 4.699946066 2.294747268 4.959526989 1.129670736 2.790156429 4.777584172 2.315257139 7.957722332 0.738664211 4.247290379 9.135728452 3.606710461 5.350723224 2.437087626 1.890018271 -0.787269612 4.280394103 5.879250999
3.707334532 -19.393286662 -21.160387041 -0.167687543 -0.080149684 0.904255349 -0.384420576 2.046874128 3.327724167 4.881568991 3.898234440 4.427893624 6.454233399 1.533142842 5.149111376 1.789476280 4.432700824 8.443762199 8.741537941 5.490548672 1.748947067 6.945537976 10.956874048 5.283948024 9.209864913 4.132068373 2.920373546
4.771286830 -17.884848612 -22.005248576 -0.177497173 0.277831382 0.552655227 -0.765425814 5.007351063 3.772995908 8.074933987 4.089070755 4.825620570 6.229923957 3.869843969 -1.529599546 6.307116752 3.810362337 2.997120863 -1.809393461 3.195632920 9.107885375 4.519474344 1.756357977 5.734908779 3.391059097 2.886079154 4.483213502
5.045725961 -22.535705784 -19.639935533 -0.248312124 -0.276441660 0.828778963 0.418385621 0.237049610 4.116730895 6.658252396 5.655814117 6.305336115 1.702953107 8.918496393 -3.985632102 5.238970637 11.802735568 6.963854913 5.352973053 6.045358422 0.859567780 6.709704444 5.088084045 1.303242907 7.723020406 1.206851768 -1.552511212
8.547845287 -20.290260260 -25.285890399 0.865103572 -0.351921039 0.097705601 -0.343803734 -1.725427558 5.493401519 4.173054602 4.258154714 0.902729949 4.837201410 10.121659606 4.718313877 7.218256291 5.136323768 11.016486624 0.745862793 2.484163599 8.647777760 4.405637782 6.630652703 -0.533289860 4.884636412 -0.772163569 6.538911568
0.701736228 -17.749688871 -17.570954375 -0.686493550 -0.138486495 0.300447183 0.647518021 7.546955669 0.365582840 9.077502081 6.286257817 4.557864851 8.763668859 -0.102685680 2.237821308 6.867830702 4.222106157 2.858176492 3.548478799 2.615024307 3.917880799 -2.570897905 1.561599989 4.964692500 8.164381609 -0.375023859 0.482415955
9.866857631 -19.102139653 -27.089801031 0.402593277 0.066026442 0.769520379 0.491322245 1.955086100 1.885417450 5.216348453 0.658261175 1.230907249 4.795440307 3.774586563 2.835065511 1.189057753 0.807518632 6.434473781 1.507495614 1.535722915 5.553981811 -0.938337496 -0.169388728 3.366167537 11.046450506 -1.033687479 2.045780383
5.511346641 -11.591927989 -22.634256174 -0.456443833 -0.243073307 0.723428200 0.457412324 3.445705711 2.029094866 4.008607846 9.980775863 2.052220228 2.507993521 1.934940525 1.273349196 4.748687454 3.321049034 -0.000954736 9.265154597 -0.852527161 1.848787619 0.738505861 7.591543745 -0.060447886 6.211837483 3.647643155 0.818658254
-1.610873757 -11.564048878 -15.287292445 0.312443339 -0.827776990 0.275292837 0.376003016 4.112839847 0.440331576 2.670283706 -1.754223533 2.035515288 8.737204720 7.954288073 1.674619944 2.618842726 1.442120680 7.989075759 3.963176571 3.347044191 3.667576068 4.549944343 4.659908871 -2.123508587 0.615607957 10.031731115 4.280676779
-0.635058738 -9.674305480 -26.252472119 0.017108325 -0.680267025 0.643824204 0.349906378 0.786443171 -1.305761540 8.244007564 -1.634710575 3.056932064 5.467218995 5.580190473 2.827779129 7.310175924 1.708952111 -3.553747639 7.137262925 2.830087989 5.742523977 5.878168033 4.634759912 -1.949033633 4.071476720 2.496434640 5.425041660
5.423937665 -16.974352059 -19.803952580 0.883339625 -0.107712591 -0.293363420 0.349352268 6.477335674 5.598488639 5.370558389 3.373870131 4.063213682 5.803063380 8.571984996 4.452289774 7.067223241 4.610946795 0.723059999 8.165546611 4.366885092 3.725809833 3.308331151 3.965499893 4.091504221 4.794517918 0.122507175 2.949470066
5.099060220 -10.473861061 -18.991723338 0.684411311 0.160608627 0.525430012 -0.479280011 1.547292629 5.148226849 6.939152294 3.974804939 0.645765117 5.002897975 -0.086852932 -1.201107237 -1.082200007 4.266214801 3.340839781 5.956436845 6.838595856 3.066714066 2.364841674 2.185694923 7.278578255 6.086477541 4.806669074 7.275668211
2.678266855 -21.124561229 -19.419482719 0.446640868 -0.627105606 0.630622219 -0.097806498 0.445045993 3.256526738 4.067238490 2.540071360 3.111019079 -0.792730467 7.128062472 6.821511682 1.794356675 4.002342061 0.564110722 0.349547892 8.672274661 1.948097651 4.215929758 3.368728151 5.572310826 9.776116128 -0.768022180 -0.666650998
-0.420252897 -12.095957704 -17.345954794 -0.639596538 0.003524033 -0.227947145 0.734128019 3.549539346 5.316382688 2.745393933 -1.321393981 3.219600979 2.833242260 7.258495630 5.363892134 0.017252589 5.126409176 4.639316188 7.619346385 4.026437213 6.217772481 6.014297319 7.501175551 2.599477377 4.956481866 3.533652410 4.504540888
9.787460124 -13.636717959 -27.131419234 0.243843446 0.769906660 -0.503957126 0.306286342 7.801497280 4.129915596 1.176968149 1.354404289 5.546493921 3.052811899 0.925319669 3.841469005 4.945199808 7.738293192 7.764874756 7.746883644 5.433564918 -4.746515047 2.874836498 1.994769586 5.784052516 2.079651409 2.409733760 10.944485498
-2.962083845 -15.004427065 -29.866645925 0.350307875 -0.550803606 -0.720951027 0.232657252 4.323448494 3.453098789 2.006467060 1.486088790 8.427684716 3.990666293 7.211965720 4.461477966 4.483941040 -0.939226489 3.564136933 7.137877997 -1.829255527 9.877694391 4.233538161 2.144997895 0.970774857 4.575394280 4.560497608 3.649258154
9.040899456 -19.186279357 -27.722011159 -0.182562254 0.866741836 0.183493656 -0.426332840 4.296479375 6.404939050 -1.493504187 6.260045608 2.607312091 4.749684049 -0.068069377 2.950611947 7.097031392 2.121532516 4.574801632 3.565573711 3.527709040 0.699876681 3.129157086 4.614738961 1.779532903 -2.416305224 7.104997052 2.994324545
-2.922840574 -24.186410501 -21.728578810 -0.544736368 0.453253176 -0.652624315 -0.268151733 1.274914433 4.135239729 4.325011029 -1.460852864 6.462839369 3.428279650 2.477917752 1.048903805 4.207922211 2.179837721 7.273854074 3.773343418 4.541972716 -0.859204540 6.544155975 3.568544289 5.783735904 -0.186509782 9.719011583 2.660476654
5.394276536 -9.347102426 -22.718723711 0.416449580 0.788344910 0.452727955 -0.010929303 5.551194693 6.054450410 3.915946841 4.092288799 6.534128415 6.440793895 3.160079103 4.108685091 6.363570562 11.698896156 5.872306371 3.565160790 3.403855925 2.623951709 10.575241018 1.721541209 2.802278924 6.741200893 -1.863272711 3.043556888
9.678448342 -18.197787304 -26.875231982 0.542739048 -0.358240996 -0.323393048 -0.687397011 5.286949165 7.312135503 3.984423948 0.799857902 1.600876894 0.405592624 3.909705073 0.150840321 -0.042680451 -0.597114857 -0.108298355 6.857059301 1.450336646 4.816193682 4.707406193 -2.138875784 6.637702258 4.723993881 7.306750978 5.908986274
6.435187047 -19.568551482 -19.840310965 0.329617836 -0.666928877 0.272239662 -0.610281511 -0.408996914 4.301946816 2.354525664 6.285912653 2.515345120 -0.221155423 2.936599562 1.644326522 6.789798833 1.964742151 6.377327992 1.221616822 1.422807569 4.262906851 -1.683876354 1.854233652 5.834380237 4.972662841 1.254703727 8.149722840
-3.998586789 -21.133712865 -21.460853254 -0.817621097 0.276900375 -0.015430851 -0.504562992 5.649303920 -1.643791546 4.338010354 9.268750962 4.049302781 5.480167420 0.975067713 2.368868424 4.056344100 2.087138950 4.591695905 9.079282938 6.681234634 4.263826129 2.084182360 -0.568544095 0.498955108 1.415574455 -1.390066744 6.178201881
-3.188202793 -21.219248735 -27.198703298 -0.577948770 0.742877211 0.279901383 -0.189113414 3.704704106 3.354388850 1.682809895 5.287903637 7.546411705 3.487291931 -1.120026294 1.751459345 6.610456874 4.409493725 6.395811976 4.892776356 2.484589348 4.416508450 8.014992561 6.448587184 8.806047484 8.120244097 -0.173413164 5.877725414
-0.715337171 -13.337799017 -24.611304476 -0.500225200 0.276869863 -0.613636476 0.544580668 5.688439068 -1.270884954 2.570920865 1.374666702 7.173302947 3.175182698 0.628721218 6.840908642 3.211300063 -2.835629422 -1.461898359 9.256716978 1.567453371 8.531753073 1.754831931 5.274009578 1.236870888 5.294338056 11.433689266 8.553774609
-1.699183142 -20.200299599 -20.862161795 -0.465521601 -0.221664922 0.320448472 0.794649028 3.339537604 3.252801944 1.188831545 -2.195942362 0.840418238 2.025618348 2.756135137 2.332859637 6.479629059 -4.108837252 9.567879884 1.785526593 1.718090083 2.642728722 1.611991153 -3.810070245 11.787233717 6.589055520 6.685460438 -0.158301559
2.748454372 -15.923050664 -28.021032723 0.305645551 0.413670189 0.334111337 0.789827441 6.498672604 3.410922245 2.755511168 3.165375156 6.478103159 1.911360700 0.206655934 0.161203178 9.106142792 1.322696746 0.719555570 1.802193063 10.057586375 -0.601968811 0.440283524 3.017629587 2.752933259 3.598666450 0.047777451 -0.316811871
6.379714838 -18.865986221 -16.605938086 -0.695616979 -0.569105209 0.429413264 0.088546764 2.524593616 1.107243402 8.918841587 7.615617115 7.042885197 3.640734075 0.225747561 -0.001341638 3.312946864 0.757155623 3.600277381 4.892856268 3.673290200 5.939851605 0.912372044 9.163854393 1.932214999 11.138677000 4.212065303 9.036024558
4.783355790 -13.176397379 -20.806345778 -0.073346674 -0.732712534 0.624543877 0.260187535 4.385241021 7.311223013 2.674406082 -0.915415388 5.711139423 4.034919495 5.694479306 3.320228725 1.741154426 4.986738066 2.410311842 3.542492439 1.186778285 2.947520886 -1.096721694 2.949329288 3.346475827 7.641458576 -3.284159514 3.038261235
10.454825280 -19.104198226 -19.476719640 0.901823577 0.208630537 -0.285781745 0.248024855 6.328787927 8.003695423 7.886689955 2.343227264 6.137166729 6.366994338 -5.837544742 2.368342968 -2.472836534 5.970044058 2.625705782 4.316675530 7.882823364 4.509116089 3.166971879 2.682171167 1.475186697 8.529935408 4.229389349 4.608336197
-6.528345335 -14.961191093 -20.007520879 -0.819446788 0.382971437 0.234253197 -0.356321878 4.972071738 3.509862301 4.622201551 5.439742987 2.611239381 4.350896498 4.790783259 2.136056090 0.946286684 1.927308839 0.841363446 4.223367997 4.922338426 3.425877015 -0.059616533 8.503157743 1.191465587 4.995429675 5.625925619 4.676838174
6.075604903 -12.463167448 -19.064447724 -0.012166591 -0.882252132 0.310959814 0.353252239 3.064744141 1.227712724 5.254414283 5.498617316 6.484395264 4.263160443 2.962049192 4.135907346 7.152671371 6.428099913 2.780650119 3.332429509 2.063318634 2.043140479 6.121587828 1.576303002 4.665218665 -0.342050758 1.101022883 -2.492884258
-2.041697521 -16.695220941 -15.170506379 0.247853415 0.813320208 0.459282821 -0.257173509 -0.742715471 8.329079843 2.934952856 -1.015221453 -0.349271570 7.341692812 3.544816839 2.808600880 5.959178965 5.467758326 8.309280433 9.289392760 4.457141067 4.713866179 9.920282732 6.307531915 6.116285466 6.487852391 2.500403779 4.979549565
-2.060090289 -21.212264310 -17.222758152 -0.168357248 0.642734514 0.275196578 -0.694848922 6.326607745 6.079678466 1.275977509 4.881620540 4.932443312 0.558058392 8.695531586 5.106287668 7.265556085 4.574608568 -0.049475523 1.896270768 2.002305287 8.000607779 7.241328958 3.265241499 2.361065264 10.045135878 1.101594218 3.200212564
4.722455995 -24.201938428 -18.923761407 -0.345198764 -0.378234576 -0.729947818 0.452716911 2.190011062 3.597663692 6.294233245 4.284393529 4.145644155 6.830644195 1.283584565 7.167236170 4.602540876 4.663181713 1.649188873 4.008520948 5.894826073 2.383910824 0.879605927 6.854933638 3.966848672 1.749684895 2.046632567 5.382128394
8.429840049 -18.711219809 -24.163787114 -0.424170073 0.466024246 0.408576096 -0.660277763 10.804096581 4.017085238 2.850302022 4.149989439 2.812306371 4.759201804 4.544429234 2.760968713 1.655212479 6.904466644 1.832246859 7.151432114 7.773505766 11.638062177 3.605517851 11.727200776 5.132553235 3.143186214 3.616496101 5.211951312
-0.046632572 -19.931688629 -21.323204002 -0.066529243 -0.196274773 -0.075097591 -0.975402699 -0.189178943 5.557823446 0.357836406 -1.591976786 7.375501613 1.942600481 2.613546345 4.676129366 -3.634902398 1.990986982 4.635042898 3.958482021 0.431448967 2.629611367 1.736424814 0.375646071 7.237012732 6.117146182 2.924466446 4.804330238
1.567646768 -24.745406525 -24.564090295 0.799410753 -0.539799166 -0.259539324 -0.046889747 4.945859742 4.200194285 8.652960088 6.407199623 5.522542069 5.015453991 6.189435169 4.794341523 7.751461693 4.294796242 0.741715311 3.562625519 2.169333233 3.038337071 2.799628942 9.756582540 1.477845977 -0.909042109 1.650638993 7.284081397
1.453587728 -16.309612114 -26.985772860 -0.448084230 0.490980133 -0.292547552 -0.687440878 3.039683178 6.044834215 4.779632132 4.299089120 4.319193534 2.114093666 6.230838264 2.004352351 4.366850409 4.043778391 4.423640718 1.227085747 1.758467988 0.237217198 2.730365271 9.991313646 7.241618121 1.324984004 -0.232444412 -0.065642291
0.784103680 -13.156467668 -14.287623795 -0.609530260 -0.421771395 0.648253230 0.174211087 1.242305017 8.402684746 1.753634820 6.696782401 6.560509013 8.610294440 -0.465175193 -1.897803866 2.836381038 -1.353827095 7.732232588 2.074476967 3.097677746 6.995331010 3.546870255 1.925781603 5.740534575 1.814297400 5.672438861 0.108638595
9.621504583 -10.970775877 -21.542376935 -0.444070907 0.592043024 -0.343506143 -0.578177841 0.656109822 7.278289207 4.358266377 8.175541408 6.346267757 7.525475211 2.718063273 -0.907264808 5.905200670 4.514495814 1.865167568 4.067601008 1.889592356 4.084741652 6.869335664 4.324319591 0.221162958 6.605900195 6.960054600 1.120851983
-4.485732479 -17.361250049 -23.214931318 -0.592460406 -0.231924768 0.764520548 0.103488651 3.723673328 3.991821411 2.848383055 9.930385977 4.796659338 -1.518895074 8.119952929 0.380789128 2.943579354 3.946408767 6.504558389 3.767412205 5.402206750 7.207737200 2.879831031 4.565461098 5.088843617 -0.551646399 2.460293281 6.053843858
6.502056862 -11.188879948 -20.402015095 0.230849031 -0.330860326 -0.914510864 -0.030167031 1.280480873 8.444042342 2.716895261 -0.635553022 7.995393162 5.380134548 3.260396689 3.958171121 5.244820160 5.677446458 5.331277958 5.375849171 2.431616191 5.024475021 6.059817165 -0.776432748 6.448728749 1.499292891 2.798953978 2.032854541
2.359760360 -26.072405793 -23.020313419 0.437793987 0.743036131 -0.435553789 0.257927569 5.821734156 -0.572017024 8.347078463 -0.875057692 2.880674376 -2.430847571 2.686646181 2.878393707 1.790128739 5.706652163 6.881284603 0.981094877 7.324553583 4.664957309 2.706738388 6.304875281 3.496311483 5.467277733 1.237049938 4.713103350
-3.580507643 -17.987235716 -24.958948745 -0.661585450 -0.251771293 0.047527711 0.704738977 1.497991520 4.021289910 2.435388348 0.886282989 7.865443048 5.592092631 5.230942403 7.480330165 4.346247260 3.258689897 -1.193433528 6.025296385 0.547840713 7.172935369 3.390659292 5.218577204 -0.148462950 7.848719613 0.137946341 -0.172675322
4.069708332 -19.546729461 -23.823868322 0.989804680 0.128322168 -0.008069094 0.061278104 2.059599693 4.747915354 1.109781867 6.406416421 5.821659841 8.549226911 5.345212116 -2.021515481 4.823509351 4.778804969 7.470875918 4.036816207 3.369058567 4.808987284 2.708461897 7.473802686 3.819582274 1.409861145 6.105873268 10.586589336
0.318957189 -24.599712794 -19.074722907 0.071217617 0.686042552 0.678698513 -0.252273654 4.476957036 0.892202786 4.073339618 9.975254107 6.653875013 2.286401822 2.889985522 9.372979779 2.288096472 0.908743825 10.388021411 3.245699706 5.715273387 -2.012138208 3.525954830 8.267437621 2.606200327 1.834845718 1.486757423 -0.142618885
1.252425507 -22.709103668 -24.277151767 0.983018463 0.171621015 0.040627112 0.050698774 1.379619577 6.183269434 4.177718923 5.703497732 6.299894385 1.058079557 3.430746131 5.380186903 3.078692872 2.210408983 -0.551130228 1.782098841 3.066634935 2.659885646 5.106034503 -1.856436283 4.070808778 2.625724175 0.854626674 3.575552406
10.479311711 -13.802704895 -20.561281012 0.406521349 -0.159234851 -0.544179671 0.716416876 4.385965020 8.352512950 0.301564013 6.444796572 7.180257380 3.724391321 4.604356593 5.627357817 2.166835954 7.430678654 7.237223509 4.123683305 0.701746092 0.955980900 2.177197764 1.631573484 0.921033355 2.989992071 0.557747130 -3.760460396
7.682143017 -23.821713692 -25.787853163 -0.688486082 -0.104342761 0.043476316 -0.716386288 4.677377384 4.360736680 9.709681564 5.266610413 1.146082961 4.075368052 3.565519416 6.084246985 -0.549751497 5.377672060 1.075684247 2.079115858 -1.565684212 4.131433775 7.952788442 3.921735992 2.847966138 5.428403896 2.035798312 7.502234617
7.419210236 -21.646114790 -24.778957896 -0.786402304 -0.401985035 -0.232886245 -0.407116009 3.197329081 6.633651882 2.745655370 7.643412822 6.822590756 5.687916093 1.883639715 4.668563294 6.542128490 7.103144875 10.528904352 2.494102024 4.029037278 0.252080388 2.276664847 2.933060782 4.091406668 -0.265864178 4.607592270 9.509822659
7.519128297 -13.944946984 -26.581860903 -0.226781173 0.498495632 0.191763136 0.814431891 0.706489609 8.497164933 3.304684570 -0.609676869 3.153927991 4.697634459 5.776500846 1.848617862 11.766213645 1.027115623 2.379836659 -0.714210455 9.772429088 7.299703459 4.841616345 6.452602412 7.900984533 10.963951793 3.733080542 4.096684248
6.987242025 -10.777138437 -25.452918599 -0.177778647 -0.838989941 -0.472553304 0.202938429 6.821011708 0.586635147 1.874707255 1.327286932 5.622409736 7.178544139 -0.413112647 6.035685980 5.201755037 5.727085357 3.407039200 2.889265986 4.724343034 2.242222395 6.593579261 2.167913752 9.118541229 4.164918241 4.169932555 8.572020292
2.489317607 -22.815750370 -20.262422149 -0.957358446 0.191503086 -0.140570797 0.164411754 0.222332040 8.975904876 2.072904414 4.541905352 0.485203822 6.956891803 -0.609651986 1.066280025 3.492965613 -1.861741659 5.997763023 11.374918188 0.133058109 3.586997438 1.254867799 2.253322515 1.184335520 3.480161317 6.262784249 5.541504941
5.965697295 -22.193852386 -18.705831458 0.271851664 -0.598976214 0.430930586 -0.617756423 0.617478512 -1.647475390 1.735229227 4.818343325 2.517189794 0.225638498 3.174834119 7.010592790 3.705930987 9.480448059 5.836682633 5.637255322 2.964719927 0.236338246 6.113996257 2.202247480 0.846648886 -1.997545201 4.270334628 2.145001333
7.100212185 -15.074669324 -20.518500754 0.223481930 -0.866391368 0.439778440 0.077567702 3.917307522 5.499280707 5.557694513 0.200230938 8.415849271 3.540510618 0.763812497 5.101128784 4.478504082 3.112355636 5.847659855 2.640604575 3.973576757 6.807734890 -2.621917217 8.830635491 -0.505171044 6.303399855 2.093464766 0.123076948
0.104029290 -24.356214359 -22.324376260 -0.395887903 -0.136510399 0.898138172 -0.134110042 4.954498898 3.507615487 3.528215193 6.151360662 -0.049857806 4.266566881 4.225210021 4.326839530 -0.443243956 4.344097500 4.894939770 3.652025990 -0.256776418 4.597200521 1.565582877 0.024682658 9.687117057 5.868367701 -1.575973494 6.817270836
8.316424758 -24.784230661 -21.194225966 0.653815890 0.355725930 -0.373000851 -0.553944229 5.998624556 5.153093035 3.783565304 -0.371205664 1.440059730 5.954979037 5.946325903 3.720457902 3.673481233 6.724881084 6.989505531 7.280839382 2.570260857 5.272787847 1.695210023 0.399745649 5.163584657 6.209567308 3.351215480 1.166272892
-5.105120785 -18.730483721 -18.795489790 0.413623111 0.723862268 0.295313998 -0.466614382 6.204675271 8.287642227 2.278141254 1.012216303 1.975894417 7.372732392 6.391731603 6.580340307 3.048827172 5.939999750 5.486510736 6.334612393 1.835278600 4.187183896 -2.739411148 6.850627651 -3.038088404 3.023209609 5.254649399 7.846200422
3.057927560 -24.922010724 -19.650157705 0.838577911 0.533268313 -0.108278502 0.026225186 -0.682983906 5.983409712 5.925851127 4.187863098 9.193999118 9.337402115 4.538799716 3.681734577 -2.761646025 -0.289689372 5.242336566 -3.032463525 8.292025523 4.990626902 3.028585103 -0.593460370 6.712832288 4.282636787 7.537502903 6.441987511
0.786099864 -14.165320646 -16.340445698 0.660533594 0.366695270 0.454535950 0.471833678 7.734901018 6.875043338 5.602483113 1.055148136 9.307769085 9.183558602 8.356905223 6.658464222 1.896216933 2.077758694 8.644878732 8.141335723 -1.590222672 5.964797812 3.660936101 1.415553263 1.812946760 5.146667765 6.048732804 -0.091635331
3.418713904 -16.019800250 -14.449783157 -0.147352882 0.659633976 -0.412862909 -0.610503370 3.756896034 7.184283071 5.730052492 7.563915575 3.526853166 5.689922430 8.337950171 5.515721907 4.915493608 1.858225921 0.106398571 -0.100848725 -0.485338627 1.986865931 3.476981440 9.198811390 2.637804617 6.440438933 -1.711756493 6.224320568
-1.784690494 -12.547004287 -29.596980395 0.807126723 -0.348132569 -0.319371045 -0.354051272 6.750555954 5.469196516 7.098519187 0.685506054 4.193775914 4.481730464 3.038726254 12.541138168 10.129821098 -1.652175637 6.730362373 0.482299379 2.035376249 1.360211511 4.360030120 4.913512067 3.975464991 0.866323757 12.259633585 -1.577228475
-6.972915975 -16.422336205 -21.290187071 0.974050966 -0.000433229 -0.158988804 0.161080998 -5.350892121 9.785629127 7.762164788 5.233777977 6.873976447 6.004781519 9.976915588 1.607854700 4.502037072 3.183570553 7.372059811 5.163758658 6.608514500 7.101694736 1.968802906 2.317962214 2.834662260 7.212581604 4.390390143 3.595397551
2.000105909 -20.920232886 -23.403830536 -0.228711192 -0.552238304 -0.798995896 -0.065799725 4.506875162 8.721737174 -0.832586558 2.827506136 -0.043915652 4.599021359 2.024551555 0.354693694 3.849421396 0.239223162 4.723523051 5.736630449 9.058398471 7.392554469 -0.840272069 2.003686504 2.493049429 4.895338362 3.255074220 8.800038304
6.873925494 -22.263470984 -16.721569124 -0.290611077 -0.156755139 0.388246485 -0.860370673 9.240297886 -4.254138301 2.985073165 5.230401947 7.185089559 5.397467845 8.241917175 8.031339924 2.152181568 2.352206373 4.679399399 6.986165220 2.602636276 4.149589796 3.659931154 5.079860798 4.093115393 8.910971090 4.486467539 6.099729738
8.236895269 -24.155180630 -24.995716351 0.714286348 0.011802834 -0.224793096 0.662664146 0.944733710 -1.442747682 6.173359950 6.723592850 5.111630724 2.187446409 3.499190233 -3.565282362 7.590956879 5.874938557 1.900038249 8.442471996 7.067685346 8.801969574 4.222542374 5.334472692 3.907888771 8.134735932 5.455172143 0.416111925
0.019950007 -11.376891590 -25.607955017 0.869034673 0.007564555 0.095971066 0.485294827 6.894844728 2.786955944 6.154878282 -0.749768667 8.206676172 1.085722443 0.346698116 1.509342544 9.803876607 5.253430307 5.953613631 5.632435262 0.845375754 5.835102796 4.786372964 4.082448045 3.957045189 7.941143537 1.692212632 4.433386940
-2.237555242 -11.833371286 -17.084483359 -0.430651933 0.035810686 -0.402469136 -0.807016172 2.792851202 5.439241237 4.833741652 10.480003323 8.238572632 9.740771130 0.183617846 6.797407288 -1.349836594 2.037117459 -0.953982415 -0.817223912 6.410174461 0.227697665 4.555076036 1.018657690 1.473774069 8.244053361 5.086782075 6.033147710
-1.177733121 -16.370641448 -30.267031836 0.248260260 -0.542750554 -0.602005188 -0.530451160 0.002846424 6.840050233 2.879009492 7.110449789 -1.926222386 2.347450271 3.247755599 1.630608253 6.951296176 3.377501113 6.855105278 5.723033705 1.538006279 -1.233571042 1.174832170 8.487280522 7.281044362 5.632799204 5.819858654 0.067352561
0.201854923 -20.849035016 -15.040243030 0.163928685 -0.398766524 -0.269827903 -0.860991027 5.436431838 3.791906105 5.020392911 3.547628927 7.949712629 6.719455798 -0.207017289 -1.294275485 1.174331230 -6.365659371 1.520915423 -1.168257225 8.682312363 6.716005660 2.278508246 3.075525221 3.986053780 6.251553292 7.103514647 6.042493039
-3.548882730 -22.937929220 -26.042616533 0.206912300 -0.725167517 -0.529586193 -0.388404218 7.329200102 -2.842421289 2.217463912 10.742480980 2.810486268 2.205881530 3.007815779 5.987040374 3.919040760 4.134327349 2.748974579 7.350980518 5.522703806 2.025974658 2.935283534 2.131300565 3.623200891 6.923404842 0.717043405 3.774702610
3.379908192 -15.114509688 -15.049009016 -0.028969650 0.085651011 0.990180147 0.106620540 0.094772030 5.043948533 0.858630356 5.756542852 3.169259441 5.401183654 1.568859968 4.643527327 8.678513473 2.851356422 2.363875250 -1.351488505 2.484903081 0.827043979 3.758027384 6.488008384 7.914672721 1.829919850 4.134238074 5.330505157
8.398483396 -15.969218540 -23.493643020 -0.090721612 -0.496926384 -0.632867182 -0.586781806 1.587378629 1.170394306 -0.360661557 4.083944653 2.540525699 4.648437568 6.199121507 6.297348311 2.137002826 2.376641997 9.465250616 3.349827629 5.580663805 -2.423148514 3.529006076 5.368107268 7.241132628 9.940944657 5.859130963 -1.106815484
2.771283626 -17.997518436 -19.021197734 -0.522578547 0.465255090 0.710507324 0.075024699 6.135022618 2.565466909 3.385155538 3.987520404 2.002530068 1.666568992 4.783031497 2.662303099 3.417142538 6.239248442 6.682778130 4.109258474 6.262085249 3.481492922 6.324427663 7.010097143 7.749665996 6.988697936 7.236107852 7.088419518
-0.932992650 -11.115207503 -17.546858016 0.886743579 -0.455155766 0.073236153 0.033992924 4.015493176 4.233148944 2.553731820 2.425373321 7.331234417 3.728392574 7.021034176 9.831559168 1.721267646 -1.768667336 4.061008558 3.510017882 3.298353620 3.517969329 8.694075056 3.504344028 1.665768368 -1.319549052 -3.305549547 2.204887926
1.248150039 -18.170353131 -22.122053981 -0.064716307 -0.613777344 0.071846340 0.783535114 4.870962133 1.781494330 5.353804603 2.299795640 1.955706548 6.282083638 -0.845452347 3.354865625 2.838451067 -0.153940489 -1.040150558 5.724388281 2.851050145 2.859349360 1.999090299 4.899021381 4.954358594 0.874428038 1.833772037 3.428229251
4.115315749 -15.236563680 -27.505615452 -0.570737060 -0.457194980 0.003106197 -0.682072071 3.509329853 3.700358499 2.470737832 6.807731103 6.002082861 -1.456122259 5.324682498 1.225434662 5.879468932 5.622111033 2.101279350 6.646779404 5.938284762 7.371685815 2.628006137 7.028120775 0.321671067 1.199735309 10.563854925 4.681394435
1.334688629 -9.899482403 -15.324109614 0.496430619 0.275461433 0.751241360 -0.336621535 -1.039501141 1.662638010 -0.647482386 4.432436463 5.194381434 0.090000891 3.972631938 2.268793109 2.115967695 5.595079907 4.107066710 2.440553833 0.213446547 3.937516598 2.088288162 6.496217582 -2.763387305 -0.092153730 2.199479955 2.509480237
-0.503746482 -25.013107851 -18.026936426 -0.202914393 0.247807910 0.945955962 -0.050836075 3.498581068 6.320804295 0.169342123 5.461974725 4.650921101 12.143635271 0.693649281 2.963975969 4.850776169 5.133260875 4.566195593 5.194720432 0.294670118 -7.328169369 0.919083111 4.296410941 1.413067522 9.342167629 7.924747869 2.669584013
3.136969666 -17.025905389 -22.602531996 0.008672794 0.505821926 -0.358305226 0.784656821 3.322618120 5.216396684 9.161380732 6.924518275 4.866683418 3.372520077 1.992402282 1.655463733 0.721979198 7.956256460 1.713765530 1.586127313 -1.518062070 0.354782517 0.860408818 9.654378330 7.550881852 5.946838735 -0.822368537 0.729801786
10.166842900 -20.788214182 -23.471396226 0.010277639 0.693182830 0.201659375 0.691899870 7.055826752 4.885060815 -1.794049938 8.245728799 -0.820476046 2.987371852 2.729124204 11.036142305 1.994453764 0.309802611 1.538886864 -3.464797265 2.541885262 3.727750006 5.066698723 6.211561293 6.203512347 2.588343711 -4.451071538 2.733960813
3.832058196 -12.588033928 -27.133923705 0.237874585 0.435443280 0.478759206 -0.724288930 4.365025690 -1.768008692 -0.614679109 6.331298454 2.694325253 0.133606823 1.961076172 6.046613721 4.213201556 3.345039924 1.604342808 4.533161495 3.463926745 4.971139111 5.304103509 -1.141295711 4.887687114 5.071461437 3.482968780 0.697928396
6.406150834 -9.316298647 -21.412889584 0.688740329 0.569913041 0.433387951 -0.114064759 7.104270365 2.857921960 9.553535747 4.246050948 3.347069707 -1.661080346 3.908262168 3.113059758 3.882801126 1.691094575 1.014584213 3.467432794 8.445612420 1.829629727 4.035632439 2.682820820 10.990528401 4.289118897 3.515918359 2.656390455
-4.588362327 -15.492404509 -27.810269314 0.223731124 0.968964191 -0.095018568 0.044991691 0.896038604 3.934275972 9.146932054 1.813438009 2.571960315 3.029690433 4.994957911 7.619382406 3.975949899 4.016369160 4.852321831 2.244269451 4.804314195 3.691277037 2.268728122 5.223849529 9.872226020 2.406473394 6.628476923 9.657092849
3.759071811 -11.059545610 -20.846433291 -0.331811461 -0.007210042 0.834457561 -0.439920161 7.170683771 1.067521632 4.074291005 3.059440925 2.001590968 5.797477786 1.506909127 4.200381361 -0.298878024 3.249779304 3.735968076 3.736857668 7.023631937 6.201032493 4.759560684 2.810338647 5.101989579 -1.391793214 1.710990765 8.901052840
-1.956909088 -13.996408486 -28.726447798 -0.641428198 0.081766027 -0.370636692 -0.666717801 5.068858233 5.361323611 5.944764939 4.699039324 4.574284716 -0.448651775 5.790608477 4.869108801 3.864910001 -2.295341879 3.958287308 7.314429695 1.487968133 4.334978198 1.789445605 3.110062424 2.739640852 2.500813171 -4.407343059 5.938643321
-0.610861463 -21.746873381 -16.846881620 0.756151962 0.346605095 -0.285014952 -0.476304099 8.204999105 7.704404028 2.166436461 4.277742758 7.529019483 5.236870712 1.666026112 5.183431360 4.802923919 7.232922370 0.723726786 0.705079446 3.760723366 3.292613945 3.974686846 5.399183608 7.597719442 1.780757815 7.054529940 4.545384324
-3.032216878 -20.377281910 -27.024060443 0.187951977 -0.408925743 0.165811939 0.877473755 4.994899114 4.132668348 7.507105015 0.975730951 6.277981179 2.837117136 3.683837332 11.700755821 0.944362281 1.516406976 3.444587829 9.794381165 2.245793742 4.336105230 7.848094725 3.700050051 2.598659008 2.462293791 1.702862487 2.250563155
10.353048391 -17.611143820 -27.326956957 -0.060270772 0.656405566 -0.744995622 -0.102375244 5.868118777 2.950949444 -0.009271033 12.357844346 5.201725281 1.902623772 -0.685619986 5.144232312 7.149380620 2.023911709 1.173237784 -0.512761753 6.400789880 1.936403609 1.945006054 1.767229385 5.356943434 4.673307168 5.059184533 8.897361640
4.800774111 -10.495454915 -20.527362202 0.458334837 0.115729696 0.218904761 -0.853590370 5.825925149 5.841673194 4.209999986 6.276008549 -0.905179938 4.072784908 3.809087208 8.639948395 2.278286484 2.434309267 5.766760396 1.318016221 2.454637856 0.798814647 4.009499029 0.407259418 0.322437485 2.308971501 3.890565999 0.029566432
3.377052223 -20.535823067 -21.351760224 0.488652942 0.056852722 0.722406087 -0.485917190 8.895839996 4.423071150 4.634079905 1.983349383 3.903999962 5.751007661 3.914955233 5.566355339 1.316236200 5.334505933 2.723460131 1.580939956 9.787261671 4.904494711 2.229953887 3.524723362 7.004073364 6.112489148 -4.473013994 4.162378689
3.480415043 -10.095653725 -19.933743518 0.902244953 0.404494634 0.029465707 0.146526134 6.192311733 2.566239272 2.139927467 2.464222771 1.159584139 6.281107454 4.042850595 0.642841263 3.669962111 6.575954890 3.790309993 -1.586107176 2.634013968 1.154470898 0.734546719 4.339845170 6.364689905 7.520983271 6.123126742 -3.772594334
3.671320568 -18.137236073 -13.905453517 0.423325954 0.053308285 -0.814231678 -0.393675167 7.983095044 -4.129711564 3.527272258 2.606123948 -1.250060185 0.907401746 5.207880933 -0.518857261 6.367691722 -2.690998258 1.703827343 7.218280481 -0.647997791 3.074867328 0.756125805 8.439146809 4.295316754 5.441589344 3.706805274 7.351126853
-4.522263296 -19.457130030 -25.580247366 0.682421326 -0.042502111 -0.685094498 0.251277203 2.683242231 6.488013701 2.568246862 5.063520500 0.981640161 7.555908533 1.350567990 3.885336251 -2.016035657 -1.642117695 2.432189299 5.214842874 5.008301422 2.446101172 3.817891934 5.139267976 5.140093359 6.789217033 6.856573533 5.720631460
-4.322062358 -20.441024518 -15.876035922 -0.312555872 -0.903654992 0.275353066 0.099484531 1.041157365 1.644767981 3.897180142 3.399708253 7.579095757 3.617511540 3.056344561 -0.591579921 2.009220204 0.676975394 -6.215016336 5.652213497 5.298794439 0.632260089 4.747924612 5.606350963 7.157213030 1.752296420 3.577387634 2.979539287
3.808953162 -13.822905749 -29.762484118 -0.018784620 -0.400166416 -0.872163574 0.280792944 3.082230430 5.008423387 0.943906915 2.325662399 8.371596902 8.078301177 8.782284289 3.662834073 4.729019908 1.693162176 6.635391809 4.927565257 7.584573230 10.645132219 7.807869088 -0.499751309 6.971907543 1.050059773 -1.873211254 8.089832648
6.616087174 -16.927433939 -15.317451149 -0.270026029 -0.449586768 -0.442787911 -0.727252740 1.907161668 7.185236007 7.653834152 -0.588467995 8.089191511 0.984768053 0.906028506 3.070501223 3.718462650 2.942043931 3.604037294 2.922452104 2.481573957 4.766283707 11.112330750 8.239536489 7.107863651 -0.199971348 9.253843155 2.760010360
4.906544628 -21.744479336 -21.980357506 0.038423176 -0.115525027 -0.268712216 -0.955495355 8.893394417 1.003092023 0.167713346 8.913228841 -1.421517722 -5.972070519 3.255635543 4.320897962 4.485887028 7.267722880 2.195998547 7.390260366 3.662849304 1.789116231 3.070574299 0.172636020 6.063265078 9.896673394 1.408148663 5.042035191
-0.916122350 -10.307232298 -25.326538539 0.805984340 0.043144842 0.111237964 -0.579787790 1.156810118 8.843090930 1.218181701 5.647943580 -1.331520290 2.586342040 5.637979212 -1.901189139 5.154829974 -0.782914930 5.428554982 3.131971842 1.635965266 3.911218188 2.987597883 3.828484491 4.169691887 -0.616273376 -1.961691864 1.752830320
2.611977868 -23.633441833 -28.352861087 -0.033477243 -0.558768358 0.605705752 0.565488938 5.861824186 2.101812823 2.523916592 1.093916638 -2.029569601 7.921883593 6.623489449 6.446364411 1.793776907 3.256295127 6.931279949 1.442436280 2.036965385 8.029992572 6.425573477 4.536090063 1.181352081 6.133138329 2.885606264 4.055025460
1.116950437 -19.306670175 -23.155803541 -0.189042219 0.738757217 -0.646643285 0.018795654 4.569624183 6.446596391 2.327838935 6.745767154 2.520498829 7.572545395 5.219072889 0.515202976 2.595033712 7.790271846 8.106322593 5.756808432 0.235556944 2.712999976 6.443670892 2.670663094 4.836027187 7.550451297 4.477284979 5.779596725
7.061077697 -23.435092910 -18.624690216 0.196998499 -0.579742413 0.448628710 0.651016594 1.743325298 2.270051388 5.900284104 4.420477251 7.094524772 2.947633767 8.121168667 3.962554466 8.002261546 1.102170390 2.014021307 1.620249917 3.183683918 0.247239823 2.301724602 3.181783011 2.579783663 -0.478253126 4.170602095 4.100342212
-2.021723273 -22.171444146 -19.358153419 0.426724509 -0.778888218 -0.210287668 0.408678888 2.495034811 2.387075217 5.456008164 4.101153013 3.878142498 4.683469635 4.888536635 3.593090099 7.659495781 6.201345954 6.691393244 11.941385111 5.712797200 10.193630316 1.438877806 6.799445268 4.260577894 1.725281884 3.184321367 3.511540399
4.832871283 -12.743553151 -13.574843293 0.412833405 -0.425129166 -0.131109195 0.794760436 2.713535644 8.865622348 4.215083197 1.556142972 1.710778880 9.369977264 6.331752254 3.381859760 3.652895386 9.685728602 2.993846420 3.740859087 2.402699768 0.930380972 0.965572587 6.601033692 4.135258111 2.596841615 -3.778038005 1.349761890
7.975654810 -23.795373739 -22.942223499 -0.329004496 -0.382623557 -0.664464574 0.551218727 4.906591842 1.629150828 -0.025740009 4.375185699 2.217135807 4.929227118 6.886105271 5.511360571 1.423116147 5.719767467 9.433575688 5.073170537 4.785290709 3.012076260 5.429003640 -2.092393672 8.011875643 3.117995569 7.050742301 3.445304989
8.124849560 -23.200557134 -21.324417705 0.307230777 0.398495974 -0.576591533 0.643702115 2.361942859 4.875611888 8.703217533 2.398527458 2.846758944 7.194429888 5.728245319 1.921958415 5.848505663 3.641141722 4.077571876 4.720778908 9.730836905 2.613474523 -1.890970618 11.911261000 2.513798080 5.031813619 1.607221905 6.941217631
5.161433271 -7.139158140 -23.075504828 0.385701575 -0.545657620 0.506972438 -0.544491510 9.250846481 -3.052809853 3.562541350 3.095128343 -1.195314342 8.013144159 1.417456371 4.867738821 2.361106084 0.801911128 7.274742366 7.872188713 5.015179300 4.276079939 1.878652865 1.545226863 4.930120445 1.869347127 3.298408710 1.163109440
7.959139005 -18.316996327 -16.362241910 -0.403947196 0.808447660 -0.273061968 0.329660743 5.719300442 4.437286060 3.257500046 1.650914200 2.109601672 3.883144918 3.748431000 7.141245747 4.520620747 -0.694659838 7.151613832 4.163716279 1.739042622 5.272187685 6.200891451 1.155382658 2.570453357 1.004556948 7.348647696 5.138715271
3.603072891 -8.823180699 -16.850311198 -0.082729258 0.159824791 0.559071132 -0.809352442 1.154538544 6.133332335 8.166856896 11.281605123 2.508461304 6.143585410 -0.443877956 4.585901745 4.617355037 6.649271218 1.765427935 -1.270513363 4.484338761 5.685091017 8.982574395 5.360547487 3.695430971 3.779939777 3.680552316 0.375687829
2.477083309 -13.896849860 -18.970514185 -0.184000109 -0.379898299 -0.154063638 0.893356389 5.392373493 6.779792052 -4.181037875 7.476749261 1.863236048 3.196952106 1.257597897 8.642461067 2.190383217 4.724453590 10.167217649 4.379672481 2.997307711 5.516366161 7.736736365 4.038147378 4.146124094 6.114930617 6.128444752 -0.361996179
2.574794340 -18.035661342 -27.847099410 0.159814847 -0.487992828 -0.560277575 0.649931730 2.808170027 9.311209253 7.359854670 -1.030039786 5.091649113 0.708296763 2.952190055 7.851518015 3.532800096 5.593885387 6.683452398 4.303880432 4.215717080 7.888210050 4.209677689 6.755176671 3.713372196 5.862833438 3.032146804 1.155602833
2.802961891 -9.704840204 -23.048219824 0.331109502 -0.915706817 -0.140753862 -0.178985679 6.071976589 -2.181870679 2.721317723 4.781732407 2.771862342 3.651587133 4.325819631 4.557571622 1.848027331 6.565883318 3.492656098 4.957660164 6.137549464 4.414460505 1.659992228 6.506110603 3.611795162 -0.622362807 5.518974792 6.454035466
4.965185220 -23.130579390 -16.237315336 -0.728613892 0.517527429 -0.235568326 0.381830747 0.384856178 6.409437753 3.865445559 1.010700192 2.379779772 4.395777621 4.149477103 3.038564960 4.566411595 2.405885657 10.007151597 5.519368227 3.943948353 0.766719258 3.227206391 0.744198131 3.492446238 0.855416092 3.880217449 5.355469383
-3.789115971 -13.076637710 -19.728419503 -0.605510454 -0.293865004 -0.730918915 -0.112951269 3.310471282 1.328945098 2.242919045 4.700094553 3.744523008 1.595803588 8.225083647 6.162453337 9.033049324 4.586612221 2.782835215 0.616245167 3.863354585 6.092080015 3.135696464 1.700238836 2.191930482 4.915370833 4.772772349 -0.554283360
6.887081288 -21.539109300 -28.249785106 -0.756075634 -0.127004594 -0.071107058 0.638093453 1.102705980 0.075993646 -0.389557559 2.892351643 1.268376384 5.507778508 5.256295364 5.253324987 7.015038826 -1.963613516 1.459597651 9.044195670 6.817903912 4.494234426 5.879399794 2.103701235 4.013874507 -0.742819200 7.336825783 6.750004664
-4.157123641 -23.751322925 -21.636487062 -0.548345614 0.755732272 0.001097194 0.358028794 -1.063906030 0.223313753 0.288783350 3.068703250 1.528882163 0.038829813 5.306809500 0.601423971 5.236083697 3.369367798 0.242299473 4.846712198 4.925105828 3.733616915 3.004982734 2.742730938 7.911111155 6.102653754 6.913571071 11.092355792
3.205046519 -20.763959377 -27.202893556 0.057981211 -0.276899802 0.810562828 -0.512789022 5.833812361 3.368587753 7.353316816 1.042110774 4.915377735 3.152583543 -0.391250542 3.405117356 1.573346867 7.953245653 12.072642216 7.584136360 -5.173804217 7.120613923 5.145334470 8.476779642 3.256126569 6.615209578 3.519242288 3.465323852
0.399521996 -13.226965831 -24.546945253 0.839362781 -0.105414117 -0.528579602 0.070438554 5.144303088 6.952090058 5.193607228 1.110289354 2.925882220 0.946954527 1.875775651 2.373402694 3.545362477 4.874109361 3.956951233 3.256879384 7.967228775 0.644251100 1.310031506 0.896385000 0.042795905 -0.244847638 6.856395161 2.358112351
10.427970552 -17.316224880 -26.133316688 0.492318162 -0.391118303 -0.748128753 0.212020445 4.851848561 2.878064827 7.393843353 10.776415141 2.701008062 1.670565630 4.403436944 8.428096271 0.303138131 3.840832216 7.663201668 7.312833986 0.875057498 1.487129562 5.087477417 3.856036696 1.425919137 5.815795907 2.724848298 -4.454981482
1.822603721 -10.741168296 -23.633887075 -0.669556412 0.602149618 0.245810005 -0.358730386 3.457312633 9.974692684 1.864435785 7.091860454 7.257146057 4.462751385 2.689433865 6.104332519 7.022558089 4.245466207 -7.407863720 7.621089396 2.802835895 5.804419375 7.664537620 4.033329576 2.474367153 1.284418885 -0.393523500 -0.923028436
-4.432408259 -14.696751340 -18.662322587 0.412467638 -0.003430494 0.135613327 -0.900815023 2.275277240 1.814418849 3.351710502 2.192272384 6.009750765 3.112481485 4.646445645 -0.851543161 5.379259184 3.694232527 2.406602640 0.700078736 3.204367014 5.159318971 6.086007859 -0.751809597 4.213449275 5.582617921 8.891080078 0.282958426
