-4.848399926 -6.447210405 -28.047694441 0.691191518 -0.242911819 0.533265771 -0.422937053 8.212111425 4.725031711 7.280420724 5.733356732 -1.692510733 4.417301886 9.885204592 8.912150790 4.326194487 7.800100702 8.476378477 2.659013326 -1.435908578 2.461169694 0.543011954 -0.151325249 4.146130772 7.275299175 -1.530141674 -0.734968993
-13.854753741 0.000955993 -24.125977973 -0.615159088 0.787314052 0.023754225 0.033935470 -1.524018588 4.678674065 1.224600476 2.599218278 5.611888469 7.048768126 5.837994087 2.935911362 3.803470035 6.192696945 6.472059627 3.457490922 6.386164959 7.651771432 -1.688454892 7.053564773 -0.398225797 4.556438697 -0.952597851 6.643499473
-1.540947862 -9.431654057 -21.694500678 0.138569155 -0.491472719 -0.795650022 -0.325874513 4.938587361 13.437569663 5.344851892 8.240949166 2.046127534 7.863804399 6.383923610 3.868431516 7.702577893 0.873423479 1.575749159 3.593794857 5.845116449 0.038962545 4.346252316 8.294113906 1.802245844 4.114270625 5.934678898 3.491937165
-10.682545204 -3.911531097 -14.796187071 0.402418807 0.607196377 -0.464070036 0.503994708 6.432461569 -1.119770733 3.751787185 -0.100158140 7.335471228 3.025377592 4.718665068 6.306022420 6.721729302 -1.585503412 2.637331960 3.065021136 6.260883024 2.599624148 7.938043474 6.171032863 1.241528713 4.592714927 6.920145916 0.568338334
-8.116011768 -5.464137113 -23.376387797 0.501251692 0.726390728 -0.396634642 0.252555366 2.089208343 2.793258236 0.506366850 4.742860704 2.914114422 2.094882770 7.732405262 0.902568027 3.622340367 5.587816580 6.492115100 4.846427037 5.334020294 6.612621997 1.088576059 5.807093532 3.771894056 1.625840343 5.534394146 3.132110936
1.525561846 4.370112198 -23.863457166 -0.551919021 -0.378537915 -0.148407195 0.728058889 -0.118744117 5.881763062 6.312888606 4.450076224 4.427084649 6.812997282 2.120664992 3.105658644 6.742437799 6.437902657 -2.050804934 7.045535149 4.726189444 2.557572532 6.178352487 -0.162130601 5.109894807 0.868598634 2.148508304 3.007404105
0.852419307 1.151326330 -18.186704814 0.561661751 0.018757956 0.094051231 -0.821789865 3.310775829 2.379844652 7.118990428 1.317705487 2.546523238 -1.830471184 3.537220448 6.443007624 4.569155259 -0.240822681 -0.348982691 2.923641960 1.263503208 5.679955359 7.578954667 4.772378306 7.217053381 5.273826731 2.362851077 3.446737770
-8.549191475 -2.885196607 -18.382463641 0.741794666 0.346474724 0.206275912 -0.535860230 -0.703399180 4.924683405 11.374242812 1.658787565 3.914307585 3.355295076 6.922625391 3.186885214 4.219034785 4.225121610 3.665431910 8.650683384 9.566776058 6.265742161 -2.948003846 0.214814085 7.305443548 7.202557969 1.297789628 2.926658930
-6.390613348 2.403951865 -18.490415667 -0.779395000 -0.430698639 0.206540997 -0.405441653 5.711596142 -0.316553573 8.874416413 6.781447137 9.407794660 4.600664924 6.037441633 3.037351937 5.815919383 6.484929164 -0.301333421 6.573631389 0.576829941 2.781859252 1.519915538 4.690364312 10.306552834 -1.354877291 3.915063841 2.437829463
3.210215871 -4.053252466 -21.733478541 0.410584944 0.249903869 -0.798370033 0.362730410 2.784900380 8.263657629 7.105579856 5.371972444 5.799918878 2.307657997 0.216547514 3.045133995 4.236769447 4.440326679 2.249779101 -1.479477226 1.130453088 -0.225011238 11.455215838 2.863151938 0.534439965 6.214063377 2.641413615 8.587301113
-9.838691526 5.706854697 -24.448686280 0.429017296 -0.134227998 0.865759852 -0.219970184 1.444386427 1.462493156 3.910300576 6.433494750 1.023635496 5.536953234 6.341674505 7.130373407 4.855055384 6.342087402 7.450494269 3.279546995 8.238305029 2.413178381 10.525282866 8.474674965 6.341235089 7.150464004 7.188691162 9.403873221
-10.290674126 -5.327574954 -21.113303890 -0.778878768 0.008676094 0.286372230 0.557909972 8.538049404 4.688465996 8.034475587 4.279530034 5.985892050 6.779277632 0.682949386 0.026870632 4.225355827 1.630186429 4.050396092 0.616278778 0.380569056 1.622444791 2.481236023 7.156983090 3.262437625 3.539855197 4.326195437 5.475821581
-12.517984569 -1.475221720 -25.319505755 0.262203365 -0.553694928 0.741219753 -0.274343944 -1.408769808 0.006438720 1.809365277 0.938695279 8.277310834 9.128464624 -2.031396594 10.141690228 9.704145441 3.495638581 2.750564513 3.362380402 0.018989914 6.499498265 5.171748503 2.208491736 7.599810516 2.975652501 -0.607508686 4.178887470
-2.000352136 -2.067924941 -29.734179796 0.667514498 -0.542491153 0.264285550 0.436211980 7.966303632 1.473082738 3.408592298 -2.802721769 5.062047677 6.812707742 3.934042227 3.651887416 1.434668888 2.256745005 3.565623334 3.321773672 7.732316702 7.889485738 5.025962992 -0.393577592 2.901868588 4.062562621 3.991107437 7.861286321
-11.068330541 3.298744751 -25.563647870 -0.899518421 -0.196432621 -0.048015305 0.387266531 2.113665846 3.569295751 6.210322970 -0.291209031 5.555692455 2.463675536 5.791923918 6.911645148 8.655183537 4.673670804 1.610245975 -0.109186061 6.632541603 3.006980140 2.116351228 3.248771125 4.922006839 7.608396178 5.430009507 1.949464849
3.172014780 -2.577966946 -21.939108107 0.105489560 0.377063705 -0.911748110 -0.124138228 9.070687924 0.440208563 2.627919894 4.454386785 -0.311389224 2.009909262 0.945162227 3.376028935 3.273961826 3.070433946 10.999743624 5.880739061 2.569585215 2.937985040 6.321679027 10.155215916 4.146243624 3.434805312 1.064787929 4.540024824
-6.263486338 0.223679510 -13.283915320 0.473172656 0.099221472 -0.148044129 0.862754701 0.661436291 4.592572089 1.080554273 6.823346502 4.204706548 2.182733903 1.464149449 7.907898114 5.945217855 9.132518964 6.091098861 4.324052952 3.926308834 2.998223294 5.814084950 4.801676613 5.956673809 7.118645692 3.903765636 3.817606754
-8.169139909 -4.597516727 -19.872481708 0.327783657 0.861592318 0.266371043 0.281536889 5.751446116 6.692295003 5.037925848 1.824611722 -2.571643795 7.369139678 4.459316034 1.961105437 0.960837952 5.936894401 0.698025581 3.654758432 -0.611650711 0.688617341 4.004963053 3.179801593 -1.239460477 2.759171639 2.127912104 1.139966841
-6.043826521 -5.033212563 -12.347690848 -0.141239691 0.988687564 0.004150676 0.050309277 9.268685549 8.031277353 5.309954382 4.764229855 7.528571884 4.192522870 5.437463375 9.663245985 0.271588511 3.824099998 6.049932211 -0.918575458 1.529941920 2.014125076 -3.274793341 4.575384175 6.773709107 3.734772672 5.608730229 2.405845593
-3.174146280 -0.969096256 -17.601984271 0.635250694 -0.345329535 -0.684870522 0.090312992 5.475949234 2.080216828 2.403484101 6.285326388 0.259474538 9.848716480 1.083469575 2.049185911 10.762745486 7.187674957 3.627010369 3.222404362 2.938495531 7.549401012 3.753025083 6.620587234 1.957500884 2.938342992 3.115483986 4.450815059
-7.322833385 -5.193665781 -24.197073546 0.594378328 -0.710065390 0.343429653 0.156772508 2.858849273 2.205077436 2.369473573 2.559220504 9.667264514 1.739599596 1.046240307 4.481490639 3.287139489 9.941908591 5.224605040 11.723424541 2.669966112 4.777631705 3.102187449 5.450101184 4.717915995 4.635077555 -0.668848318 7.167628412
-9.930299597 -5.153254517 -23.776446830 -0.212782427 0.133409409 0.351659486 -0.901809944 5.259657230 6.530546762 5.089619596 4.137219413 2.049462842 1.084694756 1.468540182 4.651063748 -0.118425368 4.886191104 5.290437601 2.224416873 5.436357217 6.983807518 6.466817448 6.644869676 5.298180354 10.007887598 1.166029691 3.852385388
0.956945800 -8.049974357 -18.968792000 0.655146235 0.024046899 -0.626278431 -0.421877333 7.694245322 7.956874948 8.955269272 9.779557367 -1.670148240 2.046094461 7.554330350 7.026688173 6.393410281 1.454086951 8.500831685 0.611856765 5.360588794 5.475697427 6.389312710 8.339835175 5.042705398 2.007434000 4.578251440 7.310604670
-1.469281638 1.321657102 -29.765792544 -0.330068265 0.025757185 0.259776765 -0.907142514 3.536883347 -0.567220093 3.622921908 -2.374531746 5.067175743 4.445554768 7.018386840 5.896665340 8.391235041 3.804777558 10.767024706 3.931337437 -0.351560130 2.582243657 3.017528666 9.206304710 4.315817659 6.528161864 -0.150348105 7.131602948
-2.838646121 5.274591925 -19.363447456 0.777674587 0.276665553 -0.297305938 -0.479882889 4.140837824 6.372809952 2.264773275 5.280295864 0.471361749 6.774173413 5.967307777 9.153904926 0.829357838 6.657455554 4.702890546 5.163468690 4.827795417 2.583462845 8.835438121 -0.766696963 5.509635322 -0.053175469 1.717340008 10.367625214
3.377193152 -1.367219057 -16.494130030 -0.604253196 -0.699871445 -0.262301273 -0.276145029 2.202974535 7.945578103 2.147838661 5.381864496 1.588263312 2.906870734 5.077334362 1.102853606 4.219403979 4.989039961 6.984395407 2.896766683 2.717904910 3.945265895 1.148642912 -2.988684247 3.567238560 4.644414282 6.332991979 1.265219712
-2.726996422 -10.581363152 -22.350761102 -0.495487916 -0.648085328 0.096892440 0.570165755 2.821893002 7.668878877 6.879848813 2.602890619 1.748677964 0.498623541 4.850491723 2.665644402 3.149568787 -0.235025926 -1.198013578 7.465312171 6.353778823 8.009037541 3.243796278 1.153672260 6.190547772 8.153076905 3.623396213 4.023568615
-4.094633640 -1.219538253 -25.160291044 0.884437429 0.336192483 0.274431886 -0.171558118 3.296983668 5.675105149 -0.301519930 1.485537286 2.844221465 1.451878647 -0.912105389 8.959228870 5.899157429 3.050469339 7.344476646 10.353059177 2.635603266 3.139036620 5.756439474 1.930521082 3.611147706 5.016127049 3.098454687 8.540173159
-12.266603841 2.144374436 -22.610582809 -0.421424200 0.811067755 -0.319116823 0.250469945 2.252274260 5.591802985 6.988004344 7.198912795 5.356827804 2.295379024 1.486752155 2.422396829 7.644315654 7.565101177 -3.995825814 3.751896433 -1.953690225 4.786208014 1.883815288 4.287194281 6.639826360 2.018598901 4.435338707 0.127838079
-10.012342404 2.857362395 -19.660802753 -0.870622236 -0.356596738 0.133713281 0.311410417 6.113372402 7.746321171 5.494023324 3.783801189 -0.066855264 1.312047560 8.635680791 6.082079829 7.209802303 5.916228440 5.512501849 3.626695385 2.842266772 0.041070208 0.399723909 5.968537681 1.917032382 4.931336667 7.054108354 6.240877849
-5.178351150 5.461946998 -27.568690430 0.230795434 -0.194560998 0.900608598 -0.312703757 3.185407940 10.373770620 8.268952154 8.375033276 -2.193903512 6.726454700 2.586845762 6.786602994 8.223401161 6.095472044 4.078190389 5.446566056 -1.039364580 13.124436172 8.027581447 1.718908465 -3.920097649 8.174251536 5.063173053 5.309719595
-6.535836743 0.747638451 -15.227271762 0.242670270 0.661064695 0.167531652 0.689954893 1.995235888 2.014601623 -0.727811642 6.979280835 3.260533870 3.336095757 -0.474448075 5.007905555 4.681750189 5.709809695 5.850876318 5.240555283 2.032051969 1.865802360 1.625439372 6.484176789 2.972835430 1.326394317 7.062062236 6.529088328
-7.213778073 5.119981274 -26.519459424 -0.401207004 -0.029430039 0.710335217 -0.577573105 4.437289194 2.130589183 5.248300925 8.476462747 4.017262945 2.749814720 -0.366240704 -2.345462273 5.412157734 2.565126389 5.487011109 2.693106360 0.513940411 5.005531756 0.707768463 4.866521611 -1.704224325 4.343880561 5.532888288 4.763464384
2.093837905 2.495762395 -15.276741618 0.411172572 -0.703526171 0.085666642 0.573279399 1.438849578 4.821211972 8.022891741 5.189595021 4.242276432 3.827245738 -2.246818916 4.266951841 -2.732528132 0.125705636 1.709289245 1.707890930 6.980377390 5.359929882 2.162967087 5.078791257 5.887759561 1.424383306 5.566880600 4.414069522
-10.021082692 0.562423934 -20.512104183 -0.041329018 -0.042347761 -0.327330846 -0.943055193 4.404342094 9.819704378 2.620026168 5.610688285 7.019352937 3.803551533 6.785405418 2.445427478 3.531686029 3.570597153 4.659199993 1.350362419 2.330623238 2.056009010 3.221458262 4.197113157 6.574592734 8.158334779 1.495483856 5.915607185
1.300685400 -0.997882626 -16.819947337 -0.592765519 0.502640133 -0.327562315 0.537294022 -0.841348086 10.310401510 -3.955217861 1.932460197 4.367675055 5.675090086 -1.100656753 4.307299685 2.880478124 0.996732464 1.293434354 4.844999272 6.976632842 1.747732675 6.052363895 6.508826799 3.046883935 1.709585680 4.611134603 5.274668352
-14.261594573 -3.585534719 -21.129682717 -0.845964421 0.492749546 -0.167300896 0.116415178 4.937437173 8.272986280 4.667618344 2.027437090 3.285741629 1.602723330 -2.519212577 1.536382955 3.327085789 9.858210677 3.222138191 1.988644240 7.165652842 4.022288192 6.735502608 3.617851358 -0.535605228 1.954108677 3.409432088 -0.639003730
2.528947859 3.108791731 -19.726031081 -0.782966961 -0.133267011 -0.350224536 0.496533399 -0.060852094 4.309131237 0.501922329 4.092075893 4.359260045 5.865009983 2.689543566 -0.408159916 3.278336026 0.545197993 0.217866236 1.509474543 3.448670068 8.147955732 -0.599105762 8.699590333 7.390302023 2.822385280 6.816173780 -1.719106990
-6.391500317 6.380910051 -15.517713510 0.469860801 0.387329570 0.780108365 0.143657828 4.853629337 3.583655932 4.443247722 4.390729615 8.484743888 1.693956948 3.689160439 1.645150987 4.759554516 2.405685584 5.538011397 5.296911652 5.249986005 0.519786104 3.106297554 7.049353999 2.715430985 8.532527571 9.842863058 7.303603660
-8.990189651 -5.855664187 -25.278615739 -0.238800444 0.588211341 0.002350517 0.772642376 -0.292749278 4.866505687 -1.081666414 1.486179154 3.959045100 4.906989137 5.481047425 4.035221384 -0.614052512 8.425204963 3.747896462 2.747705233 7.480021440 4.780879915 1.679847380 1.633341145 7.913709610 6.856119762 4.417784156 3.923428189
-2.994744977 -6.724977628 -23.038240163 0.799258959 -0.320187542 -0.357966067 -0.361282922 4.296958907 6.978339516 7.340271298 -1.849772184 2.875091871 5.761739570 4.126175867 -1.302729269 1.681446621 0.731514479 -0.713567660 9.068764346 4.208750749 3.497026420 1.483785013 5.183565869 1.331025237 7.405456123 2.650164335 4.452911993
-1.179101935 0.931722995 -20.435906091 0.933279403 -0.194667265 0.258161849 0.156354315 4.572513770 5.373181307 3.335328861 4.685895914 1.274009809 7.123210844 7.397016990 0.537793519 9.028370237 3.052601371 2.906192306 -1.179848948 0.182112128 1.182085398 8.595201097 3.396563566 3.242338686 0.532179494 3.323180700 6.557821130
-8.886635606 -7.152942093 -28.017597326 -0.119636029 0.698964987 -0.499329237 -0.497800643 2.604440312 6.787906778 2.132960500 2.568255960 1.887486810 9.466411446 6.681459134 2.953024340 2.215313456 0.500621612 1.951425086 6.301535450 6.274053479 6.749519628 4.279573969 4.116995833 5.230993268 2.873254259 1.237704580 -3.067938257
4.354466444 -2.309609872 -19.384593455 -0.361419504 0.383524480 0.047598952 -0.848539483 5.025454954 5.280757145 0.959519507 1.602429428 2.600521648 8.485603828 4.923879958 3.616209168 6.608777978 8.347751739 7.096618127 0.133628077 4.904058969 2.515272054 2.916838787 -1.887781235 5.911457894 3.178335836 -0.619077747 2.035679090
-2.788324172 2.616662980 -29.418163946 -0.118017098 0.974977510 -0.188263001 -0.006918161 4.252602155 3.066827339 5.313491109 6.678640073 1.223121772 -0.359851675 5.843419577 4.177946819 4.622528094 6.265103023 3.284071343 10.757547522 8.191340092 -0.929437869 5.278880483 4.808008790 1.183670460 5.941032930 1.472233153 5.515960620
-1.400773739 -0.673063600 -15.483905609 0.521454070 0.516842401 -0.253618361 0.629791483 0.997034227 1.107285181 5.561233894 2.756001623 -3.928550823 2.586148967 0.774070436 4.291179285 8.259652115 2.667321769 11.313047350 5.490055674 3.375990433 5.012357409 -1.594230422 3.932189636 7.341336612 5.077790744 1.449938346 0.188881190
-3.036271929 -8.011860468 -19.272193561 0.087625983 -0.031342624 0.012056437 0.995587249 -0.675658632 -0.064788827 2.217939003 6.920026183 1.731027793 7.746688970 4.292567395 -2.051592166 5.303409775 2.347156769 5.448093682 6.522429292 3.534798765 -0.582006438 0.284397193 2.408213396 6.528192861 3.176651323 4.386116465 1.143621963
-7.892255791 -8.866681712 -19.785583846 0.350947521 -0.732575090 0.075956539 -0.578273447 7.869978763 6.771931016 5.600208293 8.254825734 8.859291681 10.585235780 3.357412954 3.357181702 0.958291150 0.479138144 6.871911124 1.711698016 5.830533526 4.404726254 1.577618277 3.215464465 2.844954665 4.772705385 -1.375536315 3.852641816
-3.714913955 -2.734693971 -12.438464368 0.077422642 -0.781484104 -0.615610390 0.065667165 5.985430698 7.175194833 7.279239710 -0.964705905 1.512791495 0.240225483 9.523331983 3.990504067 2.351334835 5.245652269 7.794990208 2.106833371 5.096358549 2.173164768 9.624118563 2.485638884 2.278380117 2.506670830 3.571122204 3.844993665
-6.666900514 -0.039517816 -12.952927861 -0.526743281 0.802904189 -0.010164601 -0.278896146 4.468643485 5.402207607 1.980962696 6.127867060 -3.695585581 2.969186286 4.095258201 4.221594068 7.421447968 0.724179751 8.564802618 5.063927837 3.051614736 1.714758407 3.096398500 9.081528905 1.413616996 8.240017587 1.312611809 9.322522446
-8.917962134 -1.030798800 -11.972530982 -0.591206891 0.193803956 -0.573122333 0.533334070 1.931789674 3.300732968 5.433519944 9.623543499 2.418779102 8.258672036 5.062563559 -1.706206143 3.032891404 2.559028194 6.033962125 2.950069202 -0.368608480 0.534296482 5.981176253 4.219615815 3.324333791 4.892066371 1.444911981 3.067646205
-6.290679762 -2.340995139 -24.712841773 0.428418555 0.079154116 0.897674793 -0.066122116 6.653623121 0.814186025 0.055091030 7.511331345 -0.692820797 1.015980222 2.386383425 5.448871743 0.700165823 2.574849933 3.026495200 2.233050337 0.975394926 10.204157871 3.609838533 7.443750615 5.680888531 2.458732731 8.715304522 -1.680902104
-3.266178321 3.023810260 -16.505379186 -0.043280321 0.031958846 -0.560883672 0.826144632 -0.006407576 1.456280687 4.182843318 6.116642074 -1.617455254 4.421804035 4.744611354 9.457152831 1.454248925 8.011447482 1.239437784 2.573585612 8.364210801 0.819814804 5.458794878 1.043602054 3.422757299 3.993612563 0.522921500 4.749467101
-1.978260657 -0.852360817 -13.290290660 0.604683195 0.457880770 -0.339436037 -0.556315208 0.258034071 4.562693174 6.339287849 3.981202489 7.132868930 1.932654793 2.874761165 4.893142463 2.798498704 0.666904679 2.327715253 6.251777050 9.002015399 4.624731760 6.309044023 1.397169730 7.378163077 3.932314683 7.851354373 5.895131562
-4.854926245 2.531339110 -21.811066609 0.557970896 0.276212478 -0.533586023 0.572416896 9.191221709 5.525043295 2.665519842 6.751800852 1.494995190 2.230712631 8.454713742 3.684629001 4.231336264 7.118843600 7.603536178 3.045830302 9.235782515 0.447797221 0.017329185 3.149834017 2.191072051 6.365957254 8.586054676 1.533894831
-1.450489967 -4.205229685 -24.918426135 -0.378590418 -0.333136581 -0.544908056 -0.669898891 5.315078856 9.684178242 4.735578265 4.271305868 -2.160189910 2.125424019 6.667472566 3.905176474 4.091872161 9.332831259 2.831370475 0.751988506 4.093529034 4.199805581 4.729009674 9.521965032 1.313408159 5.343765903 1.375403155 2.203112155
-5.552626388 5.992944464 -25.342911288 -0.629697770 -0.682602291 -0.173832990 0.327592615 4.561421198 1.714601985 5.230417685 7.356811651 4.733608479 -1.313053148 0.218949023 1.004956113 1.588559482 4.498336769 1.435069773 0.525606599 1.455055873 3.924238421 -2.152988486 5.097822407 3.246922583 7.641470642 4.285281724 -0.489780894
-4.433776974 7.219584704 -20.943512890 -0.365302270 -0.527196171 -0.246706320 -0.726467095 2.519791617 -1.190223649 5.526153426 5.660325797 5.925989031 0.012630731 -2.715743826 9.073618247 1.506874623 5.888864638 7.508433099 7.857260106 5.313932776 0.846461995 8.296774001 7.144251143 4.792320768 6.896201129 3.767337359 1.570171414
-8.837550382 -4.931313529 -29.386328228 0.644771924 -0.671440937 -0.209128370 -0.299502186 11.005436415 3.860283249 6.917360447 0.523114925 -0.999674760 1.252547202 6.140317898 7.960687961 0.524901500 0.652187466 1.986607742 10.043132599 -2.417419474 2.781397434 0.006497217 6.400382590 6.254645420 6.987761832 4.206672481 8.949393941
2.535573664 -1.436509419 -24.905065631 0.439549478 0.356620919 -0.324939523 0.757649050 4.436088253 9.397249781 -5.730184229 6.151677501 0.826278618 4.511944357 2.437726770 -0.063231314 8.455169521 8.773127733 5.492445458 5.547779359 1.844195664 1.558505239 9.114369699 1.306433603 0.845570141 5.873926473 4.988231057 1.973621814
-4.766476695 5.168306982 -23.895102170 -0.549191801 -0.357132808 -0.740914291 -0.147954505 2.804267304 -0.881508276 -0.743833865 4.587649474 9.697203248 0.907711937 2.933365107 3.345712149 6.070625643 2.847138231 4.235137017 9.170809408 2.388452578 -0.021799602 2.555044002 4.415109947 7.157403301 2.648974226 8.369545442 -0.387376567
-2.377791651 1.674510867 -14.392522976 0.604937784 -0.367984964 -0.268171943 0.653238971 7.546973320 4.482278169 1.599159899 3.920363230 2.580036896 -0.603603596 5.594454261 5.056068703 7.618617778 4.645045788 5.153852505 4.196854775 5.489718877 2.739950594 -0.398146722 3.400604273 3.162005528 -0.626374708 7.750411847 3.914997908
-11.860523150 -0.296981763 -22.692174652 0.813068854 -0.286274990 0.467103632 0.196926040 4.539802546 7.515520426 4.390846101 10.069961089 7.031914201 3.002846961 3.428090151 2.710270610 0.249447771 0.780150513 9.808833421 5.788170507 6.899822538 1.595782133 0.366056494 6.302644448 -2.371839516 1.690621993 5.512365176 4.287023266
-0.981582347 -2.161778065 -16.204239304 -0.210169320 -0.050324168 0.951652689 0.218296802 4.045374669 8.567895847 6.848929427 3.465630420 4.668820791 -0.829598172 4.032845723 1.476022913 6.269076615 6.111616067 9.532131233 6.311613307 4.784717111 5.044689498 3.660747642 5.027892257 6.627963377 0.690477023 4.742874523 2.629138155
-4.407562052 1.775830952 -23.585990347 0.438365404 0.390578065 -0.809260506 0.019544337 3.608940961 9.828546455 5.870383574 -0.489745134 -3.363979648 6.476006953 5.997643956 6.548377380 3.250803791 0.753004730 8.254925377 5.464808471 2.664762410 3.990378329 -1.258335979 6.320520207 1.549322689 3.490514336 7.221879232 6.226575136
-5.992669608 3.858734929 -13.607233674 0.240757994 0.656541028 -0.111106560 -0.706147859 3.125378928 1.846078929 8.297482319 10.108304160 7.174469978 2.459411262 1.152409649 1.890622371 7.105596950 0.514785171 6.350928433 7.295128799 6.204472983 4.601863959 5.314661680 5.548156289 9.829200307 7.940883708 4.483376673 -0.179446673
-8.206053999 -1.444993411 -27.235839199 -0.264457658 0.021562618 0.963862714 0.023788022 6.370299501 3.394830618 -3.430938481 8.126131734 4.375958833 3.254105771 1.582796688 5.059134588 -1.872916584 5.259108349 2.943371973 7.014138501 2.999512942 10.027055985 10.331797306 1.749259290 6.213799262 7.449473648 4.307333957 -2.262988273
-0.393499373 0.158281263 -26.688286273 0.536717079 -0.439859079 0.661216464 -0.285046583 -1.589400495 4.864191254 6.706849971 3.017884087 2.401836489 2.765911806 6.147093360 4.124883342 7.414019130 6.303264301 0.344684372 5.435336764 7.996039773 10.177312871 4.129473641 0.971085142 2.152045714 6.080073759 4.284557351 2.734437387
-0.917587060 -4.713795384 -27.956080402 0.546311884 -0.384763355 -0.743066376 0.036781071 3.412024812 -2.615336489 3.777224607 3.831679286 6.349538123 7.622619823 4.485688412 1.415256661 7.539330776 3.576572600 6.297910172 9.406413984 2.175506081 0.287550211 6.117443122 0.201605865 3.255282845 1.834114947 -0.211117757 -0.292935224
-7.344292301 -4.198990709 -22.486063482 0.223068842 -0.220945026 0.949233055 -0.019498580 1.521214856 2.359144558 1.865476204 -1.295252006 4.296731704 -0.247418903 2.884202132 2.092514346 6.275952271 2.920110698 4.688120094 4.445867626 -0.015100739 2.712242084 10.018922570 5.060528028 6.886720353 1.375334287 5.321104382 4.711317194
-7.503828808 -8.847864119 -19.057822239 -0.036065070 0.164562078 -0.532293088 0.829628050 2.257826735 3.129285615 -0.111951314 3.785546018 5.885414473 3.233897751 6.066789909 -0.820312534 -0.177499188 6.166407753 -2.261817069 9.417975607 8.691800722 5.860794124 -1.674080532 6.777869380 1.082345234 3.095440454 8.311326429 6.559591192
-3.836132643 -4.480743267 -30.503108830 0.050761206 0.845119050 0.517811792 -0.122751946 4.852007072 3.889449110 5.435456494 5.030718065 1.347571355 -2.584440414 8.847491018 0.477652649 5.307809764 5.118268790 8.139677640 2.529933412 8.695447468 1.354623729 3.459418347 6.421409674 4.708909381 2.887553792 3.421125229 6.782444393
-6.177070928 6.126032843 -15.747211786 -0.924556668 -0.188006596 -0.010529266 -0.331266694 4.200555103 6.325412714 -0.618499372 4.155536717 1.747011735 9.537925099 7.144270155 -1.276155467 3.544732477 5.828137908 5.105317897 6.518013176 1.656074780 0.869408259 3.949964181 6.063942507 3.676361939 3.288054698 6.109013235 3.618314086
-7.878252745 7.529604726 -21.037138791 0.827677524 0.382553998 0.182839637 0.367657478 8.315863459 6.442975017 4.548217358 10.763694651 1.928566789 3.069920124 -0.073337247 0.206643656 2.661716050 4.505372426 7.552819692 3.224028382 5.949417702 5.755098781 2.634456875 4.015834304 9.550914135 6.643540279 0.224771219 -1.409409508
-7.089061849 -5.881350212 -26.994330149 -0.719618224 0.251387049 -0.053250788 -0.645072489 6.598732681 4.064677314 4.896447248 5.975438290 5.805035294 2.613709186 6.877783129 4.406376070 5.887068820 6.335633892 5.934476716 0.251310542 3.094303445 -0.703198709 6.481260742 -0.450475060 5.247151912 7.437343863 7.861133168 7.647109734
-0.191913046 -7.847466575 -22.907155232 0.223507816 0.708814533 0.648111746 -0.166064381 6.368222065 0.261274098 9.241844780 7.991224230 3.825868513 6.567216783 6.720502111 4.797278797 0.418165856 -0.031494775 0.108753526 3.460741206 4.339028045 -0.622171912 6.954549136 8.050989831 6.482302957 2.597541702 2.394881645 8.797265381
-4.740163751 -10.325520617 -24.252193477 0.404614923 0.470694058 0.592204442 0.513836323 0.696129913 4.869992296 5.361056099 0.518857893 6.106077635 5.153075074 3.394816686 5.529329089 -2.844314419 6.084263113 7.500828688 0.058493664 0.471244831 7.328009272 5.546979410 4.492416000 -3.707680272 5.369574634 7.109288108 4.152440511
-1.116859686 -5.282545537 -25.061070926 0.461227240 0.030282000 -0.851991666 0.245891511 9.442421365 9.340330875 3.174637953 1.565957694 2.128485370 7.179185279 4.288206143 2.706223184 9.382043274 6.612236820 2.623194960 4.299705125 6.287611287 2.153280713 6.377728040 5.981839444 4.492531515 4.458532353 7.165561507 1.816743346
-7.633789269 0.418054283 -27.135231301 -0.097042753 0.963639914 0.054555993 -0.242908345 6.034008340 3.292578646 -2.668786044 1.650816077 5.332631933 4.763075152 6.556881301 7.318971686 2.076034125 8.985011902 5.082331642 2.314443033 6.059795065 3.606678621 0.170517928 0.313140779 4.647230931 3.977941687 7.595610813 0.246296932
-6.158564441 -9.888197901 -19.860130254 -0.519942999 0.806007954 -0.121455793 0.255458305 -2.270476593 2.226030958 5.295815967 2.868489429 -0.426201327 6.441284234 2.485034826 4.114213453 0.407563110 2.570065058 3.104791585 -1.449401433 7.505194055 10.091743489 2.582009168 8.152711327 1.701498651 5.421047025 2.052387543 6.540419483
0.458363217 -3.111790097 -17.509954977 0.325185391 -0.756855376 -0.122487733 0.553553210 2.241153863 2.482690706 0.590225095 1.378162912 1.825507238 0.507158333 3.613720114 3.209516233 2.473109752 6.673968483 2.487854917 2.472034082 3.708572878 7.633383999 6.128611467 5.617294941 7.384419629 6.884775734 2.444621913 1.587681506
2.258851529 2.155909138 -26.332415593 -0.029613196 -0.834729646 0.536409830 -0.120888257 1.821396874 -0.045087045 0.859006696 4.671561236 6.041949740 8.989081787 2.024512220 -1.624439680 3.644628146 2.983692014 -1.842505808 5.416329138 2.360281218 1.849104996 3.848694413 2.801779582 9.017816832 7.112628078 3.423107515 1.647500353
-10.156457658 2.500288837 -16.128289176 -0.261885506 -0.234114563 -0.078892385 -0.932942841 -3.522564300 5.978230092 3.520122976 4.264739115 5.811173497 0.949468079 3.445518529 6.489857598 4.477108662 3.186080062 -1.750642546 1.433614947 6.365805313 9.376129109 5.344644117 3.872143796 3.924465619 2.565427416 2.950216416 1.821952882
-3.190591758 5.976310825 -21.279591726 0.434293684 0.422594674 -0.607843691 0.513155711 4.539062720 5.728810968 8.684509750 2.665423351 5.183371900 3.164588406 6.092013387 5.042080281 3.576754369 0.754671812 6.767728360 6.473049469 2.393861976 2.482257648 4.889778088 3.634602209 2.036993441 3.999597476 1.218306214 8.205563393
-7.715967344 -6.978821253 -24.537663558 -0.546833371 0.026393395 0.554020638 0.627166474 9.767333371 3.910359398 -1.465173843 6.783237229 4.112871880 3.338982588 -0.180916273 6.255009767 -0.168996011 2.531387242 6.374436294 0.766990986 9.172407209 3.989263161 4.749880697 8.372819312 1.344662093 4.221610920 -0.645996361 5.498906639
-7.762640356 -2.989335476 -21.956039432 -0.959307056 -0.174056779 0.114416137 -0.190638816 3.482410840 6.631380342 2.789997035 2.340656770 7.076193027 5.503369878 4.692437853 -0.730740416 5.958933232 6.021913377 9.413012719 4.720791084 6.175772883 5.179192612 7.540726710 4.047881550 8.126984115 9.405350375 2.833946643 11.034649996
-8.225911267 0.015734470 -22.161684869 0.415124545 -0.509244539 -0.735366620 -0.166064885 3.814692042 1.492231522 7.443935936 2.158308348 5.708712320 3.684278257 1.943072676 5.891969231 3.579166124 7.131227050 -0.313293235 4.523981736 1.330704909 2.757360974 2.479903783 6.993127203 3.707105741 4.524089595 -0.102122503 6.508629249
1.581757660 2.341818833 -16.984908018 0.916246701 -0.079842302 -0.131676284 0.369835837 8.417454474 8.511308084 3.481324722 7.973464991 6.102448371 -0.084256614 1.222052826 0.496910299 5.522283667 4.025508619 5.018202171 1.475348522 3.302468244 4.968900820 6.400782445 0.362871525 1.906563983 1.936440728 2.476144404 3.663016707
-3.681215334 -10.340725671 -23.136844057 0.300338536 0.793190683 0.013750593 -0.529581179 0.602696216 -0.801230626 5.985776655 -0.178619199 4.944256206 1.276703806 1.337127972 3.956235733 8.191574398 6.395275153 4.236932198 5.831933338 2.311837053 6.548638257 2.375047825 0.807972712 6.792667104 2.630983178 9.687923368 7.220931977
-5.439028526 3.811435968 -23.314991330 0.457909313 0.004975908 -0.571895134 -0.680610209 3.884210776 3.622584868 8.394078157 3.793417554 4.240238800 7.599108838 9.190638680 3.200902342 4.628171847 7.132243407 7.078736738 9.160437038 7.004026525 0.496468228 6.110019203 11.148118032 4.983691039 2.256139283 5.503825669 2.940596053
0.272525788 -0.721494601 -25.531810179 -0.041760105 -0.228183240 0.971956586 -0.038586236 4.186075263 5.017694152 3.506237885 2.918039724 7.516025033 6.354161135 1.746926094 4.464509143 1.180901201 3.593062161 7.724082572 5.047857087 5.234936980 5.195619487 8.895820926 6.111375003 5.277626364 2.454568360 2.904699690 2.753904229
-3.379186382 3.333787424 -17.708283068 -0.673904980 -0.213280474 0.082144724 0.702577940 5.123477466 -1.689044911 7.474742488 1.826813491 3.655908236 0.227154986 3.711003302 3.414817630 6.521661419 10.883873941 6.839647302 7.123676370 2.146910721 4.517119865 1.614819166 3.799395493 5.318121736 4.092810509 -0.863555114 8.873288126
-2.275731692 -6.274306499 -17.639723481 -0.706632570 -0.446645873 0.548717421 -0.009331016 5.851233824 5.724940925 2.854915567 6.015898531 3.213588572 2.028078369 1.422623838 -3.020282994 2.328791684 6.758640527 5.184788752 5.456555001 6.552907510 9.171431268 4.580146345 2.179054138 6.463905866 2.133551438 10.131057949 5.326377385
2.625144504 -5.146192573 -23.029066990 -0.257098097 0.451055666 0.768980815 0.372985067 3.459760318 0.307251581 3.645960589 4.318242785 2.287909215 7.793594903 8.651728477 2.488735877 5.540929585 7.420971719 4.216295155 7.568120377 7.146188462 0.174774176 -0.488939443 4.877499341 3.725969698 -0.338352532 5.073630318 5.724264571
-11.508542693 -7.401531868 -17.893209139 -0.534650772 0.188731028 0.267809353 -0.778978371 6.509614721 4.567497962 4.182377752 4.320189881 2.810448968 10.108482809 -0.942789486 1.778244219 -0.885691104 5.315424561 2.128315113 5.767796442 5.879101926 4.526461794 5.606321464 3.620427578 0.148353589 8.466516315 4.915768637 -1.248273860
-4.528327039 -3.577655741 -16.827905628 0.909361402 0.236385096 -0.209135864 -0.271009443 -2.410372407 11.421366277 2.755243118 0.418087830 1.003883268 4.546404814 1.095880866 6.811642808 0.829070209 -0.421035670 3.845998868 7.167807528 2.939510493 1.838388035 4.251224416 2.239401373 7.241722736 9.049526486 6.513672194 8.089908557
-4.667317306 -6.400798531 -28.130422642 0.174902841 -0.983832733 -0.012131647 -0.036537268 3.888247231 4.417743608 5.113900845 5.809705267 -4.880655400 4.694181686 10.323223381 5.660136634 2.287212641 3.713278667 2.489880549 8.208535091 8.566071879 4.011173380 -4.700176412 6.715567601 -6.501644139 7.282571188 3.575921855 9.478186677
-11.333106030 -6.763322154 -21.184120905 -0.610710199 0.362953003 0.031067057 0.703088194 4.768473946 -0.319620066 3.479641744 1.002427252 2.782893211 4.292576673 5.691451033 1.242000515 1.421441544 5.015306712 0.523753922 0.542165434 2.003085895 10.774484431 2.379014100 9.088904131 5.319287725 4.516730305 1.028772008 3.878481452
-2.840073424 6.940651542 -22.478055425 0.187334217 -0.463720713 0.216514861 -0.838445172 5.347483196 3.426756104 7.635690733 3.780260405 3.308124271 0.678429285 3.206086410 5.737540786 7.868540583 2.631396579 3.520334261 8.406925056 0.591614196 7.426296729 1.603857784 6.182174507 4.506419643 2.130017638 6.009464626 4.610672064
-9.734178196 -0.238025472 -12.495466026 -0.367784742 -0.576974150 0.449294339 0.574429988 4.153329094 -2.723854871 4.374847150 3.222851522 -2.411922069 8.524299512 -0.916406808 -1.937946818 5.687231102 1.417828533 5.252397697 2.805432889 3.364865502 -1.580106140 7.864764329 9.684337333 1.129844329 2.172150630 0.927713274 11.576169784
-11.135986664 2.445666621 -16.904932631 -0.073846477 0.629767122 0.741540803 -0.219219769 3.242135923 9.114141065 -1.197256458 8.522480624 0.782486344 5.088663317 4.091752636 5.243671606 7.467598415 3.749903704 6.437196894 6.585113013 6.746770532 -1.233013966 6.718860239 7.164954925 12.466002555 4.462798131 6.575269057 9.454884969
-2.142806776 -4.818728336 -12.547086830 -0.164188218 -0.318273979 -0.527034134 -0.770700282 2.981511518 2.589726790 0.500845318 9.414932561 4.197278293 4.491510569 1.874846360 5.374168865 0.268072363 8.471190742 2.911800950 1.298108632 2.937661747 5.669265902 7.733636294 6.584608790 6.307600868 5.212542590 7.709810244 3.819149383
-13.937327077 0.398190078 -24.284412000 0.084957277 -0.062585378 0.694202810 0.712002662 8.197494913 2.803545034 5.112756551 1.669460447 2.163345823 5.266879323 4.576036551 -1.481658145 1.745126409 1.002449292 7.858818709 -2.070431552 4.621256205 3.252141785 -1.971065464 0.438751423 5.138295977 1.041438904 6.114996613 7.132486283
-5.441329451 -0.287945996 -18.200355921 0.321559814 -0.737151640 0.528959204 0.270940781 6.691689626 5.162938963 1.450608960 3.019484412 6.910189371 3.763040203 -2.905660876 7.913632392 9.465127851 9.033140263 3.867370808 4.922203646 8.200841537 4.991056926 4.649115073 1.941721139 4.226885937 1.782918795 6.633086744 0.594757094
-9.701946318 0.360608928 -23.355892801 -0.866882468 0.117417657 -0.197263325 -0.442509956 6.619277931 5.109617351 -0.048035346 7.411152249 11.034196859 4.518740072 7.582597939 2.685556778 7.724924410 6.087997413 0.074874738 3.154648191 2.411699318 2.956513176 3.669519359 7.170754296 2.447525923 4.133279778 7.634507630 4.232373990
-6.080701019 8.323642640 -22.120834748 -0.811040612 0.380546160 0.004657267 0.444270250 3.912934356 4.406386505 4.676463765 5.535457501 4.365868980 1.941198767 4.061546134 2.879440837 1.882771632 1.887236027 6.001696840 3.398149520 7.194999299 3.520986814 5.256540923 0.641073492 0.593589136 4.180848123 -1.366651266 5.432434415
-3.242197228 -0.068877785 -24.170137653 0.332581523 0.340729378 0.878684779 -0.034728677 6.479031587 5.829953044 0.612010502 6.096298898 -1.027196046 7.618091871 4.786860080 0.864861703 6.274246765 2.500369958 6.647446792 3.244081009 1.156612672 -1.101323968 3.895728301 2.694626701 6.999940089 5.361117689 9.471974547 2.197663582
-0.159991870 -0.939843058 -14.841879569 0.027282751 0.171076483 0.929080170 -0.326800437 0.858948605 5.838556013 4.346278711 -1.949031446 5.909945555 4.468744515 0.308294257 4.820847176 6.252160721 10.545840501 0.196774055 3.624709844 0.488161832 6.706057964 3.705267049 9.112297259 8.934318275 2.184391904 7.141421207 4.453363192
-5.920118772 -6.360143959 -15.687723931 0.441921065 -0.719173659 0.534248085 -0.045541232 0.985903238 7.466316015 5.177995090 6.810920555 1.440544625 7.186453487 -1.187194409 6.292201316 1.977510936 1.092211002 3.872717016 8.218742265 8.714116969 4.179171192 1.388048302 6.199354954 4.004688804 7.727187980 0.005931657 3.635129279
-2.659916126 0.035267609 -26.859370947 0.337897014 -0.559481766 -0.500420211 -0.567789903 2.383442809 3.965233619 1.654428985 7.541085817 -0.762917608 1.487106901 4.585835263 0.548662585 4.248930755 6.175516237 -0.025682033 6.976369719 12.703533769 10.032505447 6.504296652 0.643967358 4.271672656 4.885736006 4.117948057 12.118898879
-1.965125384 -1.831537154 -17.221300865 -0.580640107 0.107749708 0.735382540 0.332354610 5.611810714 8.298812237 2.890933504 2.118173230 -1.530718351 8.902492422 7.699890229 2.633949351 4.349238739 0.911730375 0.979555202 5.018708331 4.708417388 3.445792097 3.978032599 1.366547698 9.747369900 5.369190595 7.755675079 7.340613322
-10.275468957 3.285636684 -19.975914243 -0.764104169 0.168777935 -0.595992319 -0.180144340 4.178957961 2.700652764 3.273713254 2.184212446 7.335773292 6.360207807 6.097032892 6.000454107 4.571094819 5.561717668 0.708904183 1.248151457 -0.051182036 6.300379598 2.833477291 0.511039657 4.890143474 3.524228829 3.518838029 4.354101907
-1.547789726 6.296291534 -19.098510954 -0.698029851 0.007455730 -0.450212184 0.556783377 -1.449744539 2.594458204 2.500171035 3.273040183 0.195060934 1.881214945 1.932887875 7.013450127 -1.403650437 5.817726208 1.070822527 4.940925128 3.988237043 2.345130287 2.923252228 -1.768193517 1.005878361 2.782571399 -0.875013688 4.298348948
1.791327086 5.386368439 -22.639089884 0.124660820 0.405126681 -0.768404110 0.479465511 -0.221518034 4.781415896 7.591610303 5.618863431 4.633241256 6.267912961 1.550055391 3.866634035 2.643808513 3.678752968 1.552800514 -1.550157705 7.704219895 3.953132871 3.737018934 -0.502028255 0.221245293 1.720612734 2.197561980 3.770446484
-14.167170044 2.249137087 -21.857858142 -0.025178195 -0.397887925 0.829134922 0.391901185 0.421821484 4.548285134 9.479336344 8.748066934 -0.250867601 6.812152473 2.484852759 2.458856275 0.768939605 7.182465136 3.322679856 4.150363417 0.218282634 1.915096897 2.980707026 4.889026205 1.528103440 2.050548904 0.696932868 6.373437128
-2.920661731 -1.613076672 -13.068059944 0.397588211 0.439740082 -0.766389379 -0.247385517 5.660751930 4.909161755 4.962465663 -0.444335513 6.114060751 4.006767978 10.491309119 7.710376906 2.750298437 3.645096145 1.170584351 6.268095626 2.577926808 -0.432668263 -0.460363759 9.407447058 -1.307558503 4.910272244 6.081739715 6.968719895
-5.012439518 2.526936250 -25.666820932 -0.689230206 -0.204897175 -0.633320893 -0.286152963 6.367178440 9.416584014 4.286531093 4.788783123 3.679587920 0.549309164 6.367790090 4.203277348 -2.137085145 3.814611515 1.265140857 3.453089191 4.998894660 3.355869112 1.321328755 7.394673506 2.296792915 0.637935181 10.053569072 4.346083126
-10.609822321 2.121301670 -19.267413445 -0.468262423 -0.607534629 -0.144742500 -0.625045267 8.450425179 2.625954158 3.069652804 3.881070657 5.930955630 6.910990583 3.343996866 9.103745154 6.782349553 5.397118953 5.523192054 1.961555818 5.287546291 7.313817210 8.070815965 -1.267227110 2.656841615 2.095285813 9.108084457 8.793969287
-7.532820349 -5.774683790 -17.091897949 -0.566721809 0.011441990 0.459294373 0.683918234 5.418712243 2.593779565 7.184956390 4.320933334 2.089528969 1.395860872 4.677302877 8.901894080 8.818755838 8.910113391 2.748386687 11.382469228 7.614382046 4.436233592 4.947594057 6.506226741 7.881952232 6.315455441 6.519138456 7.494801364
-5.251174636 1.800365291 -29.456594579 0.006732411 -0.454635219 -0.366479907 0.811759798 2.328223693 -0.367974496 4.533481692 2.839809910 3.183297252 6.690794931 10.038008446 1.095532260 1.875825283 0.498908475 6.149059449 1.805121693 4.430707851 11.988155787 1.339880307 -1.188728327 7.719719914 9.309395354 0.693081416 3.033965844
-2.554640708 -1.255752109 -18.736733355 0.554938482 0.235800981 0.266954929 -0.751782046 7.355884139 4.970510507 0.478677514 2.635907808 8.206644756 2.737064582 1.630651821 5.128290978 -0.770220487 2.514213881 0.097765710 8.188224540 5.773063283 -0.833511871 4.490624473 3.375622049 6.538384605 4.947621873 1.657439342 5.663271045
-2.678014584 4.653360639 -27.284478852 -0.283697128 0.082862854 -0.640514045 -0.708795771 3.693249817 8.563904066 2.603786744 1.821330703 4.088741380 1.260108480 2.315054463 6.222673765 3.607874445 2.195671014 9.076738145 0.632366287 2.619277632 0.929871903 2.738202788 3.980030359 6.536460816 4.330956828 10.758539728 2.890131266
-5.717612459 0.235969000 -27.570053389 -0.247031587 0.536532585 -0.546625330 -0.593556171 3.761304266 3.510632075 -3.546676922 5.926253999 4.095140705 7.011184025 3.720911530 0.159120783 3.040508939 7.793616128 5.832234406 2.015094573 3.146916451 1.354653408 5.952775447 -0.918666295 2.242094727 4.761666410 9.193246094 2.389239575
-13.913956710 1.319060143 -22.206392709 -0.106364040 0.000455714 0.919132090 0.379318712 9.210748285 -3.471135442 5.716320147 0.628497876 9.834113805 3.661978469 1.614310967 7.265329384 9.472962150 -0.978225950 5.642984808 6.007965040 9.109409295 -0.265554874 5.962119306 4.464028706 6.306002367 2.227020475 6.850892392 8.578656165
-12.470975564 2.085660949 -24.929538753 0.604585985 -0.577763747 -0.332960739 -0.435662696 6.921661833 4.127345543 4.029669247 7.149861332 7.558241161 4.395964052 4.599844399 10.352489804 5.195832776 2.600491194 3.338350831 3.824785888 4.889425333 5.837346259 4.501980361 0.733270668 4.917311249 2.628473603 1.428254895 4.532731772
-3.889183154 5.199502505 -22.463454342 -0.124128315 0.227060132 -0.685558655 -0.680474238 4.957892329 6.870085921 5.039592325 0.050849258 3.763559857 5.545759456 1.930371613 2.762062078 4.554274820 6.542876851 6.383473564 7.687231493 3.034505020 6.928793544 5.858806875 6.926551185 -1.613661631 7.245468816 2.227898195 5.258892447
-4.814715493 4.594720256 -15.585587790 -0.492054719 -0.461254512 0.285456941 -0.680911714 7.791588427 3.171984613 4.783568081 5.278144620 8.089152306 1.568090713 1.275105753 2.109541691 1.721715157 1.502268594 -0.792180397 6.322234450 3.953032353 12.077551059 2.130354087 1.645611210 4.935823191 -1.701815135 -1.002658115 2.387288692
-8.292109295 -8.794354554 -23.996962596 0.408957380 -0.078369158 -0.909151682 0.007440136 1.208644745 3.217401849 5.575754312 10.994528480 4.830992572 4.350760079 4.737786539 3.228716884 1.405118754 2.061045047 3.468583686 -1.418129343 0.972724169 1.475092942 2.840381314 2.509636250 -0.859692626 -1.366263408 -1.760098281 5.010764483
-11.100049879 5.456762885 -22.082088013 0.351597741 -0.375358977 0.682284015 0.519589443 -3.918243891 5.288863496 2.496692099 0.845743320 -2.773035188 5.641340497 3.324393042 1.570552607 5.585920490 5.621562950 5.843903939 -0.380013739 5.904342046 5.839096371 6.421774740 4.950236641 2.418257419 2.201121570 4.496413160 6.762127113
-10.503536848 -2.160496073 -25.462889020 -0.270991191 0.437433154 0.856973096 0.028515323 3.371752941 0.279552311 3.292312078 1.115987667 1.747495809 8.454654063 8.972326153 5.918088645 4.126661850 6.055370867 2.539434904 6.749476311 3.745024649 4.141504064 -0.823421233 1.788331485 1.276373900 5.287948654 3.059014186 -0.774006409
-5.107332689 -0.520753660 -19.662740619 0.191138638 0.191030631 0.237186810 -0.933121501 2.857981028 2.595582168 0.908694038 6.192046272 6.389787132 10.214501426 7.757356919 5.756822531 3.507275227 2.148852966 2.099812485 5.028531577 6.724321020 1.509931345 -1.437517138 3.412662012 5.793819954 2.619688395 1.385067880 0.711582735
-7.592755621 -1.314188500 -17.214554580 0.023044004 0.452712577 0.873438495 0.177835574 4.527901067 4.387647710 3.584734056 7.980371051 8.163540219 -0.260775743 -4.007112813 0.971131170 0.699896929 2.062291866 3.763646059 -0.776726903 6.142862976 5.855999037 3.709808931 4.979107988 2.134582346 5.232582234 1.993393518 7.431885154
-8.397181183 -0.723986923 -14.991554759 -0.505403728 0.151396942 -0.689702446 0.495940092 7.870506785 5.684369928 7.260864996 3.551016547 7.485890605 2.958649770 -0.955371365 1.300275268 3.146704750 2.965539219 5.980887654 5.985889112 1.970469040 4.085748689 0.582763974 1.664318006 7.067839463 5.181901002 3.114642797 7.419594202
2.101051148 -6.707465518 -18.743105213 0.691648916 0.103247317 0.655520361 -0.285052321 2.906755773 0.628123535 4.458801287 1.410312606 3.876293681 5.565791570 5.158135364 7.890992198 4.436121279 5.871647788 5.185183158 6.563993649 2.549773031 3.123097970 1.701821280 6.349278204 2.587207065 9.198650077 5.269246294 8.361468847
3.450980910 -0.705483901 -18.048705866 0.967791647 0.173854907 -0.158595650 0.089449536 2.641938461 7.009753094 1.373032150 5.507001013 1.485346155 3.150097806 -2.291447416 6.013922434 10.580427887 -0.880102698 6.859631231 1.015069981 2.303083546 0.755704820 7.564083081 8.075605570 4.423544215 2.913220623 6.069413509 1.835566365
-4.898779832 -9.805332868 -23.840126580 -0.576963104 0.530701153 -0.002038135 -0.620858848 7.642957578 4.256918032 4.530588580 0.526703662 4.406291008 8.496108015 3.245782494 2.403949598 6.203102921 4.765235927 3.190309138 1.467742121 5.321133561 0.103190090 9.707018037 3.551114028 -2.605031849 2.791491015 1.296076930 6.265104147
-2.440080285 -5.089313913 -15.965911663 0.710690150 0.476382669 0.389666421 0.340791937 1.633404157 5.451481888 2.528534048 6.356575284 2.682766173 3.313009570 4.513389679 3.104081657 4.948093558 1.617913374 5.187447728 4.891619298 6.198861461 2.768477212 6.533293937 5.657626302 4.878259968 4.326008974 -0.371038802 3.687064385
-5.273307316 -8.312667595 -25.631016026 0.026999330 -0.506319955 0.552133702 0.661860646 5.560988271 4.628041542 6.740736004 2.136639655 0.355202600 6.300135978 4.504243823 5.895336735 0.648145311 4.948129301 1.414085536 8.920648369 8.362316495 3.929498594 3.454512892 0.579283774 4.741382301 5.091963838 4.023100718 5.131636669
2.583706935 -0.185983759 -15.043756766 0.285696475 0.168878386 0.931190594 0.150803487 2.119444900 5.674212672 3.719645763 5.839168707 7.898556249 2.688541408 8.016161511 3.283367407 1.390125805 8.015034488 0.222749313 8.202655135 2.600584040 7.263689353 6.243008924 11.572447204 0.923387517 3.241395443 3.284983047 8.328956110
-5.025432124 2.921092574 -27.983148758 0.529534786 -0.494561843 0.253592501 0.640852820 5.687047702 3.345005636 4.200085361 -1.168353946 2.340836123 12.526840304 1.712610616 8.866509289 2.102963812 4.513317812 3.104195595 6.374896747 6.898497936 2.950950098 0.793888826 7.496867512 5.895371461 5.868361143 5.792636181 -1.561675714
-6.251571403 -0.614436005 -30.295815482 0.617050309 -0.068380595 0.162896516 -0.766836185 6.600497493 2.363547881 5.561818343 4.324453230 5.849123808 2.197698043 3.759830704 5.455099677 5.764402017 6.758347914 6.151537395 7.578478598 9.753145289 2.945665461 3.010748831 7.411835627 -2.901570292 3.245460287 3.071151673 8.085985721
-4.365839918 5.302770649 -27.335521002 0.216566929 0.342125983 0.058950937 -0.912454582 4.080081397 5.550202635 1.530554090 1.065239171 3.983959749 4.112271683 0.913335860 6.475032647 -5.289915536 6.135871371 4.233424735 6.536105998 6.777558695 5.093858784 2.672486508 4.088778109 1.681624294 6.303150598 0.465867426 2.333234679
-4.237720400 -2.124949974 -24.292849244 -0.809460643 -0.258941922 -0.477934267 -0.222039152 8.326604301 0.418150403 2.567113740 4.038113189 0.514362813 7.316954641 1.942216808 2.149872482 7.217512608 7.058253141 1.078888385 4.275932190 -0.310272588 6.366947445 0.478289898 5.963995943 5.570400336 4.425617744 5.240990608 -0.314970775
-9.062526372 -5.597497789 -24.151386471 0.067684616 0.109559835 0.571861776 -0.810178712 3.855215448 3.686433598 0.869026826 2.811588833 4.173656391 4.586016815 -3.156707675 3.973928424 2.712074472 5.770468398 0.959165941 0.815841055 5.220022836 2.709590084 -0.092583758 6.164262816 2.586116837 3.048330885 7.874017594 0.734037482
-10.091196468 3.441734453 -24.854623690 0.246826452 -0.510642098 -0.442821805 -0.694427966 3.758770368 9.307531844 4.943347795 5.887645873 8.240465594 5.841283688 5.414242199 5.438254324 8.718558082 5.925010118 2.833559392 4.405919781 -5.055504440 4.052408813 3.781296234 5.446192120 2.586814663 0.673338192 3.511998638 4.304591532
-8.743788085 -4.406717474 -25.633154116 0.327464428 -0.461654928 0.026361765 -0.823982301 1.973672714 0.151032642 7.652889818 0.902985577 6.086818882 4.732131467 11.632788502 8.667432684 5.521083226 5.653921542 7.842850556 5.884260821 0.331770256 3.158245495 5.394570318 -1.971488326 4.537333468 6.561607840 2.775227566 4.408610550
-0.196686744 2.884119084 -23.200614296 0.557269642 -0.329590130 0.403794890 0.646351746 13.046073774 9.461093783 4.659309821 0.596528398 1.682986825 4.547856785 5.011058313 3.253685779 10.050721136 0.732169599 5.471271978 2.696277031 4.254963445 9.781569248 3.669794823 -0.457467407 0.909356899 4.522071039 5.690333373 8.415852887
-6.609397149 -7.267574215 -15.351594309 -0.812066286 -0.520483355 0.257577684 -0.057438323 2.014538762 2.715461018 0.337624158 4.720171624 3.996195643 2.819954044 8.672760340 0.844259302 3.577384207 6.763126659 0.219157914 6.895100034 7.887433809 5.148145311 6.032915720 2.664672637 3.571640025 2.206255172 5.146436914 3.013610552
-7.166713447 4.538707020 -18.078624165 0.615013727 0.316328335 0.046681356 -0.720774133 2.103907399 4.583323224 5.427206440 3.990479686 6.320132022 8.579875706 7.794021563 12.007437944 3.550234165 2.602630534 5.030749921 -0.308665968 6.379264411 0.877922968 -1.588699279 2.635523777 6.481214639 6.567430818 3.616421294 6.505755667
-5.376506287 3.534002010 -13.940507686 0.557714854 0.106025255 -0.471582018 -0.674776398 6.851988355 2.598853580 5.727738170 8.581168897 12.003378162 5.128074985 5.904719392 11.338159643 2.043127845 2.572596383 -0.807343776 4.983349612 1.848665765 2.379461178 0.208449269 8.629435995 -1.304568062 5.739532270 5.439466770 -1.259460957
-9.744923953 -0.385982158 -27.971980598 0.474030351 -0.576475023 0.592165726 0.303828122 7.330377424 1.603941531 5.290592565 5.837705207 1.564663358 5.213249108 2.873404307 5.651641806 4.637943087 -1.956046364 1.433000066 3.252939145 5.078811334 -0.886308673 7.319328720 10.542929413 4.589220623 -1.363579186 2.507756016 4.662290668
-6.051252361 -2.563557766 -16.282795921 0.792439469 0.104356022 -0.547523546 0.247724595 4.673801306 8.905919677 6.146167123 7.257139952 0.170855291 -1.167160285 0.912237674 8.980482898 8.977232027 6.776036932 -3.401904974 10.512386311 1.482738549 -1.215880270 2.869575068 4.452818605 5.152854873 5.723143334 -1.643665460 6.895867357
-4.635038799 -10.292835642 -23.246092263 0.015093458 0.868709584 -0.461372270 0.179586955 6.706501233 2.512841904 6.194680561 5.706610553 0.546701853 -0.078728201 5.478036259 6.664015653 -0.582222367 10.554256500 2.629941745 1.349220676 5.048889077 5.864371122 4.136589044 7.047789637 0.881409679 6.339004496 1.573684233 6.231625937
-5.818117165 -6.511592412 -28.547139595 -0.514706129 0.718268034 -0.439474685 -0.161340119 0.982555614 3.845519316 7.763963051 5.761450794 3.681241706 3.255244929 1.835976244 7.234860971 4.116364400 8.107725218 8.516953975 4.294273659 4.378429058 0.074927959 10.095108488 3.897102615 5.716159043 -1.649389770 7.663684076 -2.269541165
2.419094472 2.928630134 -20.703848127 -0.458282651 -0.563389325 0.626225955 -0.283567513 8.525440786 3.468386294 2.351126052 2.413457462 4.126883462 5.903832910 4.598769713 -0.282820170 3.852379989 -1.677821628 2.888003203 5.665933012 8.063741365 3.374197302 0.907228106 5.310188392 4.624373179 3.886810495 8.532089573 6.173447966
-1.877456878 -6.446603372 -23.626704476 -0.287903214 0.746974706 0.584319380 -0.133084145 0.052131907 3.235704630 1.026755387 2.562436137 4.148724006 3.583564582 3.782301588 2.000906069 5.463246404 0.618368810 4.606070263 3.396824413 11.622169063 3.315931730 7.375598980 8.705971929 0.443225292 6.261077629 2.520416996 1.165115176
-2.370199318 -1.650428778 -17.031705571 -0.024272400 -0.915051211 0.066992008 -0.396993958 5.700113621 4.886351265 1.370247462 3.101604962 9.808310174 1.159540196 5.306430497 1.721740223 2.320776945 4.147601522 1.569840911 0.252310464 5.496907297 6.649575852 -1.354518214 1.895653890 0.612761037 7.381846351 5.085511711 3.455046840
-1.239993017 7.572124235 -23.423528099 -0.950787547 -0.229142305 -0.088962742 -0.188633175 8.485562674 4.445090453 1.710931501 -0.453391456 1.151916487 5.762151012 6.631177105 4.817174933 5.425915168 4.840177479 3.167139714 7.452686108 1.428148362 0.590939013 2.919363881 7.365210645 10.688743522 1.802155628 6.976192587 5.579861049
-14.083233650 -2.098353544 -24.812393504 0.271737175 0.298428874 -0.704725258 0.583490724 2.904893219 -1.624661856 2.641199001 4.696666154 7.644979219 3.387524713 7.755478263 4.062843730 4.209099607 4.245351205 6.010682923 4.571965633 3.431827289 0.041310036 0.404775727 7.343631904 4.051222851 6.550276743 6.928505240 3.036629731
-4.450085001 -1.116796034 -22.376797769 -0.131017786 -0.361350458 -0.092768991 0.918506451 4.923843519 -0.562115090 3.956420359 -0.113254197 3.845602680 5.652793800 12.090192684 1.606206140 7.054698849 2.403496359 -4.188517253 1.803721417 1.479608787 5.411502550 1.905219612 3.618006834 4.025146587 -0.442773388 5.976245535 2.843861595
-4.229059499 2.361189801 -13.635129773 0.518546402 -0.718623634 0.380099059 -0.264980011 4.561139408 0.638638410 3.422195179 8.681417877 6.750992070 1.630426406 2.622807606 10.112008402 9.124869145 1.471423898 0.510652698 6.532367765 5.878483787 6.138486666 5.852199790 4.949540136 0.426287442 5.107067236 6.671435497 5.539679428
3.061548800 0.881603633 -23.608970015 -0.096902961 0.094973829 0.733672610 0.665818511 0.870822196 2.712653880 7.759796368 11.199482855 6.347445920 6.639262318 3.918453572 -1.505478206 2.692308197 10.404840902 -1.569806277 8.436040905 1.789069170 2.908557005 4.155091700 5.493097548 11.237334944 4.142123352 3.604392608 2.981892356
-0.588962644 0.123752836 -17.121885320 0.108870197 -0.120528766 0.960717111 -0.225039393 4.107980312 0.720881735 2.664639070 5.284693090 6.365501072 3.580076358 4.996878359 2.691634630 5.334053761 3.577859465 4.947940896 5.120574605 9.414883466 7.909989458 3.161949800 0.280878210 -1.268085317 3.797816945 -0.580040607 5.176075262
-5.935038780 -3.452334712 -14.075518562 -0.599617848 -0.747865013 0.219574778 -0.181502827 9.475317747 2.013781951 2.882274914 4.829526758 -0.468766661 6.270628634 2.292997325 5.622526164 0.984045679 1.332842993 7.429947105 0.350769246 0.355994664 1.186452330 4.950459480 4.213199149 8.123424593 5.547801581 1.908283681 1.691708182
-8.523588510 4.679563438 -28.177437164 -0.303707033 0.284735235 0.781298888 0.465037559 0.703497694 7.037933712 8.316553503 1.739078231 6.639138017 4.225400355 1.229898656 5.895076719 4.665905573 3.870344104 4.642851520 -2.971546275 2.586457263 7.868271851 4.813604055 6.578672802 -3.116018799 5.770009037 1.743826062 5.401695300
-7.124810922 -5.189927766 -23.432322603 -0.662887398 0.434262518 0.561240411 0.238758379 -1.489745320 3.115141217 7.952224071 -1.536804841 0.898981974 4.472335161 3.351932469 3.408557003 5.249910092 5.926525839 5.220102551 3.334081385 -0.531235561 0.461018021 3.818519651 1.017223960 3.200155212 4.733638288 4.438195020 3.550462965
3.539912022 0.742291903 -17.602775002 0.619083784 0.241044886 0.412294453 -0.623414722 13.823401709 1.335494303 2.981167778 7.350389800 4.247760099 7.368354070 0.110514297 3.577993632 4.695079239 5.156504117 6.164316987 0.298637684 5.758034958 0.557809110 6.224331628 3.037712303 -1.032000901 6.305237209 6.659490306 9.404564256
-8.524327573 -4.027291101 -21.997874107 -0.715302160 0.240162773 -0.560945661 -0.340594520 4.947017909 1.821315199 -1.825333353 -1.341310686 2.047565388 9.392263608 -1.384711947 6.170013167 1.035725998 5.305718797 4.534173645 4.526115563 5.073715435 8.830823134 4.504524772 2.500848847 5.937282930 1.704759591 6.374510833 3.782334591
-11.095180819 -8.318566134 -20.857616710 0.064500562 0.307796447 -0.943878050 -0.100971536 7.437882110 7.106502740 11.413898664 8.965201329 4.560209180 6.024739070 1.497516336 8.328127534 2.458973913 8.312707522 0.978242397 6.266382778 9.062428695 8.420246853 9.000042848 4.693813421 8.465737384 8.325685224 4.102807990 5.410859880
-0.163174617 5.522702615 -21.422677477 -0.788157202 0.057350316 -0.224044096 -0.570371291 3.629157773 8.969935223 4.747892642 7.046222991 3.163129784 6.310547673 1.025981086 0.551012245 5.793852612 1.232564359 3.300457049 4.804058461 5.732854478 2.281540679 1.707611740 1.748577349 2.077199223 8.164965787 -0.213087907 2.836347818
-3.038187189 -7.082218422 -13.760798764 -0.610103574 0.097248583 0.472488025 0.628547061 1.908672764 -1.019577065 4.608857094 7.586910098 0.893344336 4.815901015 1.801935301 4.346973468 5.012950453 0.312405406 1.091083050 6.635516298 1.628610848 0.708344410 2.646317130 4.850525774 4.112704030 3.649902908 10.795107703 7.220806568
0.491393403 -3.125309937 -29.204093341 0.142270298 -0.338562920 0.651264725 -0.664069702 6.671025681 6.917201514 9.004854470 -0.763695067 -0.209746406 8.790415793 5.507724615 5.586295816 3.235120228 4.844356381 1.163138850 5.511247322 6.026969233 7.595448941 1.194539569 -0.527731445 7.856485956 -2.205727036 4.227806649 1.761334797
0.481545829 1.294869332 -20.560307477 -0.092304721 -0.065692621 0.980941255 -0.157856179 -0.413681150 0.438147042 5.846996073 3.119612406 4.254083440 1.893035555 5.112755968 8.508646890 4.171246907 6.715959426 2.669811389 3.617126678 3.244584536 8.232871318 6.132409251 -2.327832074 1.645849935 6.438900353 5.519790181 3.468033187
-6.626084302 -5.471002068 -23.125064097 0.607926477 -0.370220918 0.095118528 -0.695926962 -1.772094483 7.911534081 0.433344361 6.975792774 3.902831915 7.967870875 3.301959202 2.458277522 0.705920630 2.120152503 8.929548381 3.315647365 1.186401438 8.412728678 4.639665613 3.080935996 1.301801597 8.438222687 5.500234379 8.004232032
-9.942411026 -2.677976648 -21.014147645 0.858679379 0.418918819 0.201671802 -0.215650717 6.670912551 1.425070084 7.472093570 5.621401281 7.047427997 3.553282181 5.056127755 6.367349819 1.302696558 0.913464821 2.358937421 5.681682527 5.492207204 6.370456882 6.855188149 5.399956703 2.011207700 8.984222633 8.449440614 8.196921712
1.577802473 -0.311455161 -19.421790416 0.035057376 0.083773519 0.942607675 0.321315652 -0.109993447 4.114221289 -0.797409233 4.699837574 9.323073055 8.813653287 5.609072412 8.814779358 -5.573321737 5.454033232 7.072421068 7.838311275 5.050330605 6.631115497 1.737428027 4.175900282 7.968793404 2.182354250 6.510499407 5.380529197
-0.403502446 1.762828048 -13.165687431 -0.125113812 0.452073535 0.855085430 0.220918450 3.011257787 1.804613603 2.063156723 6.394583617 2.670764276 1.138867367 7.221268213 6.071264259 3.469203725 1.647456333 11.282597515 4.634115478 2.662258815 2.790635887 1.609147365 10.376749257 0.930141303 8.133357634 4.927634122 3.471316806
-9.113183295 -3.281140760 -16.220742884 -0.002531178 0.831652918 -0.155645092 0.533030602 5.275378583 2.066486964 8.175185662 8.887000397 6.959000652 -0.401811610 5.169573914 3.366541153 4.259880582 2.488280189 0.436056928 0.361055585 4.138752435 1.218532202 -2.957934250 3.129320341 7.594207468 1.445774250 5.130794194 6.616022048
-1.151594112 -10.392215432 -21.204721192 0.109904189 -0.457983776 0.796512424 -0.379130437 6.838280066 4.190116117 5.768306307 4.746804894 5.955518766 8.386212354 2.911061032 4.380407785 6.089126656 -0.479886462 4.350997357 4.322697792 6.481109937 4.819068120 4.277802480 1.467095343 3.881907306 5.459712557 1.810891787 5.456610090
-10.272103297 -7.098550075 -21.419978149 0.435821382 0.494041181 -0.752306998 -0.004149228 7.683917148 6.062225473 2.802506819 3.854843978 0.515726283 3.143693937 8.133120873 3.079925442 4.173803659 3.043965064 4.282759817 2.916125083 5.164479062 4.312154454 0.708056494 1.798484675 4.842970129 6.248287849 -0.190189983 6.630676769
-9.166965464 -7.154817537 -14.917221972 -0.166452547 -0.684731237 0.486934079 0.516073528 5.378505173 1.746206455 3.249467906 2.933475889 4.238422518 6.134620864 0.543044877 1.533064215 1.724485638 3.191984597 6.318169407 5.664347318 5.550393930 5.105602250 -0.087152355 9.597727709 8.161198131 4.838154047 6.601357131 5.546948915
-5.957739753 -0.413300747 -12.157350833 0.387369197 -0.070373153 -0.173857303 -0.902644095 4.679026978 9.449480863 11.356141430 6.557391726 5.903137563 7.253496494 5.150243243 0.781326055 1.883061587 2.745717709 8.539891748 6.289002679 6.692543181 4.703815164 2.743707236 -0.174641722 0.950064707 1.995754267 2.421237425 1.456920310
-1.545445576 1.504794210 -24.268182563 -0.030864147 -0.768581397 -0.296992638 -0.565796265 5.419102365 8.635849220 3.178969173 0.491776858 6.552781744 12.294010502 3.591765714 0.256826492 0.434851341 9.767014031 7.448583045 7.429795288 3.166257651 6.480765394 -2.217860809 4.428565890 8.027699659 6.893990846 4.535722438 6.375392349
-2.603434583 -1.503019065 -14.218879252 -0.340006246 0.738938614 0.429152582 0.392674852 8.806708473 2.079506353 3.012675973 8.001145889 7.210915141 5.057066383 1.125505434 1.436991597 3.510658125 2.009246630 3.167332211 4.821879843 4.916359211 -1.149541079 3.585438592 4.442422969 9.703711770 7.718814204 -1.708427720 -1.093449630
-2.722603718 1.512421583 -15.293838621 -0.802673677 0.403639544 -0.101367828 -0.427217333 5.348829818 3.403879984 3.851925067 0.651254019 4.016262967 8.159197395 3.959274616 -0.919192084 2.881412560 0.050024425 8.029167132 4.116677399 9.257641818 6.245910180 5.632956620 2.852809370 2.125179535 0.613831166 8.664024662 11.108453955
-3.780695941 -3.146101101 -26.202400390 0.280895389 0.416093922 0.558066006 -0.660701114 1.954102524 7.018724312 -0.028816376 1.929032535 1.369075121 5.706739810 3.176192979 1.404069393 6.110106572 0.083366441 1.545335723 7.722297087 1.942597548 -0.675534493 5.877966441 2.932380760 6.202034667 -0.227443124 3.642664627 2.273866495
-1.408619170 1.814349424 -28.472668195 -0.729676197 -0.610218393 -0.278454073 -0.132926633 2.128176514 4.156147750 2.594052362 8.942948446 4.415915485 1.921003189 4.938765529 4.437611306 -3.350496005 0.457192929 -1.078345850 1.653490454 3.672191656 5.923022509 6.978805407 2.198653531 10.178447433 -0.091279018 6.836631705 10.091684411
-10.259559757 -1.933250767 -16.604994489 -0.310583561 -0.532396451 -0.786945205 -0.028444952 7.265541249 2.332767995 2.624807320 -0.704822798 7.919053242 3.318846831 5.156248484 3.021254169 3.467930166 2.038421456 2.075823385 3.638910488 3.460283157 2.191712224 4.907420926 6.280831783 5.886754729 5.143922829 1.120189217 6.859601371
-7.929270951 3.464940713 -13.486646532 -0.943536609 0.084679851 0.271011393 -0.170648222 -3.731213671 3.723984164 2.976627164 3.809660676 3.778763941 2.120444821 5.809991898 8.547325712 0.170644249 6.115803665 0.907559727 4.226960929 1.007616034 0.895585236 8.241027051 4.481266420 4.640004444 0.959492105 4.460956673 3.291493164
-0.096173622 0.870372414 -13.898575339 -0.262893493 -0.659126262 -0.631562655 0.312359078 5.575656089 2.898227380 5.483953416 0.738303208 -1.310342068 1.350189971 3.238769956 4.732120598 5.982895962 12.158804491 1.799440561 1.874711441 9.904588035 5.228421936 0.869946599 0.587952002 4.712919453 2.660611776 4.493455007 5.426336629
-5.667773219 -3.879447966 -19.882351203 -0.042086315 0.603901928 -0.768603580 -0.206832636 1.475162788 0.117496243 5.847389755 5.803949241 6.064003664 0.995714133 2.483322757 10.301145430 3.813276978 1.713180817 0.703338473 9.045205823 1.863277712 1.852236392 11.450041897 4.845285375 4.373046238 0.241367055 2.682322072 2.670311371
-4.762066075 2.274919329 -21.322715907 -0.848754812 -0.330724714 -0.408035916 0.061181073 5.992356402 3.997322620 5.386609162 5.237433822 5.294737610 4.164820621 1.928292437 -2.614175956 2.151645711 0.509932191 6.684281799 1.611640017 1.938588721 7.322773197 10.206596386 8.432588643 -0.017730732 2.390526510 -3.947092650 3.433695164
-7.240316536 -6.516049378 -22.968416490 0.464384460 -0.858956846 0.191092361 -0.100119523 4.708697747 3.226530248 4.178324603 3.512983213 4.243363543 2.135945161 3.218239594 5.877925590 7.339476732 10.351631974 3.305809083 -1.834024110 2.908877844 4.069335397 -3.104422053 5.165001226 5.632718182 5.569118582 -0.518145817 3.691979552
-11.042711847 1.116577094 -21.655895331 -0.189505644 -0.143526179 -0.867784433 -0.436392053 3.653089367 1.674169872 6.789397540 7.067112470 10.739535865 3.466608786 -2.308238851 6.205550708 6.825222837 3.872606036 3.064111018 6.634554771 3.201281159 3.379508208 3.834368745 4.591019102 9.122487597 -2.052050169 1.871175963 8.848603643
-9.084805097 1.158617414 -26.114501190 -0.134338438 -0.686384816 0.704193773 0.122230106 7.143574039 7.501998129 4.213424504 -0.024304846 1.846021746 6.282690601 9.685049392 5.403031960 1.718611208 7.140463567 4.549948626 4.135103210 1.031993633 3.794759952 6.257245249 3.467584042 -3.654287350 5.018209598 5.325396238 -3.635302089
-1.099053968 -1.915071511 -26.449286257 -0.884309574 -0.253278580 0.016103299 0.391902058 -2.865352938 1.567066439 8.754576867 0.517796011 3.341954864 -1.378619357 1.515740410 7.766215258 3.265160746 7.052054512 -1.110918409 8.407392530 4.894654527 7.376668243 8.209398746 8.691466587 0.442717756 3.326832838 5.708565736 2.830305746
-4.178310397 0.116592019 -27.452770781 -0.314890004 -0.375655095 0.252485102 0.834253443 -1.733611360 3.139003237 2.404306780 10.363986808 2.505426478 3.156215992 4.649976832 1.406873092 3.870479325 4.541259955 2.282833785 3.728649164 -0.507920281 0.201080247 8.237136683 0.385379994 5.260747577 2.680339655 1.096304535 2.700418117
-2.315400730 -4.875400856 -14.582905892 -0.441069358 0.385637308 -0.556350370 0.589250332 0.070954980 1.572420313 1.181411894 3.540807429 9.020206540 5.791194338 4.034509218 9.573294641 0.210648764 -1.518090892 5.510853512 1.469706199 4.972800301 8.700823933 -0.082304355 1.233477558 8.801718940 4.742379438 2.021860354 1.898972784
-4.697908839 -10.097760425 -22.033801145 -0.679708031 -0.037524937 -0.466223017 -0.564999974 0.415462791 1.740993828 3.212048793 5.079517278 1.347039750 3.878460999 0.223218572 1.694289334 1.675757702 8.323412842 5.836818247 7.965348067 8.880075991 8.522031562 3.966550665 2.363344924 7.395084140 4.189605080 10.882483780 3.612712438
-9.387607706 -7.882783264 -21.305605840 -0.042176598 -0.292410148 0.783706736 -0.546370929 6.090375621 4.727682654 0.310503047 0.735726624 4.540461521 2.653155116 6.707303866 7.677468946 1.212534177 6.924546947 3.420660202 1.995567679 7.409879681 -0.052932455 9.932551968 3.262904745 1.188611916 2.717149554 -0.811810232 8.036111953
