6.497973385 -2.004059265 22.444225744 0.113254273 0.033470495 0.967945311 -0.221664318 5.234950298 7.325895401 5.178906544 9.076780799 1.365840445 3.601734838 6.804715201 3.847510935 2.217080213 2.013632286 4.531250880 5.135625190 2.747515383 13.970282940 10.862143130 6.143174173 12.030851801 7.444694727 3.567560936 2.062846436
11.148847729 2.932556057 18.233689442 0.845255523 -0.421289357 -0.192363010 -0.266561158 -3.382598922 3.097781964 0.552025779 2.812874099 5.995940666 3.597641378 7.478469452 7.587828011 6.275258727 2.669055986 -0.081597887 5.118348554 5.331913691 2.863490583 1.161072029 8.589400078 5.356163345 5.918169317 1.484730182 4.590605639
1.363968997 5.699945858 16.044750404 -0.439751131 -0.369793867 0.025823359 -0.818049261 3.478653042 -0.377646127 1.890251656 8.046594132 6.138390252 3.290288581 6.718496668 1.568948341 7.308262324 -1.095389076 3.652326465 3.402247234 10.732392907 7.493242936 1.371720882 -1.156721589 7.398101004 6.489117840 3.157358296 5.573902198
10.172857901 -4.519267718 25.723857571 -0.175411743 0.448971303 -0.793931499 -0.370578285 5.637693958 1.613037494 3.159065049 3.865479073 1.778196660 4.793139601 3.115082649 7.286574168 6.034773892 0.894294071 1.157777835 4.482980370 1.870916121 1.392660195 4.329887830 2.700866056 7.397572567 6.077306528 4.691644551 -1.513956282
1.817830973 4.115496084 19.523575940 -0.888064493 0.189522187 -0.296801378 -0.295519439 1.863259401 8.487290155 9.155071043 -2.357384533 4.187195348 3.804221142 -2.654597705 5.337556645 3.764550269 2.873855575 5.426366831 -0.168697061 3.241269612 7.541786917 1.804379477 -0.865834431 10.232563487 6.542713454 0.212263154 4.403708578
5.873325919 -2.594485707 25.880025341 -0.679288710 0.344363571 -0.024211490 -0.647606658 -4.495256468 3.672621662 2.542302105 8.842156851 4.420859822 4.028697970 0.127014737 6.732696083 -0.841238384 2.126974910 -3.196062553 3.518580832 2.638585358 4.034454356 -1.275313853 -1.294912564 0.270021631 4.932787792 5.606372397 5.822191920
1.374658041 5.446231067 17.957180396 0.507203563 -0.286870688 0.787319368 -0.201439734 8.370467785 4.709208223 8.662085500 0.023611788 2.559091815 5.482128264 2.780068056 2.147765430 0.900751360 10.033034297 7.478696088 4.021160919 4.797379401 4.623300778 4.199261537 3.100469546 1.277106373 8.067523798 3.056458735 5.595765487
12.514639561 9.154122239 22.911640768 0.457092533 -0.521389248 0.445091270 0.566668712 3.621815726 3.807082007 5.144336978 6.438702601 6.650861736 6.414410121 7.717425159 4.220282602 10.294964131 3.146124653 8.820504944 5.379687399 6.245461552 7.644225758 8.737912223 5.550089273 4.933832873 12.244929980 1.864531620 6.515945966
4.373981028 2.698883498 29.730263986 0.557502456 0.663713494 0.180819142 0.464736320 -3.434763062 5.094682339 3.953356526 1.172262562 2.190072031 10.067400576 10.341435418 2.965877920 0.001600171 6.681813787 -0.938378608 5.198694332 7.166467105 6.398136349 7.360161888 6.412990395 -0.277226141 10.970609400 1.553768332 8.538443631
3.810906895 -3.493604562 30.451233692 -0.260609995 0.388910923 0.244875244 -0.849038774 0.199611211 4.689870318 3.556488587 11.043039434 3.678455845 5.908875982 5.023443382 3.994437581 3.081613665 1.239366568 8.942467609 3.380413948 2.012690041 5.245963140 6.539041491 3.011373477 2.673598502 3.642179856 -1.767698252 1.513443722
9.463117268 3.367562574 23.690114988 -0.781192168 -0.078489925 -0.083403910 -0.613695295 1.719004427 8.381324727 2.615841534 -2.584844554 2.849202977 7.730871748 5.151569622 -0.603098121 0.449730752 3.325606409 -0.225806756 0.680839861 9.426963845 1.194028432 3.039841862 2.923172660 2.963310089 6.339955919 5.238282390 5.257510985
7.413342055 -2.477484750 24.597520465 -0.297669044 -0.279803720 -0.510734647 0.756474150 1.417174535 5.139545104 -2.191332901 4.970382941 -2.346528872 -3.901028860 5.003614865 4.064571073 8.188740104 5.537884310 10.394069554 7.280908445 6.331712566 0.881992057 -2.830360264 0.072411752 6.945563008 3.756944458 5.585128885 5.207767607
11.736494516 0.690402890 23.532062152 -0.108670266 -0.598149755 0.424804205 0.670782403 9.248378458 4.366862948 10.074655223 -1.635598099 2.437648108 5.308267201 1.660891710 2.325926192 1.933885790 6.992449447 0.746427006 2.413264614 1.672033071 4.217238437 3.013023329 2.564071510 5.198852565 7.464088731 8.929937249 7.578786404
13.420918882 7.132508219 27.653224790 0.163379984 -0.617157969 0.235996446 0.732617703 2.200155138 9.347889484 8.674586553 4.293464299 5.395987583 5.173002433 0.396797167 0.607281182 6.964354898 1.034381760 2.771519440 0.486388960 2.703040890 3.124087710 7.900060943 7.467547510 2.540767624 4.555125566 6.763762703 4.265767916
13.718826687 4.246682877 20.537646708 -0.958961065 -0.136424703 -0.237370874 0.073736316 7.595807966 4.251114540 7.914739557 4.445482018 6.640517512 0.191259966 8.346549543 2.215540037 7.541893598 2.920364192 3.697542720 0.206533293 3.834076682 4.852988740 -1.322624358 6.182047578 2.099445186 8.255831711 4.201550140 2.137761413
4.762077218 7.924201940 20.240435712 -0.414835452 -0.251263117 -0.321713421 -0.813190548 4.423982150 5.480654272 0.523946487 0.619700471 0.905584967 7.282857107 4.606353623 4.979859599 3.644756129 7.263566182 3.112451897 1.612340857 4.562045795 4.410896039 1.539001828 5.656655806 6.186043381 7.758149050 2.453475887 0.490820811
11.640911876 2.255889429 25.054146125 -0.781528721 0.545977699 -0.165583185 0.252395362 4.840823865 6.206988374 2.429749432 3.719266351 7.457183650 7.807714960 7.069861619 2.664256805 6.356145368 4.982675525 6.727150322 1.651559455 1.619664300 2.779570292 5.578320331 5.816914782 5.703706858 3.244120224 5.744548691 3.747040968
-0.690236995 2.063466446 22.192791984 0.806797721 -0.253292966 0.473071957 0.247230730 -0.644656298 12.430126651 3.075505992 6.853648093 10.984900116 4.016517097 4.871086761 5.739324809 5.418887323 2.174485689 4.374496924 2.947489502 7.235953424 -1.637988525 2.944943159 1.625181113 1.585336660 3.234140207 4.620313216 6.754345243
10.159244608 4.048848713 25.989749105 0.633611512 -0.586615185 -0.504364071 0.005996799 9.676665034 5.400380767 8.663672949 0.328512278 3.703260153 1.564826633 3.411691828 6.028876916 8.585291730 4.792265981 4.095781751 7.138817928 3.590762740 4.634661436 4.878158900 5.565188373 3.000900843 6.160621126 -1.827754286 6.458880180
-0.866743493 1.159537776 18.916048158 -0.413330630 -0.581259766 -0.160193517 0.682373001 3.274749979 4.691333830 0.837308173 7.270915693 6.752135277 5.394357047 -1.519284849 1.541299239 5.320465874 0.664196596 4.599485697 5.395569868 4.868286182 5.665590917 4.179275161 5.925339133 4.644154758 2.437960510 11.512091227 7.015142082
10.551519332 1.242171232 26.031722503 -0.885136104 -0.029790155 0.202364465 -0.417965606 8.512126433 5.981199361 4.354381100 5.866865426 8.226692149 9.662829488 0.697517940 3.590417683 5.604787364 10.071949150 1.666810412 1.818736981 4.954653356 1.535847569 2.393201031 10.266881554 2.739050111 6.072072549 5.844788324 2.692396253
13.101505551 3.035963116 22.875125041 0.629739176 -0.136282864 -0.399958763 -0.651834748 -0.099647070 -0.050512775 4.373767132 5.323804069 5.495970980 3.518437120 9.953917562 -1.318140590 5.066560674 1.173548817 1.503418750 1.999196335 5.894105568 4.368296450 6.917611407 2.130651640 16.276895921 8.237291843 6.143962613 3.711239578
9.560842933 7.865224585 17.317550095 0.236425392 -0.442751161 -0.557133720 0.661571206 9.602820764 6.739291429 0.584986770 3.076581456 4.586883106 6.949351133 5.835981683 4.998192593 8.444937093 1.941198998 4.900200159 -0.383152696 3.008602733 0.506016591 7.075072729 -0.435201054 5.618773225 3.344111825 -2.160179996 -0.395682989
4.661123739 11.255222540 24.009340327 0.602597081 0.149518401 -0.593824688 -0.511755064 3.552496801 3.425030090 3.123111832 4.562821940 2.590235793 0.618221541 -1.267255009 3.332446746 7.407463312 3.639884274 6.530101170 -1.203125109 -0.618986893 3.770798009 5.857963245 4.894289166 5.705877352 8.284414488 2.639319836 7.080778490
10.671225119 5.644249795 16.224765460 -0.080131751 -0.829587478 -0.465417744 -0.297909118 4.980306419 4.331346179 4.735278211 0.672598616 7.057601070 4.909819040 -0.122720622 -1.929723205 5.810827739 5.106956376 3.361988509 4.941363335 1.950216856 7.928529894 3.887250758 6.399118244 9.876269376 4.050631184 7.009476258 9.013492238
8.257502545 0.933262306 21.571771393 -0.648079967 -0.002993319 0.245316165 -0.720973908 8.344150022 1.730294657 -0.363360136 1.998215686 1.569547755 1.878043122 0.221509794 1.904330438 5.114308466 10.483406158 2.512196516 6.079763525 3.411307381 4.572474480 6.652172539 2.881706741 2.653308710 2.499051138 1.623464077 2.454880548
6.672718504 11.796192207 21.991516461 0.123964311 -0.915403748 -0.153498520 -0.350866118 6.233919783 1.461595333 10.916330055 -3.098858131 3.916422800 1.970986311 -0.591169900 9.535825972 6.857722211 6.736240202 3.209939412 2.879577537 5.431673107 0.148690386 5.063002571 0.832181703 6.348860002 7.960431481 4.485932558 10.646484133
12.956547896 1.322282681 18.422135658 -0.322913153 -0.740262942 0.136752337 -0.573617182 6.151051863 3.587294114 5.630865046 2.490973344 2.882362395 -1.199351925 -0.334091808 -1.107703407 4.391351891 5.308241499 9.215120452 1.534620092 6.566365493 5.235195895 6.384303317 13.622940310 -2.056294170 2.866738603 3.903737791 0.278228984
2.054225964 -2.139205780 17.706022414 0.433572608 -0.847931755 -0.234415591 -0.195130377 6.212881585 3.843828776 6.322512822 3.638554061 5.461735465 5.384723031 5.424232506 7.775503074 3.769638220 3.183376899 7.711787153 4.910035051 6.011467486 4.954640663 4.030497436 0.891383871 1.503014266 6.301667730 4.527768628 -0.599436489
2.304815034 7.586688328 16.897547141 -0.309929650 -0.293600003 0.899759951 0.090413945 0.467437936 0.141622542 1.529514697 1.918646024 6.419416494 4.874310793 7.427055261 2.724729753 4.348882311 5.103007625 -0.105084128 0.483425403 8.757413328 3.319497013 4.715305918 3.787690736 0.815318995 -0.168963185 4.378872387 8.036775436
3.128760507 5.792272357 26.345498782 0.364602454 -0.662201490 -0.646279517 0.104292965 2.952904808 4.009141296 5.366957549 5.886637696 4.532542673 1.068772833 6.976389036 7.141534688 2.572654752 5.025927660 -1.226224383 0.167175236 6.747718066 -1.087827831 3.317766651 1.126203026 4.875430450 0.805114864 3.999745820 4.352410866
2.644620944 6.688932406 27.463879803 -0.494032696 0.619698164 0.533019368 0.296304292 1.099845711 -0.157929783 6.710199218 6.550900456 3.143604363 3.294867195 4.506698378 5.471820999 -1.914373000 6.392502636 4.050413668 3.973558272 6.992396668 11.394600653 3.626119823 3.949683307 7.423150369 2.844272364 5.302537408 3.190577060
0.840593591 -4.113296157 19.871912881 -0.991370348 0.031049719 0.093973131 -0.085963937 -0.118881971 4.856237397 3.847516649 3.341740820 2.536821140 3.311204225 7.260121733 6.504949855 5.040156411 0.843136762 4.286839092 7.065272321 0.217803576 3.469604778 4.756846291 5.162488047 2.019537660 4.840975263 5.135080393 8.531216739
5.192787062 9.102678276 23.047738646 -0.574922975 -0.110175835 0.442987061 0.679034110 4.170740240 1.189314374 -2.008148436 5.356491351 0.427223035 6.022756138 2.011227149 -0.699584349 1.491887186 1.370851968 6.231417268 3.642229261 4.402817741 4.499391567 2.168444176 1.141483177 5.272009748 4.393919130 6.605088889 3.231449854
3.710912501 -0.665858739 20.409541828 0.186202354 0.779236198 0.484191448 0.351679219 6.268882954 2.892666008 5.836052799 3.216034424 4.239570038 2.506496487 4.043888734 1.952983060 4.434523326 3.845851284 2.503094017 1.007069813 7.673342244 1.835580055 3.724211174 5.332878092 4.926775256 0.246398877 1.142227057 5.398889191
12.970282621 3.543790233 19.190265695 0.970637342 -0.033646212 0.104964212 -0.213807382 5.946173804 9.336683763 2.379134460 -0.308235524 3.391350622 5.764078090 4.581443848 9.496815178 5.134385810 3.540406555 2.246813149 1.917040061 9.008120243 7.610835763 1.980694333 5.182706677 3.310558169 -0.989315907 5.635789769 3.306974106
-2.365684031 8.030666257 23.707178001 0.396292971 0.257089238 -0.157809281 0.867152372 -0.529930782 4.490278214 -1.161784771 4.285526324 1.003291138 11.587983923 1.826041724 4.714044117 3.184368208 7.117321029 6.848153115 1.263249669 0.961832318 10.588690316 7.243407365 4.225229128 3.174181463 5.207958470 4.511100197 5.290871092
2.073364928 5.825042917 22.372933313 0.882538591 -0.210851479 -0.169559261 -0.384599722 1.815942959 3.274329388 6.663851117 0.392442593 2.516262666 0.954604886 4.651772775 6.198047493 4.612182176 1.678032008 5.756868851 2.067526710 3.776051855 7.957562627 3.090618356 3.708964835 -1.295674843 7.361711212 3.042660010 6.716166914
7.663224493 1.366238074 19.808884104 -0.217283664 -0.066570791 -0.366774553 0.902126691 0.075627183 1.860415800 3.958801231 3.338876278 5.729648188 6.435572022 -0.008469754 -1.001036611 6.061141031 8.293119802 0.886472319 4.424661689 4.033209108 3.550239581 7.640513323 -2.000231767 6.106987730 -0.089079252 8.989859913 7.957686400
2.059961074 2.144380334 27.726303106 -0.807888339 0.317630072 0.494948348 -0.038127449 -3.190318937 6.570316303 2.439252672 11.368514984 6.669118202 5.317118888 3.541581962 5.113681534 9.541056106 2.900552301 6.713660333 8.199482950 -0.611120650 1.566881659 5.778261598 2.863006929 3.610421538 -3.583073307 4.197782438 2.233195743
5.294244359 2.917653815 23.968783101 0.761431945 0.052906834 0.243397638 -0.598481286 4.864843555 -1.370306928 1.452104941 9.082037991 6.775818033 -2.678638393 3.437733412 6.492975391 5.369531572 7.843735892 6.676036321 2.432154930 -0.017101486 2.964898694 3.451251630 1.830951137 2.260486359 3.010073875 7.186912460 10.368495990
0.531107855 7.319524487 25.163414321 -0.105631388 -0.893646273 -0.006680205 0.436112053 3.781109436 2.633607703 3.552571244 5.737096005 3.734460980 6.227580403 4.097477445 3.225303799 5.662122785 4.125780429 2.752239956 12.483136322 1.534059565 5.969490751 0.645822393 -0.385471912 7.110905884 5.020829412 8.786056047 1.108587695
6.290315551 0.595804107 20.960607118 -0.615964759 0.470391451 0.494700478 0.393180284 1.554169755 0.504812685 1.149815511 5.326390204 0.997409764 2.782776085 11.487043700 9.982102493 7.916398224 4.452963559 5.054628983 0.829823569 -0.256251580 7.463350313 1.255110276 2.158454937 2.684535963 7.318271983 4.421049021 1.008060168
4.700173172 7.909156070 28.131439606 0.237812532 -0.694763931 0.243786136 0.633495541 -0.459289268 7.912160667 4.488752342 9.647074724 3.174029689 0.878296519 6.116955170 0.492412406 4.589827906 0.813679104 -1.554506670 6.351624877 4.705807748 3.453387438 4.558774442 2.319553305 4.725707461 4.051047879 3.993739676 6.158162586
3.738418954 3.467466936 19.739109259 0.992324562 0.077194454 -0.076052255 0.059573778 6.053052216 3.872271503 4.401099707 3.915767414 8.520998137 5.097828641 2.603187784 5.627181266 5.105970104 3.884539563 1.858787727 9.084710329 4.833522850 3.477723483 6.197459849 2.666017819 0.329864834 8.127796708 6.356669440 2.963607432
5.571060540 1.415018638 16.604085537 0.352081988 0.896941378 -0.249638196 -0.095995881 7.624758802 6.141826015 2.528082267 7.181917922 6.012874302 0.411468653 2.059160254 0.156596096 3.679996510 0.645865672 1.720419332 4.897153531 7.162045831 5.342505914 8.868234839 1.617276971 2.347616220 0.963614539 3.563709214 5.687015320
5.510080886 -6.265082950 26.451478702 0.143365751 0.511365697 -0.846273854 -0.042094526 6.667245583 -0.526301494 4.648399802 4.870468439 4.596759490 2.479195016 -0.317635921 10.495380910 4.832276041 8.034240991 5.205263715 0.458364850 7.320940678 1.633748220 7.836957457 6.822274897 3.861514128 5.073974363 1.930294050 0.139078504
12.731686002 2.932208360 18.064270118 -0.026000911 -0.155647189 -0.969605172 -0.186985870 3.174611207 3.985991381 5.129533276 -1.171404434 6.199348427 6.296655837 5.119366027 5.264984928 2.003695182 11.300339990 3.047592687 4.538362347 3.900030272 -1.402587935 3.363225948 5.412344944 5.795797204 3.584447627 2.844992496 1.245373545
-2.556736680 6.008464354 21.472033893 -0.427958692 -0.262392326 -0.401440304 -0.766059598 3.243830486 2.942756553 5.442189761 6.499582435 5.658193572 8.026263694 0.869547793 4.230142150 3.273784276 -3.487368780 3.371787488 6.537574335 4.683524124 2.360633708 2.228198902 1.382090357 4.932648548 1.002736011 6.569949088 10.623108308
0.319272327 0.816823274 30.044343217 0.717358660 0.183620697 0.021691435 0.671721277 5.258206987 4.256014450 3.407248525 2.216921404 1.662974448 3.332608109 8.941157557 2.769607820 6.370953134 0.752760642 3.748149244 6.063065117 2.192526665 3.690543082 10.069015840 4.523171088 -0.143843930 0.673662958 1.987110610 1.966953673
10.372038704 -5.583248718 26.192433417 -0.539842516 0.182635617 -0.230241586 0.788798518 4.955466919 2.827757282 2.994447078 2.516872018 -0.420557114 1.662604442 5.924392768 2.125347678 8.392845959 -1.367515986 2.826924648 7.666468466 5.468585508 1.595041607 1.501274686 2.803952724 1.140250734 2.950249434 -0.368465820 0.645337357
10.562257949 6.936039619 24.951641154 -0.966676345 -0.222771172 0.125908271 0.007546910 7.583443039 2.229633184 4.355206620 4.942675760 3.203628278 -0.288627185 4.543741495 4.223791007 2.418837419 3.806198062 6.070747534 5.557641603 6.140866436 2.362832605 1.236028879 5.707886903 10.805390345 2.801096757 5.466289193 5.530495364
0.464221348 2.537362988 19.004362558 -0.425531842 -0.807353119 -0.238753692 0.331813602 5.217337800 3.179701937 4.403231062 5.118636641 4.693857826 4.096789485 2.895990937 5.844144959 6.772500814 2.093718063 6.551156323 3.266343245 0.661821361 3.087327039 0.706707850 1.248327436 6.988771997 5.086323355 7.268088884 10.500731428
11.426640461 8.360861988 22.279897396 -0.305007918 -0.010634428 -0.392708512 0.867546600 5.930654972 -4.135041017 3.998577963 0.214131444 0.680130467 2.779796433 -0.467462919 5.507329241 7.521784713 6.374182800 6.636166806 1.570257560 6.500247978 6.358246400 6.736291020 -1.264795136 4.894061756 7.108712535 2.136565205 -0.924149474
4.087773037 7.616014485 24.556243010 -0.060803229 -0.079889936 -0.635726229 -0.765357908 5.231635708 4.820559711 8.349407836 5.073395476 -0.448295893 -0.581388336 1.987921750 5.946508987 6.805212109 -2.443180777 4.446654330 6.730053927 2.653862877 2.016049391 1.748183057 7.942669970 2.150143296 1.035296370 3.146728227 0.396286861
10.924823662 0.291698780 18.719856066 0.165410641 0.878871427 -0.250180130 0.370990886 7.151769799 6.119763362 5.337631932 8.242780897 4.041987486 7.384362613 3.528940597 -1.166806052 3.177397716 10.011034375 0.362207960 1.031184179 4.210201632 3.865242139 4.032518462 8.938641360 3.253095931 1.780741636 3.784465771 -2.174133941
7.170357184 -1.241657878 19.506693997 -0.774247940 0.068451778 -0.158337677 -0.608920078 5.250655209 4.941062154 6.735222725 10.981112768 8.994194931 5.108107635 6.328073276 3.790757423 6.447381663 9.606371591 8.513418756 4.314807614 3.891881842 1.298819437 5.817160391 5.068423758 7.799672034 6.723278649 8.295435444 -1.178154172
11.735118392 2.022292042 27.057817022 0.147453938 -0.175864206 0.961133883 -0.153462622 9.703923902 6.760956646 1.784405292 4.643265037 7.398009561 6.904897691 2.032322624 4.602054110 5.070063234 -0.410209003 6.114949144 2.384216218 4.960389100 5.507343618 1.372624674 -2.605656697 1.334849135 2.001138553 -0.274426152 5.691625216
-2.341747418 0.147245112 26.166913158 -0.685058422 0.689184172 0.233299642 -0.035936237 6.465963382 2.172519315 -2.687506862 6.536966894 5.848868075 -3.121814147 5.255953275 8.565566599 6.626836465 3.291633693 8.277542223 1.787774882 8.874439082 6.538601823 0.518185743 4.441345292 -1.739764864 6.672675854 7.127534270 0.422705340
14.300033985 1.721413781 19.210183541 0.767889534 0.255264500 -0.051085571 -0.585299891 2.764714709 5.401949663 2.706140764 0.240517965 2.852917741 6.996510269 5.839720475 4.301217180 2.459391757 2.041053629 6.755860612 6.455362669 0.223301481 4.414911565 -0.046833012 5.377103170 9.234916846 6.318588157 6.898397834 5.001963817
-1.975991085 0.580935464 21.681373997 -0.321113933 -0.701013391 0.035654862 -0.635763162 1.245160767 -0.554373765 5.462546032 3.363513255 2.181159174 6.581231562 10.380628642 4.092657212 -0.247529163 5.650904221 4.912856581 1.911921451 7.128051138 8.062201144 2.587219951 4.987057638 -1.694862437 5.294317981 4.145536515 2.379158332
7.267002420 11.844886814 26.400727932 0.575799468 0.741068066 0.345314793 -0.005548786 4.348090257 5.071443748 1.547444686 3.623014747 7.028828994 9.969985464 2.539214972 2.779088893 6.204858236 0.235792486 0.234108003 4.431715864 7.085379520 7.377747475 6.831129746 -1.360504477 2.525176488 6.595946414 0.289293200 8.705562228
11.014287409 5.874349115 18.963765133 -0.484464884 0.622554790 -0.607456883 -0.093356545 5.419957561 -0.932334878 4.730509034 3.279269778 4.948190257 6.804840284 9.125024750 2.832756766 6.757883755 3.136537366 4.338069199 5.701895720 7.767784545 2.631199059 5.394403492 -0.315721873 6.938856540 1.962769780 4.582399700 2.915562352
3.046231283 5.791080496 31.646496061 0.212390629 -0.692541956 0.260871253 -0.638139522 0.442179803 -0.879466347 5.048523634 6.338736378 2.222633533 2.816486676 4.108867868 2.990073152 0.694594570 7.729825143 -0.103380045 6.977637785 5.549746892 9.533876490 -0.808692363 4.088050952 6.660058778 2.952819126 8.155623142 4.928747635
-1.538016592 -0.328708133 23.089932893 -0.406870148 -0.754865028 -0.507530668 -0.083952919 0.121089009 2.337539139 4.716616889 3.552996224 2.225198247 9.755965034 4.376105635 7.151399194 7.486017769 4.693333589 4.514965756 -2.315957471 1.214087029 6.610033818 5.124386032 2.769691841 5.415458836 6.554314437 7.703240724 7.366976536
7.932385010 2.583650564 30.427930972 0.195309482 -0.037362695 0.896790509 0.395253106 3.642660951 8.678948842 3.668702641 0.801804323 5.792189307 1.193991509 3.668410237 4.982883436 7.486294837 6.324999380 5.951372960 4.905199257 -2.062924611 9.545279985 5.366397368 2.177317403 2.658126379 6.943810721 1.652069387 -0.172663618
5.525632018 3.691049202 28.961733431 0.324724488 -0.355439617 -0.294496759 0.825523074 3.332633313 2.052271193 3.252835226 6.766643752 2.343450059 5.128620996 4.900507682 4.518450281 5.398413005 2.082316008 1.118368790 -2.132365213 3.867246062 3.084245446 -0.879788478 4.818629361 7.541818720 3.825134523 6.023641740 0.646327313
7.778541011 4.796062591 25.970833061 -0.789144135 -0.218199451 0.556814245 -0.139994393 5.011520602 4.905538574 3.920384862 6.829467810 3.894180660 -0.000869263 5.902113721 2.309485732 6.133634910 5.767173470 4.447842542 4.364530143 7.031620450 3.603566994 0.724698847 1.961716276 1.629748897 2.002471481 3.701169421 2.440279883
1.160085067 -4.518984981 22.650526267 0.038463258 -0.386712939 -0.229661277 -0.892316860 3.477660324 5.527794782 3.540963831 4.342792925 -0.782800695 1.096456999 0.684900160 2.804262668 6.972920145 9.967679791 0.145058241 2.803789284 2.678861024 5.522442097 2.629704498 1.272691979 5.858053666 0.857619383 4.338367828 5.394505858
2.026042828 0.646770730 23.420758635 -0.859740042 0.238439301 0.108239531 0.438495113 -0.609895796 5.597090384 4.176542919 2.646561464 3.761210400 4.341646780 7.163764775 1.809868372 6.368672281 4.227294122 2.973387945 2.124940297 0.553345241 10.880881827 3.808230929 5.553827445 6.709200480 4.085528758 2.400524436 3.480940593
2.706073696 2.239870015 31.828825222 0.818285420 0.261776569 0.383975440 -0.338297001 5.581261489 6.554696207 9.499308317 4.708932121 0.622671888 4.514249288 6.652232070 4.241531695 6.733515128 5.514979056 6.756272121 3.994862641 5.820321948 5.261300953 6.515080950 3.030759550 4.310294846 2.547834158 -1.046821624 1.809363583
8.129699596 3.509475183 17.911618569 0.452603571 -0.204748325 0.512766086 0.700213590 10.463500203 0.603587136 8.317122714 9.833523186 4.522313231 5.581640767 3.487296704 7.238595277 2.659540857 2.048859618 7.276463632 5.960550902 6.912280460 2.543498055 -0.227042318 4.148992890 2.895758281 1.505179778 3.318428392 7.273730619
10.730206846 4.390685247 28.623705320 -0.571678001 -0.356480869 0.025252909 0.738558016 13.172591090 4.478346178 1.840748815 6.434239001 10.504586405 9.406865396 3.948424309 2.688904273 12.383674870 1.757668619 2.120317992 7.109482365 6.089818703 1.639882593 10.683138431 -1.222445463 3.218666516 3.919827287 4.201560422 3.006452231
8.304367560 -0.920056235 20.022233174 0.589877170 0.703994865 -0.010676818 -0.395375972 1.689823283 1.491607550 4.490990730 6.592879832 4.147505111 4.526059538 2.006358361 7.566519739 1.303954090 3.556277726 4.468236304 5.401325045 1.949621351 7.909684365 0.829089663 3.845015120 3.403681270 5.978168662 5.879064567 1.413486561
-0.403401653 -4.083700784 21.731518278 0.539928891 0.207318553 -0.774413485 -0.256475270 4.158306868 7.391005632 3.805238912 4.727733126 6.856360169 4.980073359 2.245470590 5.032043351 0.891922275 3.023929877 1.539524407 2.905455973 3.799251762 8.090375642 4.687177298 3.531765549 2.228646680 6.547389803 3.666591134 4.147338399
7.888511356 8.644558038 29.349009167 -0.808446028 -0.359027709 0.455421532 -0.100525379 6.948808948 6.977337288 2.073675751 6.203286639 5.826193427 6.141995339 2.188249980 7.143598005 5.120076217 3.014510412 -3.369957673 3.884591391 2.742275556 7.201995515 3.197080160 4.335445085 5.936166514 7.116219197 5.582154242 3.381472308
6.335693747 9.484872206 17.711696354 -0.838196544 -0.458147359 -0.284151320 -0.082374620 5.991100249 7.028900598 1.134510627 2.853509548 5.239669292 2.279221222 3.062821708 6.072788554 5.256081258 2.575239088 2.467501628 7.447107922 4.377038810 0.182261329 3.395406174 9.766339277 4.151720848 2.688381420 3.332327651 1.410534311
0.458985499 9.737933657 24.958771931 -0.233108916 -0.033505850 -0.802572424 -0.548101355 8.101634145 -2.290220125 -2.437530973 1.132701627 4.188077040 -2.505226689 7.211699623 0.848921629 1.064971965 6.389700168 -0.134651807 3.485130385 4.631628001 2.340635037 0.788028550 -0.649712384 3.018912606 6.132010212 1.875373439 8.522970269
1.638711396 3.307181698 31.344481119 0.692456648 0.567752892 0.038357572 0.443496495 1.417141522 0.645347757 -0.022659191 0.286699682 4.079555918 3.231695400 4.776563235 5.877806173 10.521103661 2.064494645 6.930022920 8.386860548 8.053300578 1.913857602 4.983648149 6.285028639 6.362132452 2.324922823 2.907717132 1.889801167
8.879183701 4.264452538 15.160899584 0.716315301 -0.311836719 0.621247408 -0.060843301 3.392888629 0.122359737 8.829183813 6.627379210 -0.589282646 8.639971486 7.685998440 5.285645550 6.231631241 6.418138402 1.785593679 7.615176773 6.506166784 3.263487854 1.079442937 2.901505160 0.060436913 11.946817866 1.867021488 -2.312030046
11.648086408 0.554379743 27.891521498 0.159052797 -0.318951893 0.001186774 0.934328898 4.115906698 -3.134829882 0.915879201 5.974229652 1.147012642 2.879878195 4.970718570 2.426365813 0.605384335 -1.195935676 2.888254439 4.301395826 4.638130601 -1.640700174 4.425572763 6.970350009 4.178313000 2.924585447 2.923333135 4.970088072
5.868041591 -0.280534211 32.711347572 -0.423775440 0.380924988 -0.273321882 -0.774987534 0.098900525 4.840509411 4.462455124 1.151001677 6.495508536 4.412051426 4.164852245 4.680603767 4.462103478 0.986327153 6.076157325 2.886493123 6.074431621 0.252979040 7.183688001 1.100631162 5.888171755 2.659867213 5.010175976 -1.408101923
8.580799716 0.032120434 21.959512221 -0.763577672 0.384346355 -0.504351269 -0.121888536 5.404016394 9.256591040 9.863443788 3.222710029 -1.264263278 8.429350042 3.205290638 8.418008479 7.029972574 5.937650787 1.717220907 5.169283482 -2.632608834 5.546020178 3.266231642 3.032804212 5.270531522 1.619105162 2.002653001 4.070017713
-0.513827298 -1.508132500 20.203105815 -0.494185131 -0.731368258 -0.124419374 -0.453212253 -0.387852465 2.836830192 4.612375956 7.925192978 1.617170308 5.084491455 2.313562313 8.359670840 0.733452227 7.470956764 7.225401827 0.882927106 3.888952009 3.902627912 1.221202281 -1.735344106 1.739559590 4.047735919 3.253145716 6.559720200
0.607772507 3.858793641 28.598042661 -0.092098805 0.001118405 -0.368291497 0.925136710 4.050864409 2.077979341 4.383374370 6.941943946 3.918301537 0.000067407 7.264767198 13.385742319 -0.084557662 7.643783389 12.034874854 -0.915970875 2.572274920 4.077617481 0.920166980 3.164450761 3.006442147 5.020473434 0.777451948 7.520541647
0.082713669 7.013514680 27.393044622 -0.125058290 0.464010786 0.498321388 -0.721616386 8.384165198 3.332268331 4.752214455 6.621801607 0.943986206 1.574793472 0.028836593 5.145914616 1.186842496 0.363978612 6.766038466 1.267179706 0.808895089 4.051291820 4.965622425 4.295786069 4.106350366 8.416150382 4.760231309 3.205234894
-0.601891511 2.493490116 23.517047787 0.430852207 -0.094700936 -0.847290857 -0.295797754 3.227805661 2.982579872 -1.706275545 3.374421193 5.879116849 0.879055664 1.751018073 7.133920382 3.502364872 -0.663141111 5.873123155 5.605653744 7.921458035 5.103257578 4.087488103 2.806791615 -0.191745706 6.691183067 4.161810241 6.638738047
8.256680315 1.720801591 22.625176429 0.924497270 0.176897976 0.208937918 0.265248657 -3.469818314 -1.598095243 3.013071566 -1.109258450 5.552349756 10.083040452 2.828393128 3.865467960 6.439163151 3.755625226 3.971604397 3.434914303 2.082517394 1.130186512 6.689854364 6.872216452 8.796590246 4.612348175 1.415291315 5.022840087
1.265760294 1.009017506 25.438054111 -0.532198661 -0.004383159 0.273924884 -0.801068369 3.401798944 7.194973392 8.125302226 6.879149273 1.580693737 4.767436195 5.922944142 -5.880477414 -0.034672409 1.274717230 8.082195443 3.122851294 -0.429319426 3.503706888 4.496570483 1.216508848 5.441801673 1.908119184 0.230097606 -5.432075798
5.022255487 -0.839630181 18.632626520 0.117528085 -0.186743213 0.380786335 -0.897950939 5.172990808 6.369813671 7.928958236 3.348733433 4.699480605 9.741297293 4.388553416 3.118137554 2.406528076 2.102162920 4.754600105 3.561970328 1.460446935 9.118716999 4.931542660 2.144219309 -1.381010799 -0.051879040 2.720535508 2.578970752
2.464056087 5.377747343 16.084335654 0.816011561 -0.158666006 0.060718680 -0.552506537 7.056812851 5.040451503 4.722304213 1.363565444 0.398732365 7.637990884 6.824836138 5.400019640 0.776446846 1.126459765 -0.320902591 1.522310157 6.233727676 3.863901435 9.405730496 2.452464226 3.235689786 4.113850061 3.659704036 3.979286827
2.893353791 11.711242128 22.776247963 0.803186728 0.479155198 0.344258453 -0.082386245 5.588689100 -0.256262830 -0.448633433 -1.718843360 -2.764499794 2.561834826 6.371065463 3.594812610 2.812865000 -1.020698093 6.808839710 7.952403204 2.396589534 3.347615517 -1.016986494 0.682184682 4.613655584 -0.848777741 9.202100454 3.920438938
8.012039796 4.230260298 23.363912568 -0.116775654 0.178528460 -0.789307342 0.575747301 2.279311733 2.208301188 6.246066336 -0.042952931 4.396390471 2.748859930 3.667230373 7.106078617 3.650994186 7.173755566 2.922178803 5.222473889 6.462416909 2.290868459 5.633164634 5.826370122 5.153747689 1.313022001 3.221843727 2.340348052
5.689047953 11.356551533 26.730962717 0.756739424 0.368931815 0.069867528 0.535119883 7.332581567 4.513064692 3.897191572 8.971685065 2.612147697 5.258262231 10.800107932 -2.156685418 1.154419413 3.043055526 1.339466636 4.282475685 0.272982489 2.955005265 0.961306236 10.543646458 6.808046650 6.383002226 -1.081820014 8.180141124
4.475287671 1.721460701 26.960818613 0.477157863 0.387670504 0.635020445 0.467740300 9.003262795 3.139008147 0.141356626 4.060168392 5.371034657 9.029242259 8.144982665 4.375807130 6.484337500 2.420288089 3.179750078 -0.072239903 3.927285546 1.951494476 5.551122529 2.944901442 3.587382213 6.607810177 3.322290523 -1.974644555
0.934361081 -1.916680014 26.634145274 -0.000656559 -0.100525138 0.114396853 -0.988335786 0.466108260 9.045950195 5.490063968 2.383485722 6.686254402 6.104874345 3.538790067 9.565197217 1.655194152 3.904445914 5.143192028 6.081109695 -3.248590700 7.635465476 4.495898592 4.437938868 1.357912417 2.566284354 1.595705214 1.986135784
6.289532139 5.553974071 16.019643268 0.576950153 -0.728446403 0.084077818 -0.359757252 5.008306371 7.567312231 7.994184283 1.314759867 2.467791571 6.300443271 2.732895667 3.887733931 5.471271240 1.277622886 4.128211165 5.124680220 1.816029423 3.238246524 0.089382859 1.649148436 4.558556691 4.806134696 3.111427052 0.439799894
11.234653560 5.038184562 28.461749131 -0.560034650 -0.543052377 -0.431189790 -0.453354907 4.545670799 2.918762887 3.948449427 3.441838900 -2.811818419 -3.118290079 7.562546403 -0.325014706 3.285713908 3.930671287 2.999307703 4.436904612 5.751906931 8.142820785 5.440431350 1.060254272 4.904988168 8.104610635 -1.692923759 -0.762430812
11.829313358 6.972892885 27.888702300 0.155532804 0.621848053 -0.477625704 0.600822963 9.354863923 5.931633556 2.956238963 0.760138345 3.536254054 9.452450373 3.700842679 9.999977878 4.414059800 2.788205297 10.077078591 6.259646307 -0.938295060 7.537088409 5.337505164 4.457480416 2.489937303 2.157671628 3.748134493 4.397716774
11.622029727 -1.704964074 27.895901695 -0.727241128 0.016342110 0.276210935 0.628140746 5.145143229 8.143346862 7.493907066 6.785972994 2.580174102 -1.034486684 3.708666075 10.656309426 6.063309790 3.459152968 4.850060868 4.102079998 3.428529167 9.363525374 6.139054765 1.211540904 -0.322147067 1.897472919 3.329204544 4.909587235
6.248825822 11.679430022 27.830613553 -0.671416897 -0.228326228 -0.676511643 0.198490503 3.396931459 -0.747737710 3.066294568 -1.850378430 6.839843326 5.444172252 0.324383132 8.098148734 3.578372633 3.101415759 3.333189592 2.878863290 2.715727413 3.452068135 5.642937238 6.549563337 6.728144371 1.739265234 -0.038552468 9.393080217
13.120744969 6.038849491 25.651812687 -0.150080819 0.156356035 -0.972051317 -0.090248413 7.850922361 -0.315153723 4.439534710 0.423217230 6.848333982 4.539254652 -0.218566805 2.844727795 4.910649144 6.464044206 7.155296582 0.355100150 -2.869242229 -4.183717963 7.791318414 10.475075574 5.208001768 1.424039015 1.211989636 9.588303979
1.867330138 4.887675257 17.878948219 0.011003721 -0.242602398 -0.550638216 -0.798636682 2.493765588 7.893136097 5.486444272 2.429719578 4.900481562 8.264264072 5.101030197 2.095659455 3.104295663 2.783208780 6.557135291 2.416042708 3.675753427 4.575176549 4.950502599 3.380097938 6.304580641 6.394905307 0.042633074 1.595600127
-0.123586708 0.965306984 22.632223462 -0.327029809 -0.828330950 0.274785411 -0.362508371 2.288608195 6.747411372 -3.185803058 5.682278053 10.899504456 4.758822578 8.109172848 2.581441727 3.633248196 3.861122484 0.682165124 0.196473302 2.830835653 6.315707375 3.587571207 2.504912350 0.532416806 3.855557053 2.158436462 0.730206595
2.884417017 -5.079278654 20.524255399 0.038056085 -0.779223814 -0.625128877 -0.023997267 3.084132808 3.888133454 3.027672997 0.460499205 6.335039324 2.969971093 7.407978463 3.835657389 0.114286487 0.442754211 4.682105592 -0.311056054 4.579939331 -4.726087058 2.369325169 2.109712372 0.039669616 6.145271759 8.596023792 3.496824173
4.961280108 9.877739849 21.536212332 0.113506174 0.707916778 -0.516605888 0.468068949 6.633438466 6.215909583 7.238411209 3.785418559 2.661687531 1.175870208 3.394245004 1.926709632 4.523664443 8.746363247 2.632646642 6.050124657 0.580230557 0.442119370 5.615763813 2.752394593 3.543213567 1.809908944 6.635191118 2.603965235
11.726995095 5.860048729 23.938566378 0.429099129 0.778915233 -0.450938324 -0.076286470 0.840039467 0.343954717 4.083934314 2.081108578 7.269272346 3.001501505 1.805133927 6.583777421 9.552694582 9.104864117 3.141312518 7.057220292 3.173741084 12.615321862 3.072216976 6.273394716 0.587698564 6.324931481 5.969952933 2.941353075
9.915046813 10.919833922 24.320704814 -0.411739309 0.892408404 -0.159269286 0.093334223 4.012867087 2.398005860 0.115134579 4.988140907 4.733961798 4.087814215 0.717289489 4.974812095 4.511022399 2.061285144 6.567053748 4.595271610 7.246515851 8.732752291 6.313417825 9.394573644 1.050563094 -6.386963593 4.760442475 5.168200077
14.178596475 -1.019513380 20.086291904 -0.318891555 0.611363724 -0.479194948 -0.543060563 3.019789234 2.941853451 1.354911490 4.949171590 2.674816678 1.858900169 3.936839109 0.883718773 5.686821781 4.727320618 7.609684242 -2.040380067 3.149185541 5.683322369 0.004081434 2.266268491 5.559634549 9.982097998 1.623474665 5.210266291
7.497363984 10.371773113 25.364034059 -0.744384664 -0.572298841 -0.271529718 -0.211274987 7.679468788 0.444366834 -4.798197008 5.738578641 4.341266889 -1.445242767 -1.382086937 0.265438053 4.743663834 0.442676456 0.767962685 3.485225093 3.484974686 11.948857588 3.111990245 8.249955953 4.971127890 -2.406712163 3.945983560 3.328336330
8.586562239 7.203180877 27.750530847 -0.556182165 -0.030300528 0.582848896 0.591633705 9.080634529 7.384551553 4.956217973 0.700939651 5.277481766 3.562745075 0.005353113 4.248824647 5.788494038 1.990923195 3.675876916 1.812804022 8.425583526 4.308611780 6.316758937 7.884429476 3.149875912 3.176426036 2.809323535 1.170948644
1.261130862 6.725753944 18.676250562 -0.452311510 0.872309569 0.167348732 0.080527728 2.501825551 6.992611817 10.191219975 2.798831152 6.113114648 7.466324653 5.008191755 1.168922076 6.656879055 4.134069724 5.188431542 3.865892865 1.095343835 5.051766487 1.020532478 4.709569014 4.527306973 4.505253721 1.520953721 7.360183717
10.109381782 4.399601462 28.391647583 -0.862715979 0.348117935 -0.027729983 0.365740470 3.421184818 5.149314043 1.862556426 9.198874696 5.786116100 4.815241573 4.235404085 6.627734449 -2.378912435 -0.982170659 3.462235025 1.824002361 1.695381716 6.064217185 5.365017436 -0.112177107 2.098445034 3.258958626 8.366132132 4.572316607
12.533288692 0.792390747 27.991144916 0.830912372 0.013852288 -0.494819193 -0.254060445 3.822126245 2.479815999 1.309713819 3.508310788 1.899057765 1.792885880 5.423054256 6.014646957 10.101557096 5.892732726 8.472471983 0.152586950 4.826166551 6.702510294 0.989274489 2.225714623 9.726562240 8.852600475 6.224699598 3.896437405
12.549433358 -2.778958280 28.168449274 0.840061559 -0.271851932 0.202256658 0.423657112 1.156630782 5.748248591 0.946956768 1.580390381 8.187576876 7.014541844 9.355672095 6.479335166 4.364384881 -0.037611744 8.414118466 4.941294093 -1.549297709 4.810135581 1.300593391 5.398674102 3.805836275 -1.630535591 3.821497326 9.559497065
12.292512706 4.862324424 18.989339196 -0.865044053 -0.062918772 -0.463638363 0.181051049 -0.034963217 -1.507639605 1.034167090 5.366981687 8.906165946 3.742392700 4.974664561 4.144199074 4.513581192 0.188106087 3.435384176 5.540845692 7.265468556 11.927745481 3.745162199 0.530976249 4.700936506 3.901278293 5.876714877 1.557080080
-0.234626446 -2.714609283 23.138492334 -0.499739756 0.125533668 0.762343230 0.391579206 5.015543526 7.021963042 2.701472398 1.022011006 2.292714823 3.910863674 7.278706682 6.483032030 1.730144002 -0.610198494 6.282968877 4.270318247 8.752322068 5.338848658 1.994689924 4.501772742 8.076962145 2.981457451 3.770741742 3.343424446
1.555342312 -3.058741279 28.653450846 -0.720067607 0.326620623 0.525136833 -0.314726734 6.433360078 -1.868805684 12.106967125 4.021748104 4.120090158 4.715764497 3.005648332 1.186555956 5.840580722 -0.683576170 3.115090044 1.832387729 0.512035891 1.329431889 2.989766730 8.014731901 6.814425310 4.137658419 -0.777706434 4.688315244
-2.843327962 2.242404833 23.717484132 0.329785806 -0.684007746 0.109363830 -0.641415838 4.184262551 11.892226628 5.778766471 7.782317459 0.126125685 4.335130323 3.209032678 3.577938376 -1.764464734 5.338129389 1.576179685 7.683289007 6.709399784 7.145515891 0.196516921 9.015367420 4.270303960 3.361223834 2.041320983 4.161699795
14.454279935 -1.513310064 25.722134796 -0.399498576 0.369405626 -0.778081405 -0.313894406 6.074407405 0.208571478 1.945343839 3.448744191 10.762227445 1.131317915 5.942878732 -0.304506474 2.932751597 7.623142216 7.483876556 5.967559309 5.672826280 9.810278199 -1.384428754 5.162949795 6.331106762 4.520272962 1.928415432 4.949833027
0.449338691 6.561473423 20.689067842 0.501508766 0.381461957 -0.373623980 0.680720834 4.412517212 2.233030408 5.629132990 -0.182262993 5.064954527 8.012502656 5.963930996 8.003154956 7.522186883 1.294480766 4.016748803 1.474705161 -1.353588820 1.342294407 1.211091766 -1.381054254 8.405894742 -0.094607913 6.417859613 5.132325125
10.019634460 0.128086436 28.059241493 0.274235675 -0.246774103 -0.909568634 -0.191264836 4.298906437 7.851101235 7.934455852 10.946332669 6.884341572 3.450533608 7.539660159 6.048565203 0.042838336 10.411527942 8.331370649 6.237789062 -1.240640279 6.854951347 -0.814678118 4.269609862 1.235710555 1.724140887 7.624751459 -1.540449391
7.082107621 8.365874872 30.018843719 0.119512298 0.831231663 0.109236870 -0.531825197 6.402201242 6.001586077 4.551694863 12.454816161 6.764560899 4.232402241 4.180960844 8.929056403 5.293098709 0.527900359 5.120499283 1.558521781 5.232754169 3.738175829 3.524368114 7.126104101 0.358286727 5.816296720 7.012896320 4.220694396
7.978994081 -3.143788725 30.101280127 -0.330464655 -0.761881088 0.329897723 0.448885076 4.666617892 11.787725147 8.212998523 4.487167527 5.968875000 1.991374497 0.787271836 2.019472694 8.508318406 2.379597033 2.635755172 1.398829617 2.347427926 3.561664146 3.258296574 7.771565423 4.295564461 0.502741088 5.284776560 2.349680280
0.938229608 3.781860193 31.723907897 0.755841005 -0.216988455 0.412752464 0.459625704 -0.941599965 3.866584871 9.760559103 6.175572470 5.196712640 7.778114374 2.925993519 8.440004949 7.272253194 4.644043265 2.758822948 4.563098172 2.200989605 6.969926897 4.698165580 1.984759742 2.234988965 -1.880920584 7.253921536 9.048039100
12.388451812 1.662230178 29.088547503 0.169612162 -0.945771937 -0.169274701 0.219301694 -3.356077159 5.143211809 3.005868820 4.623370676 3.522064722 0.344959196 2.524736584 1.739051112 5.653749878 8.646567077 0.634855662 2.269326820 6.262383280 6.691351057 0.820840096 1.609273672 5.593651577 3.093426181 5.180656799 -0.321603291
4.312220077 3.636647799 21.581431473 -0.231515561 0.762039447 0.528369313 -0.294146725 7.206475174 6.633703806 2.967126275 5.384500457 5.416892492 2.021169655 3.579771820 2.857672569 1.937215108 6.850702232 2.364978210 4.688713030 0.354768164 0.058353872 10.617197074 0.167156719 4.014206184 1.912603783 2.938761329 4.539984839
14.618689413 6.457731913 23.987641088 -0.910909507 -0.355638651 -0.208599033 0.015857610 1.673401873 8.157818223 4.331285377 2.227530537 1.824463254 7.196095874 1.690238614 5.875763289 2.614988512 2.633880984 2.081399085 4.021601595 3.394551726 5.332406989 8.302872498 4.969211972 3.205752327 0.757605088 4.895732471 6.054267134
4.509684088 3.845122865 22.458837046 0.588971982 -0.180540231 0.562840162 -0.551115398 2.492090607 6.730318163 3.625385751 -0.814563342 2.971304880 2.679650931 4.093902418 8.145718580 6.530048527 1.118321203 5.153535506 -1.194338516 7.283227252 4.796128650 11.388212778 6.389053110 5.454279981 3.451211680 4.766320761 5.277738862
9.414613625 12.488803720 23.823686318 0.480165647 0.293267432 -0.655482498 -0.503763693 1.764425441 10.361574866 9.309390237 6.032027689 0.779158363 4.562486287 6.541287927 2.895933403 -1.010964769 4.007597254 8.142114887 -0.517136488 4.399654174 5.777708651 4.351676256 4.648343116 3.538696402 1.260358550 4.073925944 0.654471671
8.988882280 -0.879759051 23.145410986 0.558984490 -0.342378421 0.714914123 -0.243333419 8.706679227 6.824697302 7.411920855 1.872642910 2.810719084 3.370260472 1.341733336 4.312181005 9.956723063 13.062002081 5.309820960 3.999081215 0.284853696 1.934745267 10.646673600 5.494119132 4.626732739 4.783662664 4.033333725 6.898878057
7.591680994 1.136456846 13.897270519 -0.897476336 0.092620439 -0.345195867 -0.258452111 5.053535368 5.223032353 10.936195016 7.217180070 8.263391694 1.184853526 3.464095748 4.075280700 -2.141482293 4.815698014 2.654191737 2.748966207 5.831560121 3.767986511 2.753022658 5.615153625 8.271306047 6.881315948 10.811280263 7.591659534
13.883974034 6.839456117 22.674127160 0.308374575 -0.939262537 -0.015061969 0.149880436 1.437016180 3.448193520 5.884754006 -2.779872476 4.901103386 3.207393789 12.620179297 3.598012364 6.996045776 -3.931185091 5.076711188 7.054720765 2.177453829 -1.242296324 2.483828487 1.998200781 5.888814000 2.840288381 -5.336340999 2.254604264
-1.773761435 5.724209688 21.939703778 -0.185108340 -0.533773195 0.138576644 -0.813398791 5.485947954 -0.065265240 4.588873049 8.148331768 4.417328298 5.532335347 3.367326143 0.781603377 5.784513089 7.570672639 9.250175763 3.310763614 8.555860288 2.721509901 3.820436353 0.046146002 2.395167430 5.654569980 4.413851282 2.478524973
3.446889118 9.346260849 29.117114264 -0.506536285 -0.008670900 0.653816049 -0.562023470 4.631048857 7.331568965 6.035353168 3.606461571 1.669845558 4.131120008 3.894803497 5.481905450 9.222718947 -3.011227307 0.948514714 0.918972284 4.547604106 -2.672490931 1.246783386 5.594358632 -1.628387375 4.531994766 1.348994147 2.091155183
0.442886702 -1.559917231 22.392655021 0.887922032 0.282450829 -0.136251180 -0.336528767 8.183566520 0.260638678 2.786046670 2.241408643 5.654865763 2.467942540 -3.177977594 6.736899225 2.647629785 4.275779879 1.690005505 5.388005235 1.490544954 5.599444499 4.510366585 0.317154283 3.976550333 12.269509750 4.315114351 3.425303658
11.228682337 -2.067306205 17.431136177 0.930462571 0.049087309 0.103974189 0.347878151 5.995599929 8.828661526 -1.065826482 5.436751587 4.590740778 0.796313173 6.335254431 0.813980319 5.359557449 7.201869299 8.560645360 6.169777430 2.941127600 6.450055164 3.504391687 0.447351884 3.330967415 2.972883607 4.397893426 4.242033103
6.513201732 2.067117119 17.734689706 0.567446258 0.657229091 -0.112147724 0.483195152 6.696868599 6.071394423 2.947214914 2.563343529 5.747771661 4.991509763 3.574408835 3.124925596 4.046051830 4.598552242 4.084819318 2.973979474 0.377396855 2.668943786 4.637139457 2.092757836 2.228541604 9.159424856 5.351877374 2.805762500
10.922935183 1.735879934 28.525162821 -0.752857214 0.404697150 -0.350785680 0.382590694 2.355332627 5.065536090 -0.338795343 4.410102907 4.142304827 4.857387159 6.427182345 4.357285051 5.255810558 13.292836407 5.610140685 6.722035381 5.756861146 -3.499889672 4.321340027 13.876563497 8.107015623 5.968710849 3.927519184 -2.064531284
10.072899649 -4.790977493 25.888339638 -0.254238725 0.193799090 0.868972250 0.377745698 4.557128332 1.513621270 -0.878351242 -3.708225722 0.161838809 9.270379251 2.059850668 6.150746665 0.507554342 3.951986934 -3.060868985 6.246661581 3.738964418 3.995526536 6.420652531 1.553572508 5.961284013 9.393367876 5.710301213 0.982000634
0.797364562 2.815951915 22.337804832 0.471424887 0.316281749 0.822966185 -0.021238858 -0.877626620 8.330913249 6.124154483 6.102255128 7.243954111 4.817584957 5.690052228 1.151225981 6.142150167 3.781684466 1.136441875 0.630859570 3.807782860 3.453314502 -0.432124023 3.267842345 6.397757053 6.188294473 6.672430636 8.844361484
8.221021330 7.157266525 31.949656361 -0.742236516 0.245518264 0.205493075 0.588709039 1.357614321 6.552671273 1.086781719 2.743112346 -0.056156856 6.308820284 3.514027488 3.410937887 7.716257723 3.844022222 0.622296743 5.098020558 11.931829854 2.713377538 2.497690534 4.817162281 4.688179753 6.335530004 2.568766407 6.442606612
5.467253068 -1.512871373 23.340536333 -0.658457884 -0.421123718 -0.351859182 -0.515056449 9.577319176 4.867605180 5.314510263 -0.318377324 6.180750288 3.001518246 1.944889493 1.345844285 2.817365798 5.223509199 5.643222432 3.476878386 10.043693047 3.211852077 1.342785476 4.036774955 5.328282496 2.129483473 0.915782867 8.939786811
12.469326231 6.586541775 17.434134073 0.069237139 -0.265874042 -0.527886569 0.803649789 -0.941800538 0.270363885 6.145469917 7.043136190 5.246376009 4.330886079 2.349094879 4.632321472 4.391523542 8.489590422 4.322081016 8.696513495 5.776262147 6.746205295 2.186718090 8.192083972 3.499629293 2.796768419 3.651474008 5.576861188
10.841779245 8.088350935 27.735353817 -0.171392829 -0.550508872 -0.736295616 -0.354165564 7.507802824 9.891319560 6.359022955 7.748123177 6.335903288 4.257095917 3.359623058 -2.247557223 4.377302087 2.772245760 5.170960041 3.176896864 8.982295457 1.237292157 3.863764164 4.932492933 3.063661941 2.643522825 3.580365183 9.924228645
3.509633718 -3.504420291 26.078782451 0.103864410 0.434696675 0.277051246 -0.850584265 2.991936590 1.135313770 3.090239127 3.921121272 3.856299428 2.041989554 1.026337206 2.616523272 5.329297754 1.074966958 6.101467180 3.648433189 2.546025179 0.418097846 6.634049515 5.547787622 4.991005310 10.535048739 3.970782926 8.336355720
6.509880920 7.701773286 20.467718974 0.054671708 -0.993798798 0.055673995 0.079217164 2.052355214 3.865144972 4.715687750 2.164736333 6.354157468 1.490242848 0.390797355 7.535465397 4.556330749 4.920900060 3.640178659 4.039743091 5.023807244 7.530606082 4.088007240 3.144835204 3.892309139 1.267117290 4.478834896 1.738980554
7.380899173 -4.192011107 26.396015110 -0.531441340 -0.596936764 0.598404816 0.056109521 10.632685603 3.732402814 3.855119349 4.242724335 7.958621361 4.707463468 6.755906226 5.879112253 -0.287456274 4.133548125 -2.195616028 5.972153833 -4.055435358 5.835046332 8.331345565 6.006347539 4.759364917 13.158749954 -0.022263295 1.708681788
2.110469421 -4.700047048 20.325208127 0.506666259 -0.209357419 -0.772182981 0.321235453 6.026627318 2.053198959 4.087009187 -0.507496422 5.306281750 6.371261889 -4.416153820 -0.743572207 1.212122596 8.536311454 1.396902639 0.790766256 8.522645020 2.183974544 6.298377232 5.206249406 0.098270321 3.081852452 8.948401358 6.109020602
6.630091642 4.135777438 19.936119525 0.286308905 0.801674284 -0.105287682 0.514062309 2.373135748 2.468923895 2.089823868 3.857075936 4.453868880 2.177277356 5.570202357 11.048895716 1.395807124 0.905748073 6.337245062 6.164130315 11.853773276 -0.942243207 -2.902244609 0.029413135 2.200779516 3.982749313 5.959344001 3.281146910
7.777668327 5.888377419 14.654473670 -0.860072852 0.035055085 -0.374547725 0.344615483 3.957082545 9.043158085 2.379288193 4.022054576 4.349223135 4.173528201 6.638780135 7.649119938 1.042861004 8.337897776 8.152890907 -4.267095320 1.754113945 10.391752918 10.211584840 -0.152795837 5.171845872 6.163524586 7.761266332 0.821205335
1.980880323 -1.762015819 26.405898835 -0.100369046 0.449641776 -0.007500445 0.887520181 0.066022210 5.257922662 5.455265824 3.337356985 4.459660060 9.741157512 5.811647133 1.449619030 1.224721954 0.759733051 0.907398746 3.424186789 3.438325225 0.604515001 6.796959660 5.934365533 1.250300431 7.358395420 1.496097069 3.052015789
1.295176330 -3.536822801 26.272366490 -0.412322130 0.180083503 -0.849252231 -0.276280728 1.147665116 3.707570580 8.485474231 4.431127058 5.570658714 4.663680210 2.326184129 3.505624252 1.962855765 3.256696092 1.690199943 4.157468271 2.801180734 3.506741837 3.769418675 -1.242677824 7.613183293 2.814707753 8.460950644 0.880151891
8.520414620 -5.321146393 23.228747968 0.488019165 -0.698220895 -0.523282613 0.022364762 3.070911665 7.339508114 4.094497515 3.713556833 2.284560125 3.113464027 4.158274751 0.405469863 3.364164182 4.139388634 1.767268697 9.819344378 4.122130308 5.171947681 2.233510596 1.734644001 5.082609925 7.184901943 5.602814560 6.495595763
7.659963108 -4.417252614 26.190273130 0.294832475 -0.860962036 -0.087545567 -0.405159175 8.366057081 4.296109097 -1.964585428 0.434033434 8.953417186 7.489955703 4.231607469 5.612447527 4.360661411 2.547543842 4.959630928 -2.637182521 1.115071066 5.422711170 3.557825087 0.437317194 -1.392351830 6.644554462 6.718047527 5.832887336
8.724170549 5.153002262 31.544193380 -0.415853870 0.128989712 -0.898856453 0.049842645 5.850954911 0.897104724 5.139682888 2.765036284 1.967473796 6.331819233 2.242819308 5.542742689 -0.703112924 7.887449079 3.891901666 2.871030276 6.707247418 6.015219511 3.083354191 2.009652921 4.916205283 5.345876665 5.035336482 4.291517797
-1.723316809 6.074142678 28.402962623 0.204706774 0.113724349 -0.573573611 0.784968294 0.909907578 1.898240696 5.048653017 6.861891928 4.433194583 4.070496663 6.243851506 1.134154793 7.214042237 7.198930000 1.974942988 6.852958950 0.999407432 5.213123314 -4.495459417 3.452806888 0.645094603 0.209684411 2.416170553 3.819662093
14.153622246 -0.009309627 22.723189401 0.078948207 -0.911593059 -0.121932942 -0.384574613 2.621401821 3.793828339 2.158510496 1.365851342 2.583803098 6.131713853 4.360052073 5.540885942 3.324222021 0.992550550 6.308714032 2.910866764 0.716163873 0.754230158 6.172142914 1.081881929 5.369853905 3.955870814 3.413571331 7.291859659
8.184310611 7.396322759 31.434308976 -0.608298531 -0.225093142 0.723741369 -0.235593730 2.826404020 4.465918763 5.711699285 3.358585602 0.299369901 5.970851910 7.495276129 -2.002374020 10.826489177 1.901209368 3.738395063 2.136701093 6.646671288 6.703172156 10.765741148 0.218141909 8.481394849 0.999703664 4.913973446 1.387759087
2.311039568 7.288856125 27.973074865 -0.537468741 0.078588806 -0.695035479 -0.471038039 3.463140278 6.737455254 1.875084170 4.714926389 6.357199508 8.532437986 -1.115636632 7.374569281 7.827788809 5.134804574 6.516098606 2.650344730 6.678071541 8.950587611 8.311361178 7.579375622 3.218999651 3.708999980 -1.461257282 3.839226538
4.938409365 -1.620589704 17.811301821 0.000937497 0.278432507 -0.000233246 -0.960455312 9.640293661 0.375490193 1.260249795 0.761458241 4.694440758 1.792297841 2.804707281 7.180757351 6.397649099 9.419422513 1.253834908 4.193269967 4.646476459 5.675917927 -0.629982768 8.757212203 1.974357148 6.430562007 4.062287976 1.451726635
0.063082384 5.260975546 29.300812345 -0.309378946 0.086675830 -0.875554458 -0.360799611 1.900266967 5.197379412 1.160311794 6.008024501 2.632684896 2.085955433 6.205724302 4.366871640 4.241969864 5.023485358 3.115649343 5.032833218 7.622989071 4.502910351 3.314397680 1.555070751 0.115573426 4.752223336 9.535125594 5.538758933
3.596214299 -1.886164962 31.186479319 0.599804262 -0.067325706 -0.760909932 -0.238155773 2.823008598 5.549638239 2.214948095 7.061435422 2.960548020 1.560670217 8.836460387 -0.876211994 2.648865645 2.576078469 4.439264329 5.788778595 3.192134075 11.404989404 6.941361903 5.552796878 2.578941180 3.028600014 2.803098335 5.723015728
4.248381892 -3.535869866 23.950720701 -0.624745651 -0.663964833 0.274475163 0.305789072 0.064299214 1.905667022 6.587779272 0.467866807 4.490729811 6.806730363 2.276376529 8.160595029 7.418463882 -0.440588122 5.278362886 9.371895604 -0.225341586 1.619556191 1.989011985 6.929251099 3.961054618 8.950456806 2.864950193 9.585846780
8.619798938 9.414923739 16.361198590 0.191441265 -0.855889988 0.466111114 0.116374396 -1.962830179 6.063740753 3.867693162 -0.670427907 0.515753467 0.530309606 8.038494711 7.077223056 -1.018161708 9.941339480 5.690580996 1.468130192 0.839980572 2.811358160 -0.643720952 7.876017436 -0.175951628 7.732328352 6.140753185 3.349673994
-0.642837365 -2.770362465 20.758519985 -0.703719262 -0.251287102 0.622204520 -0.233442770 2.802249751 1.793253241 10.694273857 5.619858903 -0.919155617 4.521424618 2.661191318 3.218289029 4.806812900 4.559029195 3.497606851 3.519014984 -0.539064761 6.509103826 7.008575082 8.006463077 8.369876291 2.324313252 1.219086998 1.193996752
0.803554742 1.243775333 21.547330571 -0.868251770 -0.059294588 0.314314193 -0.379248736 5.701923658 0.457457463 1.901579318 8.423920889 3.982789124 1.787227654 4.611054964 3.389171182 3.656976489 4.524101361 2.543400863 8.240627006 4.226841270 5.789233011 0.958626497 3.854162079 7.538360389 4.138786028 7.079937692 4.737915459
1.250763932 0.814740214 19.373693141 -0.789837166 0.520229863 0.312866670 -0.087364686 -3.348496262 9.089031803 3.980289184 6.231252439 6.654886284 4.273493991 6.944858654 4.122943265 1.494650482 4.187051621 4.121463650 4.193245425 1.457969471 6.016088620 2.944456860 2.147989307 6.286748724 3.996518924 5.857675624 7.521724243
3.681898760 5.380704111 29.822494349 -0.197991886 -0.254467616 0.812378254 0.485887866 7.650076175 0.014967504 4.076537802 4.480385808 1.404693023 3.595039689 8.286709673 4.284517936 3.419772755 3.637027510 -4.055538263 6.829113719 1.866007875 3.691531467 5.777686459 3.081525024 4.935375328 -1.383385397 3.623642622 5.144588385
8.982068183 7.534532054 23.646494138 0.480053630 0.144294551 -0.379672526 0.777545090 6.109399241 1.128426245 1.737146611 5.605052030 1.290990972 9.568914924 6.415495569 3.210114782 2.353425121 5.347859814 -0.065375944 1.208489697 2.654379078 6.085403684 -1.550347535 5.248739196 6.277940795 3.779158087 0.963425036 2.051476330
12.010258556 -0.300284287 26.062994628 0.027888298 0.887526906 -0.056099707 -0.456476787 8.550256390 2.220648828 6.173592588 5.000404953 2.521639305 4.437472764 4.666513460 1.727082300 7.475369845 4.407650066 4.411169833 5.973471679 -0.601056882 4.484412669 0.324592388 4.513387503 5.830431511 7.417463960 4.682449335 5.927709471
11.474810734 -0.100319426 15.735012694 -0.117767297 0.943324814 0.008111591 0.310166666 6.305535243 4.311804435 -0.417954961 0.809405449 9.594860520 1.267266306 5.771131361 -0.313278228 3.556143674 0.523136432 2.435287029 0.661492740 1.040376600 -1.797548612 3.211568792 6.068624237 2.037220456 6.945155189 4.318086403 5.231150179
-1.202551595 8.050294491 23.491487041 0.465477754 0.799083142 0.330131516 -0.189234707 -0.825188061 1.703380336 -0.928917982 1.728754608 4.393095211 1.977042353 6.079435870 1.856038642 2.726093607 3.567677268 2.563566910 6.481447964 5.391902889 4.527374230 4.832328417 3.998557264 0.746990146 2.071506436 2.638852207 4.215391796
6.938196159 1.241331862 29.121737988 -0.007465190 -0.003102043 0.331128748 -0.943550953 2.396111210 7.090154597 0.548059959 8.073349664 3.847290440 10.862049156 -0.397758568 -0.032599589 5.904533288 4.095121231 8.399767361 -0.239214361 0.332884982 8.903196254 6.381512344 -1.103412866 10.620906367 1.820240698 5.564721440 0.440401159
-1.215551394 -1.965032384 25.376965871 0.426025651 -0.009931622 -0.903614702 -0.043404812 7.475340178 3.919082946 2.125813524 1.085641524 2.951800112 4.469127406 3.935731318 2.579830415 4.794256800 -0.590609823 7.021244787 0.423903833 2.879853153 2.857097300 3.395584249 6.591409719 -0.461400107 1.617196607 8.171583103 2.530623051
4.587044224 1.679692973 14.532090660 0.417946340 -0.311824076 -0.679262567 -0.516419371 -0.140281536 5.239590041 2.245182366 -0.997386803 1.757311075 0.474922836 7.038803087 2.889593157 1.258263301 0.940338015 8.335862422 2.381225186 4.050758124 10.284241078 9.247869091 2.441781036 9.514617750 3.018823005 0.020561121 1.409175167
2.198786953 7.060048122 20.966683803 -0.012876838 0.548778416 0.485357467 0.680517866 4.112052820 4.764728934 -1.293327597 2.950536891 -0.881949236 6.592104193 4.110824886 0.042405332 5.275053467 0.370309477 3.760731570 7.294561652 5.829155015 0.513856904 4.983802950 4.546147111 5.954710673 2.798016507 6.322045226 4.727159705
11.311013945 6.313485229 29.540702258 -0.438710633 -0.193604676 -0.477469071 -0.736256406 3.764873603 1.235317953 0.437708573 0.620703076 5.040422137 7.481391416 4.323311677 0.255342523 5.220691592 -0.344103242 5.091494484 7.604577905 4.689277925 3.709669288 4.281269094 6.789427910 9.431689287 4.308398685 4.994581630 2.713350872
0.980914164 1.791423907 25.631751899 0.047396674 0.718993446 -0.591056263 -0.362566511 2.827842887 1.946611985 11.271806317 1.981528365 5.591141367 -2.339939259 5.911250159 9.555132390 4.937502294 7.751571956 6.623542107 8.409737180 1.094155825 3.693506986 7.606677780 4.892676766 7.827108921 5.327193794 -0.717307558 5.972435411
7.741720493 -4.289851891 26.864873630 0.482629307 0.580033550 0.485300371 -0.441716631 1.504898400 3.153231201 3.114318187 7.223152401 1.704385503 6.493588007 6.752292497 1.339745806 2.004290668 6.604886268 -2.397200803 2.696029408 10.366874103 0.466389676 4.492178363 4.416889847 -0.453994433 2.490288112 2.378365665 0.673232705
6.524838823 4.571966342 17.618994980 0.122765797 0.398347419 0.856729232 0.303748113 8.741619953 1.642188140 -0.261059785 2.904010058 6.858486610 8.553476676 -1.029027863 5.248891115 3.364590782 8.146831681 5.625985887 3.997314704 3.762532677 1.223138400 8.242319123 6.769552478 3.149097365 5.905626211 1.516277652 -0.183484758
14.388711995 2.409554745 21.944374501 -0.612029440 0.727805524 0.277434596 0.136927459 1.297932950 4.817330986 6.794452460 6.142185209 7.454925175 5.025957223 4.106440350 1.156716867 0.317979432 2.978715015 -1.820793305 2.109066073 4.277262243 6.442807458 1.005716692 2.920468669 5.634870283 -0.181167560 9.421646299 1.635344757
4.556148109 5.110466689 29.441032198 0.604165280 -0.712719240 0.051658556 -0.352628689 7.253569653 6.532810795 4.646643462 4.804272401 -5.825145337 1.075257037 7.465991201 6.113153112 2.438474215 2.286072877 6.488807985 5.465719783 1.630117428 6.704730114 -0.590245988 1.097207126 1.895538670 7.768835428 3.437114535 0.489065902
3.527038268 -0.673421365 16.732805190 -0.562669322 0.674366030 0.328576061 -0.347377984 7.381117250 1.187161652 7.300993025 2.328545308 7.933224370 2.238576860 4.406238116 3.995719529 6.275391972 1.693610320 8.255626441 0.863120357 6.618613349 0.761537773 3.436872591 -4.434828113 4.182971206 6.222850489 2.089455028 0.466843970
5.764713230 6.507140329 28.940602759 -0.328314886 0.044511477 -0.829640708 0.449359945 5.917736272 0.813405850 4.057215609 4.559709635 2.081031000 -1.744225304 -0.933203832 0.948302912 3.048677194 1.565493687 7.139397331 2.801887331 7.720176157 -0.708001642 2.354584291 1.563740880 4.725659233 2.764787566 3.427883845 8.075838397
-1.766817588 -2.415058648 22.690702116 0.490968543 -0.326988314 -0.519347759 0.618309338 2.938542639 0.289348136 4.940415845 8.292566641 0.706864721 11.772121650 1.540783205 7.648290379 0.527534000 9.159452778 3.459432083 4.418117924 1.931375709 2.002431094 2.576091966 10.697827139 3.355954736 6.283095333 -4.974719201 1.143042687
12.742264808 6.594656020 24.089888677 0.826932609 -0.277136008 -0.316251638 0.373313535 3.716986531 3.949633925 6.216354484 3.699048658 5.138974781 3.614994764 1.805853368 4.424121459 2.213096496 0.694753922 2.405761330 6.377474322 2.839397132 -0.347988339 2.715489267 4.885491491 3.236515370 3.930411449 6.198178554 5.709172555
2.444619773 9.161307025 28.291735770 0.703908616 -0.059647525 -0.429181886 -0.562812350 4.891857022 8.045878300 7.328428490 7.343303752 1.105351996 0.902956358 8.026082126 6.563969779 -1.747278771 0.868109284 6.862692718 1.477021734 0.103060176 1.007729058 4.050864799 3.025983122 6.769076484 2.474289021 1.489884145 1.303003514
4.689601255 6.956946648 27.089919696 -0.378201189 -0.257573913 -0.832275839 -0.312948029 2.577509774 2.247679160 2.968253791 2.778429589 1.696542263 2.217389452 5.251302359 4.530807461 5.859965480 5.313777403 1.648007701 2.246794094 4.614515299 3.412023027 4.085738407 10.399746661 3.027490460 0.589829839 1.691493788 2.110725969
12.608550353 -2.564313929 19.497606650 -0.145953155 0.401409755 -0.649463516 -0.629098583 2.208838342 5.086429586 2.914509556 6.201911972 7.255217897 1.573505709 4.018150491 6.148097825 3.348880423 7.513477781 5.793995935 3.026099914 3.828668151 2.258247105 3.003019584 9.681254531 2.462966000 3.340927090 4.265154695 2.613766662
2.767488922 7.119214806 26.315527778 -0.243183855 0.840790315 -0.359857601 -0.323165231 2.444350357 5.424453023 3.644509321 8.716773991 0.035075545 8.983040352 -2.513893714 -1.054675541 6.316699885 1.591797920 1.903484041 6.725506599 0.015359630 3.549738728 5.496734766 2.279116969 3.768494351 -1.779361078 -0.809861567 7.666230755
13.252523190 0.882685184 23.857971249 -0.201811684 -0.170392804 -0.115177968 -0.957586744 -0.337939787 9.961161689 8.132915590 2.632728231 3.133111057 6.115273784 4.221361471 5.293865870 6.619927342 4.175020036 -0.557561402 2.143462215 3.858134699 1.103468016 3.445235286 -0.016936432 5.779553695 -0.999956696 8.984477440 3.642792513
3.266573349 2.043958940 26.298530108 0.665731539 -0.653220296 0.359495298 0.029460043 1.317639021 2.411796152 9.518940838 4.266040627 5.371538153 9.299442291 4.506444214 9.091273738 7.803539595 -2.760869297 6.927769016 4.541582369 4.874345275 5.693816834 3.429780750 3.136622563 3.319804392 6.157852417 9.256885203 4.223812427
1.118962583 7.846583517 26.842028888 -0.802584202 0.099030589 -0.024483793 0.587751721 1.072281517 4.537757660 4.376749517 2.440052145 6.343031214 8.013741953 1.166310753 2.118257092 4.686937844 4.774190066 2.360580932 3.917929718 0.415929643 5.015336797 3.154333136 2.598995237 3.340318867 10.492884272 4.308973868 9.476539229
0.981497932 3.010541520 30.744266287 -0.902772759 0.422613098 0.069621779 0.039399518 5.893822048 4.013012534 -2.402868192 0.898537798 2.965138239 -0.276388114 7.018883423 2.132105434 4.354541684 5.681107433 9.890241313 -0.112388411 4.203714393 0.506225917 4.206480017 3.797851684 7.231946577 8.941241451 -2.026757354 -0.237017231
0.359188552 8.066009441 21.906183961 -0.472740550 0.676160988 0.479289436 -0.299339818 7.176966314 1.232478993 4.307001603 3.032972791 5.947374433 7.659491554 3.029978870 6.251397444 2.900004918 7.255500371 3.331178463 3.483417090 2.457314581 7.868638082 7.788288821 5.720676445 0.420956376 2.788600130 1.415448574 7.821514833
11.273928968 -2.741556271 24.924883840 0.141807585 0.178644768 -0.145592294 0.962693897 2.558211971 4.950062247 4.735626147 4.564191918 3.510753612 3.214447471 7.199130780 -2.983484901 1.020040749 4.056262806 5.982702536 4.342223054 5.228995255 2.145438376 5.573763660 6.608223147 5.504477366 5.606605460 9.972664063 6.524125515
5.805896175 5.456884938 29.714082318 0.824221095 0.256420235 -0.381141043 0.331118943 10.507133988 6.533579137 2.217234762 5.083228645 0.870820217 4.381897411 5.732431871 6.488307239 5.421833795 2.499659762 5.927097164 3.775642804 5.483206554 3.232823547 1.316756567 3.698289485 0.299872379 2.200673693 3.372420796 6.368462016
9.000423462 7.165548839 23.488121071 -0.879719194 0.277008249 0.332732804 -0.196594639 5.113213644 4.063253854 6.363950725 7.371235084 1.373320415 5.727510595 5.510091705 3.795975245 7.806543251 3.090882600 1.591197004 -2.778992410 2.602594639 -1.451884775 4.380809346 5.693421926 3.707858819 2.199840106 4.110406182 2.937927727
7.065480614 -0.566351010 30.022093045 -0.864287830 0.152355176 -0.369670836 -0.305185058 3.354117591 2.728531274 11.426105295 2.246485632 0.965278089 4.304296697 5.363614342 2.609528800 10.798685010 -0.448472148 8.315714591 3.844272572 4.489782890 2.665502317 3.899691092 0.573471300 0.870384929 3.183086378 7.412950350 6.082714182
