12.986895678 28.590335018 7.343844890 0.828507922 0.205342512 -0.408595831 -0.323200438 4.952858061 2.483681508 6.503779341 -1.296090408 4.544627153 2.884205955 6.300307150 1.332720720 0.692909769 4.291853990 7.172132325 7.975703000 3.530250705 -1.302539550 8.205874641 1.775119932 5.924574804 7.128299495 3.873318443 7.738346075
12.059650125 21.533174419 12.925333508 0.421806588 -0.451434770 -0.156168551 0.770647283 4.023468410 6.086164337 -0.075198168 1.682933895 7.103049024 2.463279515 7.354718455 3.309631664 -0.893931422 2.826081179 3.718249362 1.639903634 12.283190570 2.259674823 6.346179545 4.562650346 4.362411438 3.888883761 3.910187218 8.786110115
9.103020760 18.843509332 11.611746780 -0.010888531 0.489771931 0.787034034 -0.374943097 6.678401343 12.217939328 9.623242470 2.859273618 -0.547697173 4.422595950 2.607367885 0.045057950 2.792120476 9.346828412 4.206049499 6.861968364 12.366547049 -1.257445216 1.170385537 1.894822944 8.019616804 6.445357994 4.359427453 5.572297875
16.334995898 20.439269358 7.694507862 -0.921436698 0.226177632 -0.100581873 -0.299468491 5.904513320 7.406722920 2.849657587 9.193414285 0.254360621 2.957711961 3.910190354 -3.620871300 5.071564490 4.245421436 -0.566857759 9.072106588 3.562463571 4.001695827 2.153081266 -1.112545829 6.938142933 5.081625879 6.350029320 -2.742897624
13.060976791 14.350720215 4.536440608 0.474647733 0.716166545 0.257140435 0.442372926 7.744963842 8.463197959 -1.953363858 4.556833521 5.830487246 5.178357125 2.729734366 6.640996906 9.044515218 3.361096838 5.125878836 -2.128497946 5.746046873 4.016558375 -0.586113523 6.755838528 4.234645254 3.937155587 2.841260823 0.655897003
5.589009383 28.300702117 11.308816524 0.844222423 0.300399107 -0.173526086 -0.408579948 0.959390202 8.338965019 1.154781684 7.277546381 4.888830900 6.353849119 4.082393068 0.053514480 6.646326616 4.294146047 4.962304822 7.332310723 7.102850462 6.006143419 2.718965900 6.686792724 3.382515427 5.871095539 3.925992245 1.829293365
12.780844085 18.808486115 2.128114720 -0.719171556 -0.608974537 0.237897122 0.235259954 9.363169202 3.449876594 3.437410108 9.098752495 3.717269623 4.705914186 3.250070821 3.035188070 1.726271432 5.846436769 6.897332297 0.004025589 3.660118459 7.032164421 1.522989896 0.448689644 3.439462082 4.555468362 8.526549860 6.513522949
5.444202242 20.884082349 0.737444951 0.485399039 0.149897632 0.847966975 0.151229898 1.923071483 7.248407659 3.251588826 0.571476098 3.396678467 -0.451220686 4.499577028 6.692574783 1.523466134 4.882707722 4.735967517 8.601845214 7.042481304 4.765965327 -0.034337883 5.293747151 4.929947905 8.398822133 6.480005037 8.007393612
16.980631487 20.635789875 8.528866936 0.133587438 -0.116255126 0.207547640 -0.962061910 7.036136365 2.717367032 -2.959630246 3.987212723 2.952123006 7.301533292 2.797518353 7.838122890 2.531432907 2.029757105 8.292419768 5.580437919 4.506484899 4.017517866 5.959950718 5.649463723 2.293094390 1.638409888 4.244662706 7.367081981
15.609730008 22.353108540 3.529292818 0.244474800 0.775006813 0.559413761 -0.163256719 7.472229827 1.877229290 2.595017606 -0.154142422 -3.166890453 3.103410835 -0.005201958 7.800708179 1.483302875 3.879706820 5.861092289 -2.549191264 4.358786709 5.702705588 5.120400979 6.705274573 3.895784763 -1.285419886 3.988072039 4.924965373
8.739560659 16.793771313 7.006862081 -0.469745844 -0.660052372 0.585121972 -0.036083033 8.663157676 4.143761427 8.433210363 2.871609951 5.666092852 8.271969026 3.858503171 5.990959425 6.421069322 1.274635092 4.960996726 5.359715271 2.719190807 0.265968426 1.658733174 2.269395531 6.428363038 2.781617807 2.974948364 2.525953650
11.957242139 28.394276963 7.459817572 -0.318808545 0.593547322 0.448872379 -0.587006197 7.957804665 -1.046223414 6.823252005 -1.907312510 6.282658835 -1.027287448 8.181359311 -0.079775320 1.417951226 -1.486725027 4.394997815 2.050989245 5.061788834 4.680476226 1.931122293 7.332201909 -0.389819604 0.964070764 4.730807687 1.842717629
5.240259266 24.863085417 1.651809251 0.709461331 -0.270662690 0.504071754 0.411482678 2.774513139 2.225048448 0.370218950 1.362818420 0.710308965 4.247620850 3.852177598 1.564455054 7.364208274 2.979566975 -0.122590921 6.123918859 7.013642388 5.532506843 5.400421817 3.352435729 1.121748263 3.890191287 2.723206517 4.702139715
13.595621817 21.177795928 5.161332364 -0.284202895 0.778729743 -0.045677716 -0.557424656 -1.612477803 8.364666870 -0.535520857 2.979709060 3.184370784 2.145565807 7.253369995 4.751836655 2.190682974 1.152064487 4.906922352 6.641492910 2.299306617 3.910693149 9.562838827 5.035849630 1.643108855 3.211165619 4.997984205 3.757122464
12.522513966 15.378680386 4.723323713 -0.156548438 -0.447760926 -0.414932393 -0.776423756 14.106334110 2.225230052 0.316683765 2.852795100 3.773661998 1.131315684 -0.759522655 0.284062747 3.096891767 -0.584303795 4.844643531 9.089655760 4.922927271 6.339326681 5.062659725 14.412913372 4.167614636 5.488417043 5.266723025 6.751828916
10.919275565 18.380581113 1.262102265 0.257385939 0.895523687 0.224912031 -0.284963828 4.954159562 3.365143622 3.171449852 6.676509573 -1.094666732 5.262637449 2.617659282 5.290844540 1.460229280 5.158066715 1.297793305 3.813715410 5.367395292 -0.889470435 9.141816854 0.251434408 6.333899647 0.133466853 6.155252090 0.768781375
8.522965283 18.826676827 18.120938383 0.426112210 -0.244142317 -0.350506778 0.797475963 4.580498131 3.980473051 7.088779978 11.435049772 0.971047036 3.248156966 7.245423958 2.750333236 7.957185748 3.335363021 7.070320676 7.870980885 1.047135348 0.082749162 6.151128252 5.796016805 10.212522594 9.242124870 0.474292347 7.095726290
11.164247896 22.339952075 5.473259979 0.517706096 -0.715369699 0.465239992 0.061468215 3.439972774 5.302570379 6.041194273 2.238335638 6.341683767 3.547443974 0.353393158 8.914284527 3.213098136 5.130438904 1.113946138 5.677010567 -0.357869457 10.519104830 6.554311043 3.302985146 5.124268662 0.162615944 0.850130920 6.372195106
4.727128338 18.572567639 16.215562727 0.558528958 -0.162591816 0.506995023 0.636054519 0.311012472 8.742661054 3.605320727 4.263767367 0.407078391 4.610731017 9.992263500 6.443532204 5.159944918 8.147922250 0.683241589 9.828641737 2.731736105 2.039966611 4.237963680 5.126473928 2.664392675 8.566481312 8.468940777 6.798819203
12.674021113 25.615478260 3.009335786 0.870298533 0.234009660 0.157402696 0.403787486 2.702885969 9.989132945 2.589487398 2.711936691 -1.543375221 6.192459591 2.210320616 5.629387502 7.614813412 1.524444251 3.383502835 1.141361172 6.263519613 -0.021228896 5.911182299 -2.192032527 5.121082372 3.347049075 1.251989761 3.802322705
0.943855128 22.682854462 14.235303027 -0.861897567 0.315864528 0.390380401 -0.070465068 9.689521675 -2.246899361 7.641866214 6.571401538 1.978961466 0.451948140 -2.666861844 8.748107353 5.458909318 4.385863682 -0.061454991 0.059938274 5.786153197 4.002036133 8.702074788 6.584828706 1.863617609 2.930038729 6.443396863 3.707096521
10.303578280 15.294105739 5.503682394 0.651132219 -0.625023838 0.424840962 -0.069872689 6.475824690 2.218264871 3.750279301 4.929710783 6.267073411 0.599876408 9.114854744 6.491010687 3.181571905 4.283811654 6.119941777 2.980362459 4.911656437 3.485882898 9.298559838 1.644700122 6.328022895 4.609445760 1.003037140 7.009698775
14.741958647 21.279308450 4.932791950 0.836567135 -0.446091287 0.205722303 0.242562004 -0.068259738 5.046208339 3.927121790 1.101330378 5.337437670 2.669552473 3.978797897 3.483283137 8.508402638 7.493618045 10.885602643 2.625738748 6.759652168 -0.749775582 2.953872599 3.224170364 4.031871540 3.335611928 7.055323908 -1.553226584
12.629001431 29.407166336 6.986925381 -0.485028448 0.518609392 0.620024656 -0.333708149 2.902553419 4.849391289 -1.766034230 -0.364158310 5.472137754 5.715292722 1.947642351 -1.084540250 5.111354421 3.688729485 1.516795899 8.104506177 4.352408800 2.671972914 8.914420531 5.994023021 0.841585448 0.688317819 -1.897493240 2.565722230
5.971970007 22.330043284 0.289300226 -0.699761098 -0.407906459 0.562295923 -0.166643396 4.520168227 4.265764096 0.503583924 4.001635631 1.120279901 6.825043856 7.969472406 3.829341073 3.222541865 6.798026890 6.043956363 2.751130895 -0.712797463 5.067462752 1.406904866 4.036698068 0.659762435 7.208581771 -1.407458339 10.930801101
0.988140901 23.153251030 6.315461228 0.744182440 0.586608739 0.219033379 -0.232609248 4.178699648 0.916100364 -1.236882402 -0.000743949 -0.112133037 4.350027990 5.083372911 -0.356314947 -0.823003507 0.604584365 1.436735063 0.852096324 1.160765418 5.587409606 3.183461659 3.659632869 8.613997332 6.662692292 2.215105127 2.488231964
13.092004483 20.422841227 15.106894814 -0.956609037 0.218595067 0.142721107 -0.129406461 3.130230598 1.203717946 4.665792579 4.801155629 4.289415543 3.253814724 1.232918566 5.428293473 3.390303513 5.405236759 2.085563600 2.811735538 5.982072969 1.671687789 4.937385780 5.799135834 7.360041751 6.047232919 2.193589576 8.234420445
17.863811636 22.468425118 11.832994923 -0.097395494 -0.311096960 0.852475790 0.408678145 2.158477023 0.704800908 4.927572680 -3.512181056 5.267551221 3.376577331 2.192373944 2.091569180 3.708773838 3.967638203 1.010196296 7.196135906 6.016662846 8.940500747 4.065335317 3.487143066 8.672073744 5.456925727 -0.347531160 -0.766193327
2.419375628 27.195356533 5.479997252 0.814481455 -0.483723936 0.050117332 -0.316416443 0.923474248 7.660822306 3.708242116 3.950426605 -1.886439082 4.208538805 4.304873736 7.052098916 4.825134209 5.897482174 3.458952039 0.861592470 0.451786932 6.243192018 7.021513581 0.595583259 1.783924298 8.383222701 4.415060822 4.912215277
13.879910633 16.032160213 14.606324781 0.720054763 -0.428301924 0.529084855 0.134713830 2.834500623 5.773727278 7.760197935 0.762941669 5.013435776 3.922483951 -0.063372418 1.470779526 -2.332662398 7.061831008 8.020676067 6.803142397 8.840871619 5.021396462 4.620049357 6.006625079 -3.052386310 2.612107661 0.799099554 -0.999912827
9.016925706 18.887467369 6.468668342 0.186231749 -0.216966187 -0.561556179 0.776465110 4.587698956 4.598913111 -3.041200472 9.791057427 2.507602029 4.360449647 6.378283521 9.189133747 5.732722685 3.770787607 1.241750243 4.613988416 -0.104747125 2.103867315 7.187157667 7.729544215 -1.794872706 1.408712462 2.744541827 5.328171853
14.560377995 18.872384013 5.937196441 -0.312952215 0.102218149 0.148462579 0.932508029 1.261627033 6.231369977 5.542990104 3.814229232 12.410392535 0.772101331 11.180786433 10.880805552 10.000837639 6.291819297 -0.934862242 5.047288226 5.970044335 2.922753699 -0.440077068 7.492553931 5.394108685 5.679968814 1.939203278 5.923012286
0.583943285 18.591406244 8.813764119 0.744553244 -0.044972059 -0.546168282 0.381206228 4.790659264 2.654633134 -1.451584684 -0.815717470 2.299915635 4.765319308 7.188602908 4.859501690 8.030241483 6.782852327 8.355327809 6.363991899 8.632930872 6.426703146 5.882265151 6.583628198 4.752422856 -2.591589542 0.112491410 3.924321987
13.139050328 23.683967606 2.705924696 0.075500628 0.063380582 -0.404534315 -0.909194448 0.237468842 7.090411576 2.569795928 3.552331401 -0.800754699 7.256878083 4.011901772 1.823410387 0.053188995 3.850445055 4.404810257 3.953023677 -5.191111686 4.275493065 -0.343983989 8.847340253 5.970217934 11.607422490 1.119859965 6.742122614
14.277223117 17.824991048 10.787428732 -0.893525783 -0.296995316 -0.316267820 -0.115672485 6.353507076 1.223775574 3.769232490 1.975727484 7.389061074 9.521250824 3.772900487 5.288829141 3.679436489 8.917808962 5.609804365 0.555903392 2.365448263 -0.530680940 -1.453402657 1.563560753 -0.586251472 9.954436203 3.931200025 3.971129343
14.019662587 23.080798269 6.853963716 -0.613777968 -0.043978593 -0.778305818 0.124830058 4.190592312 3.205785905 3.954785506 3.031660941 11.432150259 3.609133538 2.951043530 -0.583421616 7.332812433 7.666922375 4.009402485 1.437454200 7.187007152 2.108162510 -1.236830166 7.565183461 10.210685135 2.050549132 6.656586065 5.233746256
6.439755475 19.963630330 8.490367195 0.288323007 0.144688489 0.274295404 -0.905923350 3.858303947 -0.666602463 2.504120609 5.257570024 0.735175245 4.254021569 8.273864382 -2.005779631 2.063877865 0.529955362 2.550667051 0.631768794 5.123905207 -2.002517483 -0.277977809 5.949858117 2.740539563 11.976193920 5.721141117 0.440926753
10.488481095 27.636238748 1.884628955 -0.294559538 -0.483735751 -0.767278710 0.300861733 2.134396506 4.186209644 3.941753592 9.022060148 5.285843793 0.370664144 4.144489127 8.032833766 8.600506487 4.304972509 5.103887266 1.572429889 -0.511088989 2.766152608 5.841403541 6.874027636 8.055139629 1.822070123 6.982114214 4.704392795
16.532066072 24.751767954 6.116151593 -0.922290946 -0.297388099 0.066523633 0.237727438 2.931424579 -1.824363068 0.466213301 2.696772830 6.305329152 2.948380711 0.990346836 1.292796309 1.807982775 3.165203710 8.655759854 -2.808840298 -1.236657321 5.621985672 0.101370655 4.533916844 0.554306148 5.938024051 2.746100948 5.655121041
18.642367978 20.374448810 10.238943001 -0.373270549 -0.669358296 0.578330688 -0.279575007 3.998139068 3.830209165 5.422074696 0.155536295 0.866945932 2.508478708 -0.661040167 5.492829001 1.755079432 6.442164535 3.485496367 7.125955678 4.420958789 1.774390064 -0.443307142 6.550826533 5.783173852 2.757350775 7.544290724 8.134165045
13.208985037 17.569577922 4.277299295 0.081061299 0.451310507 0.817920241 0.347497297 8.926300775 1.955888480 7.177419604 10.836040231 2.917187849 -0.500610879 7.852515782 2.480769493 -0.503490728 5.277869261 3.153468937 6.232868596 5.818653726 3.753543432 -0.030633273 4.555552271 2.751128274 4.106954714 3.976866142 2.173581585
8.897945822 25.229345081 10.617959803 0.185478550 -0.124502068 0.749575275 -0.623084144 4.849749865 7.268416384 5.607285822 3.748688536 0.611087096 5.740342979 3.489366837 2.088650197 0.216514917 4.921965266 10.477418388 8.497483400 8.790971104 1.957342543 7.373587012 5.391889161 4.914608878 0.188584620 4.733865188 3.235267711
9.123259264 20.135553116 17.575320564 0.835856127 -0.511807965 -0.105139955 0.168352998 4.121186991 7.829928140 3.798927066 1.747601786 9.785536891 4.347316602 0.316456111 8.886499789 -0.454238500 0.298775082 7.344037112 7.609019079 0.364034120 3.084355146 0.477026210 3.332164608 3.205184592 6.663173920 -1.717078946 -0.026462804
5.598032981 25.173477550 5.517037101 -0.356793621 -0.134951053 -0.376905004 -0.844055178 11.065714706 -1.163573063 7.624008837 3.311713763 1.629466464 2.297470701 4.465081815 0.536827183 5.130058384 -1.789697980 3.091851037 9.147048295 3.314025755 5.612120613 0.602125300 -1.769046059 6.212271122 3.952842344 6.267914813 2.795856470
1.709185729 22.297755344 2.975567680 0.217956198 0.094987320 -0.187876868 -0.952982050 14.942414451 3.627545574 3.538906095 0.978880968 0.798828081 1.490823909 3.239690719 4.710817720 7.637863494 3.695766448 8.534898968 3.512100926 6.837546231 2.439325522 1.657336449 2.782916673 2.230802449 5.973353451 5.316011980 6.575458087
7.646347694 12.118063374 8.442767310 -0.158925082 -0.772231574 0.160956841 0.593712144 0.313782642 9.124715490 3.775860817 -0.298273486 10.364824923 0.987730341 0.650014487 1.124184296 4.358225684 7.370413280 2.651338757 4.434871336 5.404160196 -3.476174453 3.548868436 6.402995241 1.030915631 8.591000725 0.351179921 7.659420303
8.935329570 26.624447429 10.411881075 -0.189104143 -0.791701302 -0.543460557 -0.205181129 1.202098755 1.077651185 5.765425380 1.475572913 0.827820922 3.409046761 5.108431131 6.428702479 4.951337772 5.297135654 6.697148851 2.540454288 1.898779976 6.984153757 1.448422584 5.666462461 5.785058185 3.271281500 2.717242138 1.143805942
3.735055342 16.959297058 13.425602415 -0.432338568 0.791119064 0.180493873 -0.393237778 8.018237577 -1.708690681 2.440159523 -4.256592859 1.133621849 6.816432153 4.499254562 7.809789259 1.192956050 2.928434172 2.417474310 6.263769403 6.867620626 7.326940652 3.770849066 2.120249070 5.992101368 3.568488981 6.274202780 5.430115646
9.060168147 15.735171010 4.490859477 -0.847795774 -0.217183474 -0.366377862 -0.315976149 0.353444986 1.808214829 -1.510633692 6.532012509 -1.137771157 3.456546854 5.369621447 7.252072887 2.973979620 0.033521243 9.602325635 3.663102314 1.166096077 7.086470736 -4.138001893 5.580094767 5.578291189 1.048797576 2.158893693 5.133372844
11.887402786 15.558365955 7.199114507 0.593824408 0.112527567 0.789070668 0.109898135 0.515461010 0.799461436 7.763692350 10.689471782 -3.874022707 3.475735474 8.433971607 3.214619051 3.255047852 3.027386903 4.775295360 7.776536748 6.464201383 0.002328586 4.931549585 9.157990661 2.913402866 6.784009211 3.101480825 -2.126063609
3.129747654 28.793845576 11.138222287 -0.067927313 0.009574178 -0.699994315 0.710846098 7.407332620 6.151779288 6.372829514 6.870304541 5.151364614 3.250919494 3.731624903 6.047674249 -0.168613824 1.772888206 1.515304463 8.212812896 3.688180782 3.130335945 6.833865968 2.049944129 2.660054943 2.206520140 4.845491036 3.966934705
15.694347688 15.461183425 13.509052873 0.368334210 0.827553131 -0.214502101 0.365341721 2.150841847 4.575273902 0.590927424 1.289336157 -0.398643385 3.517193845 4.575846692 6.112380891 2.035521424 7.322887660 4.013252403 2.061856198 5.549594916 8.047181404 1.378356130 5.200365933 4.690885782 6.452415699 3.058277234 1.911198941
8.464761918 19.996045482 14.650822816 -0.014900055 0.328022319 0.214531559 0.919867141 0.452765853 5.238357401 8.457514091 2.931983886 2.664912259 1.315183795 6.055212693 6.275952558 9.958929733 3.461918334 6.108218653 9.714231764 2.245525762 6.152130453 7.949550401 2.376278644 2.595463176 4.816728964 8.690651712 5.972358223
6.567072437 19.115314852 7.461043319 0.376743253 -0.255882498 -0.512196371 0.728178238 5.653814579 3.348821863 4.806589382 4.737742103 2.358042863 2.241474559 4.739760259 -2.746858000 1.813974147 -0.809234043 4.396966678 2.365324226 4.265897982 8.904442895 6.731298437 5.300959185 6.037378926 2.981840671 6.858365037 5.364174834
10.471117073 16.070393404 1.773418702 -0.640282945 0.655306484 0.220414049 -0.334707050 1.246463356 4.531410531 1.227266278 -1.294992073 2.343989336 8.000316812 1.146266514 2.873831377 0.215683694 -0.518434803 0.540438305 7.400286365 5.946481702 3.002221375 5.477544862 5.294615713 -1.934611332 0.854673550 4.402088690 2.538228367
9.890637893 24.485977468 16.370282388 0.289285170 0.189658243 -0.895263490 -0.280797301 9.294416748 0.113034875 3.765012251 2.084707311 0.148949516 1.275008817 2.156963138 2.277419127 0.839635437 5.431044366 5.249724416 3.515841409 4.943360209 4.215289837 -0.782906610 6.589678143 2.793204237 6.002629827 -1.395391249 0.151504990
5.738255987 23.951787462 7.956757333 0.246724325 -0.746160301 0.557511367 0.267493902 1.417762908 3.017986999 3.318655938 8.805172760 5.976793896 7.919717340 5.564020024 -0.246996971 4.769667504 2.161883197 4.968149875 -0.349496675 1.205658549 4.320578693 7.086742321 5.709357483 7.324239411 0.954964094 4.525049075 1.047176977
13.123219905 20.405584831 8.319792925 -0.179656842 -0.279943843 0.924641486 0.185453459 7.654364451 7.553286185 2.800038162 5.182316673 4.082773170 3.167381953 4.743014719 2.273957776 3.823807839 3.587908944 -0.086395541 4.832909412 3.618653873 1.913177972 2.960980861 7.113277747 6.090799070 4.458562196 0.558599253 9.326904520
13.075456844 23.673728005 9.677559191 0.326954460 0.197648046 -0.505175374 0.773843571 3.974440499 0.211933987 4.002430390 0.779697176 6.528826332 0.279044068 0.935864058 8.824273892 3.937744870 6.480533972 5.871720264 2.933561874 4.829793596 2.505766181 5.548120374 6.650031416 4.210405066 6.261273837 5.275641830 0.825297417
11.965069522 26.540292496 1.702287071 0.017690470 -0.046195062 0.997624664 0.047938422 3.618208726 2.954370688 5.536252404 5.182655782 4.388457147 2.448708732 4.488071903 4.876135906 8.246537344 5.697005345 4.967281054 6.637352637 5.466815991 3.725035174 9.677129919 4.080841324 5.526984912 0.708693405 4.351034058 4.006017668
0.749849388 16.893641077 7.283383224 0.870843718 0.270221813 -0.301944427 -0.278282148 -1.750354998 3.965693129 10.441137660 6.091777732 -0.399863155 3.767483364 7.820192667 6.798566818 5.869851977 10.347556958 -1.715127620 8.846813027 1.250007274 1.839189521 0.012824800 -0.012306715 3.795979476 7.621315415 7.779446504 3.740271103
7.106798733 27.571027360 14.772936304 -0.092658477 0.368867001 -0.067578485 0.922379906 5.070863000 1.869947517 4.473163730 5.936895964 5.919334446 4.573157981 1.829049262 4.928608400 5.839038879 11.044990537 0.629249574 6.137635038 -0.863866111 6.238581782 7.497335771 0.988894638 3.124092078 7.095983984 1.341756953 7.947069830
14.744395958 24.147168965 9.019862709 -0.185401725 -0.362086773 0.802605862 -0.436283394 3.441495676 7.151565869 2.808428349 1.202313210 -0.141578534 -0.044757520 7.492909096 5.024002923 2.848216986 4.412594421 0.914982974 2.857495297 5.139157988 4.655837109 6.978760447 1.288472323 6.527963527 3.867181741 2.522224152 3.241551008
7.366295561 22.937334360 12.261424019 -0.413845250 0.146494254 -0.145021680 -0.886701897 3.636022821 0.168366572 -3.716534639 1.387217682 10.863475015 1.625480169 4.221419419 6.078124919 2.384024144 6.126614529 3.573087735 1.654715310 1.737098761 6.214584865 0.598972643 4.821289156 6.829029375 2.479935904 3.739364035 1.341587532
18.669901622 18.570025398 8.856029727 -0.645648279 -0.445871674 0.619630040 -0.019883748 9.529107185 6.660114211 -0.875377553 12.511921168 6.710418193 1.289147628 4.237933830 6.153035147 5.732814749 1.531151814 6.599743948 4.873632386 5.719929806 3.828081159 0.659859351 8.130022284 4.571526592 0.925192867 3.546956372 7.256653047
13.039691378 17.394713330 3.871970461 0.369358010 -0.018913708 0.646765909 -0.667016335 3.973737689 1.505006045 5.936618340 5.163952898 7.213168857 -0.604914490 4.805221996 5.881755331 1.981572135 4.666043447 7.102142803 1.842479023 -1.118928683 4.921636643 4.198812765 2.409136464 7.599954903 8.351893882 3.013270027 5.330147921
10.528770553 15.935638480 6.653203420 0.194326663 -0.295523345 -0.162789518 0.921087766 1.758801124 1.942097305 3.705073723 2.123920112 2.634066065 6.768511989 -1.166868951 0.934777893 4.510002679 6.144640224 6.607456654 6.083015874 -1.651418805 7.201768669 0.500924235 2.770905428 -0.148832268 0.515425621 6.053232765 3.305426392
14.773347651 28.113413433 12.449090563 -0.534092599 -0.220341032 -0.336164136 -0.743766495 -1.773373646 6.196398992 3.669167655 0.891300517 0.877946601 3.842040459 5.815885188 -2.408089070 6.777781186 6.498274831 -0.933157855 -2.873904068 3.213447529 8.507626423 2.391407173 1.148729142 5.201573283 6.999547788 -6.623365481 7.894680592
13.524890209 21.544213360 15.783494922 -0.462688130 0.478168492 -0.460495501 -0.587552960 -2.776707670 8.519015550 0.598962444 4.547546071 0.879449782 0.692825310 6.144755597 3.529968783 2.896866019 7.613772413 3.402492442 5.573267513 4.195152325 3.878866530 4.569261731 3.660387037 4.722698114 8.802368604 8.036417032 10.139393478
11.463061641 23.919539687 14.565111793 -0.426441181 -0.241657663 -0.410630812 -0.768850980 4.309137296 4.667582665 4.212123058 5.364322885 0.764913513 5.345584317 -0.717165592 8.728689033 6.756501387 5.662558422 1.450622585 7.406650040 5.736064844 4.798621665 8.543923205 4.728555290 7.999683079 -0.936115827 7.339403610 1.138669186
11.217038048 21.873753021 7.981471305 -0.159385664 0.429210609 0.017480994 0.888858188 7.222753773 5.540171768 5.526036537 8.206581760 5.733505283 -0.958281544 7.228268134 -1.566002991 5.691477089 5.904976002 4.454537276 3.653991973 2.842857727 8.636596435 5.447531070 0.521531088 13.522318799 6.958188738 4.039674662 5.451326377
7.110416548 13.751462929 5.571612307 -0.441093962 -0.827613380 -0.291193502 0.188940610 3.676297918 3.456856984 3.248190610 1.912821452 1.462693612 2.749416241 4.550552313 4.876913633 9.930852648 7.314480653 8.219870716 1.822141807 6.219811619 6.148259853 3.139609274 5.088272803 0.008850527 1.875346169 0.501241155 0.417642833
5.801032084 30.004765949 10.921505684 0.421049711 0.080590780 -0.043422046 0.902406113 0.353967493 5.407700889 8.229383049 0.281468375 3.005741466 -0.862265664 5.217765233 -1.232260602 7.708978299 9.877597627 1.511527718 0.759407534 5.315834049 -0.407054772 7.485074284 6.291970244 3.218145146 5.387231237 5.237190188 6.349259472
8.270766014 17.490030332 11.459812904 0.206705347 -0.661592171 0.653969527 0.303137852 4.189069971 4.970620373 10.174948139 5.587253198 4.155496326 3.383413354 4.479593391 2.050333080 7.634321260 6.674938890 -0.148970404 4.566150156 10.479102129 6.152723248 8.461640450 7.027414793 0.154302894 4.045696748 1.477418173 4.339818093
16.262539539 16.512299252 7.455221633 -0.012344007 -0.665847861 -0.742878150 -0.068016956 3.340566149 3.142307598 6.804391706 8.537878384 -1.160767666 0.962577131 5.033660450 -0.404837503 5.865603283 2.946793651 1.137162319 9.743479715 0.728839350 5.694010221 7.701189797 7.863745209 6.860984972 4.819973199 4.504957937 1.814973154
5.512292297 18.277531550 17.788109308 0.241416771 0.554890872 0.700127176 -0.378993404 -3.817537345 7.792635282 5.726783577 5.732838147 8.318109687 4.467128538 1.119951091 1.458006426 4.424119762 2.472668873 0.490684889 6.102267583 3.741715841 5.241493717 2.567642602 6.458409242 8.018689656 -0.333886275 7.001112941 4.475830750
2.516423156 24.884233376 12.719638650 0.345002092 0.886594066 0.153791422 0.266969506 7.048088743 5.801537817 0.863811418 -1.144889260 6.251828067 3.939972364 9.052946708 4.054726454 8.919018190 8.074132478 6.323766908 6.055539292 1.305750631 1.159195043 4.038661070 5.465653905 13.554433518 4.905482222 8.334799001 7.558968771
15.795226668 24.569928957 8.204933593 -0.626738818 -0.360299314 0.588516071 -0.361983000 5.676521210 6.278399347 5.786875706 2.869516291 -1.282119597 5.370770253 -1.410955532 3.253458800 2.089246151 8.919939575 2.346934389 8.889530949 2.089282491 4.856485632 2.941637286 2.718799364 8.513014383 1.863248285 2.815648953 3.452366585
15.994855315 15.724223534 8.474169185 0.316985215 -0.061021231 -0.484141624 -0.813267281 2.735290252 5.056512913 4.253107238 3.734138644 2.628004170 1.647897776 0.778908053 6.053327266 1.351100018 -0.567343580 8.721252030 3.790788242 0.402588742 5.230159055 9.565265126 6.893087169 0.184036870 7.622261839 3.104376666 0.965514651
7.309599584 15.704892152 10.981998657 0.755362823 0.008610612 -0.598155898 -0.267511465 2.365187322 4.478581180 3.964663015 3.550756983 6.944855906 -0.009371378 -0.273633051 2.439511381 6.128002751 4.361734207 4.902957020 3.877901095 4.773442887 4.714544778 2.454050950 3.300155856 6.701820203 3.085423239 4.945826045 9.858355740
5.253978883 25.393348602 8.343266536 -0.247768258 0.876819877 -0.402169661 -0.089762789 3.563671220 0.898892385 1.942275238 2.476861592 0.677858194 4.725502902 2.244228511 5.595619055 4.120010069 9.090254645 6.794432844 0.847528285 2.329963409 6.654878134 5.165139251 6.496830655 4.273803717 0.696301492 5.551691280 1.968648505
11.074078830 26.495265196 13.277435131 0.819149814 -0.088247888 0.516220875 -0.233927129 4.367307364 1.808369984 0.215933207 6.710142177 6.692262937 10.796476923 6.142730342 7.662352016 8.711106887 5.459339229 0.612041363 6.251313230 4.273237034 3.898878435 5.142371506 0.212061117 1.370973579 8.057194000 3.950346928 2.710676803
4.014341477 17.642852470 2.675636866 -0.339321918 -0.331471038 0.655173142 -0.587992976 -1.306603979 5.523737139 8.778851147 0.504218272 7.396748496 8.210459078 7.855049527 2.822370490 7.194402187 2.048177838 1.482949135 2.293900373 6.778356885 1.903491674 5.950090774 3.718198796 12.320905428 2.077023590 0.874030866 2.472996148
6.781835727 23.757828429 7.939343506 0.229881026 0.120537599 -0.329949778 -0.907611450 3.768122065 0.453426397 4.160314634 5.297255312 3.288917490 7.238852814 -1.750306726 3.145738431 2.221844219 8.507691714 4.024672611 1.659283145 0.385659265 6.946786050 5.103746555 5.310333648 10.188379188 3.770921618 7.339234380 0.077667214
4.109535301 21.752635307 6.984261033 0.218320115 -0.843340351 -0.484183250 0.081731028 5.269883569 4.524744253 5.802822562 5.316136950 7.673938941 0.802919188 3.852252097 3.799040860 -0.928185873 3.968109318 3.477077507 7.398472590 3.494142299 1.205472135 1.644897223 6.699021770 3.580303587 1.314649453 6.539897964 3.213487116
7.144476306 18.155573588 5.287350079 -0.449100120 0.816274439 0.232563105 -0.279140688 7.237905830 2.336407155 3.629335797 4.740329482 -1.199293247 4.571999075 7.435746729 1.132810002 5.746019713 4.760513641 3.933810475 5.861699815 3.793334227 5.342891574 5.887935524 5.736203898 1.042408608 7.586809247 5.564602579 5.949016193
3.766894608 19.540498946 8.874720459 0.412169927 0.062512900 -0.265358887 0.869363417 5.546804915 6.578241922 3.658050666 6.428016299 5.677784580 5.052982355 7.194244828 4.699169397 4.034973178 1.764392576 3.669389145 3.170062040 -0.386756414 10.062218449 1.700439703 4.895932688 11.506763146 2.720805606 8.740921814 1.683833552
11.305942421 28.976402788 13.165822223 0.698498201 -0.305778292 0.637465382 -0.110624527 6.651357413 4.847068987 5.713550916 2.977684295 6.852546591 5.895720678 5.074321448 2.280673945 5.894203152 4.289069296 2.566904187 5.513942315 4.671565938 -0.577963288 1.195664191 4.730491183 2.603955277 6.142002891 4.050537733 5.651188758
2.450151233 23.036826027 10.731850567 0.469087411 0.813811234 -0.140444820 -0.312959308 -1.645572514 4.732010391 4.568660893 11.799131278 4.304737920 2.858576189 8.899762632 6.678285998 3.139963297 2.376656658 5.540399930 3.342057899 11.141693783 5.564655228 1.143556182 2.398370120 5.098232259 5.730408379 3.690811851 7.494971323
14.872288428 17.802032102 10.041270775 -0.035487382 -0.514148527 0.856950088 -0.005337065 7.753006384 3.646131729 3.902227566 8.491571199 1.580866996 4.027170785 5.999642734 5.412781035 4.864538749 3.959475673 11.464060080 6.285637077 1.922403158 9.904638535 0.215781939 6.880764340 2.516067455 7.233067512 3.619394016 3.502499405
4.071755567 22.163777744 10.723050715 0.061661208 0.710337130 -0.054312553 -0.699048785 1.531924849 8.686314690 6.222586986 1.877646433 9.329280956 7.120777920 3.870865989 7.217047479 8.818964895 2.438403521 3.001929914 10.383418154 2.444870480 1.110780973 1.352313703 0.753541872 3.986919973 2.743542699 -0.892688669 4.260638344
7.463124218 22.990716133 12.353128065 -0.266853177 -0.939807999 -0.174112445 0.123430807 2.158403637 5.406304759 4.642176922 11.107320013 3.000981789 -3.300218018 -0.891405627 5.153546113 -1.725108665 2.386283512 4.329593376 5.047800878 5.892433161 0.447717368 6.554132418 2.086400084 2.105934728 5.327691175 -1.838625359 -0.032309818
1.139891423 23.959252651 5.161127838 0.614947173 0.179488192 0.408326967 0.650302277 9.811605147 3.799797133 2.630104886 -0.713795551 4.290008822 5.713971329 1.082530080 2.603370273 8.145605094 2.471027876 7.031380770 2.236018097 5.806049331 2.096365125 2.945548396 1.626433436 2.658402935 0.044742094 4.609591067 1.439285509
13.018837963 28.109837701 4.260300837 -0.118209309 0.979555369 -0.131305389 0.096211923 4.694845255 5.170823164 1.940036734 4.953940144 3.981266950 -0.890608333 2.650335463 7.624280666 2.501323018 0.554526262 1.923695176 3.836194210 7.024216628 -0.651171844 3.597280777 2.108583587 5.073376958 2.207000623 5.515851508 6.313155343
14.435015279 19.593034704 11.927312300 0.014391297 -0.446160096 -0.231038096 -0.864497228 5.483660947 1.329421502 5.992800684 7.294750541 3.849273840 -0.112239216 0.180774014 5.873710720 0.533402743 1.817929876 2.962928309 2.621712170 6.541747831 9.751134032 2.748528595 5.654800084 6.146494455 1.534989539 4.944597995 3.854845531
13.299202384 21.910545056 18.256744846 0.492226576 0.165251169 -0.419672069 -0.744500103 3.836145357 9.862558239 6.544972017 6.193026311 6.583025386 -0.575698238 2.358272969 -1.257522395 -3.055525513 0.416771393 8.104632232 6.408453394 -0.613149674 2.014190280 3.482826209 2.760809622 2.451043595 6.658700671 4.305504578 1.409308534
6.543763830 24.067082474 0.374510752 -0.024963760 -0.129980394 0.105275771 0.985595718 6.997882645 8.939892689 3.760030545 -0.858269030 0.396544262 4.305093860 6.578219697 4.703211012 3.038281147 4.663091758 0.954277648 2.499521181 2.994289909 -0.384583564 4.056437705 7.143030918 6.307935485 8.338405736 5.333025864 3.699861560
8.539952480 13.677218701 11.159100634 0.865366636 0.432428962 -0.207329459 -0.145465714 9.038516319 2.885363013 2.444974720 6.172119573 7.538501651 -0.321219027 -1.347471004 0.489898918 5.905685689 -1.240056039 7.359555267 6.743262246 -0.718155383 -2.387615906 5.320869447 5.290998098 8.073693957 4.549401985 1.862337777 5.710835482
1.626734087 22.185455632 12.731967335 0.727719249 -0.031200259 0.169930056 -0.663758251 -0.821644848 10.453775749 -0.913532894 5.409407492 4.873822776 4.142932457 2.179545804 4.750487388 7.345751448 7.177496510 3.373612441 7.862186528 3.119907696 9.273130710 3.940975720 1.122222970 7.408686776 3.957860385 2.891043635 2.448687378
3.424391918 27.668489726 4.707766561 0.844985527 -0.323397123 -0.177725506 -0.387075451 4.446292172 1.322507734 2.896480397 0.731761790 -0.010685535 6.371306755 6.696835382 10.718949087 7.463654612 2.850295225 2.285994745 8.997274402 6.213597121 2.500034980 4.231578380 3.038785951 5.039205496 3.434554502 3.046843207 3.490765454
13.068271669 23.452515597 1.760607831 0.151936244 0.507972194 -0.114279879 0.840130785 2.686498091 4.728665979 8.915538773 2.384319076 4.062456130 11.005123618 5.029508196 3.199370237 5.125359280 3.597392669 5.778214077 3.979520265 3.861169261 -1.374162594 5.606510154 4.144024928 -0.437210412 4.146423603 -0.770065276 3.676426139
2.898808392 18.919150320 11.982860870 -0.654987933 -0.339207498 -0.253147358 0.625975636 5.615732531 2.195091066 -0.137924498 5.163160352 2.610406505 10.005037510 5.330239484 -2.157656062 2.817489489 2.504996864 6.403475244 5.883428676 5.181366462 8.301366773 4.319768096 4.112920738 -0.655056658 2.707493324 11.671766121 1.206669390
4.484581174 27.920886545 8.784141273 -0.177846773 -0.765741597 0.252263202 0.564246054 1.448850394 2.208734170 7.383780838 8.340066433 2.487416650 6.872413437 4.955462099 4.806962555 4.679943342 0.989150026 2.436529866 3.440958870 5.498273652 10.647344838 6.373238295 5.022465805 6.874152121 2.327223584 2.719323251 3.378021234
5.125704871 24.476916935 11.183502739 -0.370626409 -0.227994840 0.835822183 -0.334747213 6.085373904 6.649437111 1.696670958 5.382748309 9.039401868 2.768250016 4.144908683 -2.642907169 1.389556678 10.140159298 3.951997181 5.720316776 6.375693943 7.001046066 3.626538276 7.363379493 -2.089029254 6.176838366 3.730210972 2.857512820
8.918628345 23.874986172 1.283285049 0.810831537 0.547871277 0.100051339 -0.179941690 6.658500021 1.099540143 5.839480161 5.418335638 4.369100261 5.263522930 3.004797070 1.603554874 -0.066139655 2.244240807 6.165884267 7.612925006 6.413497390 3.894691235 0.090511906 4.853486207 5.161199560 3.101038470 6.443749034 2.479924581
2.467355811 20.746382463 12.801154989 -0.212236935 0.152111127 0.472868464 -0.841553982 2.158643283 4.095160485 0.460744518 3.791630277 3.592823376 -2.394437286 4.346334530 5.590937050 10.241756846 3.460266078 3.965385722 0.939159381 4.331807357 -0.058524105 6.348754565 -0.328531039 5.910624545 0.964593064 4.889086515 4.671037413
17.236605379 20.273342183 11.494092004 -0.664287456 -0.549843875 0.241035473 -0.445304154 5.983771032 3.126268215 6.209258577 -0.149515644 7.789259079 10.636023984 2.559668194 -0.383391224 5.014340401 5.243867055 0.081773040 6.214187251 3.483960934 0.015874233 6.399802592 0.026851453 7.603064526 -0.134508702 8.730690748 2.585024864
14.370699554 19.786319473 17.344088950 0.234471073 0.897332939 0.086291218 -0.363827896 1.104730066 7.161620391 0.152061832 9.505866102 3.593142348 3.309799868 3.950213456 2.988283870 1.981842305 3.407772348 6.046193338 -1.148242581 7.689352921 11.307698474 -0.405981383 4.136699782 5.180209397 4.437781077 6.458550586 9.774395407
15.087459413 13.693186302 7.247408518 -0.111912474 -0.239827175 -0.096160919 0.959537181 -0.441522974 1.160018201 4.969320443 5.262159831 3.445175199 5.238006841 2.498232290 7.503335179 4.881878661 3.396843132 -2.933448943 2.703967398 0.328118709 2.122162395 7.229253031 3.038404019 10.479774976 3.678613767 8.771617609 5.377852479
9.088537839 28.422051162 4.586089762 0.216372843 -0.397588653 -0.156424702 0.877859538 8.221302926 7.643696317 4.824986271 3.708247581 6.056003042 0.516191109 5.370770545 1.595855842 4.036748348 7.054481441 0.705310159 7.531608809 3.379331757 3.999200853 2.145498980 2.786108242 -2.892336614 8.112931068 1.559680202 7.579488175
4.617600394 18.737590902 15.991800704 -0.805192173 -0.015331616 0.519561113 0.285458852 1.493987558 7.110886075 1.437559504 -0.267189952 11.680708304 4.473520243 5.788860503 4.414418876 3.146655858 2.503747846 6.273893473 3.051321848 5.975574799 5.219353377 11.563697077 -0.660215608 -1.020509624 3.300046465 -0.383570519 1.616916590
6.620053569 23.510428067 8.624818296 -0.403672599 0.752197701 0.333553476 0.399986413 5.843378076 -0.036751893 6.210759428 2.867617397 0.163879355 0.659331764 5.700408358 -1.443837925 5.184866266 6.627602196 4.656432354 6.215588630 4.248291356 1.922089640 2.751318377 1.153464929 3.462433628 0.292461575 9.011315516 2.199556796
6.416530783 26.556317852 7.065174378 -0.119920543 -0.189631283 0.444032631 -0.867464156 2.649645025 4.022349486 6.809484167 1.201830758 5.545988908 7.717369779 3.848283579 11.017088230 2.734093372 2.718446616 1.878292068 1.842527430 5.440237082 6.234709011 10.208910697 5.170360110 5.500845798 4.286159979 2.703432519 1.051935595
8.229419141 22.357590131 13.119514779 -0.004908749 -0.600486870 -0.731703990 0.322491386 7.796833552 -0.094332631 6.483290692 8.517037837 7.740061686 6.118111705 4.877205617 -0.282199550 -0.386747324 1.544916291 6.432064682 2.190045110 -0.411125113 3.869612178 4.166601802 6.956592436 1.353556224 3.357763985 1.311385052 1.276757012
8.791680457 18.029301586 3.750199891 -0.867534653 -0.022672154 0.492161808 -0.068164170 2.106441671 0.600041901 -2.433873978 6.337816765 2.908492120 3.042581552 -2.814900440 2.720810891 6.216116227 4.879444748 3.179186146 3.925411686 6.476860015 7.080400599 8.163461589 1.953951917 4.867304434 0.631146258 9.019344725 7.674827692
7.395984947 16.034253654 14.704419882 0.602569537 0.037980278 -0.575750905 0.551342314 7.941619883 3.224853119 1.556679919 0.909732268 5.320754674 5.775198445 0.264430475 1.668111484 7.589372610 4.340374314 7.742956772 4.189389878 8.526293648 7.522992993 4.156524889 7.602770244 0.843458444 -0.278081018 4.508149097 4.524053406
11.761786660 21.205503055 0.113086594 0.638121011 -0.769544367 0.011420549 -0.021739652 2.088584407 4.696955019 5.029676339 1.358462535 4.079720992 5.866364799 0.727150459 3.498155794 0.575176879 1.041170226 4.629068125 -1.914134717 8.772056910 9.123257067 7.712866651 2.533755688 6.737648463 -0.203814926 5.390641647 3.888388035
5.587327635 29.288613425 8.460139611 0.259421292 -0.266840993 0.461750211 -0.805160369 4.892893780 0.721320303 7.015156571 1.104162139 3.384061826 6.516858284 3.595428968 -1.247944758 -0.075746790 0.274546493 2.103673652 4.870491064 5.891467216 -1.717255040 6.567934818 2.920741718 8.415124103 3.523879297 3.467513618 0.469996512
7.844505597 13.217748339 4.759610393 0.632508065 0.638727420 -0.368363783 0.237210777 5.895446338 5.623674134 1.325354438 1.320827131 1.498799151 3.319605446 9.509144086 1.401173319 5.917132979 9.575540732 1.250581039 3.994718247 6.777125851 5.619846455 5.971715626 4.443889579 9.933166588 7.629903922 3.943308233 3.754650187
6.087784636 20.075153783 8.418050117 -0.299124668 -0.630700972 -0.028985577 -0.715472259 5.902936174 -0.997025002 3.818327798 4.560908645 -1.928695855 7.355078318 1.307816508 2.219337913 8.256912589 4.530352509 6.204805448 9.164390773 8.079874708 4.329311574 8.519505176 3.591988499 3.910348927 2.552517498 3.277764393 0.669340370
13.212959219 19.972838618 12.136724358 -0.569038329 0.299467349 0.763135759 -0.064331174 5.092669133 5.301555612 2.206370805 1.925243291 9.479125019 7.153658153 5.474763590 7.350730609 7.109474686 3.910805724 7.205608144 7.882334793 5.143494260 1.403135467 5.786460432 1.041035114 7.373162250 8.650025927 3.432310540 8.956039862
0.486664421 23.473843141 7.800091165 0.586516789 0.091228224 -0.560705471 -0.577308273 2.157748957 3.280928096 3.657058409 4.064553438 7.132017977 -0.145007379 2.102372136 7.643984694 -0.637993311 11.026372931 -2.880593319 3.552062033 9.439679095 3.221063506 10.110470917 -3.367703005 5.737755860 7.426034294 5.178060713 -0.037120530
12.619056216 19.335626118 6.301222803 0.060824794 0.058116626 -0.345830801 0.934517982 7.323470447 -0.495513319 8.234434840 4.859138652 6.152012393 6.862283134 0.496245022 8.263726173 3.633907006 -1.130170794 7.426055176 2.282974529 4.209926434 2.304718806 1.797599974 -1.578178425 3.689515764 0.668356313 7.854869662 2.494568263
9.498794211 16.718105762 17.948797672 -0.753738749 0.476755165 -0.448248597 0.060461604 7.138415310 3.736404532 1.357196642 3.367479729 4.389022244 2.503167763 5.595171178 5.044357231 1.694271607 5.598412918 8.288588217 0.005636181 5.589938245 -0.429184882 9.444403954 8.174885136 4.757879669 6.513681439 10.589646576 5.516524865
5.624991373 17.305725076 10.013024358 0.190530639 0.973933045 -0.038062164 0.117063105 0.756376353 3.462298210 10.528489509 4.428208246 6.985857163 0.303645474 4.345146353 8.816695471 1.684261786 3.580419421 8.055848531 2.307328052 2.599591318 8.261749849 2.270762182 3.097224372 1.193520826 4.371413689 4.033400889 3.053495076
9.929770244 28.292300340 15.145984757 -0.623850164 -0.393078850 -0.340776194 -0.583242297 5.323803944 8.621880420 3.882132934 8.615959236 10.743108527 -2.233759332 8.153329841 3.273368260 5.699506234 5.884803090 8.321032831 1.773679176 4.165026912 4.472062697 1.966561629 0.375343848 5.355053950 0.182046251 5.279109979 6.366475148
7.481335403 21.467379582 17.286053778 -0.472032645 0.637788036 0.297856117 -0.530747903 6.653419690 3.957615616 2.910391947 4.909465495 2.896536650 0.909984510 5.112720671 0.060477993 2.524122041 4.739467247 4.857314832 6.166311946 4.648080478 1.482308443 0.947000647 5.590369493 4.615765823 5.050695924 3.889498730 2.411239382
2.961615858 20.873087185 6.101195721 -0.129816546 -0.346695838 -0.635235517 0.677809338 4.930263270 5.638009487 6.575355785 5.192699541 3.174096580 1.804575154 0.851059728 2.034966863 6.066288372 10.694457713 2.306798495 1.241885585 5.934116673 3.775488733 4.466323679 4.164689712 6.522481919 6.159956178 -0.545163477 1.739657689
7.756427069 21.150723651 2.091227657 -0.469463029 -0.676089786 -0.517090934 0.234785074 3.382370762 7.126519563 0.622328306 4.500694316 5.944899664 -0.795113715 4.703663085 0.967701561 10.093879556 3.423882118 4.749990076 4.474414125 3.337705722 10.625442231 0.318246936 6.156530207 -0.032727358 7.208757465 3.196139280 2.757839795
6.766680709 29.054856683 4.301502989 0.144704883 0.602336945 -0.010185346 -0.784950292 2.113427537 -0.679242045 0.827916079 6.315032845 8.910804995 2.816579594 -2.528859128 7.288964803 1.951106676 4.572764640 9.748990093 9.159334397 7.039475589 -0.501472530 0.431351738 4.529035366 3.598947242 3.851404647 3.241287109 8.502161058
11.250257683 14.525873354 7.795441333 0.666832005 0.108653134 -0.028466653 0.736694796 0.569784591 3.012806151 5.626964469 5.005403106 8.431431342 6.445560747 7.495165353 5.793101206 4.694346018 3.653946155 7.376902417 3.573872778 -0.854292081 2.382380978 3.783247621 2.433077079 6.907991882 3.455728170 2.177058186 2.338548949
5.555980596 16.318474530 14.148195171 -0.449989139 -0.668726379 -0.042192792 0.590368168 -1.743703472 4.226143349 8.928426674 2.036908227 6.325946472 3.348771992 3.075898205 7.941737686 3.849109317 9.344867990 1.625874046 7.495437723 4.555775007 7.749539676 5.833282339 3.945244972 1.712265763 -0.610104780 -1.705470071 8.359941419
3.075584162 21.591868758 8.282677422 0.146150504 -0.048307826 -0.704479392 -0.692831271 3.049574368 -0.859153694 5.980130070 3.702600156 3.408853222 2.839724200 0.234751410 6.848080717 3.729020111 4.037603666 0.146322007 1.602045160 -2.792823093 3.758890678 2.111859737 0.483500998 3.684627065 6.628794578 3.671312018 4.000659230
13.976044187 16.057638950 8.307596610 -0.311692160 -0.657478427 -0.638874189 0.249819709 2.435444490 12.978316369 -3.250086870 10.284983099 8.928291334 8.264304008 6.621779448 1.349394040 6.286296323 -2.272021772 6.052865638 5.182357788 2.779540547 7.890106035 8.208274921 4.705180617 6.101621151 -0.181392451 5.672820684 3.262157533
14.172861545 19.724726985 13.187174870 -0.339881435 0.065390517 -0.902477199 0.256397341 3.178877606 4.477959034 3.480707457 2.025987659 8.462643501 9.034149313 0.810068975 0.304979513 7.327293876 4.744741438 -1.772425965 -0.117758411 5.175171790 6.420998196 4.088788906 6.222592149 7.539406102 2.985483676 1.696395849 1.474587002
4.591482249 28.766777589 5.286831784 0.048165178 0.069557048 0.760070498 -0.644309531 3.565187766 1.812406258 4.140231575 -1.316247080 4.163231111 5.805406252 5.077280270 -0.814865942 3.750026894 3.605257083 5.612056280 2.864730226 5.851941215 8.121118862 4.063273793 4.100326597 1.952311913 4.178128672 6.793007046 1.816021653
3.839467159 28.945508240 6.066664955 -0.742835348 -0.442355528 0.452031936 -0.219509363 3.425554682 7.770168482 -0.276333502 7.549490315 2.170719474 4.562695983 2.409725756 4.629515144 0.793237282 2.957175617 0.421696597 7.770862026 -1.054999028 5.696885614 0.491096934 0.777795068 4.082892475 6.686590522 4.344732491 6.237822867
7.446958070 20.736849502 1.365483414 0.165007973 -0.849866128 -0.041591867 -0.498768533 7.107613828 -0.263338220 3.354623422 3.671338184 -1.751092267 1.111708865 7.232721845 5.884728127 2.862275275 9.080359246 6.706856962 4.695497559 1.969710511 3.609979977 1.738628314 8.669964287 -1.571391075 4.588318435 12.622357234 0.013838758
4.658582474 16.903341817 12.394145351 -0.597789254 -0.711384746 -0.369381276 0.011714279 0.347099825 -0.938868302 3.018979045 6.123411984 0.739379920 3.063190698 7.591396655 1.395659227 5.713558504 4.031160460 4.701633482 0.172940069 5.793638241 5.565748977 2.885750925 3.265855379 3.245202588 9.873468388 2.994351182 7.068834361
6.095995464 20.327598346 10.965926114 -0.360558235 0.858451567 -0.041950111 -0.362351837 8.005099360 8.275029537 6.846382660 0.029202921 -0.234999310 5.018499461 10.207939487 5.509865723 9.808896851 2.792266808 1.077240198 5.068585458 5.276375847 1.924131298 7.184209277 8.045040035 10.499311003 6.078751926 3.159361809 2.382495560
-0.147427211 22.556852568 10.784377170 0.095103887 0.629016706 0.760104169 -0.132419362 2.368408308 4.423163648 4.524710711 4.930128724 6.176164134 1.258100613 5.773227846 4.625272805 8.820006578 2.449918744 0.926222522 8.204497488 5.794388776 3.781986976 3.950360103 2.695841256 4.524406752 5.078472448 4.561582376 5.301190415
11.814151471 19.206547603 2.109322058 0.663640920 0.443724002 0.554453997 0.235096799 7.271978030 3.773125979 7.355737714 1.393755457 0.683941215 6.886739500 6.117198046 -0.724327765 2.929633265 0.845031052 8.292555241 6.188192078 4.426769945 2.664469633 8.778551958 6.154488495 5.317014729 5.235837886 4.806405284 4.774966814
11.496147326 18.138626068 14.318905927 0.623322885 0.235279129 0.393884166 -0.633220007 2.057712494 -0.158264723 5.349030208 5.313248815 3.775501380 6.122040790 4.701258264 3.364138105 7.161265079 -2.116096452 -0.941611356 2.145545448 5.579170240 2.259308255 8.084137864 1.804538681 6.622858985 3.448481481 3.366400645 0.138084014
9.914887986 20.757995356 9.853034078 -0.880573151 -0.142231030 -0.426683163 -0.149341014 2.062497755 1.182506109 4.466797675 4.210529916 4.919543957 0.448761240 6.490149107 3.086901917 3.250182922 7.422326348 1.668786402 8.008185193 -0.708878853 2.551443619 2.380345349 4.007513492 4.723628827 6.974292908 2.234454044 0.484802422
7.144892109 19.925235754 6.202745617 -0.117511518 -0.088258170 -0.948877402 -0.279344259 6.375748342 12.009205153 6.329822275 5.730593638 2.346901375 1.137298266 9.083635425 1.728947730 7.601712805 4.168105789 1.398822392 2.898148137 3.442063743 3.462084087 3.852692839 -0.780063452 2.194296824 4.812492665 0.708712707 8.508435922
14.382724364 23.776706866 6.560113857 -0.180029467 0.555033438 0.796458987 0.158683192 2.559061372 1.869683726 5.842331199 6.764424515 7.373032511 6.972533258 10.355244464 6.825867179 4.229021916 6.128021353 7.442565255 5.121425871 4.305424987 -0.188731194 2.992061152 1.299821436 9.233099677 3.895992713 8.323256972 1.455287008
7.189817884 30.683155512 6.343320690 0.533996735 0.716301101 -0.384989903 -0.231393592 -2.051765821 1.758091960 5.028586533 8.670980489 2.883152590 3.859092401 8.113549305 6.335980130 5.010741643 4.870817990 3.074229737 1.057189095 5.535703344 -2.780047412 5.418465232 5.176379334 9.102252819 -1.718460099 3.195172107 7.343745970
4.291918505 17.918874364 14.975840314 -0.312030559 -0.541539974 0.404674231 -0.667540376 0.091105279 -1.143959492 3.829409116 2.306999020 1.956751056 4.387179337 8.405915979 1.137384384 -0.235763825 8.600143390 3.234984955 1.481874661 3.240032546 1.873786712 8.590642100 0.443249151 -0.885861526 -1.057948538 0.045940093 6.778242765
15.309919777 19.998961388 4.094044257 0.172257800 -0.204827051 0.297271840 -0.916516548 3.439749106 2.702946971 6.179257973 3.693691134 6.380090680 1.656783756 6.029517591 6.972583740 1.807240681 -0.330683824 2.321559742 5.283459920 4.984697710 6.310614643 8.591149460 0.268298330 0.325322847 2.907455899 4.847653840 2.218830095
5.925306571 23.736434844 11.313839772 0.287756903 0.344189331 -0.893703037 -0.004954853 3.557035890 4.260966852 3.077953098 4.031900251 1.111431800 0.843825675 3.062905884 3.816936479 1.634072068 6.265620003 3.661973077 0.545387345 14.427254651 -3.503074178 3.859323963 3.811145499 3.502863187 6.366777967 0.688752976 2.682140069
10.822144974 16.114849400 11.891769638 -0.745294273 0.461310006 -0.324481447 0.355585876 4.012072571 4.673454289 0.250240123 0.161350604 5.391748874 1.520785410 5.814722511 0.856987402 4.133616900 1.619729464 3.057803076 2.105540243 -3.115816208 7.160478717 6.848939441 6.693527391 5.578414846 2.591437308 0.779005622 3.000629858
10.677258739 19.715147857 8.096667417 -0.251953135 -0.846708103 -0.320893730 -0.341514597 3.036451053 8.772994939 5.630730616 1.522101366 0.773303689 0.679990644 3.951218174 1.381156611 0.249736856 3.478934489 2.222733240 3.939145400 6.145387479 4.301974393 6.960807742 6.138230625 3.678456372 8.213008179 2.506521934 7.739900716
15.440150442 18.698402340 8.896064981 -0.079433627 -0.255312566 -0.604570976 0.750333078 6.461993321 4.557339095 3.299518137 7.723045392 1.699447706 5.090920534 1.270008369 5.805333354 4.757463300 4.319422438 1.321591466 7.912303948 1.850167832 3.644408098 2.355339782 3.292590487 -1.507526113 10.900580701 5.479352361 6.004715454
4.551640737 29.676255588 9.501869894 -0.205502806 -0.082776648 0.119473774 0.967802997 2.924735112 5.484981088 1.501653520 3.892799604 1.486490130 4.181252795 5.870771844 5.595930117 5.507257855 9.561585737 1.694758404 5.948731830 4.875255938 1.722999497 3.572222133 3.673722164 3.386123835 2.278919140 1.569690848 1.116432793
10.491653578 21.762090449 14.630009544 0.601247223 -0.029317162 0.374518053 -0.705250671 3.417731131 2.233308916 2.070907081 3.087548364 1.264335950 3.678547596 1.875802880 1.236034543 -0.306152066 4.436846324 3.164903203 -1.335259375 2.495836019 5.560542795 8.081481717 2.201612356 5.499764282 5.399843532 4.074784834 5.221095866
7.352849568 29.351735325 13.109318003 -0.399717413 0.032522104 -0.879633705 0.255759356 3.226854255 4.000219730 3.300694582 -0.284135027 4.896814965 6.624545261 7.752108940 2.194535602 8.932224941 4.917542495 3.351590679 -1.821654781 5.371584506 7.788633626 5.185298355 8.488796393 0.838331438 3.207429004 4.725625059 4.459795245
12.055193632 16.371238565 6.427753263 0.257203989 0.358476194 0.700644604 -0.560747773 5.752711595 1.924615973 2.210886244 8.273998960 1.931683392 4.624136482 0.965774159 12.020322527 -1.695147852 6.981986584 -1.088996343 4.866226762 0.425826835 4.701247795 6.363091619 4.096276895 5.466427359 3.452143823 -1.205152050 2.251691186
1.301810257 21.670229565 12.307825539 -0.957714920 -0.125440760 0.134329174 0.221364904 4.211673840 3.843530805 2.511209250 0.360008577 6.350300684 6.297088433 9.472958754 5.784983129 0.766552299 6.655176606 5.518005267 8.020366288 2.991713709 -2.141764925 4.204183007 3.704354049 8.148575568 0.134628456 0.668416454 5.362513901
9.026439063 14.135607444 14.843860846 -0.027886705 0.379625718 0.716753927 0.584269162 0.912242288 6.433336795 3.193789748 8.401484979 3.841149541 -0.101307860 2.503883479 1.887837412 4.338266874 0.828259331 2.375920584 1.368892078 3.722478343 7.319174232 4.092478451 -2.063565560 8.605723787 3.575180707 4.817426521 2.070070703
12.652799418 16.768182278 1.014918743 -0.856108794 -0.473489122 0.051889566 0.200482563 3.387833556 7.720913193 3.734631170 4.013516178 6.731856186 2.171132227 6.157058529 4.307104766 3.330940845 1.421444187 2.740364170 4.719621891 -1.466118873 2.890755780 3.573339164 5.918897055 3.384321915 3.070374990 10.098596773 3.879320691
11.804228014 17.862418435 15.996478246 0.755396348 0.197446813 -0.305404814 -0.545086244 1.214016641 3.584324932 5.538072883 6.079340375 1.412928619 5.820814006 5.132560586 5.937207841 0.560573249 4.246416205 9.443572489 4.429938967 1.671000154 1.758602098 -0.051399522 2.679095911 6.419609479 3.457420258 0.840189044 6.441093590
13.273057617 13.786693625 4.881217629 0.459259555 0.576012256 0.666131116 -0.116446892 3.206871326 5.493104701 4.566512912 6.019312237 7.613080470 3.381120994 1.917107296 6.576173242 4.222487143 0.988122066 1.364914210 5.557794564 2.716386633 5.007775857 -3.264571834 -2.567954135 2.720922962 3.821024813 5.458105155 8.363276031
15.406368841 25.848994558 13.868541695 -0.489832095 -0.063509646 -0.141665675 -0.857882206 4.960288853 5.784216664 3.740969946 2.082393550 1.338667772 2.663487799 1.626748469 6.233126042 2.939378692 0.531561185 2.457420512 0.270781219 5.456760216 6.817295775 0.597166473 6.786175736 5.561921800 3.912734393 0.179804444 -0.282000450
4.694817522 20.149574173 4.703565038 -0.472283921 -0.477219346 -0.740937619 0.014867355 0.956409720 7.198973775 5.295278797 4.169538881 4.800190768 -1.361107944 -1.899583617 2.309049115 7.800050237 2.980017528 5.086104267 6.538760287 -1.226272942 0.554232572 4.718651169 3.672320767 10.419183478 5.698944096 0.330550077 2.245629191
13.374460804 27.437784903 11.753391918 -0.264358651 0.905387190 0.297638672 0.147647420 4.728014086 4.123198265 0.914895553 3.957883410 0.862649706 3.479793658 7.214974304 0.323444106 -0.717924511 4.137972583 3.173552215 3.653059442 6.358874226 2.933748223 -3.696001999 5.359491131 4.935264410 3.777435834 7.354569218 0.950573034
14.212494635 16.678170787 11.225815987 0.146252846 0.140100245 0.656105380 -0.726985390 7.937020656 1.894080992 3.588129834 1.751163456 -3.183087960 2.446065284 5.062036067 2.867257452 5.472109498 3.846714506 6.771248954 0.848375586 4.822753866 5.200079538 3.433067002 1.821881285 5.369361536 0.174787371 4.002700014 -0.447806093
7.547605662 25.406551779 10.526492809 0.847977126 -0.219060778 -0.273053680 0.397980977 7.042667854 5.670689629 6.776652511 2.872476682 11.015387812 0.144650775 2.288907236 2.691625386 8.033087312 3.088785244 0.973876099 11.277575741 3.653706134 0.521075266 0.472893443 2.447437719 2.330471527 -1.840108042 3.649828578 0.143183561
7.199721642 19.821703013 16.802672283 -0.681851388 -0.055668470 -0.681723381 0.259293151 2.840879993 3.186878493 5.052918943 2.140631501 5.090123736 4.413328192 5.184385951 5.219379088 2.838395056 7.767617101 6.866710764 4.992121340 5.410973953 3.437045072 8.425810051 4.518234926 7.282043128 10.049790849 -0.518196671 8.265578998
7.195039577 23.496806643 2.324171844 -0.643629813 0.511428912 -0.382561352 -0.421696505 6.028436974 4.283075278 8.979856816 2.195961756 0.825702067 7.777637764 2.666784787 -0.454545158 4.008999992 -1.246217058 -1.463054285 1.582000932 3.513848935 1.859105322 6.122893590 3.580990333 1.767097409 4.248945906 12.363921547 8.517155251
15.810789849 22.984049110 2.722628909 -0.681479132 -0.470917370 0.541239389 -0.144509329 2.026763113 3.027373635 -2.611766898 2.865717688 8.111357241 -2.878798645 0.857153513 7.212562201 3.191592690 3.747417247 8.207792624 8.640150294 3.908699778 2.909863376 4.242808172 1.361093511 3.890274877 4.933708739 2.383246801 -1.369835475
4.179944553 18.567391669 15.880075460 -0.797726072 -0.544044449 -0.035406822 -0.257672481 7.489543945 6.755257954 6.904148414 4.649294313 6.595943788 6.450523360 9.148170538 5.276076227 8.843808795 12.245259463 1.260934172 0.950913064 7.073882713 4.660550120 1.583063030 0.212039685 4.886374626 4.603408030 1.643680566 2.389514487
10.592134904 14.964323645 1.712375113 -0.599098840 0.555513590 -0.464584497 0.341535467 3.905611681 7.434936358 3.929776553 4.699701908 -0.004922885 3.544435138 3.063842844 -1.106196342 0.223254000 1.744706842 -0.178512803 2.774242562 3.575116119 3.097461756 1.245193076 4.767610560 4.192895265 5.664442553 -2.514965373 8.726620497
5.173033807 28.449182610 13.318943044 0.442438207 -0.303235873 0.256293694 0.804120626 1.559652894 1.283638911 6.065719559 4.559558773 7.812925373 3.256743099 3.574455852 6.566544096 0.319072392 2.845904537 -4.016245466 -2.025208548 4.855546452 3.218624275 4.498039515 4.034476882 -1.365210498 3.550289240 2.378396826 4.282843422
7.703956790 15.021687699 10.636742593 0.908950690 -0.148712661 0.327674459 -0.210529418 4.660654600 7.468890368 4.685843785 5.430536889 8.457461144 3.643471334 4.013727328 4.939409785 5.909133411 8.131860597 2.155954656 0.771048558 -0.222786705 6.616842067 4.943257970 5.042320756 2.981784537 -1.212552206 7.077350247 3.305376935
11.689265198 21.356806287 18.948585052 -0.381642861 0.097632952 -0.564287730 0.725531454 3.378135894 2.665588353 1.389015058 4.752516140 6.672687361 0.928697899 6.206354169 4.585285146 2.097428124 3.739265339 0.082584383 9.328712902 2.600050104 4.595000389 8.178608376 0.819673764 0.543011871 0.419078660 3.901956359 2.408006950
12.419951848 23.302728976 12.144229743 0.573314789 0.253629996 0.417582249 0.657728701 3.282614734 7.778177513 2.523614283 6.735899589 4.857047193 9.669547889 9.524746162 8.474876342 2.376587576 -0.360747603 6.854491335 7.874637235 -1.766340248 0.194527883 7.227852441 -2.250680019 2.473319538 2.057482594 3.075645213 3.401303086
17.454591418 25.289674513 8.074941237 -0.206593995 0.451957213 0.669318383 0.552328255 1.388620623 4.891280623 6.880613236 5.453513064 5.120024056 8.421136387 5.105625198 4.458905860 2.889883030 5.355120011 5.468321323 1.210085149 3.034450870 6.203429892 6.106882595 4.554100631 4.737274229 5.162514406 5.706871363 7.821605407
15.768340121 23.386214626 6.052957574 -0.519343147 0.382245963 0.437204455 -0.626915452 3.090814594 5.370112457 10.051719256 -0.416180877 3.174301535 3.162211391 1.338878203 8.786992988 3.145122186 6.538636997 2.938645878 7.166993238 5.475647789 6.898557199 3.273717265 1.417977597 10.047520697 6.798537574 2.443056862 -0.652135333
16.108398542 19.972185287 9.342913475 0.121889922 -0.540171002 0.566735127 -0.610056908 1.848450387 5.030452666 1.503045571 1.817929972 5.397253159 1.511315984 0.618654342 4.630104013 3.014952736 2.703725294 3.868345936 0.732300800 5.027415547 6.686087315 6.612104895 3.075239844 4.822047318 0.939024383 8.853219367 7.190202832
4.230852297 23.343687646 15.127966932 0.699423085 -0.430472263 0.566420129 -0.068331671 6.060048449 -1.009608812 1.831969576 3.612192205 -0.108427149 1.578335784 -4.212788753 6.081879864 4.303660746 3.146621442 3.575506074 9.963079475 2.129495763 1.176353669 2.045199350 6.278994605 2.600857178 9.019301157 13.218922335 9.092657722
17.635477359 18.449000080 7.467187105 -0.294360005 0.825400707 -0.377076863 0.299798099 5.129210944 1.777883639 3.450259437 5.329314441 7.008432387 6.756024449 3.615222838 4.821682438 3.720659526 7.037121273 3.273951601 7.614408304 8.544718312 9.051427203 1.346392617 3.921819238 4.258986297 3.326995737 4.459583155 0.463364827
15.511885625 25.384709460 11.309993320 -0.565516994 -0.715980714 -0.033155008 0.407998642 0.452902563 4.977738440 3.961577964 5.052883188 -0.328248041 0.696985690 -1.813576922 7.013005873 5.713977386 -1.503383738 5.156607197 -4.824109088 3.082475610 5.506485696 5.623320196 1.593805097 5.531570108 1.956429338 2.887412180 10.465276233
2.921113619 22.297758669 14.220203643 -0.368105361 0.631610081 0.068480104 0.678879683 6.941595610 2.161629410 0.660706931 4.098244133 11.483177368 5.429417557 2.928893978 5.366242181 4.444135353 6.710858972 2.901440687 5.852191138 6.518513838 4.375613857 2.681015944 9.598571676 2.709625931 5.081918570 0.517411706 4.152055827
10.551848232 20.523703096 4.060417704 0.519001752 -0.144630968 -0.462241174 -0.704309706 4.746756127 -2.057070930 4.811632171 3.682007192 2.336617074 7.973797833 2.872653827 1.498343705 -0.495736941 3.009951486 3.516845784 10.249725883 1.355886919 0.850578361 2.652214483 6.707422642 -2.794885422 1.368863681 -0.455661986 3.925165282
8.249810862 20.118097928 18.521681881 -0.140623359 -0.229561812 0.933148470 0.238244365 -0.441034523 1.344328556 11.239623622 1.557869412 -3.131702265 7.943054995 4.053180685 11.243596134 3.121760384 3.388083919 6.754165705 5.842029704 5.759937351 1.360165340 9.082620414 2.857206807 1.171132261 5.693378188 6.694347794 0.673736202
1.633728692 21.858015955 7.436581973 -0.613374104 -0.148652723 0.665567700 0.398364423 5.711828879 9.710087896 8.321311253 4.701862102 2.132606716 4.519856042 4.686125296 5.995000526 2.783517063 1.664288134 -0.675159155 2.480212991 3.357787887 4.325405906 2.727916494 4.426177285 4.891228194 3.093235581 4.624475099 1.294685927
4.079323974 21.748162494 9.263642236 0.799079437 0.426378943 -0.418849485 0.065101147 0.523205379 7.074932793 8.756177931 0.550558534 1.667968115 6.610872330 -3.224051841 5.718951348 4.151980472 -0.471460069 -2.289761855 4.099823731 2.620081937 2.341442880 3.148261306 -0.745552270 6.360934074 5.310814130 2.666084206 3.914047168
8.961008820 18.541930468 2.390714898 0.304159172 -0.407836185 -0.137255592 -0.849892785 6.740136681 1.623318925 0.323888467 0.842190630 9.045826308 3.973409029 2.755813382 1.651047879 8.644915592 4.024564081 7.414292407 4.140299284 1.717258244 9.163807540 3.611499156 5.247357230 0.031702156 12.068854634 2.928604826 3.886539658
14.384021944 20.935497158 5.126352063 0.890228650 0.296983228 -0.103822727 -0.329415779 2.150792829 0.742969709 -1.151119148 3.139634775 1.984930654 3.342461688 -3.530576887 3.020324586 4.236898677 4.533632066 0.351063760 5.350746307 1.856479597 1.629986110 6.987558063 6.826400594 7.259624610 9.397270472 1.889304128 4.040857928
7.134679184 19.602983815 4.595758151 -0.773292445 -0.468077393 0.422995415 0.063223635 1.768233900 8.233940129 5.664549340 7.630086662 6.819368208 4.577529445 5.546605442 2.589766498 2.622918337 1.780126836 3.593520204 3.503275923 8.951843831 3.622873912 1.901457011 3.627885542 5.925596856 1.076706660 -1.082002278 2.161995959
9.940326498 24.931540418 13.418826158 -0.445489306 0.626558282 -0.636125658 0.065636468 7.084697620 6.480041534 0.899114251 5.945232498 4.928839462 1.884879080 8.636855433 2.699160109 4.560498377 5.125635899 4.231472018 0.660125248 6.780896465 8.383567733 -2.326139114 6.041829309 -0.572478702 2.979605101 6.560225722 1.044469193
5.696920905 22.508560355 6.295713557 -0.021127431 -0.121357061 -0.978384505 -0.166101941 4.869677022 -1.006202357 3.448685260 1.482578219 4.662962880 7.655381664 1.198673448 5.676771153 6.241284853 3.639742477 5.917644314 7.079549433 5.206334713 1.128705872 4.387653219 5.126712665 3.937085091 4.441004793 2.732003415 5.901311129
7.276277827 27.848586436 11.610150691 -0.557333001 -0.571347199 -0.208838660 -0.565091778 0.995392579 3.261936439 7.163451681 2.630228436 0.861430861 6.692459102 8.022388218 1.192032403 6.020632705 3.936272385 0.654537823 6.819861799 -0.752772318 3.276370369 3.388449003 2.574069227 8.863198866 4.092984507 3.875527882 2.133184348
11.783686251 20.330753576 18.633811222 0.480564012 -0.130330782 -0.318686988 -0.806542449 5.756091845 9.434163889 2.700133584 7.104782242 2.476712019 7.208683418 3.174961754 4.126856750 1.457285400 5.938108827 1.822988358 1.695996953 4.984534031 4.919834041 3.697292336 0.972206231 6.437920182 4.778802221 6.874559130 2.356184825
10.142683016 28.197664466 15.231719066 0.118402281 -0.566837460 -0.769633884 0.268960739 -0.755795197 3.230155467 4.092324648 5.612867678 5.269604797 0.068639134 4.442981217 4.892335110 2.582295671 2.714084572 6.807298448 4.411731832 0.841334883 5.532281238 2.116397924 2.318597069 0.217547920 6.152746261 4.122726261 8.938671595
1.896197160 27.516150413 9.569974875 -0.342120350 -0.455771447 -0.781185213 0.254903349 7.291403885 4.398870126 6.484549507 5.431098479 6.370928562 4.857200744 -3.082285242 4.773092388 5.704916415 4.761639792 8.096168227 1.521524313 -0.556447613 8.206363972 7.079990949 5.011488740 4.178731241 6.134010627 6.747697239 3.301099032
7.423460915 28.554144887 11.419744352 -0.739648221 -0.539219206 0.033935488 0.401262433 5.044587239 7.555365054 4.446643698 5.944442041 3.219240933 0.915671622 2.080349635 1.208044554 2.422044109 -0.699770382 4.708416238 5.223362804 8.274697622 1.591551180 5.312500643 3.560090787 -1.703869549 9.141911649 5.590151925 2.343224791
6.276966493 25.208307827 16.499621600 0.096480013 0.156975646 -0.980931299 0.061838820 4.285741464 6.938923385 -2.579350804 -0.063051360 2.639315039 7.137845451 2.006595959 6.101176514 1.600023033 2.804437565 6.249019222 5.595864033 1.827414919 5.113322569 5.841394966 4.920667747 -1.702516902 0.765657503 1.564528615 6.077229910
6.574607457 27.860047810 4.481588932 -0.401043894 -0.053641340 -0.885484387 0.228481514 7.127383027 1.016486104 5.953875497 4.274703158 10.346752949 7.075625115 6.618774160 4.962463390 -0.722491299 5.619363168 -1.728009828 1.989596548 7.143201684 7.268058703 2.685494557 5.692367535 4.705988564 5.688363270 -0.628016501 2.486638591
12.993256593 19.064619757 3.790523408 -0.056873929 0.854747963 0.472755602 -0.206575452 -1.401128236 5.635520395 6.815368284 4.797578733 6.606216642 8.231538448 2.367693326 4.937329652 2.668691696 6.697925871 0.737978878 4.097762654 3.188594918 8.427893774 6.011023679 4.238560860 7.279810193 2.030224949 1.559848930 3.319017823
