23.511521442 1.191123147 16.522949325 0.012972527 -0.913088820 -0.123844354 0.388282238 3.579249378 6.378429905 2.766335410 6.835529258 0.731046423 4.156283126 5.466656132 -0.971065477 5.285091906 4.905102053 5.915203461 1.812645767 4.410505592 5.802763503 9.905899755 -0.528907241 3.394952078 3.862028325 1.483371791 7.810334303
29.831229357 -2.253116200 6.821645542 -0.000676461 -0.199534015 0.313158129 0.928502938 -0.894311783 16.340054850 6.959407304 2.606151731 1.797478491 2.675590206 5.282013167 0.866601266 3.966743808 4.560146480 2.387473678 8.281196064 6.858486196 3.512151709 2.246219446 10.169932832 8.876275188 -1.679554452 2.098359997 1.935618751
17.868104220 1.877231333 8.528461138 -0.029807284 -0.811077268 -0.386618299 0.437940045 1.260220031 7.348973180 6.332925500 4.345457373 0.595659491 1.126550167 2.390169636 0.611428799 5.496898290 2.833657073 3.748189392 -0.630032250 5.588443996 3.063776935 -0.420687429 1.468097781 4.990643841 4.185004735 2.321692499 4.913984133
16.633762501 4.521828128 16.708675731 0.813064497 0.312475048 -0.456211578 0.182089166 5.427621693 3.351096172 2.382515968 4.416574350 2.514593538 2.839650033 5.426329998 0.042571036 -0.438115512 3.275060070 7.078988681 4.103844856 0.658679555 2.470414458 3.208425440 4.950311092 0.552426540 2.432144951 6.234663963 4.010960916
20.956631861 6.714721431 6.712800549 -0.787280024 -0.115271967 -0.206343456 0.569495317 9.015797712 3.537274563 10.768819020 5.201301315 5.361460249 5.722923773 3.712395260 10.839163885 3.129713895 4.473218232 1.085160964 2.485295585 3.643072640 2.262906880 4.388406330 5.250976516 -2.153137525 1.716660818 1.264224669 1.557171996
23.002157063 -4.356895444 11.270011069 0.860591404 -0.042475324 0.280881718 0.422709999 5.309716670 6.689781594 7.681440963 0.709568593 4.935660054 0.638274957 1.218210838 1.671874928 6.554317224 6.262021863 2.257181070 -0.815413810 -0.458985080 5.723241929 4.746857137 4.498917686 2.330597191 2.940282801 1.911174667 2.597707532
26.787068852 2.784304819 8.984965561 -0.865874843 0.186493545 0.292687048 0.360298773 4.224986717 3.646245016 3.160681388 5.299189302 5.052009757 4.942200175 -0.096287189 5.193654394 1.963222885 3.292225381 1.637627905 4.347074945 2.245078827 9.333068994 5.071570596 3.503850108 5.458092874 5.531457938 3.258770976 8.281031464
25.558559492 9.166169991 8.717589045 -0.154327089 0.271105997 -0.020724019 0.949871151 6.625224262 5.111718408 8.393375557 3.375621069 6.786565342 -5.979257390 5.618421833 0.210992523 4.692461524 5.579300842 5.771033894 4.138326389 6.444425298 3.378436186 7.031530957 -0.399649508 9.242340367 6.050326730 4.406625538 2.353753677
22.216277184 4.297022813 9.554537141 0.327311797 0.055649287 0.758833492 0.560305163 6.111424442 5.293762958 5.115340132 1.281628664 3.261422545 -1.849762271 8.643627088 1.359019246 3.430350196 -1.842243574 5.149704100 6.389987018 3.607815879 3.994924444 5.191605589 6.388468450 4.217181315 4.465172418 5.246722328 1.729329956
27.241723511 1.084008188 17.008984045 0.483886580 -0.358642273 0.776521436 0.185051227 7.189065390 8.249674286 1.673178825 4.242437052 4.823441711 -1.803344010 -0.305143384 5.307249089 2.787664442 2.120587884 5.141177962 7.524854566 3.913302547 4.593309102 3.529247872 3.825036948 1.824940011 -0.165012373 4.194751469 0.524415400
29.759815286 5.241558005 14.393775905 -0.946573346 0.301956779 -0.112765905 -0.010239826 6.923204043 6.844421375 6.841635141 2.568519506 4.157467767 2.159711109 3.632231420 7.583551887 1.688438071 5.396585067 3.102665214 10.632287869 2.393763528 7.644685225 6.857068451 2.269978354 0.548991347 5.882936419 6.609436927 5.990747431
29.071195226 -3.795750150 17.914658359 0.712752899 -0.258983404 -0.542311883 -0.361674886 1.771759650 3.149688320 6.349182341 7.369756647 4.418005845 4.387075935 7.516233013 0.606194958 -0.365636877 0.014625632 5.632194191 4.011451654 1.584361990 6.392273998 6.140161995 3.690462676 0.420826433 5.855652803 5.525385074 7.668158096
20.817009444 10.130929820 13.504213423 -0.810207683 -0.291952585 0.101744178 0.497971204 -2.889024291 12.284355755 1.852507380 2.653749610 6.525667024 3.447691755 1.652098200 2.763166283 1.314011136 3.781147531 6.657365442 3.938118445 -4.441983745 2.046237960 8.424047118 3.062470524 6.122763870 2.957488089 1.036145711 5.602797753
32.120662901 4.119121859 13.232531879 -0.525676861 -0.061046873 0.710063386 -0.464485849 2.833673199 10.251704689 -0.300411563 2.463210039 4.912995649 -0.499605412 3.909984752 0.761449153 0.175874112 2.334415353 2.181543980 5.487967365 3.188594789 5.983718230 3.061130114 4.852186739 3.066817022 3.633684628 6.399101414 3.153190117
22.266749178 -0.864519504 9.701041662 0.499318669 -0.260140536 -0.209715436 -0.799391771 2.237725560 2.746176971 6.527443718 4.786506153 3.391668063 -1.648013759 3.720492999 1.319275984 5.467482973 5.172026520 4.237860637 -1.233620894 6.704003160 6.564165172 8.054058068 2.129949804 3.925595087 4.817587688 3.976545735 6.829391645
15.315720394 -3.285519668 13.646418778 0.137189204 0.379401108 0.901536055 0.156418230 5.255143543 2.256134516 0.696877290 6.238100853 3.500809929 -0.337825574 9.011019562 1.048450767 5.762592871 -0.434078005 3.939295025 6.574798035 6.693068312 4.681339037 2.029932453 4.230424444 -0.011429273 2.221432622 -0.859712935 3.891672954
26.768371717 9.343621258 16.088738476 -0.286831479 0.275437643 0.803608709 0.442803399 0.667922354 -1.432963797 -1.541795499 -0.724039699 4.461994336 6.060127239 1.127444971 4.733867736 -4.114011519 -1.538607615 1.621281077 7.056212871 3.711412417 7.906421570 5.122056795 3.893296333 3.149567729 1.813770561 4.761329776 3.989254410
20.089462267 3.494893371 18.091469238 0.165185659 0.089853908 -0.819432132 -0.541452633 7.665696511 4.629017664 2.484120261 3.669550422 1.913896498 4.913272661 3.009835588 4.679667536 3.381697878 7.643350449 7.706890028 2.426633959 3.606473287 6.483579941 2.308944569 5.790151215 1.682359085 7.968398921 4.868311606 2.866380760
27.817333829 -1.246520671 11.361127243 -0.234938924 0.138024711 0.239943832 0.931761686 5.141101936 -1.270721227 3.982786481 9.423765462 5.896180080 5.665481482 5.234509978 4.897511176 1.550581567 5.629661864 7.022730206 4.409377248 6.541750958 -0.693530429 2.366211707 9.142130119 3.635301457 9.437175566 4.724844873 6.096355104
16.134283787 5.151089516 14.575432741 -0.686509764 -0.184679644 -0.590941099 0.381295672 6.706447150 5.138462218 3.134868392 7.221024289 -0.541098353 4.319716186 2.858407899 2.322374298 3.586705061 -0.273965919 5.916033147 5.620451239 4.550939527 7.745711245 4.857125875 2.728002942 2.649932368 -2.943025668 5.090948074 1.234609262
15.161862307 -1.960886708 7.701522823 -0.901488488 0.044466896 -0.083036194 -0.422428919 2.863686702 7.477981724 1.441041254 -1.356472925 7.385428238 -0.175861245 4.038312101 1.147290029 6.057522582 0.079521094 1.352592826 4.990667433 0.482507338 7.520716590 5.042130205 7.160121991 0.122297151 8.907020234 7.578477462 4.569800768
20.887628096 -3.363398583 11.120630157 0.394621444 -0.385847998 0.449243232 -0.702549470 4.696568494 7.114943542 3.113238208 2.480831766 2.011718667 6.616171014 5.225357074 7.757006366 1.634300465 0.390777446 9.446856800 -0.959217406 2.895313215 -1.111884830 8.366291143 2.340137629 -2.712264729 2.186268439 4.287729230 7.468974054
27.558288089 -2.635029041 12.254143710 0.536194647 0.034470652 0.750450578 -0.384877909 4.782769583 0.931030335 0.209116195 7.302108199 5.853801314 9.169081861 4.027052631 2.677638711 3.492469827 0.121087396 3.839858343 3.025054288 3.991237959 2.612919138 6.189806024 2.790080402 -4.755883324 4.150372236 2.297594423 0.326693478
31.258260336 1.906792519 15.650833304 -0.202923163 0.115831032 -0.374245718 0.897410444 3.274537994 5.340661624 10.764976014 5.661549887 3.260193086 8.279208527 -2.661727396 0.595863215 2.742028403 5.039027938 4.658782068 6.309311852 8.079022368 2.624208875 4.830515145 2.542081574 1.579918603 4.413445176 6.868138624 9.762072790
21.725213560 8.735776989 7.899904125 -0.829748131 -0.057976454 0.551077252 0.066862790 2.734597500 3.031159942 7.083866972 3.840729306 3.890590648 8.273848161 3.162672713 8.170053567 6.463682433 8.146156471 7.524269397 3.584717482 5.699083273 7.986458264 3.055545079 -0.046362813 5.651364793 2.156171999 8.289764378 10.389699114
21.810490752 4.152050205 15.828307632 0.771094843 0.474179719 0.158218679 0.394376961 4.877711821 1.368017636 4.118700249 5.226556939 3.811162951 7.416763233 5.618227797 3.663831508 3.733336998 9.791029824 2.996651225 3.044482017 2.723630759 1.239543138 7.181925542 -0.317764007 0.603407356 0.884100729 3.544609324 0.647624710
29.987068589 -0.066102079 15.380644432 0.073576023 0.755973606 0.622315276 -0.189246332 7.682687761 7.981997840 -3.299394000 2.543449779 0.691822856 5.074488780 3.086196508 -2.055922842 2.589093651 2.720614160 9.849282547 7.021910260 -0.208637284 3.822383502 2.068307368 3.395283127 8.764605668 -0.946965870 7.734785921 1.118688734
23.234443776 10.396722969 13.817976367 -0.576272837 -0.747257290 -0.054776747 -0.326367382 2.564196505 0.357387840 3.996021382 4.272022079 8.483855924 3.116262776 5.884400788 4.424526876 4.370475886 2.306223957 4.051589702 9.883096199 0.914622257 6.179712059 6.068972738 6.937907407 6.800922517 3.306951133 3.463596781 5.292210139
21.779356104 8.973184937 11.283248351 -0.185904118 -0.539313238 0.385774080 -0.725092580 3.667370111 2.618331654 0.677681493 1.001412204 2.891689834 0.716733777 3.653672584 4.557525591 7.016026765 3.037070440 9.005842124 5.219206566 -0.176432256 6.606326133 2.161418899 1.340716795 0.451041434 1.407924612 9.221462553 5.652726494
25.916430616 -1.245595431 10.257780987 -0.327405358 -0.906652460 0.118057654 -0.238431205 -0.599314943 2.715681907 3.317796858 3.666310423 1.267701673 3.466433944 2.219579184 8.030801570 1.708388410 5.191492217 3.170497130 1.241718649 -3.050803354 4.864287369 4.615123033 -0.580408416 5.238107599 -2.755810547 4.528097408 4.233753791
18.206358485 9.710747132 14.066871595 -0.139465146 0.178861119 -0.808708239 0.542723832 7.522789966 9.539441142 9.299796089 3.537315729 0.903112878 3.547658523 6.188334101 0.372660168 4.661456279 5.848781420 7.528062070 4.435734687 3.359146231 2.246867544 3.909009675 9.716450440 3.579581067 0.728390336 2.945203246 8.405208355
21.338125408 3.829574687 22.255513593 0.192016623 0.508247400 -0.803121002 -0.244562574 5.913340694 2.775432434 0.143398169 5.400879157 0.736030033 5.066688011 -1.012038297 2.209572794 3.604437042 8.394918262 5.453767912 6.274384603 0.888981870 7.671658645 6.002965332 4.602557987 6.507761622 6.762973222 3.344608249 -1.161170796
16.028207973 3.253157276 11.314153604 -0.046821179 -0.573727145 0.817660332 0.008747678 5.369970229 5.730203321 1.579981300 7.788866388 6.886220916 2.980972457 5.687476287 5.635557123 4.755002163 1.707775659 8.598477919 0.199598924 10.280324052 9.360811976 4.146573980 8.487115729 3.038341483 3.183340785 7.716969063 -0.661838417
24.598477266 8.574994657 7.809512332 0.593745994 0.801973279 -0.013009836 0.064306288 4.363416395 7.523782887 4.667486329 5.954327431 3.223183934 0.892530386 3.225183624 3.953268533 7.354890067 2.934571488 4.848398975 5.957803499 2.767623771 4.458572155 5.213713142 2.573963677 7.405996960 2.630590461 3.864661682 9.163325623
21.948753088 -5.693981868 17.529322876 0.206219699 -0.675179492 -0.045313117 -0.706790500 6.350973619 4.332742885 2.090179131 6.284715702 0.873662841 7.363294556 -1.062572478 0.357390201 1.352554880 -2.881179547 -0.026275409 3.010671771 3.305161152 1.403022055 2.718555906 8.393719233 1.016048623 9.706047453 6.867597424 2.319606241
15.788288627 -4.271478513 10.127288682 -0.512654967 -0.810495732 0.067782480 0.275112866 6.456380966 8.187506757 6.818094324 9.501543725 2.282823972 5.660687410 5.756202495 3.232926892 5.231618667 5.413962458 4.669747415 5.034944614 4.738453653 3.776007366 3.655746239 4.326698173 4.768974584 -0.436899119 -1.518628789 8.484340948
22.834577737 0.204131923 12.030827550 -0.186607656 -0.921944543 -0.331867980 0.071130074 3.232840787 8.625642694 2.754327465 5.661638333 0.265905349 -1.983007635 2.259444764 1.639789456 2.644566980 9.664290221 2.596226084 1.299175495 2.014307385 6.842263435 0.370129290 3.762031100 0.891853999 3.217346675 3.352398743 3.741944642
20.699190435 2.509903161 16.598798987 0.921501623 -0.366786065 -0.072724942 -0.104946770 9.175227755 5.601141115 0.183297782 5.130670963 5.290717670 10.374431511 3.925918406 1.864574976 8.908880769 4.539019458 2.086506271 6.046376969 5.238799037 5.259426658 4.454939036 8.234114108 0.928834616 5.912108044 4.615563484 3.982429354
26.042741366 4.653125329 6.456436588 0.266213956 -0.449607910 0.103946989 0.846272935 0.917129156 2.302230922 11.096039746 7.017269337 5.545920460 5.182096252 6.786574260 8.094468214 -0.241015691 3.016178306 6.022237498 5.172037568 2.031732077 2.202551705 5.875251122 2.032004019 6.156892475 2.816669500 3.096702647 -1.219568951
21.266370466 8.176284772 10.217657445 -0.279580751 -0.588357081 0.740700949 -0.164416097 1.354222009 1.630158113 11.407769205 4.425296297 -2.456322883 11.178000794 5.617852715 8.238628858 7.669596196 1.921168020 6.487713703 3.541323829 4.699367155 4.033592433 5.908236998 0.888649641 4.422672128 3.729296605 3.369400184 5.783076266
27.186763864 5.293505513 7.304664499 0.229424490 -0.662417584 -0.333573499 0.630314261 6.656553147 6.239124015 1.629746057 7.916809731 0.119809621 2.949806490 7.221681525 3.872202776 2.385498239 1.886315235 1.773393821 6.860278432 5.584980017 6.968088295 6.347342211 6.040996279 6.219432527 2.047985285 4.870763284 7.182129739
15.545667920 1.599933301 18.388888283 0.458179089 -0.026224340 0.130684212 0.878809333 0.912710368 9.268026216 4.914641975 3.278051601 5.853286811 5.583158575 7.950991385 4.410850032 3.347192858 3.090450441 5.355443306 4.573928030 2.328157903 1.538360917 -0.350810618 -0.826099299 9.405400784 4.445850858 4.966252636 6.020771076
15.506414341 4.033625413 15.399969664 -0.032425079 0.698951168 0.452898546 -0.552538492 4.703603990 3.647004541 5.296354908 6.051668229 5.274250698 1.965445015 5.501772559 8.947615065 -0.017663587 5.266209728 2.347573225 4.813484486 3.338371319 4.176344214 5.482752111 7.737083953 4.904974737 9.375526105 2.887043000 3.686366053
20.863761095 -5.803114650 16.442034541 0.183525997 -0.863329516 -0.093521506 0.460688704 6.227138143 6.500976645 2.245320909 5.116061163 4.324038172 1.559214492 3.706240378 10.974529569 4.510675004 6.971377752 0.753597563 5.849065194 2.095237750 2.131363817 5.972077561 0.923986246 2.979628040 3.227640248 4.937488577 5.967090226
24.656798123 -3.518182282 17.083769355 -0.681305441 -0.321276799 0.464994827 -0.465170856 6.581447453 1.468406509 6.452106828 3.120005486 1.241186555 1.816804368 4.261441169 2.312188623 8.628039394 4.062795578 4.751102063 3.081752544 5.973984867 4.042860601 6.044732886 4.725791693 -0.143782786 4.560662075 3.514145109 2.157958981
19.292627788 7.659004255 14.719595098 0.792908444 -0.114533578 -0.590513021 -0.097327445 11.468366702 3.043753501 -0.611229380 11.258562910 11.114973668 3.061827278 -2.636985648 5.386809319 1.078002626 7.994268013 2.842665759 2.351059583 4.395910096 1.409840221 1.377543081 5.532254557 0.417617290 -0.878863688 1.971228908 0.074666647
25.923575311 -1.152162867 21.517395306 0.502697489 0.638258555 -0.339755862 -0.473800808 4.026981305 8.554256419 6.727019576 3.873140982 1.643185887 3.761444593 3.783765220 -0.756222575 2.979107525 1.752027943 9.031172100 1.867953992 5.794110154 1.731710344 6.969093310 4.929058915 -0.515289213 1.775195355 9.391846092 -0.549047850
23.869058500 8.941946986 16.535037202 0.539666422 -0.318944167 0.761297082 -0.165715190 8.356993218 4.385967980 5.849034079 2.167982196 5.829037391 4.718566706 5.413474209 1.261777403 1.335732801 9.324932526 4.175652661 2.482300653 2.253940773 0.605627621 7.173702856 -0.373547224 -0.270159167 6.534525173 5.841348186 -2.161326167
17.965962871 5.795585072 19.625229556 -0.027416442 0.755509596 0.255409585 0.602676973 0.980074825 4.717060118 -1.875639319 3.420805540 2.924651767 0.901596439 5.650497849 7.820457512 6.520122160 5.505591487 9.199965702 5.443948102 6.961614147 -2.244084391 4.706859521 9.482057196 6.045806948 3.351171258 3.237576654 6.825121516
19.204206072 4.573859487 18.941724512 0.697686827 -0.452013783 -0.516910958 -0.204253991 5.770568330 9.823707304 3.757943920 0.488212449 2.173847198 0.301260566 7.367334013 9.001950616 3.374630739 1.766252377 6.781480920 3.979856689 4.230834347 0.857037487 5.110390873 9.029821988 1.764479161 6.322022408 4.864288383 6.820664906
25.193710471 -2.460342117 4.386095127 -0.207229514 0.054973630 0.543370451 0.811654102 4.152001061 0.594462241 1.962609955 0.176119526 6.895059442 3.081826648 2.324300577 1.835229084 4.225496340 3.421949428 4.497755108 9.506787146 7.367953130 1.316883245 7.195860766 0.894447317 4.340276574 6.748080366 7.183731694 0.341085350
26.206560387 5.185524189 13.768860130 0.595885162 0.141266291 0.682703768 0.398597886 -0.497507613 -2.610678986 4.605412939 4.702703629 5.694266160 5.328285632 1.900863674 3.094782311 -2.140550917 4.367803298 7.216577969 4.037263704 7.557047203 9.231202543 4.318618661 3.280318677 -1.501704806 3.334266105 -0.292460197 6.137444852
25.332711388 -0.929231767 6.889597405 -0.245542808 -0.699910191 0.087966402 -0.664903276 1.882072356 6.318022162 8.553249615 5.433047191 5.033071855 8.235256262 3.894530871 1.100737650 5.447633604 -0.719877714 0.042099308 5.240298421 4.449058253 7.504870346 2.875439260 9.709385458 1.168441930 6.265375129 6.620626081 2.513799977
27.676506792 3.927353418 18.514380785 -0.828065265 -0.395455666 -0.388443280 0.083872234 4.897717138 6.504799397 9.938663815 4.139985941 5.735565065 5.948407182 1.981069744 2.307701310 4.549100310 4.716174593 2.593503884 9.905528713 3.149190568 -0.660678877 4.092034412 8.382221587 9.776258998 1.028975769 1.038989432 -0.201850803
20.619791212 6.480950509 10.241401551 -0.012897537 0.556925765 0.212486765 0.802817987 6.266035020 1.219594991 6.206646538 2.940899785 9.620994546 4.153852919 8.007905829 5.264216482 4.617851202 -4.703443620 1.357280723 7.800993058 7.844737864 1.387734916 2.620955429 4.138414058 -1.449973541 3.420849177 8.428903611 9.142027123
25.006656405 -2.719526968 7.204333458 0.095748512 0.683980561 -0.078893434 0.718873175 6.000349969 5.996922261 6.004252213 6.393518208 0.768585963 1.819090593 4.232989849 7.970660329 -3.235666888 7.010120403 2.594451608 0.670770350 1.995204014 3.864182220 0.034240456 1.076859551 4.882260638 0.029678222 -2.127986984 -0.849082355
18.716306912 -2.886753605 12.847003320 0.873888435 -0.401450616 0.220446218 0.162971995 8.142346598 -0.877168788 2.299534407 6.099284675 8.404678537 2.829806780 0.704279987 4.418181181 5.871859577 1.145136731 9.494227592 6.132294422 1.405097341 3.880917326 1.494845384 6.370211442 4.662027927 2.818360301 4.967948536 -0.551163445
21.650147062 -0.445627214 12.435809589 -0.284221967 -0.578694401 0.666747318 -0.373869866 4.276752551 4.281839743 5.746811979 0.790717116 6.742704252 3.832675301 2.048251912 2.953996053 7.101422591 -0.303673860 5.021358833 6.621081154 -3.350775538 4.640525690 6.444861637 4.727970967 4.625745972 10.435538226 1.382732419 10.152780509
20.574344377 2.865181323 12.578038646 -0.218292664 0.267702563 -0.060671423 -0.936484185 6.269866844 0.044594084 3.245908675 3.119434088 5.302862881 3.284481033 7.071580922 2.398753089 1.596659664 8.779071709 6.372305472 1.798257104 5.404092241 5.338695775 3.598446277 6.527367056 4.789838162 0.702803499 2.359570346 4.926889286
23.262379863 1.001610739 5.821056479 -0.119855649 0.301508074 -0.937379712 -0.126675885 7.154694013 3.675965010 2.397172334 4.001839880 3.688784681 5.402305245 -0.383837457 3.105862931 -0.431583607 4.316501217 -2.148535532 3.678895918 2.454001012 -0.376041732 2.636374731 3.417759599 6.298689038 4.078534124 6.760555795 2.364613576
17.682352820 -3.431248314 6.215200148 -0.260714742 0.944394976 0.196962643 -0.036765067 5.417798905 9.718786912 -0.035378326 4.835572272 4.544419484 6.359209339 5.284895587 2.001915041 9.345860418 3.454358236 11.417113899 -0.058193369 2.868492958 7.925450295 6.886729009 5.959845440 -3.219866057 3.995605684 0.064186613 8.068003151
21.087412703 -8.541433890 14.034110587 -0.522873649 0.404039164 -0.167808872 -0.731570696 1.043846734 2.375734131 4.445971619 4.503380171 7.104147151 2.882517745 10.107922283 2.149592218 0.772206523 8.250427027 6.507582915 5.591309523 11.159699060 11.928162762 2.433514903 -1.005734751 3.901086199 3.934878422 6.748605762 6.541503903
17.288666380 1.302214944 15.771986446 -0.030526631 -0.092190939 -0.588408985 0.802710297 5.235300360 3.970102371 5.704699566 13.096355536 4.070440180 0.033071461 -2.058286489 7.349942117 1.415921876 3.101478690 5.993209442 5.164486914 3.548170735 -5.323045643 1.620760143 3.210984129 4.576838191 3.925559910 3.750344589 5.788267017
25.275951517 -2.372940831 6.224260151 -0.140674518 0.580199817 0.414611470 0.686786853 -0.927329306 6.963451025 2.574798979 0.075747235 7.629783237 6.185739134 6.899604953 5.227926546 1.756686592 0.154040020 5.061976254 7.204248380 4.187302039 3.539014400 5.210507801 3.338839904 5.356498706 5.197188426 4.310549598 4.933606152
25.681676212 0.760000156 3.919920451 -0.031760205 0.040764857 -0.980401180 -0.190113237 1.926434636 3.260531765 4.510892016 8.321838785 6.224325858 3.414183237 5.897241274 0.308602090 3.218560830 3.446745364 4.646341858 4.463307349 7.635666118 2.739840948 4.971864906 5.997324753 4.203666573 3.299419489 4.330852190 0.661079598
23.365998473 -6.201604619 11.477542922 -0.380532007 0.716120767 0.433573021 0.392913317 4.331518291 -1.359736769 1.119245275 3.173375211 1.448088209 9.874707787 6.381559143 6.579110703 -1.824996104 8.416488381 1.862952203 3.283290758 2.573829821 6.462907555 5.412065910 3.108035464 4.548015136 6.696595452 4.341954713 5.234189732
23.014196726 -0.547362348 3.411345239 0.463196502 0.706656017 -0.467257742 -0.260300742 1.660131056 5.822924895 5.877722195 0.649918859 3.148787405 2.987093817 8.187535932 4.854450442 0.991782770 0.304918008 0.459717956 4.885735020 0.913949177 1.772909679 2.223518108 3.866910148 2.248205926 4.239358997 6.486701397 6.754863571
23.743961035 2.060261701 14.822661968 -0.912030208 0.363267007 0.159385052 0.104088358 5.698838016 0.141221703 0.039120523 0.114340258 6.888142480 9.086971019 2.838865535 4.082097677 1.877688051 2.316112370 5.322667881 1.792322676 3.595562117 5.998488728 -0.564309288 6.779423506 6.462827472 6.016017212 2.022529608 1.441470628
17.973671629 3.863448636 11.100054329 -0.476790776 -0.298462995 -0.055611077 0.824922908 10.110017513 8.556235307 2.420550943 0.619500886 8.515574526 5.275405287 4.841716209 -0.981693175 10.180774312 1.132359716 3.436963469 8.714729155 4.669996642 0.399958205 3.906352348 5.076537679 3.361842766 1.006687978 6.422826551 4.863034235
27.284808468 -5.289080178 18.118974796 -0.475599368 -0.130994606 0.702473308 0.513007706 1.785232456 5.719061342 -0.077949655 0.958803027 3.022588681 5.576703146 5.342515676 5.381378380 1.410337784 5.432996437 2.539761743 -0.461137811 2.864490828 5.223671360 5.999323794 11.410353476 4.658684846 6.025061657 9.333986728 5.860292999
24.014054802 -7.482979269 13.061812472 -0.856823605 0.510187663 0.073423865 -0.013068846 2.708716144 4.387464144 2.407046956 -2.936593147 4.880025516 -0.312976576 3.497199825 4.544502869 6.989884873 6.306070012 3.847569070 5.015801450 5.599314957 4.179201420 2.903926604 2.915399085 -0.503856221 3.349206254 5.554235682 4.112650174
23.416511838 7.065839974 6.153250854 -0.028924351 0.419364315 -0.604266269 0.676874604 4.008906187 5.733773489 -2.094855918 -2.691206369 5.399675136 2.682594761 9.632928450 8.456157501 4.498297561 1.096822568 5.478425247 7.515123822 2.797556988 9.382671474 13.143342581 6.838696028 2.805576784 2.322943115 1.622954473 5.166639024
30.699734571 5.495132306 9.228283298 0.679346161 -0.337210410 -0.173002121 0.628369477 6.676212257 4.550813581 3.565728649 7.386283173 2.700470757 5.246405592 4.945282498 1.161173123 4.453725346 0.649181625 -0.337929730 0.304506147 4.317992976 0.026882667 2.058165296 0.210347104 4.518513683 7.392383311 1.257879591 -0.366868226
24.973595121 6.365270518 13.799496199 -0.568261296 -0.548805809 -0.175151105 0.587548614 5.195079057 1.931621401 4.082681087 0.409289582 4.596545928 4.955366886 9.146272949 2.174770541 2.769110899 1.340775750 6.108553498 3.884327269 1.265722407 2.344462281 5.751580161 5.977648403 -0.392587896 3.513386415 6.522512605 4.571041074
23.498292569 -0.462909920 17.825116503 0.852354361 0.119083850 0.106026915 0.498065631 5.332384789 4.517689259 5.025625608 3.460149292 3.567498952 7.632227148 5.537766616 3.586668401 8.529059531 3.589015796 2.393976849 -1.283699022 3.358230210 4.733922648 7.524688785 6.018947681 -0.633044622 4.483908175 7.490071564 9.891180363
29.985571669 -0.151445537 12.013430528 0.304085548 0.411010312 0.504412983 -0.695823286 5.066890612 3.786385426 3.023805104 3.209865433 -0.053201206 4.625656366 7.368706312 5.049679758 8.652480338 7.588054250 1.864639335 3.131867406 2.519451461 9.350634946 6.038181030 3.150026526 2.190283605 2.813062955 13.150373563 4.096888679
24.546989195 10.246570033 16.126776056 -0.164769047 -0.729633371 -0.436064331 0.500334092 6.219809088 -1.705019721 5.984924933 4.992841363 7.752433912 4.424694116 0.613447859 2.392372240 1.605832896 3.367275573 10.017295079 6.156613964 8.640565806 5.883922761 1.643002389 3.870779237 6.819099556 2.634265471 1.025388521 0.572392110
28.045643343 4.529096658 10.832519564 0.318104456 0.665507512 0.641188225 -0.211629314 5.925691572 3.706744729 5.495829325 5.130918183 5.578781171 2.812327142 0.914131747 2.683689951 0.518955627 6.311943536 -0.130391303 9.151535817 1.657474505 4.534735536 4.630342911 3.964927439 5.028292652 11.513722668 5.575273741 5.909517308
22.824536745 -2.703205229 7.769784470 -0.444433870 0.513172894 0.593880819 0.431784309 5.530375583 5.019940885 7.783143933 6.794578266 2.754411403 6.298952553 -0.301578641 9.446343300 4.073858641 4.241260248 7.604008214 4.505408948 6.141734648 4.331849468 4.360590190 8.234750443 3.521177472 4.353486680 1.773166330 -1.506385484
23.793761896 3.358832802 9.888531227 -0.779372882 0.472955727 0.356374245 0.204666041 3.783307406 0.989653330 3.601729094 6.173779201 1.805082123 -2.055105487 4.680665535 1.091798907 -0.323733227 8.624087258 2.968861840 2.591504761 2.721802612 5.877021782 2.616046759 -5.162058006 9.359575800 5.749292502 5.453068522 3.191296066
18.196276270 -2.870741833 8.035378176 -0.467704026 -0.489430144 0.679079056 -0.283835716 1.582968793 7.167362474 0.955826307 -0.407973949 5.808606301 1.571829923 6.209227481 4.843928877 4.125781941 7.478269382 6.568345900 -0.156733674 5.060958662 4.470698890 6.251600965 9.023825187 2.164367254 0.941542904 1.139429875 7.957970976
22.476953125 -2.921421217 14.822900982 0.580723469 0.118330046 -0.090386316 0.800367770 7.296168122 5.058933719 3.252167481 7.234082967 6.995697493 4.311932579 1.832976160 -0.112454644 2.108560583 4.579915791 -0.118131999 -1.276650296 1.181299927 7.171928722 3.545691086 4.403487309 3.801851216 0.735435781 1.518484910 2.862697920
30.227522297 3.530351722 10.215419970 0.717666651 -0.438119348 0.294750032 0.454013694 5.056786972 6.144083336 0.216340033 -2.603834524 -2.492277982 8.819899181 1.244053630 5.456211710 2.992865321 8.339814678 6.537334851 2.621792364 3.432579172 6.438038688 5.414354008 0.982862880 4.173926072 2.519516393 4.931601922 5.201019664
23.169660652 9.716881752 9.046921013 -0.582209714 -0.612744247 -0.460185231 0.271672393 8.661744567 8.012331760 2.847122477 2.214889169 3.245149936 1.592359989 8.630933483 7.427940419 2.479865537 6.223726173 5.645904301 3.178776968 2.148187936 6.353036592 2.225586377 6.942555949 3.072487091 10.457210419 1.794676045 2.018625755
30.021885381 2.094083550 7.418577617 0.518558419 -0.309952725 0.767891553 0.213000085 2.976859663 -1.886740262 4.453619157 3.194221676 -4.384315654 4.242415086 4.408503104 1.013660509 4.476233275 7.029046939 7.190995012 2.521695223 1.095947974 6.363067097 3.457805615 9.048620121 1.215408163 -4.142544568 0.897551339 3.664485421
24.199573721 10.053427908 15.587270781 -0.323739123 0.019815205 0.782127551 0.532049652 4.861627371 5.652555538 6.868710993 11.040634970 6.074899289 3.441004526 -2.317470882 0.931669052 5.304244881 6.085154234 -2.118589454 -2.508981549 5.286679339 -0.840772362 1.795447669 8.854746239 3.370936738 1.365761396 3.108047229 3.451086974
19.109975180 4.861883273 20.316598938 -0.123135795 -0.612610992 -0.660308089 -0.416579615 3.822049752 3.585623021 3.503819455 3.499673423 13.251409420 1.394538499 3.728240244 9.899369514 0.474172737 2.628752621 2.499362141 1.444372419 4.337428277 -1.602587894 10.110943404 1.166291995 4.627795559 2.665999802 5.725119259 8.384468907
19.516146901 -6.233360655 12.484859538 0.053766883 0.541212034 0.216983827 -0.810627335 4.345894168 6.486946776 1.109594250 8.858561886 6.597663052 7.352299424 9.444357981 7.065133932 3.358362890 -3.108453486 0.142446201 4.710056332 1.047462117 2.321817099 7.389347529 -2.624887122 5.109550011 3.965454005 4.116848442 6.308158386
23.148578907 6.208331027 10.418542175 -0.066809456 0.310624149 -0.536134661 -0.782054192 -4.334627427 2.220438216 6.435648421 -0.753513526 3.245268232 -1.433632660 6.945449474 0.365662516 4.568683198 1.676347073 -0.510118159 9.059524101 2.705994773 7.580462379 6.359987324 5.054799053 5.837537810 -0.503945980 2.976559556 8.642875800
28.853423772 3.055398864 6.366247302 -0.350469660 0.006100112 0.924553886 -0.149445366 5.818140972 5.507161116 3.292792264 4.238437335 3.889887123 -4.477062647 10.184534454 8.950037881 5.322312761 5.886425319 6.977631642 0.760768917 0.709388829 8.020312196 3.219021880 4.885108042 0.896131929 3.780279493 2.119954694 3.399764084
26.699448750 -0.714086068 12.211039274 0.611793998 -0.480377278 0.627723017 0.030159387 6.694068508 6.930318035 1.244766938 5.613929202 6.103532330 3.834227402 5.050559287 2.391314605 -0.065268822 3.422013281 3.478749511 6.564576929 0.991824999 2.951590947 -4.382143215 7.341952955 -0.453048130 5.638228014 0.498776674 5.908610999
28.210851469 0.899609797 6.760532978 0.275858816 0.278597520 0.835894853 -0.384142070 7.959299061 4.945548464 10.417320942 4.813484978 -0.074101309 3.228248319 3.443123544 -3.556247525 8.466726591 0.706831064 4.556739016 2.981605960 6.116742632 7.097434631 0.045022512 5.916870001 -0.083602779 0.348345215 6.172400855 -0.959662365
18.455861437 1.474516314 16.793785214 -0.516266563 0.798997887 -0.219661918 0.216378961 -4.745880119 3.565464276 5.461971435 8.315860231 6.517132892 -0.070927240 1.935800062 6.008927736 7.518265100 8.770143713 7.712292591 0.067717597 1.123142568 5.318085342 2.348239184 3.430322109 4.712143300 2.904358365 6.797858601 5.336347635
23.630910351 -4.786904134 12.790700379 0.052355176 -0.866320399 0.268676801 0.417804594 8.717775399 2.403309619 5.651002283 7.403356979 3.308763386 2.677477086 -2.256284246 6.721513225 6.198798529 -0.406967132 4.913173296 5.925562908 3.891601426 4.301111401 3.968524772 0.229369250 5.552099569 3.781651109 0.168033486 -0.276638188
18.625229924 -5.727566246 16.545954345 -0.623323195 -0.159729600 0.717463556 0.266834585 4.140213528 5.011669298 4.930817657 6.072663786 4.436816767 2.333162911 6.468959905 3.037266805 11.223724899 2.553312406 9.760611789 4.178945455 3.186256575 4.672669835 5.321483203 3.684455237 1.469383269 0.548340714 8.489253367 8.238179182
21.536766574 -0.682636177 15.927727884 -0.208794613 0.376599307 -0.070137359 -0.899810270 4.446022160 3.682544661 6.205899791 7.847298612 1.581596770 3.101115576 5.884588533 2.378678238 -1.026570079 4.352465947 3.042864765 8.318852063 6.284553350 2.362992802 2.662277715 4.825681250 4.755533048 1.372446769 2.403173178 4.513646003
29.624532600 1.480175845 18.620578765 -0.539947520 -0.259381228 -0.678252230 0.425619510 2.086076952 3.817101773 9.438692571 8.218052936 4.534709765 -0.236232589 9.988661400 2.031891103 3.972666124 2.679367456 6.346407213 3.810918075 6.499119605 4.771841346 4.859883063 8.212664766 4.109678063 5.863706528 6.442409328 4.708123058
26.055278853 2.950869029 16.700428826 0.414208739 0.781596866 0.020222175 0.465970517 5.725610287 8.632693738 1.935924008 5.048065675 4.417658501 3.023500420 2.964317906 6.297222844 10.728308368 7.031148443 7.120959620 1.595930175 4.201723377 5.866511466 7.221132333 0.013184747 3.324296600 1.290930822 5.496271078 4.531982886
25.415707608 3.025350713 9.893178663 0.542151633 -0.537140500 -0.168270324 0.623888442 5.258649743 3.150900960 5.604180334 4.120307713 3.617962287 5.955709559 7.496929869 1.372084110 1.803161929 11.412557344 3.711059173 3.242362603 0.995912942 5.902670123 4.328290618 7.271761733 -0.950972238 3.191654253 6.969433411 2.127880291
14.176803084 0.227314521 10.652001087 -0.014560254 0.564333587 0.294171746 -0.771218896 3.486733902 5.226339184 8.279776405 2.800323573 3.737609693 6.066570693 7.770295174 7.353645389 11.193520003 9.170951171 5.438250518 4.357262457 3.370909148 1.351890023 3.441610185 3.019851520 4.986088638 1.947769514 4.850517026 3.040510615
15.160582334 0.225313966 14.652908458 0.600173634 -0.786945107 -0.066672273 -0.126743106 4.350880229 3.072580222 -3.138815768 3.891250741 4.611002365 2.014219772 5.617290091 -2.142659141 4.895069418 -2.761922437 4.576992819 3.148733524 2.898432259 -2.744480455 5.900475694 3.444500265 0.590916362 2.401633474 4.848850436 2.812084185
22.554259109 4.711790545 20.855908592 0.022737169 -0.980739972 -0.090477268 -0.171598346 3.962884265 4.019861728 6.408096974 7.089674875 4.819550632 4.745295956 4.487910838 5.741150855 4.741952476 6.269747141 0.750388017 3.368116780 1.452312436 2.340274345 1.882532879 0.660834802 3.932786128 2.486576838 5.831012309 11.618141778
27.057768720 -4.948508643 7.814589534 -0.786283043 0.434568577 0.110609102 -0.425058532 8.714526196 2.823041508 5.186250186 3.762885217 8.155686459 1.193632668 3.571979841 1.704172120 1.679097037 6.795338969 4.221411069 4.414286291 1.347116165 5.464629290 6.876690014 -1.639767242 3.086611915 9.883414523 2.631340513 3.692605113
20.463512382 -4.649614015 17.818621442 -0.302856600 -0.408900551 -0.708440248 -0.489071196 -0.163071009 9.944221854 4.944556502 1.764932450 3.636479727 1.974034441 0.429438657 -2.869358873 -4.110997555 5.354300033 3.034327636 5.014639658 10.940115284 -3.036962994 -0.482406042 2.941802371 0.084640970 4.988259213 5.986101298 4.042235493
26.781960523 1.464272922 21.817532830 -0.457830601 -0.069287601 -0.861997668 0.206277457 3.099440600 8.125862776 -0.078907530 1.388431966 6.409761238 3.747539921 4.482305495 3.453750325 5.375472626 3.327903188 11.827786195 10.077520825 1.929206879 4.106033836 9.759806381 2.363453234 0.165981511 7.045289428 -2.232780662 7.581714583
23.690296680 6.365221533 11.422786324 0.668468099 0.542276470 -0.041241405 -0.507332019 10.940596453 2.679970480 2.855772335 7.285273527 3.640854259 3.790013740 5.360052089 3.521422237 5.569905089 2.926601366 6.302570816 -0.097949145 3.477132689 2.706140924 0.450157269 3.799962804 3.634781785 3.660737557 4.577309608 4.331931637
22.277060012 8.789310825 15.156448836 -0.207801219 0.318009335 -0.749557204 0.542081833 4.854779281 -1.710338412 3.635496689 2.330504055 6.330901611 4.798838219 0.439963865 4.049440124 4.593919594 2.307387463 8.772040409 0.137464953 4.115405943 6.283303259 3.060550010 5.661293308 -1.598138332 -0.148132253 5.202124486 4.420314358
19.497722668 -4.695263175 12.762368100 0.210462196 0.782660934 0.457898261 0.365344644 1.397200297 3.738479186 2.983690738 -3.227123281 2.567623638 1.458492493 1.812470178 0.025079860 6.826093180 1.209196675 -1.143102999 0.590361160 9.682205539 3.619366329 2.256153813 -2.904474683 1.024905315 2.599726875 2.030391911 4.837371642
26.028180930 6.173990812 6.178829341 0.842579614 0.308736963 0.126548918 -0.422760514 7.007161057 1.768004691 4.920439270 5.537158316 2.589778683 4.817322144 8.942400298 1.167625152 7.561386735 2.456160720 2.290332786 5.060271081 5.263670915 3.731378476 4.872385619 3.050527122 1.740863971 5.762189215 4.255104212 4.576088228
29.291869876 7.091222594 14.043544416 -0.169434447 0.139736745 0.527052582 -0.820963572 5.133920300 5.275154341 5.273337669 5.868215358 1.148105534 -0.236321733 9.567860097 2.574551684 4.639528697 -3.915592967 2.394917200 3.552750581 1.448538965 3.898803854 1.075056578 9.025250262 3.851371491 2.128079800 4.817195309 3.307546433
16.560942557 5.921039274 11.321964444 -0.196572768 -0.430026950 0.688064273 0.550457560 5.679316828 4.226497628 6.828112983 5.253126015 4.997505842 2.705659683 5.298093936 1.599026086 2.928035512 3.949090612 3.815793998 3.202034765 10.870664879 4.468059371 0.424624279 1.764919429 6.781391008 3.004582762 -0.150427963 6.042642073
20.597957147 -5.381931391 6.209195586 -0.069570149 -0.574378343 -0.659251706 0.480246500 0.442444288 2.068166299 -0.032332782 10.577032788 -1.955065019 6.901190777 2.885739599 1.153872371 8.785079115 6.805509653 5.562264844 5.100939288 7.721741476 5.209868336 3.632436704 2.096559911 6.779362714 0.714316472 5.453842423 6.782997649
22.428388823 -4.803494105 9.356616097 0.793045144 -0.419968012 0.079144303 0.434099583 4.188948540 2.668875462 2.561362128 6.110436179 -0.145874579 4.439073063 2.764393941 5.276095540 0.644325213 4.064317121 5.629294949 6.615775643 4.008505909 5.477229256 4.124030455 10.317622583 4.168719298 2.208319250 8.163324963 9.643047191
24.191898509 1.380518594 15.486890091 -0.324169409 -0.325642034 -0.753775747 -0.469780357 1.490486799 -2.039305945 4.865202750 7.262832593 4.529686163 2.896145220 8.388969462 4.943499204 1.186837689 5.519208791 8.134821412 2.453666832 0.749440107 0.725992370 5.687408202 4.879459215 7.872224692 0.179950243 2.827215037 5.631543347
25.150448883 2.803874680 14.976935217 0.834281578 -0.465025546 0.012720968 -0.295911585 -2.774139711 3.403940943 4.654074126 4.592433451 6.325657560 5.907660542 5.335935367 -1.364695352 0.148302379 2.475047816 -1.211806757 2.070110277 5.933530230 4.307721545 -2.636178066 6.856549769 4.102755527 3.126302502 2.663152591 1.152120053
24.375492640 8.167963946 9.663123591 0.132386065 0.866694222 -0.469244032 0.105475560 3.428182603 7.712183029 8.227008654 6.848901053 4.740796256 4.198595738 5.149744005 4.791604275 4.776278945 11.508123382 0.151845397 1.863876259 4.284058654 5.600598487 4.857870954 1.425818420 3.873142656 7.254014214 6.661898450 3.217215759
20.764851090 1.911730533 8.124823396 -0.767907603 -0.541715934 -0.179284812 0.291064799 -1.008472129 4.385733095 5.279886752 4.418769807 6.191386856 3.371110395 2.469509759 1.529247637 2.964353189 4.011221440 -0.441853645 8.155959486 5.656989700 4.510224206 9.316844403 1.919631413 1.400628184 3.731889031 7.328974170 1.185451929
24.357502876 -0.114872906 14.439386162 -0.083694913 0.008274526 0.722093879 0.686663763 3.809722847 1.028787973 8.650958810 3.367194206 7.194901680 0.657796370 4.598932456 4.241014966 1.150156107 5.609350827 2.342494154 1.503236409 0.852261244 7.971602883 1.544085346 3.602933166 0.187440921 3.075989786 8.274321405 3.596874078
25.213644982 -5.209704599 17.570471879 0.462824907 -0.476435202 0.282889993 -0.691936309 6.551852504 1.871876052 9.201937714 -0.769396126 4.015761123 7.627389284 2.760568030 2.354408124 5.485694343 2.106820745 1.034158056 4.086622276 7.278525711 2.233773225 4.527164105 8.845126190 5.285417090 1.519651490 4.072548754 2.392063146
25.291581898 6.068276213 12.525842192 0.200223371 0.812595494 0.542863460 -0.069988776 1.693210222 6.515161758 1.226810700 -0.493546314 3.642932500 5.278030094 6.988340306 11.035012135 -0.497488603 -2.009319053 7.485667329 4.871907815 6.109112989 3.754354017 -4.214124527 5.196081517 3.093660767 4.218666418 9.394505337 4.328499705
27.421484954 1.839429317 10.120525262 -0.486119981 -0.845182572 0.206024977 0.083111322 0.113039683 8.866019921 0.711542894 3.411394421 -1.565075668 2.455788448 6.321881396 4.010050835 6.867324818 2.237133278 -0.525930040 8.537467616 1.016284909 3.303990239 0.976232946 7.504073434 3.445941622 4.997044146 3.201710988 6.167750257
23.025163965 4.757662187 5.146291281 0.785080801 0.102238439 0.279606504 -0.543153422 5.387315754 -1.261059806 -2.683857498 6.844067038 2.505862802 2.994337116 4.599413100 4.760466780 1.726348946 0.885598099 4.648340064 4.785755810 3.923579947 5.942743803 7.493649701 0.894807997 4.447157211 8.412921375 2.808861907 4.855578812
21.043164473 4.296643651 4.579324223 -0.403192549 -0.527171930 0.349441768 -0.661374308 4.445952989 0.505877052 4.871083335 7.100585118 0.827995769 0.880761494 8.748110145 2.716317710 11.831013841 6.686291851 6.705585902 2.392544847 4.944131142 5.611965802 6.834245714 0.515172360 5.592143201 4.966339397 11.003184441 0.394341727
29.168796502 -0.762897504 10.554238011 0.794127435 -0.462762849 -0.385800134 0.079814909 5.055400266 5.685126603 6.994981330 0.275870861 4.243259043 3.215021803 1.523350417 8.747796766 1.946250271 1.603553004 5.430312718 8.078327073 7.795047246 -1.756768426 1.843071941 2.495325518 2.424508354 4.767587045 4.830459209 3.973483004
20.749618779 6.109694085 19.309975317 -0.112429719 0.539315592 -0.157034363 -0.819657525 9.118674374 5.054613857 -4.679116390 1.975471769 4.075342803 5.393293803 -0.287796428 5.092324252 -0.251502102 3.432894331 4.411336784 5.276352360 4.039132980 1.024618523 4.217386642 -1.570438116 0.091438683 2.682385766 1.932230139 1.726526455
28.567519137 -4.230040343 10.426235400 -0.738819363 0.038674360 -0.369780857 0.562060816 9.172355062 1.141714802 3.773872023 6.961460948 2.992073545 8.697121290 1.222536780 4.984546243 5.264724337 0.644980202 -0.874391382 9.242369798 -2.648068080 4.430636964 1.714793855 6.047551900 7.190832911 6.334381519 6.688113348 6.886044858
20.241179894 -2.506234045 12.499406172 -0.730881456 -0.419983777 -0.537122132 -0.030425959 1.953455142 1.341677857 5.712841952 1.972318088 2.464154320 5.919488208 8.730198334 7.283870286 3.516908381 5.333541902 4.195149604 8.487348654 2.240615036 -0.425293807 1.452276002 -3.017375246 2.395994176 2.772602650 -1.016508454 1.585948053
24.954573924 -4.223380701 4.866572406 -0.323391454 -0.560569757 -0.754001005 0.112525546 8.249913504 4.160981171 4.646535108 5.435603016 3.890827157 1.234058101 -2.218238114 3.372356429 1.267461123 6.281429877 1.003126304 3.684747950 8.514869145 4.697407887 5.912499095 0.990814801 4.318662308 5.048559151 7.623851383 2.050738672
22.393418604 -2.003823777 6.459096769 0.858936234 -0.342255547 0.122614869 0.360631779 2.980280568 6.095453744 7.811275853 -2.812714574 5.186034947 1.270144796 -1.180009304 -0.016555591 6.153751896 -0.229411375 6.782636359 9.748585462 -0.029202729 6.686925151 6.143372036 2.818913145 6.029968020 2.923031021 3.852430654 1.635111654
22.719034008 -2.107487270 22.277666762 -0.119527910 0.964167144 -0.180698066 0.153111087 -1.091707708 3.554885867 10.205265963 2.113159244 5.459655258 8.014152315 5.756539811 4.913961515 -1.832593863 2.291865543 -0.697431219 3.066394781 8.580415520 2.562958323 2.414817041 4.353690503 4.831182137 3.120510221 2.058628524 -4.390039964
28.191379726 -0.528626485 8.085170145 0.834055369 0.330192178 0.293109994 -0.330773787 2.172839024 4.684032560 9.268173508 6.289378581 -1.335940891 7.797300484 1.358750440 4.643652676 7.616267098 0.645396193 0.758581870 7.475473562 6.777817894 8.064943409 2.555337848 4.470562219 7.031611768 3.196441233 3.463773398 1.332432339
29.122582288 3.643740380 6.246128714 -0.168569442 0.557473417 -0.430478752 -0.689562018 2.101913620 3.277484059 4.193128229 6.534904064 7.320649218 3.576558682 4.529566062 1.892154412 -0.159122001 1.470128485 5.641925796 9.253979921 2.154906803 5.760205258 -0.726209459 4.881587443 -0.783785765 1.224061717 4.228243582 9.197875838
23.506820862 1.561272436 19.399925183 -0.779826466 -0.401043296 -0.099904374 0.470163880 3.502546078 3.425475140 -1.323284456 5.697045800 1.873992019 0.242076196 4.467825549 6.358207205 1.116356016 9.770295937 6.995032099 2.573564179 4.602555897 7.412217790 3.179878134 0.295651611 11.879039750 0.871683784 6.423643779 4.770054488
15.594749044 -2.823356420 12.211558106 -0.134822154 0.540851170 0.608497924 -0.564830306 3.601302279 -2.439159087 5.106240565 2.337953176 -0.053121707 7.656775334 9.573680591 7.076621511 -1.184667306 4.685749865 2.299581794 11.360719650 -1.243724664 -0.407987264 0.059435648 1.841878486 3.182220694 5.679152752 1.011281422 4.765280988
24.317359014 3.514082135 4.769959982 0.496486600 -0.122528867 0.594944114 -0.620104212 6.200573220 2.637340767 -0.224394253 3.829181898 1.770289597 8.850873327 10.464964014 5.032522260 1.174849924 1.040916178 0.724549889 5.669448605 2.371010763 0.342566715 1.846820019 2.353632082 2.862882054 6.883280108 2.116275045 4.478707532
30.312546099 3.574754974 18.913390939 -0.160027555 -0.977669623 -0.106837826 0.084492420 8.797516878 7.859791810 1.507029414 0.830531593 0.402126048 7.037721443 3.678146620 7.280865854 3.928454346 13.678745167 8.609914718 1.600724396 4.086162389 -1.109858148 1.083694193 9.321739106 12.417565745 2.324809156 1.913717869 7.038447929
22.082648514 6.316207348 4.512403914 -0.551105965 -0.408621097 -0.063837803 -0.724731502 5.879272875 2.673969579 9.008973925 1.052827386 6.756673810 3.896973036 8.579405315 6.513892665 5.286003299 1.200741326 7.668121893 3.457807287 1.178408051 8.269512017 4.473573228 1.776445368 7.527495036 9.664938827 7.020061521 3.966434089
20.335973625 -3.600530374 4.936911628 -0.109656698 0.864376225 0.482273927 -0.090780007 7.348339646 7.452853416 1.032709805 1.819248703 5.654398997 4.438784461 6.666467450 7.776255860 3.707769496 6.772937555 -1.345364273 5.122470549 3.094923225 8.972450709 2.347531642 8.567801121 3.914984686 1.573040716 1.000333314 -1.524116271
15.714287768 -0.524959145 12.125003253 -0.067296804 0.447898327 -0.390121245 -0.801663049 2.037627023 -1.093603265 -0.144379100 5.534683031 3.844424825 7.230091284 2.745015916 1.117556107 9.212182866 6.277021630 8.002099402 5.405736481 5.441041044 2.857956342 3.253150429 4.009964703 3.471014860 4.857862608 4.432717705 7.375508783
26.524333161 3.084468653 21.043028527 0.090138126 -0.042074853 0.186105941 -0.977481153 1.710169420 3.501245750 4.580994604 7.324641705 1.572729756 -1.833403137 6.036766137 1.317808123 4.500213440 1.145800212 7.950080853 -1.129871272 9.473312739 3.118446955 6.144224662 7.304531474 5.312989055 4.696756595 -1.862493332 6.746206641
31.007432876 -2.233381077 16.214970798 0.540395787 0.492023874 0.108901785 0.673813997 2.448037407 1.592353664 5.235103658 3.869504522 3.916614460 4.032079377 4.080444809 5.000599081 2.128182867 3.022283476 1.743131982 7.895326346 0.352723686 3.288665227 4.923654866 1.946386575 5.348680044 -0.239610345 6.451963468 7.707950750
15.550786025 2.507640062 11.492288924 0.706206513 0.673832467 -0.203753402 0.075542826 2.309622781 2.695020282 4.128904852 -1.982918085 4.101152499 -0.795493317 6.948713453 2.491715478 3.612815832 5.478491342 1.088520017 7.464185208 1.886637678 6.198939207 1.657930278 6.172303104 5.394351702 1.462255822 9.176434469 4.615977613
19.032671566 -1.153832403 10.033505868 -0.397310603 0.547382753 -0.023781068 -0.736173123 3.030328390 6.366792795 6.527532578 1.200929539 4.299967218 10.601834244 7.196060532 6.755564215 2.991172837 3.970135280 1.157720428 2.695784313 1.316545609 3.903909022 5.532760753 3.743416694 3.008514932 3.046167982 0.354362223 4.250302228
28.796710926 2.337941799 6.941237240 -0.362845566 -0.652546986 -0.660704157 -0.077430898 -3.407921477 10.539799238 3.851456687 5.829939005 1.452187234 5.550164765 1.521757649 4.884285369 5.366186063 -0.738442873 -2.392211293 1.184297420 2.911449006 1.120142749 2.079395777 4.095219734 2.156820901 1.565312093 6.272333053 2.278842641
23.555682278 -0.530594933 16.082771940 0.586012569 0.440488199 0.679897747 0.017276252 3.304387372 0.403581567 6.698137238 4.661419283 2.868993062 6.461246463 7.823865173 8.057203061 7.186527268 6.440114403 3.105087109 5.111832642 6.673975537 4.932732184 8.427271688 3.651924862 9.045171199 8.887478485 1.739053566 4.725874827
15.275317770 0.449208215 13.019727907 -0.433236189 -0.017676334 -0.553046742 0.711430427 5.423340459 0.566688926 5.032510425 7.818834049 0.053468993 1.221705805 0.942764478 0.211511119 0.905111128 2.234351209 0.766532579 3.993046017 9.786343194 1.795626009 2.766246862 1.612621841 6.912318569 4.574311654 5.137945689 1.522087945
15.599838485 5.975104679 12.433112884 -0.927929248 0.299887545 -0.177370915 0.132492751 6.386271027 6.695228549 -2.101869603 3.425945580 7.207250541 7.978731163 3.165893855 3.910508376 6.326713072 7.585513751 -0.995333742 8.255598533 3.237458981 4.834505743 8.557230970 1.546313229 2.904703275 9.946096032 2.291013734 7.020947857
16.274012841 -2.202399907 14.635696450 0.335170080 0.068533772 -0.359406350 -0.868211504 0.217932306 1.595594423 6.866512481 3.290607776 3.441795198 -0.861159011 1.408029442 7.498635312 11.852508782 6.032877807 3.445857512 5.433262271 2.051211485 7.912869178 7.162428689 5.180035572 5.926197285 9.440642326 6.117685367 3.917811620
20.054112582 -1.049118069 5.224699810 -0.606088933 0.491921340 0.533737302 -0.325260041 3.856587595 2.802908972 8.317449536 -0.060499895 6.331663367 4.153643829 8.303495729 2.478803777 2.533280995 10.153291439 9.086016016 -4.527245535 3.954450013 1.372349316 6.587692075 8.137673850 4.892879940 1.850887989 4.060515351 11.314585619
20.884733168 5.262637366 18.595481445 -0.897580558 -0.299038417 -0.272543230 0.175058147 5.971438646 1.355681107 6.412969803 5.486743531 2.678427455 9.604319359 6.455515920 4.475840935 3.211236171 -2.392734040 0.493416940 2.524645187 6.067733476 4.098597646 1.287125456 4.574500071 7.958582366 5.351776707 11.847909776 5.273449073
21.815885121 4.203689962 16.340965633 0.516097661 0.006954931 0.465421746 0.719011427 0.080039747 3.413965108 6.543000176 5.815100135 7.264755865 2.524524816 -4.129652590 6.910330261 -0.995921634 6.178619033 0.321264746 -2.186205458 5.576111691 5.637458220 5.547782890 -4.199749913 -0.311558644 6.856516441 3.668676237 -0.693523160
17.578195316 7.465861960 12.564111524 0.008250342 0.961523934 -0.193566916 -0.194770392 2.810473415 5.622231608 5.864106094 -2.226897066 4.825810972 2.962509117 3.985264973 2.976091284 1.614770369 5.951265082 4.056727966 -0.286143913 1.650604559 0.410224432 3.326825386 3.146087729 1.953522928 0.157476932 5.531861245 0.134761737
30.825959138 -2.914239246 17.497481560 -0.281582225 0.898409248 0.242710823 -0.233802761 7.256970418 1.636675701 0.908427774 1.942946247 1.980247734 1.951853080 2.093910029 6.260221592 1.172085785 8.768004722 2.486632837 6.176285839 4.493482341 5.117991383 3.423515168 1.122222945 7.435254399 0.601297466 7.439768400 4.265497484
24.308025732 -8.144773899 12.877689589 0.239926841 -0.931768693 0.271306794 -0.025195987 6.299481649 7.233432359 0.987725596 9.440418519 0.195064586 4.702735601 6.596695810 5.560767164 4.815227922 -0.022971317 4.413681049 4.995316664 3.252331152 5.540067870 0.210177718 -0.716686670 2.946379076 4.424151361 8.040010477 -1.084805254
21.437991803 2.777542879 3.687450884 -0.832261627 -0.068171090 -0.440887407 0.329107249 6.313980477 4.061884554 1.135614222 7.897714538 2.981952574 1.304925644 4.080868041 2.205028633 7.689774086 4.404238939 -4.443777413 8.172978091 3.443121792 2.142331547 4.574404940 1.082906979 1.109814454 -1.678302233 3.936660956 3.999812407
31.273703527 2.749715484 15.771729279 0.240571080 0.034922166 -0.867811858 0.433368870 4.382874636 5.420167985 5.032770645 -1.551023601 4.832333829 9.271370518 3.724441322 5.602243518 4.898190857 4.685963773 4.776089385 6.443785280 2.656179681 2.008890017 4.435776949 -1.570483632 1.655815492 9.635907769 3.969217882 -0.290881909
23.002529962 -5.802279851 6.262426944 0.546547278 -0.494452597 0.245542676 -0.629691588 1.661911193 2.610520903 6.863946538 5.903061576 0.427118180 12.480433995 5.876339437 1.677415975 7.391699108 2.750201561 4.659681781 7.066579627 5.830394554 9.123430095 -2.890340281 2.236469732 5.153729980 7.313706813 3.054336683 3.656888319
19.561416020 -3.720272264 20.663389251 -0.413965451 0.292261677 -0.280382413 -0.815230900 3.405013039 2.552848018 3.536468343 9.558221936 -0.043512724 7.390504306 3.129234845 2.240505017 1.174087483 3.086039745 1.953494933 2.855191677 3.423545085 -0.656947223 1.396826390 8.988695522 7.951149893 4.420259819 8.989660209 7.132953624
24.785576417 10.014365489 13.165192351 -0.712722762 0.656463057 -0.233009484 0.082395992 4.309985061 4.696741900 0.702410788 4.293648948 2.847188505 4.744493949 6.572286894 3.511761229 2.956275333 4.618668005 6.592036862 -2.089051660 3.847775651 2.712555559 7.570122538 3.699455650 0.007458993 7.311103933 1.802988284 2.899850939
19.919536515 0.707213701 14.440417055 -0.613664893 0.788011723 0.042801264 0.024919379 7.826400940 9.276577817 5.551810512 0.837874357 3.818489881 1.782421293 0.575256079 4.066689860 5.055344553 4.880891335 6.060735346 4.034428337 6.238997282 0.644681825 3.922921090 5.894602217 10.652666914 5.241734178 2.245320681 0.052811347
17.284544158 3.340944051 19.933588138 -0.109951045 0.066817293 0.310958484 0.941674593 5.824959562 -0.020971215 3.873427159 3.171723572 6.783793328 8.687567355 0.998504564 2.726145121 4.874013932 -0.959981487 8.702134490 -0.812758680 8.642197672 -0.437766256 4.199105231 2.891400246 2.211167103 7.090647771 2.951766102 6.448076553
21.817156731 8.010600551 18.646367283 0.126409764 -0.200670196 0.907119392 0.347687292 7.227292020 4.203820375 3.091828345 6.517171782 3.441537434 5.279196566 7.208554245 7.589028942 4.763006010 4.319536772 9.861701591 3.501729387 6.110264401 6.807768596 -1.266677369 0.468301083 2.731875920 4.396045473 7.881180238 4.570116526
30.534324761 1.478685906 14.981314981 -0.044270346 0.495160481 -0.865877400 0.055790348 5.263205863 8.936217920 2.210354426 3.288942538 3.749195554 8.554462339 0.254955686 2.432796301 4.020467576 2.708906032 6.407584640 5.424927973 7.095335663 6.116201348 2.652943908 4.588190660 0.522315052 1.960132543 3.790220894 0.261302196
25.134286871 -7.800522497 9.757019104 0.391076179 -0.744582150 0.531529611 0.100663378 -0.103569716 4.886289103 4.642217262 4.735395609 7.509376703 1.527221698 1.982513029 3.751197403 1.738751341 9.864330626 2.956160292 5.823013875 6.101324157 0.848880123 6.345211788 5.408690243 2.336011742 6.466963727 3.220294631 7.458446548
23.563378667 7.199429157 7.934298140 0.246575197 -0.443106304 0.618930682 0.599818544 3.522642542 7.576507863 5.345342431 4.401533000 1.787231911 -0.362817842 3.822890284 1.306600418 5.960355264 2.607426059 -2.122903636 3.034974751 5.880475499 1.562792800 0.958690730 7.457175644 4.986122347 1.302561074 6.139688699 6.145268782
26.477187966 -2.422095881 17.832041820 0.285868961 0.089943203 0.301080461 0.905284327 9.708500762 6.755990521 3.989155359 6.278020491 5.634763484 4.381602895 9.434373591 2.416571156 5.750356596 11.159762173 5.699780803 8.169993641 6.247567517 5.677962568 5.300319003 2.521016581 1.146823025 0.414243106 8.095466501 1.242410838
19.354498040 5.201538538 16.544649485 -0.265718917 0.227862206 0.633927643 0.689643397 2.963647955 8.401927908 4.287863386 4.837102700 5.435512012 4.005655486 9.549775495 6.567266226 5.473997562 3.982815588 6.631812825 5.345109633 8.564692335 6.693435455 5.770796649 7.155765942 2.936376300 -0.679532056 4.128278751 3.177067446
19.716700071 -7.394223424 12.762227083 -0.216805375 -0.753340025 0.566894674 -0.253188989 5.056792423 2.808150522 1.221215176 1.780364149 5.782789630 -1.344004613 6.410998529 2.678453811 3.414047423 3.706163591 4.634568605 7.319826271 3.561676853 10.276448046 3.742101138 -0.892345537 5.970366363 1.441260504 4.273217433 6.543614244
22.651868676 -0.067424825 15.539592355 0.646350511 -0.566315542 -0.210320099 0.466136439 3.544668293 7.175659196 2.641838324 8.152447120 6.994157508 2.597629800 6.449650452 1.330481239 8.296905315 4.531244593 5.144405854 6.161670752 1.360879669 3.869821681 1.750467332 3.006629961 3.045053363 5.634084174 1.092075898 8.747722823
29.219016253 -2.383445530 7.672231931 -0.956071225 -0.277212835 0.038585332 0.087132249 5.888322079 -1.958512958 5.361312562 3.558737052 5.774722177 0.757698732 5.250552696 2.269400255 7.123575882 2.145675344 4.799332440 5.752501643 1.580343182 8.928148924 -1.429081232 5.373506852 3.482386777 1.935584088 -0.872736770 2.634514163
14.692608883 3.730090514 11.253372929 -0.160215721 -0.199849227 0.803747926 0.537010690 6.550258222 2.833349029 2.491849004 1.498129649 4.422994169 9.154496217 7.206534194 5.126872727 7.763909494 5.025232186 8.457912224 7.532810028 4.235937263 0.882005406 6.889278091 6.429927545 0.534186990 1.930150380 6.127790335 4.782336041
19.673338922 -1.509549075 19.111235438 0.309137385 -0.105759998 0.377678486 -0.866376282 1.237992418 1.055463128 4.262104809 3.780102280 5.103274109 3.227083742 8.357168951 4.991469052 3.845225513 3.224156956 5.045226677 5.730088557 0.158998680 8.471492539 5.695706316 4.784047636 3.433306012 5.979936079 -0.406041629 -0.722882981
24.961649409 0.529362037 6.130038551 -0.426547382 -0.439486165 0.147452235 -0.776638320 -0.399324666 7.736677723 3.373847760 3.447658585 0.608556316 3.475874666 4.555266619 0.464125729 7.716141851 5.832421522 0.234739559 6.827986514 9.215741554 4.875656908 9.787578287 3.383343276 4.502921820 8.943326924 9.751968114 1.943570419
19.416973339 1.605887754 21.720593954 0.716787581 -0.530477818 0.321448085 -0.318559219 -2.025034781 2.882706344 8.500769292 0.830857283 5.501628350 1.831196964 -0.359110398 1.900234420 2.162197387 6.468622338 2.909156411 -0.402130554 5.535244852 0.514682978 0.013481302 6.245135216 0.883079019 5.899738139 5.776685941 3.631358661
21.737730648 7.396949180 14.169481792 -0.674152174 0.666930002 0.301607548 -0.098773000 -3.109606596 5.472538418 2.063682030 1.144708662 4.116285556 6.826832921 7.623133902 3.523537662 2.123294009 3.241630365 1.528020376 8.569396431 1.012986085 5.179176187 1.107601458 2.742877119 2.296106981 0.005717553 6.923601554 3.616345919
29.925876165 -2.444696623 16.953152330 -0.029939217 0.516754359 -0.234517810 -0.822842617 5.147204255 -1.299220830 -0.036141049 3.708764918 4.087929351 7.967165334 6.213590408 3.552937055 -1.284332426 5.294793449 4.106152340 0.433294805 2.056746157 4.103555519 2.121603861 6.915036419 -0.743855433 0.657083988 1.695441974 4.939677084
19.618011486 -0.811372931 10.788832056 -0.588356434 -0.080866151 -0.733765641 0.329977811 4.656354950 2.676266885 1.260242983 2.008580782 0.381120567 4.690135426 3.950101199 3.852388657 -1.020069148 3.479602026 6.446127900 2.896347003 4.200562740 6.431756690 1.949380145 6.104343358 5.164744080 9.199081729 3.466874723 0.859729724
22.519735236 0.521442995 7.128336545 0.176008718 0.495452297 -0.849892414 0.035083283 3.004905731 3.081469739 2.655580408 3.581094738 4.220250045 1.652550447 4.964764342 7.853182959 8.708689750 1.045327204 1.188164964 9.585896975 6.076626455 7.168324025 10.977918680 8.965233900 2.910553181 0.609949271 0.526509291 10.632378434
27.546450509 3.252758809 13.722599240 -0.006898669 -0.892007042 -0.410176524 0.189818502 3.203560932 2.812280843 6.816136994 3.938486898 1.261092736 0.956560590 1.199234154 1.519024784 6.820378058 3.591722966 2.646255726 6.322019425 6.469487582 -0.434444050 3.604356913 8.775905470 2.389490928 3.492161493 -1.275982694 5.337813832
18.568423828 2.920872532 15.082690689 -0.723418169 -0.685870025 0.075216012 0.024310766 2.565644167 9.244531125 1.174163853 3.838157796 3.783371120 -1.220040578 3.403507422 3.350308583 0.171180912 3.536486657 7.849225638 6.102976260 1.241576890 2.676333773 4.107290202 1.375978349 -1.037017831 2.940063232 4.452985666 9.619664537
25.062544005 3.083418769 17.625648042 0.852780382 -0.334540805 0.261271255 -0.304278492 2.188055671 3.164784153 2.932453659 5.257388900 2.609588039 3.144248748 7.742283489 6.315534669 5.814023463 -2.921517430 2.744540791 -0.010976588 1.090621415 1.303953967 1.289815213 5.630068566 3.894116769 2.319138626 4.754457700 10.804852500
23.748801553 -4.998002217 17.456793971 -0.040967016 0.036185034 -0.996730007 -0.059511672 -0.349267550 4.656578029 5.223199020 6.603718732 5.437204090 4.286028123 4.933170095 6.886884437 4.072580261 10.776597201 -4.529538769 4.635665679 3.812072718 -2.710672250 1.629713688 11.134980022 2.647322253 4.819729922 3.359111438 6.003442382
15.513983560 0.073406316 16.237888827 0.082527561 0.741988529 0.588763095 -0.309839060 5.971524037 9.618756060 0.645270644 6.801605182 2.273012471 5.740650311 1.464635674 1.870655789 5.766471031 6.215910147 6.237077928 3.174587707 1.908688223 3.453026069 3.479251235 1.137308831 1.879409224 3.570688860 4.246730454 3.920436385
22.980281094 -3.331846977 15.207872879 -0.394679598 -0.501163805 0.361823110 -0.679813866 -4.073711789 4.655042033 1.851276111 5.663973316 5.913870109 3.503879118 5.408799214 0.390484840 6.731731544 8.242506027 8.910209912 4.318041915 4.186684553 1.217844067 9.432853881 2.686491893 5.880585596 1.987521700 4.474399823 2.907513384
24.386205386 1.742026165 17.320506422 0.003615545 0.866735243 -0.183501769 -0.463771546 8.188076861 2.956060731 0.831288720 1.119855867 5.932820872 7.807581814 2.967298092 -2.260415138 7.492793996 9.559888138 -0.322161723 3.740300995 1.537258485 9.254573252 12.179606010 0.859485586 10.340519396 7.228631051 4.915518610 4.716301057
20.786516357 4.656642325 5.592436178 0.195365956 -0.817738976 0.534554861 -0.085943069 6.755626673 1.216159346 5.280857575 2.698433453 1.841087323 4.155454785 2.601915458 0.440253721 4.280022122 7.104887995 4.183711192 5.176877078 1.219606918 4.359086286 7.783119572 4.583676854 7.872976036 6.163312539 0.289894095 7.316199139
18.479498110 5.976494478 20.039307246 0.678131979 0.570405156 0.452180148 0.101528774 5.563950608 9.517682209 2.216471330 5.530370318 9.324495317 5.104445815 9.909450866 0.579027329 2.291916866 3.873335548 5.354034990 4.538610330 7.332766893 6.922496724 -0.060210625 5.390416831 0.685665043 5.296496906 7.247284236 3.868285147
26.765432831 -6.636522517 9.734525176 0.529359929 0.251003711 0.121025354 -0.801328937 6.858882955 3.917760962 6.092972284 6.748407044 1.986711776 -1.415896577 0.381219091 5.501941866 2.971371448 -0.161447505 2.688336724 4.468800576 6.348185964 6.791742804 0.655828746 11.948811934 9.695807867 2.151022761 -0.293488816 2.689809739
21.105226477 -5.645928742 10.272706330 -0.946140282 0.247166971 0.209031952 0.005718241 0.685584233 -2.380705609 13.148036117 9.135463642 -2.100516242 3.291944407 1.110977241 3.941897825 -0.679307606 4.668730541 9.544351767 4.582844151 1.597255272 2.370808134 5.632628590 4.332276662 2.848692956 0.348395547 8.618464233 4.370631179
26.248045193 -0.834882108 20.890920522 -0.231186543 -0.181439073 -0.879625443 0.374021023 -3.422234779 6.089487974 1.564799332 5.848065464 3.078969012 5.956190424 4.708702542 0.757449438 3.757437428 2.039373887 7.523969939 3.024172044 7.278087677 -0.614294106 5.007700601 5.716469167 -0.501608060 4.676729660 7.484834763 4.382394744
16.070776633 3.295793046 13.251194077 0.382761842 -0.063326589 0.349993833 0.852635580 7.710404834 7.576506264 6.455134900 -0.534120377 3.113601557 7.281807838 1.255492435 5.878325949 3.178561023 7.141405749 -1.358902150 2.889112690 1.168488763 1.552602965 -0.126586494 1.814313121 -0.196145169 4.722143122 2.341602994 4.978359687
21.561615131 3.877512383 10.128503196 -0.326834445 -0.290739645 0.747462712 0.499949196 4.020306077 2.227056283 4.543689487 7.888145838 2.309089560 1.419423359 7.080090992 1.506982258 1.355138305 1.137288361 1.151359964 2.190836949 10.054377881 2.859892121 8.010364189 3.953208693 8.265327792 4.999803151 3.364668925 5.568979084
20.153923506 -2.221996213 19.527458965 0.811623173 0.404267694 0.181672181 -0.380566255 7.253585685 4.984004248 4.235034028 2.224863093 4.431386036 9.690821484 4.969946231 4.740892674 4.698110775 3.926860686 4.728427016 7.798781361 7.022280291 7.442857260 7.183468300 6.562509586 1.563912593 -0.150331586 6.514844470 3.400059305
26.534253301 -1.234205242 6.695487726 0.655604164 0.514051251 -0.549391570 0.064057747 3.906505729 0.708263754 3.889739480 -2.841552362 -0.495499448 7.241679674 9.107465954 6.762638323 3.440250973 6.611159861 -2.186012013 -1.453528376 5.686358687 1.982653897 5.401454929 -0.498307228 2.051502593 2.269354221 -1.839950990 5.846134023
17.228635145 3.919875339 7.313000543 -0.732662373 -0.552455645 0.021885949 0.396887406 7.868597997 2.452606890 7.272368110 1.534140163 5.200395231 4.681383291 9.892067875 1.478433758 3.466644903 2.742905440 2.841190765 2.389330389 3.494687408 5.694067089 8.714449940 -1.087866775 3.453620380 -0.307055062 4.414674343 2.100726664
30.741422323 -2.862288163 13.230711282 0.687460735 0.293156056 0.629477084 0.212640225 0.466431023 1.108058518 2.315640005 2.332762484 8.900746224 6.279071317 4.693059461 1.279787121 7.935354645 1.362551704 4.454293607 4.142161315 -1.534711308 0.169721131 -1.736989081 8.472850532 3.887192054 9.699111711 4.895262214 7.662101930
26.428096125 -1.576421967 18.876910717 -0.189017850 -0.365663424 -0.651713318 -0.637049657 9.005174672 4.777038676 1.097278468 4.512937720 -1.159354249 6.982688471 9.952284486 7.355187995 4.635504138 7.939604291 0.947550685 2.876497280 0.621830888 4.796317351 6.344208507 5.683329048 6.242039444 4.732410655 0.049212395 5.798936375
21.581945691 -2.055551147 3.530006246 0.607217205 0.166341682 0.770526536 -0.099531745 6.570073005 1.972720760 1.970052615 4.350964503 5.290825003 0.807171432 0.616667422 5.442513651 4.462708221 9.276271050 2.932892096 1.628429638 2.791812004 2.783409616 2.349697804 4.073496951 1.419469182 9.299805072 4.728626911 11.438536533
23.824592743 0.444319664 12.714656494 -0.042575350 -0.730767035 0.555878005 0.393911823 6.472408304 4.085599619 4.590791533 7.442231489 1.770192105 3.478730485 2.003900033 1.011884884 11.191801293 -3.618964922 3.662481179 5.376530889 5.662969773 3.285800071 -1.336390317 4.270809460 1.977069280 -1.239678724 4.372604626 7.609048399
23.174102710 -7.392455695 13.348780617 -0.777352173 -0.611106699 -0.129683604 -0.073853673 4.293557208 7.705307671 4.248386981 1.457422602 8.782885612 3.207385341 6.218544589 4.448672610 9.460566227 2.429386992 0.673024827 2.939044865 8.224960156 6.789023792 5.857792935 6.471754693 6.026537034 2.792315328 2.896978798 6.703280961
