21.443807744 12.660037788 3.258478452 -0.757739962 0.434834570 -0.334190029 0.353646817 3.583249876 6.769908182 -0.100282091 0.089302451 2.826549160 8.452248283 8.537079479 0.837142324 4.870138342 0.224472403 7.454022260 8.306191175 4.037845176 3.135512526 5.543445211 -1.682175464 2.276143147 3.657119524 2.048512317 6.673747602
22.712350878 23.480204900 -3.182786398 -0.368292404 0.852388198 -0.371139026 -0.007133657 4.982723074 3.006683737 -0.247126820 3.778025041 5.287657179 3.360473594 5.261425878 8.347370391 4.972997485 3.998439891 5.082488662 2.666085353 5.547961050 1.134299157 4.505257381 9.683136900 4.798502448 1.436394968 3.736184836 0.946100274
14.471849488 20.731115198 0.288346093 0.858696103 0.494085013 0.135826151 0.008500552 2.435308973 -1.846261384 3.471218977 1.959590140 5.066469361 2.652088866 -1.541236079 1.656782693 4.898312215 7.981264677 0.255716959 1.331696345 5.464919562 6.426398507 2.662502236 9.187696333 -2.968300252 8.708351825 3.940162625 5.760025890
15.455583549 18.202470936 -2.205269693 0.332686929 -0.231969054 -0.626305169 -0.665771432 4.354575425 9.267580248 4.170938503 6.186386816 0.049032295 1.929818620 3.664805835 -0.884167734 2.400688340 1.527696926 0.571742307 7.823596980 5.609574720 2.988912955 4.709190203 1.625827561 4.265589180 0.821876541 6.652513467 1.869682753
28.448967957 18.311455251 -3.839679379 0.219000744 0.396305173 0.148211292 -0.879212316 -1.615786139 5.373952133 4.490908234 1.822564424 9.150474147 1.162035219 -3.812986934 5.043557018 9.757202935 0.490016650 7.044932880 7.152931840 1.464363232 1.523763325 3.051614303 3.219188963 3.724893769 0.781756153 6.922688114 7.896118910
23.465040520 20.828551366 -10.936174020 0.050156303 -0.386415316 0.472191977 0.790697341 3.806060560 5.601987050 3.917716401 5.891788142 -0.603008410 7.409611613 3.124464001 3.596997139 1.277049119 3.441142701 7.014555653 5.983038871 6.414834013 2.330965050 6.802635483 0.457502400 4.286239627 0.719642221 6.568074349 1.542171373
27.831511112 16.416486460 -8.901889142 0.285448439 -0.916769363 -0.064559158 -0.271818392 5.479454918 7.001387463 -0.440407303 -2.594103061 4.603756393 9.669756903 10.867594609 1.799459159 -1.548453997 5.675216159 3.445790683 -0.637609530 3.799562138 8.704014615 0.360585326 7.329410777 4.531748348 5.871572779 0.665360352 2.141371887
17.089823868 24.825733501 3.640515323 -0.006164481 -0.396979799 0.713930522 -0.576777468 3.310381049 6.013537524 -1.812639469 -2.068236492 5.331002647 4.445720637 6.443125189 7.330049387 8.576817244 4.767624790 3.750591774 4.959093923 1.158621823 4.483069633 2.888531512 5.972352189 3.520344483 1.637036598 8.986082096 -3.507305762
20.223093200 27.616619987 -0.770956260 -0.103016951 -0.731255040 -0.253087597 0.624980194 0.992287580 11.001180598 5.009103122 4.830135005 1.989005505 2.457771927 7.075794269 -0.133139912 2.078420777 7.532560983 9.979000533 6.532328058 4.992448205 2.956383268 4.498157527 4.041985465 0.748174861 1.976767691 6.569644669 4.982395221
27.449422142 24.356224788 -6.669451884 0.226724840 -0.161646216 -0.291836548 0.915039768 7.364844397 1.126423544 3.096423215 5.249259599 5.241578451 6.544412826 3.568975583 3.767993292 5.933997365 4.282436537 3.404831365 2.813615669 3.787162015 5.916554272 4.743552365 4.116960957 -2.135863330 6.000989840 2.954590355 4.471786532
19.055773582 22.621112214 -11.472605224 -0.597044509 0.515278218 0.523532811 0.322396662 4.672444268 0.976077142 0.786033909 -0.667193190 4.850392795 4.031421050 6.651854865 5.901493622 1.079295306 -1.906861479 -1.716257949 3.432450481 10.307143859 8.020456843 -1.281414372 3.374400833 -4.311554135 6.063497556 7.147065957 4.205647158
20.467220779 23.001891625 -8.358324886 0.080061301 -0.046660209 0.527518887 -0.844474296 0.560080138 1.482289796 5.564595398 2.142177058 8.495876220 1.383326251 5.515646253 3.464838325 7.255012147 8.252497588 5.297529031 3.668040843 0.699628678 0.502807102 1.424361041 4.505893676 1.820578693 4.999734540 3.584062534 3.597244348
26.387445448 13.464503285 -1.153589288 0.461965760 0.076155987 0.845082577 -0.258114974 1.779318965 6.777600005 4.795243463 7.432189097 4.391038700 3.340835351 6.373099797 4.095328948 5.977459604 6.522595530 2.501462804 1.456213462 0.352893627 2.123113242 3.382539471 1.673710752 8.783306299 -1.210231682 0.750048946 5.588603397
21.281312191 18.123261455 1.956483992 0.642951223 0.558167510 0.468299904 -0.236131225 1.998521771 0.528585903 -0.180183183 4.536678473 9.616306828 2.821565525 3.056287781 2.114274245 2.266938665 -0.188473266 3.443609161 2.980632476 7.698517680 4.734221339 6.966447627 1.720972612 10.870053626 5.619604130 3.719989694 1.219525136
25.705887644 15.746193960 -9.512447206 -0.587048635 -0.692661117 0.414784899 0.059564802 -0.780766562 4.883966075 2.655782131 7.189273612 8.881907209 9.884828437 3.070583741 4.445370602 1.912933504 -3.443626386 6.100481351 9.446715520 1.653493379 0.276484477 5.206320191 3.659882636 3.338430484 9.832496771 9.167543726 3.151404089
23.698952903 10.835088066 -4.558558898 0.394959271 -0.598615592 -0.351813320 0.601576209 4.382656774 4.705222810 5.222889745 4.750265386 6.819353959 0.120310221 5.529133314 1.249586107 4.859209846 2.844393114 9.122928464 9.155038171 4.912369110 2.675779103 5.417978803 9.953613854 -0.991279867 3.849742410 1.043127969 -2.544554849
29.916915113 24.127392614 -4.938163658 0.280648386 -0.690915247 -0.431976504 0.507216822 7.716126528 5.301041770 5.429538609 6.068707435 5.084660960 4.490574746 2.051519215 2.565368545 9.937157605 -0.782574504 7.174811366 -0.476036191 5.391301807 12.658870035 -2.076110281 2.178759761 1.107306129 2.827804511 3.237635013 4.136299835
27.165591502 18.204128257 -4.435308900 -0.124821122 -0.884466340 -0.086394233 -0.441219919 2.490699787 2.753065458 7.919903681 5.443708156 2.933490673 1.724551689 3.120378903 0.437509614 3.027990113 4.055503881 0.901107505 4.147751640 2.213835062 1.933175742 6.742781796 2.929968092 1.298289469 3.612817575 -0.651354483 2.537143220
27.949658274 24.007563985 -8.752214349 0.837299861 0.334164277 -0.347428617 0.257985531 3.727534644 3.288807891 10.646017611 1.129609416 9.180200461 2.607804624 3.254816576 6.103576300 12.298393631 3.957826186 5.243166657 2.295107667 4.187776642 -0.096700611 0.705638610 5.577867242 7.188767852 -0.866249044 2.231941375 3.820122486
14.545464119 25.154180441 -6.527098624 0.207315874 -0.838969916 -0.500772295 -0.048751588 4.346076396 -0.384273521 3.205236829 4.260292253 5.054686889 6.506644721 6.279808057 5.818539067 7.158271836 4.854252232 4.210383013 0.969366066 7.481548207 3.549827014 2.960340259 -1.459440596 0.250084241 11.568744080 -1.068914468 1.183887428
21.923946202 18.034960356 5.477721726 0.653844575 0.326590240 -0.117103804 0.672393327 5.400182435 6.024161422 5.594782289 1.269690952 4.427069324 -1.091491300 0.260732714 0.038218548 7.482587837 4.317395953 6.686848979 6.120868405 6.094964181 0.216424543 3.292641320 9.305616616 5.706569321 3.913965874 1.561468435 7.616415083
21.419207530 26.081075647 -5.933917934 -0.021806605 0.863904389 -0.380351481 -0.329433499 6.590828332 3.660207945 4.791260837 0.762050695 1.958762500 2.604095979 7.435907293 8.578613856 5.893731485 5.883590893 4.449688476 6.245490873 6.678542702 -0.408483658 5.672043896 2.487830116 4.270233551 0.075880024 4.988879101 4.036459468
24.613521472 23.680277487 -8.665938688 0.139268686 0.668723021 -0.699985229 -0.208409293 2.896910507 4.907780177 -1.056111676 -0.853443679 0.708165077 8.833642251 5.107870620 4.975719563 1.108679054 3.772723705 4.085670198 9.743444693 5.382626165 0.498018187 8.882423710 2.186895320 13.349583154 4.834132844 5.602837368 6.431247126
16.158209563 17.660770333 0.760265141 0.653796546 -0.591148038 -0.016803692 0.472029353 0.909560240 3.538424378 -2.208399444 0.044029854 4.672205006 4.577034791 2.082798538 -0.643668859 2.389834839 6.503651099 5.320953720 4.561234775 4.098879753 5.702819759 5.559923273 1.746023872 -1.581989407 0.917400838 0.282912630 2.619211960
16.561700307 24.593431540 3.045612317 0.812236318 0.242322244 -0.513189140 0.134866600 0.696945126 0.797361793 3.708161685 2.123620762 4.982675148 5.181562854 4.048706752 6.265058343 0.275117062 1.939383669 4.676048624 -1.272325268 1.276841530 6.401999355 3.356810237 2.169208502 1.621016556 0.635959093 3.843699983 4.192176314
22.707654169 27.464696480 0.436020910 -0.298667132 -0.469243247 0.181000714 -0.811077962 4.854836970 5.961854869 0.814653089 4.076119083 4.851440669 3.545659963 1.727032672 2.355723005 2.124097999 6.645296987 4.248026350 4.450784695 9.234155083 3.493171954 3.956667727 9.873641175 5.673807884 3.673984061 3.998499874 11.132791506
18.812832717 23.869717149 -0.905817105 0.521276802 -0.603169694 -0.070406566 0.599582965 4.109853071 11.285140641 3.858473723 5.057023133 -1.624974016 2.500202265 2.726229450 7.393159034 3.259008920 2.647776075 3.585625507 -1.333718771 3.185936538 6.103813922 6.039557499 1.854899815 4.047734881 3.549295370 3.043102105 9.303737048
23.122122192 21.525486017 -3.387839851 0.336314190 0.766632864 0.177122527 -0.517488578 4.793273184 0.821661037 5.351347855 6.740037464 3.724203805 8.723396565 5.789844416 4.121351043 5.283761253 7.420652975 7.825067968 1.613544049 2.564090072 12.462688234 1.927739473 5.606810289 8.171847406 6.050970715 1.296548186 2.539634360
18.258478584 15.312392090 1.953657618 -0.250748372 0.596534841 -0.364325391 -0.669730130 3.471498332 6.468327529 3.465730163 5.439195275 0.999785749 2.906573605 7.546339179 5.590313918 3.898857472 7.006609917 2.540824174 5.444462006 0.356531655 1.371544817 6.745928452 2.352340739 7.461706343 5.805851644 2.121225886 5.083726342
21.283245796 24.600574854 -11.417187964 0.074111963 0.154405940 0.916790604 0.360778618 4.069950660 7.092091439 -2.455872756 6.038772420 -0.356036678 8.093944927 6.835693568 6.286913203 0.024421056 3.956081259 1.123668720 3.453614100 11.390559864 5.166122481 4.813009110 6.087200932 3.029336413 6.450932666 7.336058792 8.151147069
19.721161349 24.565583345 -5.778683466 0.073210385 0.936195224 0.329440439 0.098222908 4.974375616 4.167018412 -0.054779467 7.511181208 6.039779670 2.433983629 3.093098521 7.966901646 4.292872099 7.252182703 2.252216443 -0.292506129 7.890847951 7.652343236 2.869377331 2.363057022 5.247160494 1.854486342 4.303934404 4.896791374
16.873999474 13.629670995 -3.778309216 -0.514803850 -0.826007821 -0.115213466 0.198529426 7.181073404 1.987642578 3.663960783 2.797668373 1.335772090 1.559220536 1.641143847 -0.906307096 1.500512746 5.964675691 10.623229931 7.535044723 3.715812749 7.083215262 4.460151182 7.950418055 6.182209518 2.050122303 6.182951964 10.716691394
19.046890546 28.085361657 -5.862148879 0.130904803 0.565162523 0.713417095 0.393053819 4.650445054 8.776313743 -2.959772376 2.065154064 0.883829010 0.508800850 1.823212649 3.441988469 7.152457665 2.814976766 7.535761710 3.721188450 4.939598075 7.637312693 3.830188871 1.240545337 1.172996509 3.914720352 1.401682782 0.894348567
24.250353749 23.256002211 -8.682647834 -0.387638058 0.274497724 -0.828578913 -0.296386103 10.796597369 6.676969869 7.933890079 0.920590126 7.153924335 4.639126320 0.009552298 9.220254757 2.711766216 2.254833322 5.699831738 5.216722835 0.932583032 5.691133472 7.570041324 6.921964822 4.018182451 4.853625887 5.439170815 -1.177432145
23.576127873 28.718920477 -4.301217806 -0.263452373 0.800355702 0.503628402 -0.190740742 3.990001398 2.036146635 7.627111915 4.952811861 -0.958467658 3.224329744 4.923445100 2.002441442 5.715157405 4.456584095 0.607995254 4.159985873 0.964553009 7.769232347 4.766605294 3.878708952 4.647336761 2.057944428 7.315407980 4.529584109
15.047160555 21.253194915 -7.000180126 0.017091727 -0.122977822 -0.070790633 0.989733810 3.418378266 8.532288040 1.301741524 3.261792628 7.905524267 -0.191337048 -1.049020020 1.336705649 3.562247843 7.940114029 3.988385870 0.897792364 2.405741147 -1.172272029 7.627484466 4.934066635 3.231446315 3.393270491 1.164452195 3.315251767
28.483005217 18.278603674 -6.783520038 0.888770540 0.346613280 -0.204190481 0.219664308 3.364098873 4.786106518 3.479228724 6.697066963 2.590524303 0.256270386 2.061146015 2.695402260 6.527239101 2.935880851 4.892253413 -2.698936263 5.238082969 5.265014915 1.006816623 3.215337739 4.814310618 2.595880789 12.794542699 7.948752951
15.361343176 23.077543959 0.776641879 0.367236568 -0.256113271 -0.286454333 0.847046168 4.579377558 1.566276392 9.553041120 4.954257091 6.684794416 6.963265907 -0.557496367 5.625156370 6.085508553 3.167490735 6.437701298 8.652268608 1.008887543 2.546097760 -0.786359607 6.270280222 4.789369503 1.590978626 5.431436147 0.592619140
20.442710922 24.120425398 -2.181377380 -0.069044634 0.787048166 -0.242108446 0.563179832 7.795709433 2.022222823 1.702618793 5.847673227 6.165133180 12.468033061 10.063139408 1.633523077 -1.391035841 5.807158539 2.558228048 6.803558972 -1.912920601 4.823767399 5.340302407 3.179427255 6.196951276 0.942988715 8.867913717 1.067300909
17.670877388 16.756238112 -4.772546340 -0.376643878 -0.024850887 0.004666189 0.926012985 6.282084335 1.235456900 7.437795396 4.007058706 0.097863723 3.118090923 11.276870740 10.174559402 1.430605808 4.200727407 1.397739764 7.569239057 9.012290168 0.366885636 1.110863945 4.149674385 0.495580410 1.936935752 2.942947215 5.654356971
20.980010866 13.735645609 -1.486619376 -0.386882776 -0.247064185 -0.311691759 0.831943059 1.510858891 7.642595149 3.216763420 5.448559399 5.328843484 1.863420707 3.780339526 -0.072976571 10.811154373 3.562761392 4.954213687 7.121574364 -2.569802269 9.587636846 3.253510797 0.644049433 4.106440759 -1.123985629 7.489508287 5.476578361
21.435932390 23.981790757 1.415677275 -0.425325265 0.157633464 -0.890988748 -0.019727169 -3.237580986 3.256403017 1.251848422 1.589305483 -0.211906523 2.871615310 6.213801843 -1.726995321 4.062243935 4.814066120 2.384212643 4.289893656 5.403236118 10.428379439 0.345025499 5.177138725 6.990974298 -2.336525591 0.684124821 3.133242009
23.779971065 16.183518470 -10.793615682 0.175610254 0.345382082 -0.171947744 -0.905707585 -3.156054404 0.946492988 4.132675086 7.237545049 -0.238522449 4.085168105 2.003926140 4.410279621 0.242734637 0.000252675 8.854504452 6.178316446 4.210800752 3.877640239 8.928423858 2.752939375 3.133631275 5.435295955 6.969384846 4.278275103
21.976045782 26.474764671 -2.962053839 -0.134335969 0.319181936 -0.073074427 0.935273686 2.134732048 4.455593911 1.561114042 11.669836546 1.901528183 12.779629637 4.356482014 4.048712042 3.967803559 4.412517902 9.152779437 6.180396316 1.545541501 2.550250333 4.626825406 5.018133983 6.187487569 6.507107424 2.269979024 10.059350061
12.752070465 21.054176773 -2.624538176 0.163044846 0.673514952 -0.718907299 0.054463589 5.471678458 1.639307668 3.441154902 4.904636554 7.071503171 6.378856259 1.906422607 0.835741837 2.658755403 8.823802959 3.607633856 4.606590964 6.932041570 7.700492787 1.708412914 1.050870332 5.892911986 6.533453959 9.142056655 1.229364493
22.306121931 26.052172129 -9.330329714 0.027736114 -0.326967981 0.908277276 0.259528491 1.407120565 6.529900737 -0.313094138 2.658960357 5.952549899 2.724680941 5.558056992 0.071463618 1.120177253 8.675031747 -1.304769869 7.883573650 1.139363670 3.119612645 5.751954931 1.671108890 -0.274001068 1.688173856 3.405738377 2.463870504
25.418534962 20.617516793 -1.122342777 -0.987989130 0.078264798 -0.077519407 0.108364397 9.501345700 3.274625638 6.758519148 9.995163958 3.910556294 -1.472235360 3.258741083 4.668561485 5.070673651 7.825003152 2.266315059 -1.342931005 0.063734937 4.127628975 6.374720528 6.478498241 -2.353576344 1.694942349 6.769557734 4.861028954
23.890977293 12.232997778 -7.761661378 0.248267024 0.304034200 0.324797038 -0.860484500 5.282620301 7.922500161 3.764258535 1.101744335 3.166018575 -0.528074334 3.946605706 4.035027787 6.949409908 11.433783283 2.195078189 6.206133439 7.122693195 2.873112285 8.482281571 7.339465989 4.899253684 2.589051424 4.171654152 5.452325003
22.179787425 16.906318421 -5.605282153 0.217880542 0.863927148 -0.424386222 -0.161413408 3.353060772 1.766683648 9.432072195 3.132193690 9.165815191 7.386163317 6.413594325 5.441514356 2.563230025 5.973871063 5.834417532 4.905908061 6.473211813 3.246444549 6.372326779 6.921604274 3.842897178 2.807040504 2.757622427 2.982103898
24.310713685 21.893943604 -2.901294438 0.086169616 -0.832412295 -0.218557294 0.501893691 -0.770270148 4.556047890 1.832838508 2.899799421 10.957748048 0.053836894 8.597820191 3.856016834 2.066219657 1.907778661 7.292135729 4.711409495 5.192976037 6.799164540 0.070537885 2.662436979 -0.297051875 8.004520160 1.018450244 4.013763339
23.260815092 20.025534937 1.459703810 0.119476460 -0.987980821 0.009848500 0.097582171 4.228604550 5.745059555 7.449229234 7.078425037 0.527098834 5.142572713 5.794116866 3.476415280 7.645188951 4.325069373 2.296007866 7.077873964 3.238020949 7.149356618 1.508543034 5.004472358 1.032674195 -3.519987412 2.357460663 -0.685769395
13.694002779 21.269737414 0.384319266 0.386941509 0.864708054 -0.128309897 -0.293415781 7.506826869 -0.102422411 6.452154176 4.729505861 1.055585293 3.872358265 -0.441955078 0.120579056 4.845318992 2.039848844 3.484089547 3.782493112 2.342678207 3.062292395 11.511217434 5.891907925 0.876070747 2.021300121 5.789753709 1.543032468
21.145160149 29.389550552 -0.894437018 0.320001337 -0.427025366 -0.845579687 0.015603647 3.472534014 10.522235852 3.144229755 -1.396888527 1.582118335 6.157798998 0.098275833 7.384697969 7.007695057 -2.725677120 3.211151510 1.599350952 3.461591119 1.904508244 10.402882473 5.304383555 4.062722224 1.117203197 5.959896632 7.450551546
21.184642903 16.560791548 1.211329405 -0.676584074 0.499662956 -0.519998822 -0.148903144 0.693771684 0.599164781 4.005452077 2.930071446 6.569419740 4.245172919 -0.617103785 1.689932041 5.939615212 -0.302890755 3.564894260 2.605074588 5.001005500 5.189026808 3.020471044 3.887531946 3.160037058 6.287968969 2.515627799 8.273380883
21.028940185 21.573820164 -7.657752437 -0.873904758 -0.357597040 0.211062982 0.252719703 2.647877740 3.771100792 3.466793614 5.463577818 0.171447164 7.783972609 1.135713528 4.370389432 -0.524379666 6.741277260 6.330445171 2.492288089 6.116352381 2.726087739 8.045096317 6.297572316 2.299950625 8.204704035 1.486871720 7.102103240
16.352866489 27.187362941 2.263425414 0.090220338 0.081410732 0.771690532 -0.624280631 8.463168659 5.848812342 0.770006251 1.736979377 7.787597761 6.674199626 1.326275996 2.860349353 7.998335845 4.637884729 2.787182970 0.187555961 12.632497316 -0.064695858 6.224078894 8.785936369 4.216132500 2.858798480 6.468034393 1.629222503
21.296287312 27.708903216 -2.306417048 0.403735305 0.509492906 0.212301956 0.729618161 2.805219048 8.057109097 0.975518388 5.564645123 5.016479197 4.243207771 3.890714058 6.236886964 6.579215768 7.432244668 7.988524338 -2.285513148 1.927423351 2.490269073 2.715066088 3.578103059 6.257961734 5.273449482 0.405060666 -0.744086943
26.902891479 24.494881693 -3.748230865 -0.549105591 -0.602420651 -0.574448930 -0.074704995 0.460346225 5.795896022 8.592526754 -1.146740475 6.858089982 2.644170349 8.520740826 6.622011538 1.287800902 0.332559682 2.217509490 4.347084911 2.349802016 2.221720314 4.986174598 3.862718213 6.388042010 4.015831985 8.497430195 -2.148662084
13.735350207 19.168721386 -1.579646465 -0.425371731 0.048450673 -0.529887685 -0.732072718 2.795832352 4.111599371 7.313953064 5.073202975 6.364730916 7.485363352 5.769030009 8.321688723 4.520452811 1.402062716 2.095007667 7.818890654 7.732678286 4.117675718 2.488660082 1.150358597 0.145428445 3.118139598 3.145416097 1.301115465
21.013017343 19.276146862 -5.367781231 0.319065463 -0.760021935 0.227712855 -0.518373170 7.479781937 7.781291686 7.351222196 5.213682277 -1.363940728 4.433303968 8.535565084 -0.132881561 9.644228649 4.355138888 5.217423364 6.394260584 5.322975697 3.786200222 4.334849144 3.528675249 3.932023871 7.150057366 2.696791428 -0.499916505
17.736758658 22.504089934 5.626488415 0.138124211 -0.504319832 0.403044984 0.751091173 1.981634895 8.833266362 2.713472555 6.755761156 4.028817514 0.387832499 3.370932267 8.741580981 6.089557185 7.601269906 5.320444880 6.461677335 4.412255538 5.542542462 -0.916249341 7.537524448 2.230254949 9.113939440 7.932894510 5.274846411
26.803378139 19.475677238 0.451931119 -0.058934045 -0.525164820 -0.175394594 -0.830641576 7.745574239 6.126680854 6.956248624 6.108436169 10.694376698 3.865818878 1.557508053 2.688680527 7.866399565 2.772942801 4.258096644 6.437140958 10.014911949 5.626344955 9.875041180 2.211988920 3.831578485 6.362448627 0.618762266 -3.287853671
25.166305926 19.173136119 -1.218191533 -0.755177531 -0.007975861 0.610051673 -0.239750370 7.348022758 6.400380250 4.037694731 9.675646461 0.311859663 6.825720399 4.730893943 1.549035426 2.859477768 8.812459414 4.031204973 5.083500618 2.814046235 9.704335498 2.468823124 -4.173054840 3.651850560 4.934433295 2.916698211 4.155906463
13.630898748 20.916826961 -3.282272184 -0.326778079 -0.816061130 0.451919815 -0.151752428 6.921303972 6.765156868 2.286248964 1.661502148 6.416993546 2.565989033 5.270942519 -1.037846849 4.326091151 5.284180879 5.975954172 6.862090747 9.935975355 2.889352763 2.238664407 1.366661495 6.142706840 5.357568543 6.730954331 6.462356225
23.316789763 21.561734153 -2.071213514 -0.568407453 -0.787161783 0.234379854 0.048532242 -0.566475929 5.459779875 5.643223361 7.696997513 3.572691815 3.660268568 2.359495918 2.917508816 4.885781413 1.918010046 6.122804947 7.532554575 7.088506465 5.374899344 6.047089467 5.940843453 3.758058157 1.827310638 10.056728105 5.782100735
29.941303605 20.423071899 -5.798584620 0.731870527 -0.366043005 -0.539793926 0.197485614 1.621260372 -0.774180363 4.129599096 2.271477766 4.575465027 5.841649629 2.392380848 1.582719328 3.991416399 2.020425971 5.444499238 -0.739198759 5.300047349 2.919271422 5.102146887 9.183051538 0.292816646 5.765783352 1.580937298 1.782644145
14.189132474 24.418724157 -6.553623951 -0.130647113 -0.836360040 0.331487887 -0.416592123 -0.482620646 5.223429994 4.321105546 2.967817973 9.372875776 -0.004790181 -1.083529514 2.388490943 4.547981430 -0.930074650 4.150284765 1.211473395 0.774728089 8.888568667 -0.116174196 4.993892544 7.516498219 2.049465906 1.451111863 9.475026675
15.416735221 20.567683085 4.399792828 0.332639877 0.128203026 -0.339441465 0.870456311 0.374110832 4.365752819 4.688266092 5.622703522 5.756072554 5.944292419 6.944740757 6.162474505 4.233080707 2.749047009 3.936901294 -7.242948598 6.624879391 6.290690390 2.352284146 7.138644931 7.236602850 6.837622703 2.098279136 7.230431116
20.830926450 16.194827834 1.967967016 -0.170401277 -0.871858859 0.151327491 0.433503778 1.854956998 4.119728465 4.873593792 5.353342138 4.312119572 5.708613906 5.425367515 3.558012243 5.520275930 -1.056555165 1.978212762 2.520522936 8.403826819 -0.579296782 3.563330765 -5.560011425 6.071525471 0.805043756 3.943182741 8.344424013
13.430816467 25.618527352 -6.464989607 -0.758841245 0.524961922 0.235822143 0.304898117 1.794736016 -1.046835011 3.701446361 2.820074053 0.370064557 12.460407988 0.614490233 1.727924986 1.410860202 3.264556758 6.471858971 5.104292805 10.333212064 4.733997057 8.909964496 1.885549476 8.017567805 5.951221365 2.916706208 -0.004502586
15.894985529 24.401230867 -5.396673068 0.482422125 0.612005043 -0.116959836 0.615661529 3.727056538 5.527750222 7.385072087 5.047711252 0.859422666 2.274917074 8.647597558 4.960068744 -0.737602447 8.751144763 4.124460975 6.749333383 -0.751292437 2.915228245 5.949566807 5.211281459 -0.267661222 3.594872054 1.103815645 1.659193652
21.503568320 14.453859106 -9.552800697 -0.505705923 0.068969897 -0.470460743 -0.719841206 -3.476129261 4.260069164 1.253746849 4.469161211 -1.062456980 8.069858385 0.762762727 4.849832250 0.708801898 4.528124922 1.232052856 7.669059680 7.060134943 3.008174093 1.255324197 2.014066979 4.423771406 6.257928815 3.192084661 4.601527429
19.364261650 21.615079758 3.409879614 0.029861419 0.327213568 -0.900045930 0.286281156 1.881991991 3.671339283 -0.638071276 4.733111044 8.207116724 1.998663889 3.217820313 5.055488085 1.130973454 3.761882346 5.253553967 4.203682079 4.646481539 2.292873451 2.149408239 5.820561746 0.668395764 3.694715157 5.129152342 3.732537958
27.728469852 22.860519124 -1.680496014 0.423036164 0.178841448 0.191986800 0.867293035 8.669039059 1.634155208 1.105745833 -0.357056207 9.746867527 9.093060406 7.611563936 4.164961377 7.150682640 0.069355168 5.767328546 8.326010955 0.814237335 8.000731489 2.202269585 0.219114537 0.223494650 0.928417350 9.568460227 2.426650208
15.643501245 19.150966871 0.609023116 0.282383905 0.933822453 0.036794646 -0.216520464 10.746677640 6.751408974 3.049054950 0.899429545 6.697772299 0.475756405 4.179878407 3.394534896 6.033084523 3.670820016 4.956952114 8.002404459 -0.497137613 8.538699133 8.889926289 7.283865745 6.640803593 1.984203289 9.620395050 5.521884917
14.474553551 13.189105537 -2.259556058 -0.159335681 -0.594316729 -0.269822710 -0.740672310 -2.024039601 6.445235019 3.324816014 8.989166147 1.998598660 7.380457378 3.121539317 1.235223432 -0.795492159 0.972827345 8.291605068 1.487496916 0.766208013 4.778071568 -1.119642645 5.231432143 2.145625971 8.526304872 5.460143660 4.301603558
19.067630374 27.138444187 -7.783473567 0.306658600 0.059679530 0.700449543 0.641692523 -0.502362675 2.684521165 8.789462671 6.628853729 8.897121894 5.006910281 5.972805706 5.568213942 6.071904016 3.552652201 0.188408291 6.853490692 3.988963130 0.685989326 2.535412804 5.261905663 3.965916587 2.043307863 4.277095096 6.505835324
21.196743847 18.362689008 -10.931992260 -0.321856355 0.269726236 -0.109563008 -0.900917417 0.173737207 2.886639360 0.932068690 5.381950622 9.291992766 1.160554836 6.870940251 4.308522281 4.839577977 2.389722231 5.361240854 0.600776066 4.847627767 0.707615225 3.768957390 4.427784711 6.523646246 2.218069199 5.069812066 8.115466787
19.318920722 18.326409462 -11.356888659 -0.430228198 0.538582033 0.221613640 -0.689724935 6.121750678 6.167924205 3.678915843 1.468118528 6.794675445 7.679867717 8.833538519 5.560568451 5.808140660 3.771430849 4.763592030 4.411122217 7.737479370 1.814541724 2.917133296 2.652645631 2.255392261 3.003985175 1.465417167 5.271545718
25.475615669 17.484591899 -8.007259700 -0.727344674 0.030489026 -0.651494470 0.213530091 5.401316498 7.347656009 7.156295131 0.677617574 5.969169713 4.901992832 1.537493475 6.282979100 -0.494928072 5.163489924 -2.203591823 5.381181705 3.766177317 3.345251178 0.185829846 12.410189157 3.313944986 2.733326404 5.247376715 6.255139838
18.553747394 20.940269582 -11.141993754 -0.681547651 0.728598260 0.035260740 0.058258524 1.817542465 4.253424070 2.348599366 -0.338290762 0.173427903 -0.474482490 4.267559782 -0.432730901 2.924286098 3.306841914 3.809497695 0.170934833 2.122274144 4.311149337 2.522458931 2.854280951 3.475491740 9.667220256 1.981374777 2.731448082
23.437599641 22.546023715 1.058939973 -0.060686547 0.318813944 0.938962574 0.114123162 4.801674665 3.194141153 0.792346413 4.070105165 5.524952467 2.631350892 1.932990855 6.047103847 4.814091866 6.931703238 1.991532643 1.220147731 3.021052162 1.993792044 0.343433530 4.395504575 12.371438057 0.099312784 4.935013828 8.442496188
24.692735424 21.256690864 -11.949394046 0.640856753 0.286100704 0.375311010 -0.605467303 2.866967617 5.227301618 8.354745027 3.684277732 4.748727871 5.146427859 3.573748882 5.837522733 8.432942535 4.292374595 1.657001101 4.440190134 7.460569705 8.508913994 -0.850217350 10.853492207 4.154216858 8.061034809 5.583125453 5.343255418
19.179849263 15.544970416 -11.529935237 -0.070476988 0.612426954 -0.784551550 0.066671477 8.460142819 5.566722330 3.422928959 2.488896714 6.007805875 7.803624302 6.383404049 3.706156271 0.896303782 2.394790556 6.054775906 3.216052236 1.264621835 5.605271232 -0.365492944 4.257246554 2.218185468 1.679887906 4.131641413 -0.795132097
16.682966053 25.769794291 1.904734983 -0.175184270 -0.913862213 -0.201529160 0.305863246 1.264378322 4.512863606 2.332842549 3.192850205 2.114270033 5.207482460 4.938749174 2.225729124 5.565758102 0.970758054 2.186691756 6.767624559 3.761015142 2.211693315 0.396130817 8.264909224 1.913476342 4.115650194 -0.105640404 6.428780919
26.648704116 20.254127322 -1.147849717 0.644876884 0.631834987 -0.082497043 0.422033875 3.273187870 7.648362398 5.499504212 6.006212311 5.261541795 2.785745073 10.127984047 8.892722693 5.519123198 7.033864580 10.030552479 11.196456989 4.113559751 7.522529672 1.690392640 5.451700089 2.275513700 5.391807253 -1.432009618 0.861364529
14.339104108 26.701409348 -0.960844009 -0.218863976 -0.737501600 0.557575722 0.311928299 2.893791085 2.492251010 11.156934546 -0.747169088 7.658355446 6.284127073 2.767976976 7.505169580 0.017705267 4.149967345 1.182134153 8.725809252 7.352107729 6.404500675 6.161305895 8.094107698 5.512342384 6.083247908 1.196129260 4.200236347
23.640216733 18.010564580 5.712751425 -0.018795289 -0.477987697 0.551510875 -0.683381484 2.390168010 1.355645718 3.237027912 4.344677868 6.407162978 2.554944056 4.656312018 3.776093535 6.285927889 1.654205825 0.013972372 4.129276422 7.193463237 4.229218278 4.623728343 1.711170197 0.384002123 7.937856463 1.659301449 -3.138219833
19.708415485 29.468898552 -1.328656719 -0.397112074 -0.336437670 0.656132682 0.546444506 1.551568831 4.518557424 1.481570909 7.642046825 1.673172215 7.566997910 4.334493399 2.418057787 8.027302020 2.907107144 2.667899084 5.219506278 5.977227840 5.247304767 2.751345259 4.246387910 0.395993956 2.339215920 4.121219725 8.351219664
15.036370756 25.615848127 0.164603766 0.026513958 -0.737027410 -0.366489182 0.567250639 4.633869966 1.902131307 2.656944801 -1.065268398 0.058243096 4.853612420 1.229766453 8.395953090 -0.412089996 1.107027708 6.700201792 0.889735510 -2.362969375 5.798488600 1.808019348 6.665282961 -0.898619461 0.403410047 8.793348929 9.808942913
16.191984153 28.601569281 -3.351742406 -0.416043939 -0.103206808 0.413459496 -0.803310053 6.147070631 6.265086244 5.651520241 3.339685476 6.193583754 5.201944530 5.984667144 4.585783849 -0.065196557 6.308820928 6.043365511 6.272481243 7.493135422 3.074462477 3.440881747 6.140405101 2.343381906 -0.356972889 2.119470619 4.496756619
26.070675881 22.187088207 1.618183156 0.528862003 0.158241874 0.675960135 0.488203223 7.547027848 1.916690293 3.616878356 2.837263236 1.886851868 0.571622474 4.635308897 2.009204823 1.759227108 1.896269116 5.995355911 3.609010678 5.155537254 6.531450126 3.555874998 2.886851414 6.056922974 5.740526595 0.791969660 3.806406573
21.233501711 16.790506097 -9.116299994 -0.575946566 0.689799155 -0.149609710 0.412407098 1.944670698 5.513153656 0.672994900 5.528249574 -3.167842404 5.169017348 2.623915923 8.237447078 4.667724817 4.739890388 1.366749040 3.309664427 0.979313113 7.141776569 4.977414737 8.636807508 4.313572379 2.866749854 5.702454042 3.091237395
23.557947545 23.600490507 -4.500198269 0.461352275 0.839019743 -0.125222149 -0.259844881 9.974795332 5.410345565 6.565054211 0.350943070 2.636821256 3.460988302 1.824242143 3.494028774 1.035771011 8.728062091 3.266556527 5.870888118 3.141334935 5.884794097 5.969874622 8.064531688 9.988974465 4.728055073 6.908914544 7.000649203
23.862970409 13.492667856 -2.006245232 0.806237120 -0.343850810 -0.396965728 -0.272335340 2.083186680 5.258761141 3.429075832 9.214207521 7.198620212 1.555168810 6.195817532 4.977078604 3.787844759 1.196016468 6.768461749 -3.913260787 6.138250881 5.262060745 6.653149378 2.300906825 6.949050647 3.625756917 7.243711753 4.668305333
13.978238608 19.647071918 -7.172563885 0.229453235 0.387399760 0.090779044 0.888274622 3.865982152 1.559086447 7.171667317 -0.139600385 -0.709480000 1.427579373 6.663025336 3.449121496 3.952502626 5.090707514 0.857965990 5.653707398 0.528500212 5.891090262 5.622363534 6.644814335 4.821112522 5.337419232 5.133137966 -0.515458595
15.679940129 24.139475142 -8.317535688 0.088956727 0.308712120 0.224332216 -0.920031839 -1.508464912 1.561225231 2.624108425 2.336480855 3.545860970 1.597201394 -0.201880777 8.041287700 6.556131639 6.731663314 5.890425649 3.233526257 0.507213705 1.390511191 4.466222558 7.862439618 -2.077694739 3.109688906 -1.021352654 9.277492011
16.375968633 14.371615352 -1.556298738 0.210321925 0.319473151 0.137212893 -0.913714515 4.242516416 0.095976432 3.465031252 -0.628023585 3.706433632 3.282800295 0.477015470 1.833371922 7.223184842 2.425217938 4.699357027 4.829181195 6.402037044 6.446076219 4.601998021 2.286367000 3.869803392 0.164376572 2.698034125 1.192478598
29.323728769 20.626523164 -1.069506714 0.451754992 -0.488451203 0.272482818 -0.695043858 3.181756361 2.273756225 8.107796758 4.087344812 11.158423767 4.076000437 3.727827912 9.908841914 9.321320130 6.398337016 4.262788310 6.781434618 2.053195086 5.099315543 1.685111438 -4.718501102 0.763443133 5.055828840 7.807923418 0.125388879
21.048101101 20.439092506 -3.381287052 0.290328109 -0.194510691 0.935553086 0.051142969 2.320672529 7.916819885 7.409586217 1.892294262 1.717136045 4.289825768 5.860818988 6.790208271 -0.377777179 1.451631478 5.359752964 6.411814355 4.516039290 3.057402212 6.786508245 5.544272460 0.289705620 3.840882599 4.505761052 7.822433325
16.340076827 12.700196354 -5.990194332 0.472213734 -0.659265824 -0.560863480 -0.166778057 3.269114119 5.321616297 6.206838164 1.405402244 -5.424696675 -1.267007851 2.047753459 7.168659050 4.905091648 4.435604486 7.597437287 3.900631258 4.634477497 5.955158461 5.061186984 6.816302669 3.189123330 2.706251918 3.231848674 7.284741205
20.006866612 19.905833608 4.050149030 0.158675592 -0.127028834 0.979107613 -0.005832105 6.647030223 1.945078787 3.080330287 3.358346576 6.386343178 1.942652764 3.619598358 9.698641287 8.912937226 2.373082315 6.926536276 9.892378675 2.655353965 3.024488656 4.357909021 8.454999746 2.915154654 3.203572624 5.393322412 4.918663106
14.218617355 26.141618601 -5.183322243 0.514994807 0.404621640 0.337045974 0.676359141 4.575464365 4.634414220 7.097118011 4.332387887 5.963147487 2.353580709 3.073167508 4.200880394 1.213286428 2.704942434 6.162078662 2.301842680 9.845953757 3.052879779 2.780807740 3.042851737 6.422743008 6.784253427 5.607462111 -1.557468419
27.959395264 24.194936776 -0.008816594 0.674329207 0.554035986 0.379062692 0.307629196 5.105821504 3.766265194 3.318018103 8.723464615 0.907892359 4.885141566 5.149698828 -0.863765762 3.602124458 9.949201033 0.075671588 1.590177098 1.094940502 7.003354353 -1.685305335 0.929213895 3.408647485 5.741847485 1.442476128 7.354361614
15.489100971 25.237560933 -8.622057460 0.295453125 0.789916649 0.424140384 0.329915252 0.728289552 1.996937426 0.372758116 -1.179440512 3.608247761 3.047788554 5.321043070 3.951243729 6.871508402 5.603064345 4.568800660 3.706439672 7.289736916 4.519124656 2.582470370 8.142451970 -0.818382918 -1.721470799 -0.991745065 -0.491765064
18.088049956 27.013451002 -3.368419812 0.596332937 0.686681879 0.157218274 0.384886268 6.800647687 1.606696841 4.346300571 0.800986388 7.353762657 5.219988194 -1.113289029 4.817886549 1.772966864 8.967107192 4.060250666 6.280763854 9.816538937 7.777480726 4.362388533 7.345778989 3.938762204 0.044424663 10.268889956 6.474215939
18.127944736 22.705240433 -10.474498800 -0.690232875 -0.046438093 0.203805046 0.692737746 3.353982508 -3.438578358 1.443868465 3.218931649 6.714737199 5.834403915 6.980762025 2.757905659 1.564159048 -1.790248796 5.841861132 2.637309667 11.081254391 4.889816851 1.839388726 5.613869909 3.734823828 5.635740348 4.408516317 -1.764707057
13.242275832 18.238461896 -8.659417905 -0.659294469 0.204536930 -0.722840173 0.031583729 1.415490017 4.462033433 3.472398894 6.722685300 5.763327766 4.753106041 5.239061095 6.936372668 8.982731959 2.396997855 2.849040492 1.202531096 6.873300299 -1.648952875 8.610326378 -0.186467032 4.571925227 7.402385724 5.834883114 1.566249290
16.294086215 23.925234807 -2.495015127 -0.447776783 -0.571885716 -0.650248937 0.222753228 4.436817378 6.584549175 -1.731339934 4.571677965 8.234878201 1.876550309 5.431266818 5.702661342 2.969506631 -0.699385371 6.859428154 5.854437940 3.881164897 6.048732696 4.010390522 1.929651002 4.954336735 5.927211734 8.083243154 6.242426789
23.866949074 22.175583525 -5.470924837 -0.394989171 -0.642678483 -0.652670840 0.070488989 1.425097123 10.090982594 6.297969861 0.926137817 1.211598955 0.471659380 8.693286156 5.216218014 7.640359262 5.087592192 12.179489741 3.586336210 1.237334919 1.570916530 2.770371338 -0.899392898 2.802295015 4.567422388 0.439868822 -3.938812388
14.068888578 21.539112229 -6.545269313 -0.880861243 -0.288764961 -0.339833045 0.158782146 -3.007637055 3.483856105 7.544728788 2.495376885 2.257040230 4.018729003 -1.618010548 6.673331397 5.906145310 4.914381022 4.190997185 2.538300481 6.611756833 1.414705880 9.304233850 3.765603504 1.586973822 2.236885223 7.994120828 2.978825654
23.490690033 17.520407950 -1.349500419 0.842807956 0.201640858 0.316937235 0.385443255 6.167504747 -3.552032279 5.969007871 3.334125787 -0.368248140 0.860754135 -0.304040737 4.215283696 -4.550631086 1.257667709 2.940370116 0.269977220 4.102284594 3.610472997 5.740565411 7.468713878 9.422889713 5.394259389 9.039005036 6.533972894
22.127975622 22.788735319 -7.591390839 -0.592418287 -0.564039653 0.412641979 0.400782284 2.224245598 13.670600014 0.724967050 -0.268212679 2.179689504 6.191886892 6.037379034 3.984077623 2.629323916 -0.667308479 8.036307094 5.022112664 8.883581784 0.604228961 4.886332519 4.400995898 4.681798297 7.602424111 1.310350780 4.991401435
24.460754750 13.661972320 -7.732231247 -0.444069841 -0.566402766 -0.514472463 0.466163027 2.411415566 6.627241549 5.540718313 7.019252624 5.290749410 2.461088938 5.862714078 4.478974150 2.439036618 9.735529360 -1.808937179 1.907666270 0.810894209 10.799319942 2.167449069 6.278173252 5.512128570 2.639509046 0.305127475 0.364144947
17.906144779 25.428794360 -10.796145439 -0.414422330 0.093399679 -0.890737681 -0.161607598 5.019429182 0.258336049 8.912288189 2.635321499 1.793812260 0.444373627 7.869632231 4.971198976 8.613998328 3.695197163 9.700897271 5.337521139 3.004965142 6.823991589 4.689426009 4.810924999 4.248545200 6.528072739 2.641576741 0.786268450
18.527634078 24.006183585 0.220156178 -0.496145096 0.079862969 0.648826669 -0.571389450 1.463311616 2.298017916 2.290614110 4.859049699 5.162774212 1.694548514 0.572572835 8.872608703 2.583735477 1.574016466 3.473151308 4.604005364 3.287489833 1.612384965 9.282689074 1.887164915 9.847105032 4.611936561 1.723726018 0.866659594
18.912293756 24.246871550 1.327131339 -0.435892941 0.875526061 -0.150847996 0.143862237 1.825273141 4.175330667 2.921615840 1.433725816 6.962507537 0.339943993 4.762476036 3.360086075 0.374495704 3.512077193 -1.933930885 8.391494979 6.184228869 0.476188714 7.740407787 5.700912698 8.595993515 5.646286250 8.044198346 7.020293207
28.386354580 17.986387616 -1.783697172 -0.545586966 -0.778710353 0.303299907 -0.062882546 7.661006342 -0.457266321 4.875825709 2.995734683 6.458799417 8.779465326 5.337332465 4.909326214 0.391697443 7.625316491 3.619540541 4.269118077 1.632555870 7.077844089 3.613334606 8.742392513 7.992331592 6.472888090 7.672456810 5.733183416
24.470955759 25.649232716 4.213059542 -0.329674993 0.605497345 0.226557742 0.688010868 4.140000028 2.080088181 8.896471606 3.558770865 5.038384591 1.818272665 6.771380983 4.431637693 4.446446847 3.478990492 5.779893283 7.432931110 0.696362293 6.869237495 1.526036269 4.253797884 7.281709554 7.835124873 5.360499342 2.195355087
13.298972193 22.074934930 -5.055330934 0.109542230 0.844617037 0.064961129 -0.520002512 4.902140674 7.503814032 2.800710092 6.979324070 6.751198467 2.218015240 -0.787852907 1.427886117 9.068260811 3.056637367 4.683136551 4.067291264 10.633761401 3.575138810 1.543361027 5.912272014 5.190368588 3.476132677 7.231587015 -2.836654757
18.573178327 22.333688057 -11.698218183 0.103105533 -0.241888103 0.878718397 0.398388469 3.073270802 7.251007378 6.261500973 6.019536350 -0.853293785 0.984999785 4.587476894 3.171295481 6.540717760 3.368215722 -0.061163054 2.818137349 3.488616956 -0.920290685 2.567387062 4.619145529 7.392381650 2.874462357 4.674915628 2.908231714
24.104328832 18.437819993 -7.553424939 -0.602273062 -0.297414590 -0.735909151 0.085143650 6.957101911 8.953352548 5.480475495 7.177068488 4.176153454 3.211209733 5.967530490 -0.383030581 1.205711091 8.004337138 5.222720121 3.059829203 -1.209474718 0.590356290 3.904848746 1.708667154 0.725662334 -0.025504457 1.696685232 -1.174916151
15.409309360 16.150595778 -1.904902124 0.186400578 0.763436472 -0.573715232 0.230803838 2.949410194 6.261148715 8.341872450 3.825604800 2.706971942 8.954923071 10.598654557 4.199705316 1.550214211 3.933731610 2.654481572 1.814400078 -0.395608195 6.833845301 3.179229107 9.171441351 4.421018302 4.961601042 3.301169751 -1.545999368
20.856127787 22.219604021 5.695216228 -0.010617336 0.822716407 -0.226276450 0.521367388 2.996187028 7.681866952 2.454293292 5.145432515 1.581536832 1.256076905 6.033992865 6.142783485 3.338325014 3.023231215 5.709380711 2.965561811 4.836812189 8.140362034 3.190557255 2.911338183 9.883462091 3.513947169 8.405279201 1.797343268
15.208938577 19.613040532 1.407950212 -0.019479808 0.346321093 -0.528382885 -0.774915327 3.540747135 10.287229249 -0.609781039 7.599801237 7.159408678 8.454540615 3.542436721 3.322690966 2.920671836 3.662669448 7.281871604 7.003346956 7.538288874 6.109821813 7.891286527 4.030706011 4.561529064 4.143604626 2.032189996 4.692896552
21.379809292 23.055812876 4.348131781 -0.196397373 -0.797713713 0.565755895 0.070718956 -2.418350575 7.211278048 5.499238090 3.358214627 0.795182193 4.324138998 -0.845634738 7.354243418 6.188670711 5.374284678 7.509610624 2.454726535 3.058221461 4.240437192 5.562318268 3.000096183 1.179703606 4.399977185 1.375700829 3.153127171
25.531986571 24.233511550 -10.576283218 0.193586772 0.331603736 0.180676917 0.905493774 9.609214131 0.194650231 3.183887586 7.320216587 7.683096730 1.225819837 2.226754514 4.719753318 5.019647863 3.309744815 1.250855441 7.514080256 10.737517184 6.207611333 -0.877319012 4.600427361 3.807765088 5.874327986 5.225646315 0.229168901
25.048428062 19.062073962 3.827329611 0.833650346 -0.084059945 0.388273243 -0.383672928 4.663595677 5.556823727 2.483302354 3.891001281 0.623013819 4.974774012 2.881300206 12.484101612 6.890370580 2.232946217 9.456419411 1.759986162 6.621011692 3.493873475 1.323401500 5.320310757 3.559276073 3.612476543 1.243019309 6.722500750
13.387139874 20.931871335 -7.451176624 -0.086986342 -0.133162868 0.866112431 -0.473867369 4.047285479 1.902524267 7.494201355 0.477306996 -1.320052869 5.098449702 7.798775083 -1.906036663 5.818116467 2.176471665 4.198470319 2.699225640 -3.709047442 4.702999712 -0.494124000 0.822928442 0.568789516 7.539160768 1.759234967 6.931823098
22.329084006 24.096087292 -0.336876988 -0.461012486 -0.403762435 -0.028632647 0.789698395 -2.097885938 -0.777937904 8.421069783 6.810707484 3.373174081 7.623748929 3.569328831 1.609680444 5.477776098 2.756589800 4.439735872 1.575229196 4.224413198 6.098987704 3.541416530 4.348773433 4.603684975 3.094222007 7.510506695 -1.990008305
18.739294936 26.136578971 2.398307750 -0.618439366 0.088988019 -0.079236165 0.776746750 2.369582645 6.532930754 -0.630020856 0.868570002 -5.150897313 1.048266474 5.887434541 4.606034124 5.295019418 0.437919155 4.843313576 7.690615935 7.960255567 0.207067648 2.801685507 11.901523404 7.559264820 3.011465050 -0.817629709 4.876027848
15.377772412 26.594157816 -0.227283243 -0.098212186 -0.583185503 -0.216765318 -0.776699319 2.119479023 5.741902927 -1.758446939 4.971529743 6.274167757 2.248909074 0.369950225 1.165576801 4.933971211 -1.669351890 1.548186363 10.899917273 9.476305953 2.164124441 3.737482163 4.552883955 2.705775303 3.320315725 2.744038081 2.112150662
21.957922939 19.150976411 -8.661492965 0.421196813 -0.158915633 0.018941689 0.892737519 3.193771302 5.887572310 0.407187903 5.906311160 1.585261578 11.197783126 2.131143554 5.141509484 8.082397881 3.182732205 3.079577983 8.834254392 4.870560728 1.379519366 8.068627131 5.851641355 5.444912775 8.030105033 12.856878538 1.819639892
17.567731070 28.065375609 -2.922054956 0.431019193 0.090438556 -0.357704535 -0.823462682 -0.670833131 6.790205183 -1.860565579 0.510449051 7.874295501 6.346989727 1.958203353 8.112864875 2.814692539 6.415851593 4.718057439 3.111203898 0.939575504 8.650943938 3.505993166 7.615932693 7.695881720 2.636309754 4.536105039 4.731644810
16.551001836 16.863837257 4.378394371 0.153909400 -0.831195883 -0.496346283 0.197650368 5.738605229 10.255460879 5.471272398 7.807122360 2.829418752 5.832884528 1.810362882 0.322557356 -0.302035617 7.143601185 9.068682301 7.205618669 3.460575782 3.914173444 6.897503651 6.085548834 3.289837610 3.497592458 -0.441022198 4.453975048
20.274346421 15.124200029 5.108151140 0.405311680 -0.891962917 0.199876036 0.013197251 6.991468977 8.140810935 8.372385560 1.575013976 4.425305620 2.048617120 -0.981333839 1.483798000 7.560491421 3.590922481 5.364154739 1.048471180 8.524649941 6.570168957 -0.368647801 3.381947817 3.393599487 1.796758804 3.757261612 2.080232143
24.435412699 15.046099857 2.957089813 0.465420859 0.154809481 0.859887439 -0.141460382 2.520000670 2.345398573 3.858734939 1.184983579 -1.445980150 1.285073245 3.443290502 -1.910016838 3.952120525 5.747527222 5.008371987 7.725980086 7.513016534 2.379082498 -2.877722405 5.153975014 0.457886030 10.814185138 2.260145430 9.128996441
20.911972798 11.968206839 -7.383288122 -0.607102305 0.121221112 -0.453298420 0.641289930 7.725238911 1.136348455 3.345317102 6.312619945 8.319491883 8.163810087 3.547114743 2.932407294 8.471584110 5.010874468 0.375000837 3.941349935 3.210068340 4.387632718 5.426624978 8.087836465 3.062617990 5.894724757 1.529179940 2.536574900
18.177485351 17.261278510 -4.634747635 0.933382466 0.123166812 0.079095596 -0.327675136 5.096500442 4.456045817 1.545082610 0.443333814 5.362677645 6.725024513 7.212863794 7.839556883 -1.180223579 2.157858509 -4.565582370 6.795099739 2.263269682 4.350879905 6.869487061 4.448782633 4.570933233 6.871835097 7.706620941 1.419643937
12.549338259 19.340823381 -6.471343458 -0.563586643 -0.282410664 0.360470554 -0.687513849 -0.344977179 6.679749642 7.489291111 9.987765024 1.093920167 2.443259472 7.601423079 5.143455341 3.929020085 2.705913044 6.988866672 -2.518636536 -1.039737701 7.631492665 0.277959303 1.450212657 6.606746353 6.291962676 3.313520939 2.261789768
22.354977501 26.403460257 -2.672299529 -0.761699095 0.408816675 -0.224961339 -0.449528432 6.494144426 9.816794612 7.835333376 4.107990211 5.310987633 7.125222890 2.375595417 2.195680634 1.936711497 6.497273075 8.412608613 7.306546664 3.941959649 3.937646353 2.815417893 9.629677779 3.132189226 7.638208383 13.000704582 3.601021750
19.642745648 24.401032679 -4.954309695 0.177404648 0.270029489 -0.932072399 0.163867964 -2.344012281 5.284410232 -2.595751206 8.453503319 4.124226005 4.018496104 3.702994743 5.897094593 3.170270799 9.794767681 1.855492037 11.309735180 4.982867408 3.718099389 8.400558143 0.636766753 1.464062027 8.564198523 2.107957873 3.435005365
15.871103404 23.638127265 3.886819711 0.755586678 -0.288925972 -0.129240537 -0.573504523 4.248641380 2.728376392 6.470285662 2.672432368 4.443913417 3.590013502 3.807615424 6.626597929 7.597190857 -1.495560718 2.410098278 3.010968876 6.961328108 -2.675483980 5.769154802 7.097945502 1.640560929 2.901864461 2.001301276 6.125272469
21.557577947 18.887744475 -6.743583747 -0.705160363 0.524795800 -0.474197034 -0.049753432 2.296668653 6.746451340 -0.453227814 3.692770528 5.307186331 2.267307530 10.893448149 2.335073846 4.207533847 3.993964492 6.731753250 0.558405740 -2.647082771 6.866205110 2.043114803 7.835058281 5.791543911 9.596662844 6.749882334 3.382839378
26.353617460 17.282922051 -1.847568006 -0.560701722 0.513475568 -0.637560901 0.124388578 8.062515129 3.497573897 1.442137726 3.590177955 9.209580240 8.751192556 5.076901343 3.048782822 1.425781701 6.139080642 3.836203002 4.239745403 4.358290656 2.126692066 4.714663725 -2.022724662 2.044258667 -0.600789046 0.935466578 5.708522368
21.368675548 12.656884245 0.408565655 0.413104975 0.642421326 0.506120785 -0.400600638 2.960908942 5.679615547 5.280381187 4.471570132 4.449396632 7.881283231 2.294140965 5.641815715 4.310821567 6.439182959 5.525607699 3.696561394 -1.775565990 7.652872849 0.253018738 -0.160304437 2.516898009 4.335571704 3.314529869 -0.004253537
20.630028010 13.662794620 -5.377979750 -0.593900391 -0.467657732 -0.648169735 -0.091948721 9.114680550 7.749399499 2.611655557 -1.955470795 6.596187446 -0.632748471 5.255454418 3.968574144 5.891001656 2.817486315 3.697135574 -0.134634121 2.072415951 12.319081548 3.263162346 4.459206980 8.127403210 0.944126002 3.672984290 5.030475969
17.117170845 15.117729629 -2.171933826 -0.562287003 0.090423096 -0.520333166 0.636325693 6.034435525 4.739854827 3.592806050 5.400848574 0.171173485 6.243504151 3.808301754 4.094008534 8.621658144 4.627810025 4.247660791 5.117058664 2.453810081 2.460036240 3.437581784 8.559201839 5.800177501 -3.174347953 3.218834228 7.242456532
21.884753135 28.714878530 -3.057304606 -0.195868560 0.934630135 0.296782558 -0.004704463 3.052854452 2.176036803 0.425056758 2.107622726 3.737598853 0.417835425 4.606172079 -3.926780304 6.700484426 3.205431866 -0.076731240 3.207662205 8.280216665 6.506060694 5.575775297 4.058735512 3.675125850 1.384928752 7.166425398 2.804427760
28.986464092 17.686683100 -2.732761640 -0.376088303 -0.893734019 0.204750905 -0.133694271 5.285650703 2.427853768 2.297983101 2.867650336 0.255875886 0.683525785 6.584658898 5.882122843 2.283082413 0.362370209 0.790989258 4.232056332 1.903185517 3.007853895 5.689764333 2.910084048 2.717085959 5.703914079 3.537791682 2.196453087
19.687901670 12.409684834 -8.530980021 0.324181897 0.560175522 -0.092411162 -0.756683328 8.185568884 -3.187695109 3.032024887 2.911907044 3.470269630 1.633405476 1.351083634 2.158264944 3.031198590 0.877197892 2.628322105 2.959015077 1.519604571 9.284121474 1.304493773 0.984104072 4.921980863 3.513295374 4.317009937 2.599422091
17.149701573 19.207111123 -5.117886305 -0.496504191 -0.489928777 -0.642874475 -0.316489796 6.267619018 8.645394207 0.097535219 10.269541167 3.726636246 4.249579971 4.400029459 13.124663230 3.514294929 4.865738020 -1.029466650 4.437558619 3.610699117 1.161190515 5.431106786 2.877099631 2.404779049 2.465593651 5.031633183 6.006836361
13.561464966 17.681659526 -1.336996850 0.538652314 0.060690099 -0.094651371 -0.834991925 1.142469201 3.921156514 1.649000107 -4.008727557 1.082101566 11.161971396 7.267991204 4.975390725 2.291561469 3.998616433 5.531238343 1.920255039 3.390005560 2.277542345 8.394615177 5.244267756 4.424737087 5.172364211 6.775627796 6.017205912
17.712188369 27.764029860 1.387516698 -0.090129081 -0.589470278 0.399730599 0.696144373 4.916000972 5.595207071 1.468240335 5.424431354 1.737699215 2.894594915 5.553957176 3.389034446 -4.926892148 2.844784957 -0.808190936 5.937662806 7.463440946 3.011415407 3.334299240 3.638076134 2.721919880 3.910269454 2.065843633 7.975179929
23.022631734 18.170752792 2.478201241 0.083630186 0.267544819 0.930113643 0.237306494 3.723808425 4.790685749 5.137409142 -0.163136015 5.278146682 4.419859566 1.621128691 7.451361036 2.158014598 5.947122865 3.908651308 8.469506269 7.669066857 0.422722045 5.764561902 0.810332384 -1.513071226 7.124420028 3.574591885 4.800707438
13.369681673 22.649114020 -2.126146648 -0.129872284 0.230434293 0.504224002 -0.822065315 7.704830889 8.236591158 2.631408469 -0.818313170 -1.240311653 3.681691491 6.680556868 0.858875663 -1.603925689 1.954866931 4.656391350 4.723511328 2.710630228 9.872958249 -0.110745866 4.571577228 -0.177475480 1.277892736 5.145386737 -1.314578437
20.824891505 20.648037832 -6.903610624 0.437023716 -0.547918639 0.314864220 0.640043717 2.069402898 4.334066267 -1.082158934 0.299041886 4.577965131 9.104586483 4.350663423 4.222199645 3.732866077 1.116814861 2.503950814 1.818641205 6.109045000 4.169467298 2.085893113 0.600964148 8.765084862 9.589969879 3.203024483 3.858757181
19.573582477 26.696656781 -7.890229593 -0.008370844 0.696084500 0.198659754 -0.689877235 5.745664805 6.141789404 4.749405134 6.998337069 8.919550294 5.944854161 8.872626697 5.168286881 4.100070478 3.506931817 4.428939801 3.427721342 6.990657831 7.335738525 8.372283566 3.866226155 2.662162111 5.771736252 7.073639043 6.319421841
20.748904705 13.215928404 -9.355750027 -0.521345798 0.543551659 -0.153322713 -0.639720485 3.862686884 4.682869818 8.509039005 8.562699921 0.199271370 5.232611236 2.883217843 4.075444280 3.038408170 4.183319329 -3.184090116 6.483690448 8.782958428 3.840312038 5.314799528 8.654902387 3.643673898 4.855357521 5.196656496 8.916388684
12.913447683 18.775267458 -6.324963006 -0.780571469 0.120616624 -0.170668617 -0.589094249 1.091116541 9.885777561 11.330222727 5.979947658 3.174988625 -1.070748820 3.826836622 7.347966261 4.423391803 9.044789928 3.911229199 5.194914220 4.877131144 1.824685397 10.685321428 1.784559196 2.758663928 8.617024202 6.489306321 2.289071220
29.896215929 21.738098968 -1.138221064 -0.758678024 -0.161114541 -0.453206500 -0.439378685 4.381828260 -2.623780082 0.459176132 -0.449758338 3.243482005 7.016995447 2.687871511 2.737683270 4.512477496 10.073584078 2.745205500 3.456854933 5.626823879 0.208898246 1.956179497 4.439294124 13.208752017 5.463497885 6.455888782 4.715837866
15.926353873 25.684063858 -0.019561159 -0.979529682 -0.161280132 -0.089314126 -0.080828875 3.073030720 2.379152715 8.734414385 3.235508268 4.374972830 5.672616597 0.687239806 5.027058378 2.170633322 -0.822739899 2.182950869 4.477520294 3.180938696 1.551970046 0.623836460 1.960788079 -0.642268815 2.713617865 0.438756531 6.725714344
26.013432577 20.858192418 -8.121329621 0.145512078 0.011194918 -0.448631740 0.881720177 -1.975810530 4.566289244 -0.689657021 1.656271584 4.244349962 6.931243492 1.729545623 -1.216692404 2.524852247 2.359256092 12.341402181 -1.802547115 5.808363644 0.821783699 9.289615979 1.821210475 3.574125462 4.222139396 5.328931921 2.164403100
25.602021868 16.207982546 -1.633372405 0.548014340 -0.093962238 -0.395402641 -0.731100631 4.857089379 5.536109155 1.099975726 4.610985044 4.893155614 8.352756582 3.701655671 7.152267349 5.760509616 5.589688801 5.296193614 5.039965106 0.535395480 3.737462798 -0.066427858 7.469053042 5.597777173 7.227391411 2.611001064 4.619704650
24.414425391 15.024031618 -6.788768562 0.354876808 0.330194578 0.194295167 -0.852809111 2.303397108 4.725881290 -1.777497992 2.493358838 6.642487411 7.368547517 1.667528916 4.248714649 1.581892644 -2.679913170 2.817688221 8.185152467 3.064966744 5.628093470 9.216642002 3.919214080 5.546947071 12.295047699 5.086161647 0.381919573
23.629541690 13.906724870 -5.468579884 0.530186886 -0.406146378 -0.653483094 -0.356239852 4.807037796 5.597813819 10.255606549 1.398885183 5.854956122 2.986446465 2.927870530 6.135728173 3.441506980 3.690293679 5.303248803 1.327970154 1.598229093 5.748633451 7.308722848 1.675186439 1.012495994 1.328527230 5.722004677 2.445666429
26.806600386 27.292394078 -0.468177919 -0.655258253 0.323672072 0.615166836 -0.295707246 4.468923796 3.075038935 7.956021709 4.922386240 -0.961675505 3.302478731 1.864803528 5.515308606 4.846346913 0.319336637 1.780010179 2.340755864 3.556228293 2.930342422 6.033626746 3.973673687 -1.284012681 9.815427069 1.745706786 9.254082960
23.704312649 19.788508198 -0.123443567 -0.359409256 -0.855418840 -0.193587870 -0.318759049 2.305095168 7.132181793 7.967543535 2.066529159 1.492481551 0.495936274 3.606636726 6.961428357 7.161761604 2.975440567 4.543461236 2.107476348 -2.628113852 7.483374608 4.977124893 4.785497470 3.136775226 11.449575782 3.847909157 3.312752216
26.485840861 20.486852624 -5.506202640 -0.402019699 -0.840914561 0.035948615 0.360486559 2.866541429 4.096368874 4.406982796 3.337117521 -2.269792501 3.689026814 9.029874071 2.186840823 5.717654338 8.979983434 1.366464110 2.560908902 3.337096576 3.646076498 8.390814615 6.859911388 4.184226114 3.986437369 1.997737951 3.925302840
21.559950633 18.181437573 -6.150100436 -0.460236455 0.742409644 -0.461827329 0.154031959 8.718078939 4.105338179 4.146815381 8.159778110 3.516822441 1.800856623 3.767132050 6.966361438 1.557741951 6.117585383 2.469307401 -0.356019112 7.524414929 0.259919897 3.593844197 1.715723592 4.988444825 5.630619498 2.196892505 5.877408729
25.044996034 22.498429781 1.905703707 0.831731100 -0.227841215 0.253181223 0.438418779 3.534113780 0.803711514 -0.391420321 4.619617029 0.521774393 -0.891242031 1.416698827 -2.135503940 -0.268438194 4.524796180 -0.049472217 8.809468929 7.179815451 4.530445215 0.902841249 -2.198593356 2.289775546 2.995380139 2.949152597 1.430940121
18.558770721 19.039957189 2.191680271 0.509530615 0.676850132 -0.470999771 -0.245787848 -1.562525490 4.334347160 5.441854923 2.543649884 4.371436730 8.175385676 3.258819985 -1.455080230 -2.307461932 1.517721404 3.059933158 5.109612808 -3.462388228 8.494568591 2.113930293 3.937952064 3.408193687 2.005170387 1.863402327 3.703935819
17.753340555 16.917309594 -10.658676996 0.142161925 0.554113183 0.817179779 0.070468266 7.125747628 4.338407605 1.653566239 4.541597939 6.999013062 4.687156952 5.653362994 3.638753303 4.363370687 3.728025557 -2.063491089 2.708481363 3.990426341 0.593023957 -1.868808864 5.096051898 3.708440121 0.860916467 2.562418803 1.310008409
19.156357799 17.092605837 -5.816165713 -0.705058407 -0.591689522 -0.179183245 -0.347403968 5.132066085 -3.017917739 3.124000257 5.651511855 5.692035881 -2.918513691 3.494924692 13.279317399 1.480344353 3.884390852 1.884433909 1.820880909 0.714109591 3.378173147 2.324315685 3.116582633 2.928851633 -1.090059307 5.232924793 -1.429922382
20.282484120 23.911119987 -6.470431446 -0.444361138 -0.810445549 -0.225548418 0.307975815 4.954393971 2.592170976 6.532179453 2.127888831 3.000774980 0.692616319 2.503433494 5.645045646 4.705646737 4.965283652 -4.240553913 4.272006812 6.399609611 2.289702673 10.401478726 2.355198454 9.023985711 5.898615839 5.835576633 4.785932139
22.150197950 13.260417033 -8.056988691 0.004677706 0.891123871 0.367254934 0.266458588 8.345946798 2.962782050 1.922309583 4.095737688 6.062406674 6.191871649 0.304345776 3.841871177 5.020275555 -0.741963273 2.610093889 1.058868737 6.135403518 6.227937110 9.842011178 0.744717651 5.553637531 4.952711236 0.803003714 4.297511141
18.149281029 28.657876641 0.759593546 0.774432054 -0.511097575 -0.372207766 -0.022263020 5.953563755 3.570110474 4.765984998 9.519824822 1.751264762 2.449723506 2.513737692 6.687141772 -1.555588931 4.801256876 3.601763395 3.733536368 1.882235500 2.374338309 8.836315675 4.892905899 2.432291653 5.615773082 4.606756453 3.636343497
18.325161512 13.975303606 -4.217304807 0.335962297 -0.601161922 -0.245415293 0.682279278 7.103322321 1.065254058 7.786566262 3.685048872 -1.751746452 0.565674142 4.816326757 13.432986955 1.838661370 1.231470494 6.705517948 8.494722487 5.044019806 -2.335281123 2.477880260 1.371102071 7.472129249 2.334584052 5.610565143 2.803323560
21.068089084 25.360428796 5.097442812 -0.591118213 0.656533323 0.070053788 0.463287946 1.629274262 8.197112330 3.584243759 6.002581632 3.944182954 2.119199286 4.252256014 10.240027377 5.286024184 4.197244886 2.248396939 1.705138713 7.321924540 2.107326891 2.764017262 5.634199754 2.049199727 2.029291806 -0.320110342 11.088396126
26.445821273 17.097972858 -9.877622155 -0.756659686 0.111644209 0.617002283 -0.185229241 1.472860965 10.460050662 2.041708406 11.001767092 11.994424079 8.267664103 2.742910737 7.283535903 2.113385050 4.218157787 5.477868717 0.250066935 5.088734103 5.624512340 -0.766336785 6.174029619 1.887985129 3.364962027 3.597899288 0.900151375
27.242022391 21.909841119 -1.857698481 -0.100122020 -0.402147313 -0.903124180 0.112338045 1.820230103 4.326389844 -0.084246371 9.501906098 7.423094519 7.604531919 2.458907416 2.223535280 0.804967647 0.562222349 5.736570946 6.380013951 6.044767766 3.524812574 5.724924151 5.033790727 2.157926614 6.146424414 -0.240033292 4.414757994
16.472416018 23.222370274 4.657448845 0.319494590 -0.485203892 0.805235557 -0.118726943 6.051861270 2.402725055 8.916775038 10.464748445 3.743417528 6.236221666 7.112241757 6.336256223 5.286524973 1.676340138 4.087792234 -3.574383698 8.118025453 6.695407210 4.626213492 4.788534645 -0.827061441 4.948983520 0.205172836 4.419668126
28.203218269 21.335022628 2.237169412 -0.222698123 0.067597583 0.442881020 -0.865847859 4.225842215 10.271316317 4.528320090 5.824066899 2.713062194 5.738080614 5.472480788 1.820672081 0.952841606 -1.024005591 3.763382694 6.749805803 4.155499441 0.559482871 1.452024327 4.125825433 2.592718575 2.598203512 3.301029243 3.036205332
30.276308827 21.188063225 -4.197512813 -0.790803813 -0.483676568 0.119860282 0.355414996 3.362508934 0.938600710 2.758020850 5.386799875 7.515787279 6.322310614 7.562954988 -5.387773748 1.737238410 1.437791964 3.184969671 0.203725181 0.078901633 7.072258502 0.994252006 1.215807932 3.492483915 8.572361576 0.891022160 -1.627103827
29.231523540 18.459865784 0.806896810 0.489764215 0.118720579 0.797056209 0.332772952 -0.009433135 5.224009884 7.515091739 6.361753408 6.256615624 4.926544881 -3.527981401 0.082525791 7.098940952 1.342749509 4.870090213 7.535232033 -0.941230554 0.933211055 2.358086571 3.793727086 2.362782342 1.284504854 9.116228647 7.045846358
20.301947433 25.698531728 -0.465882487 -0.102058534 0.840697697 -0.101585190 -0.522007555 4.265180676 6.514711668 6.187347553 1.112307871 6.272397283 1.494572645 2.259725131 5.445916746 1.537936972 5.085754226 2.244777019 1.060931546 5.710100259 3.045996555 7.187344208 3.972834087 4.214191687 -0.164079981 1.648167419 4.796276945
20.410821496 27.494377311 -2.478874730 0.460568487 0.290789187 -0.398121612 0.738117538 1.083551496 4.232931790 6.435513055 11.525412352 2.306122576 5.150604624 6.130566398 3.965363233 6.164510358 2.117365486 0.635038357 -1.052763803 0.385431166 6.518379266 3.974117935 6.559016167 2.602002277 9.955798934 0.228659815 7.410358720
14.800873141 21.002780874 -1.209203929 -0.532785000 0.320576109 -0.679943518 -0.388648830 9.680603714 3.246720554 6.819369455 -3.290098847 4.232534885 8.852162073 3.414581224 11.902000638 8.320414776 4.536166165 5.719288819 5.616761217 -0.030154217 2.541504014 1.795455469 2.026776300 7.606228407 8.326831026 -0.636980537 5.494709942
12.883746650 18.706927759 -0.361251198 0.275519191 -0.406100157 -0.446526574 0.748188383 1.179327596 5.457189205 3.455954702 3.014248531 4.428574034 2.737066559 7.156727017 2.028194361 6.456951610 5.302879198 5.845570578 10.286466853 3.995937487 4.473760744 -0.390045006 8.100333812 1.107819295 5.622919866 5.638216265 1.181320010
20.336136646 12.805916506 -7.645365706 -0.502087123 -0.025842475 0.718527926 0.480581218 -1.834417922 2.265939001 6.120028458 4.113771219 2.738543731 6.570140322 2.039873576 2.264861385 5.656286322 -1.004388392 1.696567910 -1.835409791 4.511679871 0.797275352 4.224069378 2.572200337 6.399382312 6.139435518 4.504752846 9.392974148
12.464381867 16.849513231 -5.328716586 -0.737856554 -0.377010051 0.448878780 -0.334572816 1.806527707 5.899337312 5.614396431 7.309261180 8.974445089 5.376030006 4.185602573 1.000807882 0.603854623 9.480840293 2.949551893 6.969124053 3.093442473 7.335571919 -0.711001456 5.177680893 5.180509182 5.230075820 2.424664633 9.231014384
23.448170663 17.322709202 -10.264152180 0.097677579 -0.243641698 -0.196859020 0.944639794 8.054941806 6.760442716 3.105467174 5.418828063 1.552709786 3.449197484 1.841292656 3.255900900 2.800977631 2.400204080 4.072761050 4.378633640 1.345406386 5.186415982 6.930634183 2.351226376 6.556194624 -1.222310459 5.335440933 0.948411188
21.884727660 11.430788760 -5.881309539 -0.428335792 0.344758351 0.681350981 0.483146944 2.771854190 2.300414189 0.266501174 4.500906173 6.658309325 -0.749472001 9.653590236 -2.455213459 4.969519267 7.121989367 4.389133303 -3.155536538 2.523519584 1.271377261 5.256504842 5.604725817 6.091245741 6.536751579 0.147577366 8.251593753
18.364814377 15.560341090 -6.831564311 -0.241108634 -0.190108845 -0.726403655 0.614868265 6.029998859 8.491567365 -1.649314451 0.600614768 0.426734809 1.158880827 4.603173387 7.100306730 1.085770117 -2.159453491 4.653259503 -0.568164067 -0.628349123 4.232176091 7.987298513 2.876681889 5.769246510 4.178239586 6.441875438 1.742406632
19.299055384 28.133508886 -7.005094660 0.396388275 0.104574727 0.286207077 -0.866040398 1.057406156 4.870454671 5.497645770 4.129752249 3.442397858 6.068261184 -0.714865010 4.813292285 3.213507402 5.042131529 0.897586121 6.319985112 0.203006561 3.051311486 1.712168892 0.168753848 -0.413708537 8.979538213 5.806475577 5.315479876
16.784640908 20.133540902 5.811229831 -0.324917084 0.155334560 -0.129267524 0.923899329 4.872798105 5.818830358 9.309815917 0.768635678 7.395915424 0.596923828 10.511454000 3.680324809 7.807443925 3.232586788 6.389873244 -2.107634836 5.068530077 3.946724384 -0.252053515 3.747148244 6.205006368 6.079935555 2.368648436 0.279934903
17.168391466 22.145229138 -2.268382929 0.626352879 0.162280332 -0.737982818 -0.191646874 1.966413883 6.639174891 0.232268284 6.226752387 7.383977198 10.140253246 7.421289837 3.003430084 9.231756431 4.203329797 -3.207684717 7.591762380 5.008156718 4.776266727 2.791084487 4.619864971 -1.718556705 7.439168821 3.170343719 4.471704354
21.144145744 21.032914636 5.028122111 0.742300135 -0.666958762 -0.055325796 0.033099491 2.692970717 5.421256697 1.458612045 0.220266037 3.283643819 5.746069813 -1.293923428 2.581941119 2.479947304 2.300522538 7.274581907 6.005739100 6.574998743 4.615175928 6.139491131 8.356502802 2.104035582 9.470344239 7.377179273 4.982430556
28.576026914 24.233514158 -3.139826225 -0.306582807 0.056929238 -0.482705403 -0.818389601 10.799476720 7.533920031 1.886878672 3.088668242 4.415125045 7.567809092 7.869770152 1.599879425 2.514754682 2.333673663 0.595412885 2.176805266 0.342684431 4.647044239 5.320760869 1.751902007 -1.038832819 5.533958329 7.260529115 3.257303642
29.047878077 22.022566159 -6.668806985 -0.405301126 -0.484904410 0.774868914 -0.013299504 8.230630841 5.384392473 9.474560989 2.834272513 3.687695891 8.508059313 8.213397834 5.247062476 3.161356674 0.289287691 0.385566298 1.164978332 2.281780827 -5.411766557 4.458614701 5.804678670 5.613484623 2.982688087 0.778256411 5.597625807
