6.132838057 -24.496145051 15.320512969 0.765284186 0.153626534 -0.258854957 -0.568975495 8.753453567 4.104057529 3.088956805 1.644600961 -1.280491330 2.662384900 3.757314482 -1.734821807 1.854744000 2.050409429 3.270251562 -0.680478938 3.026110068 0.852895989 3.796287107 7.160486703 -0.860049494 3.026058729 3.561286225 2.411149750
12.652209078 -16.356090411 26.805869217 0.763446046 0.333527479 0.018044419 -0.552796485 3.634350895 2.769707475 4.869448384 6.421610353 6.245469249 -0.214444082 2.447868737 -3.274453423 4.312898424 1.389346846 2.272332672 7.436452928 3.383469667 6.967590862 5.971398439 4.834102134 -0.201642823 4.318296130 1.932895528 7.196696301
6.894174326 -14.862156359 26.972829838 0.015830801 0.831392143 -0.508840990 0.222749496 7.350608173 5.928696693 3.917910925 1.171777789 -0.528472707 2.810961061 3.040942723 1.699382519 4.470622192 9.774268255 2.428033642 3.604377977 7.039273757 5.999128122 1.520208632 4.365693867 5.814645431 4.893429172 8.363714612 3.451248827
7.667147115 -17.035114956 14.676149852 -0.057866274 0.789312346 -0.514779439 -0.329605286 4.455504273 4.923932564 7.730079139 2.637682478 2.137202275 -3.180274191 1.719321204 -0.308997296 5.965661415 3.869354667 1.810113271 3.740517467 -0.516284460 6.061229613 4.839442795 4.673490878 5.926001813 5.248560583 1.127489137 4.952186083
14.825581554 -15.775868922 16.508208856 -0.097044448 0.057124359 0.251823816 0.961199224 5.241214593 -1.100113555 0.288677813 6.184100437 1.375913118 1.408162532 6.495913021 5.130457237 -4.226973262 -0.302138228 5.125477462 7.048461620 6.198124377 6.635996314 5.461251170 1.088463382 4.251478435 7.044576193 1.431460272 5.508013307
4.860080347 -16.100772631 11.639280751 0.770425273 0.600077330 -0.031635851 -0.212958376 2.194767263 1.026089629 -1.768568943 5.931085378 6.528589961 1.145648073 3.370009627 2.177320530 7.426610786 5.914567942 9.979635108 -0.953272345 3.824989058 4.264760326 7.937600437 8.884562459 10.731304043 6.912368155 -0.103441224 3.900776639
9.051283647 -14.500037646 19.780088359 0.169351643 -0.740557164 -0.557536105 -0.334736611 -0.270390251 3.724595786 6.612437575 -1.309088721 8.497623952 3.541044685 5.276868869 5.477947427 6.337903529 -0.542706341 7.423770615 2.179738791 4.371043001 2.648382577 2.574191183 3.091105213 1.159642591 10.369140060 2.351866048 3.292991260
6.671956736 -22.114836249 18.928769592 0.018702921 0.484104180 -0.868684782 0.103344538 8.163701692 0.606379675 6.502819911 -2.962342113 5.303531355 1.076708232 10.943308914 3.511625464 11.806051910 2.866477372 3.002988358 9.426246833 0.222831807 7.721229314 7.579081083 3.671578416 1.296785061 6.895610562 8.331703805 6.578491264
3.966394160 -15.564911712 11.299745325 0.401458073 0.712345975 -0.492728314 0.297680089 6.320400083 1.557353179 4.056406849 7.553681083 8.371166088 2.423497167 5.427561662 5.229832333 7.271536581 8.466487357 0.694158281 4.054129367 5.571402271 4.954466494 0.616897055 5.808129633 3.729525240 6.061630133 4.648842943 3.587620758
8.088284159 -22.595701876 13.310378094 0.305817707 0.151016476 -0.514523077 0.786724575 6.680062336 4.290653508 -2.163908540 6.703553884 7.954608780 6.481850348 0.753482714 7.562039923 5.210993276 7.827293872 -0.762574969 5.908048814 2.100892501 1.200852302 5.719062751 6.292935428 3.074247675 5.813666296 -0.253557376 3.447371500
10.921348036 -10.995157357 22.967972417 -0.364390836 0.788028930 0.312225782 0.385674454 7.123358296 1.884933314 1.351576421 1.067341838 3.137964946 4.978414296 11.611653141 7.610909321 4.527098649 2.162126020 3.304179948 8.001066170 4.039514728 4.111897788 0.333211465 3.378881581 5.640956953 2.885694479 0.891214108 1.448648332
10.846148870 -19.932734334 25.140123111 -0.053109760 -0.821299865 -0.501526183 0.266678407 3.565241318 7.801009350 5.683694240 3.894962091 6.318798473 1.084118014 3.276269557 3.586624550 2.553920642 4.214735540 7.599411705 4.419054719 7.485347884 7.168327404 4.376611281 5.124532120 -0.519858993 6.906095725 7.550347925 3.908622358
8.453182201 -20.188094448 19.879777359 -0.752346895 -0.090478756 0.542645344 0.362386224 3.621260308 9.270566030 5.947757991 -0.875950879 3.941726177 2.701547846 4.209109282 4.470306996 3.108924241 1.524408754 2.301303068 0.818517483 1.175789151 -3.315353580 4.673950946 2.331652961 -4.036138143 -0.562003926 1.366486348 0.666134440
1.441722449 -18.705830008 20.365394963 0.526771259 -0.686188923 -0.032064585 0.500628270 3.399819632 1.214740475 8.093393327 2.477317658 -1.168467807 6.542143255 8.765828956 9.504896259 5.377264010 5.377301911 1.248700328 -0.023546862 5.226114943 9.173470321 6.777826657 6.962206800 6.572228874 6.674143760 5.586967823 4.350651244
5.750958321 -23.341755603 12.759136022 -0.597947037 -0.541553940 -0.058062604 -0.588053913 7.958636745 0.500381925 3.258287936 3.044124330 6.923817342 2.915465407 4.923923362 -1.485431069 4.370334899 -4.179085902 2.207813382 6.834160849 5.510513277 3.385449854 -2.013167425 5.281614330 -2.111323450 -0.719721101 3.125615577 0.924550925
14.100108331 -12.904957758 25.725014197 -0.054109884 0.589537478 0.395831554 0.702022124 -2.083525274 6.248136898 5.882118124 -0.694766927 0.594725240 -0.100657237 5.225733186 2.213230530 2.875162895 3.826123754 5.450825564 -0.721544640 4.266412057 6.228390682 2.166935766 2.667187287 5.720534163 -1.414606863 1.672967209 3.941152089
9.630714179 -17.569839922 10.561667353 0.718080380 0.583153216 0.354389818 0.136750689 1.551491458 3.533859742 6.046597324 6.353180750 11.278700764 5.967484049 7.132411202 3.876065224 6.199825273 7.547944820 8.595171902 0.956583962 5.978753723 5.035429593 3.872892493 3.919096337 1.988416790 6.678604010 1.194710340 6.388646925
9.264811889 -9.391469840 18.880592767 -0.401698940 0.081262006 -0.270070473 0.871261378 3.955246177 3.219825259 5.865977172 3.941474964 4.107014604 -2.715975063 4.366445737 3.936639698 3.223153412 2.280805541 1.236578640 4.730322106 3.599053139 5.606751971 5.527547838 -3.220649300 3.204549770 5.235728922 1.100660504 1.963618267
3.765194009 -12.777317416 14.718596207 -0.053604485 -0.171899922 -0.208991365 0.961196955 4.629243999 -3.757799893 1.991176727 1.570229398 5.616381329 1.646672145 3.986507041 2.735176602 5.019250699 9.050593166 0.700549278 1.913912071 8.821089520 0.838732470 0.891632232 1.891561457 0.165020377 5.353033339 3.513800406 8.747452266
1.908756730 -17.232647898 20.640749758 0.706817764 0.140710147 -0.675303471 -0.156762639 4.355562605 3.674785045 3.881998076 3.922415416 3.933511711 7.095196254 4.522086628 5.680956513 3.644077146 -3.703391886 8.438646150 2.420817879 -1.536840317 9.751582046 4.252824627 7.784632537 7.602597310 -0.196744854 5.064962528 4.829667298
7.633182072 -14.358015765 23.237318380 0.548248426 0.770858696 -0.321090147 -0.045843768 -0.258064966 5.596906827 7.417187946 2.792446649 3.541998430 -0.077370189 3.873195589 5.351668401 0.825614603 5.243065137 -0.495290693 0.606531104 6.424612773 3.580960540 3.862932239 9.405901944 2.609159289 7.855681086 1.973602350 5.085281928
1.661017851 -15.968794401 22.340208945 -0.391323112 0.773084019 0.159502044 -0.473039554 3.140449768 1.965053969 8.803903795 2.581856160 5.879375587 2.634457857 0.954010805 2.759076194 8.849565651 2.088573751 2.654143997 4.016842746 1.922293790 3.184380721 7.741670471 0.042991509 4.020116948 2.104517934 0.885792348 7.038396390
8.712525564 -12.878506087 22.945104810 -0.206965657 0.246082981 0.015162994 0.946772659 1.379308875 7.243650040 6.429424674 1.804922437 1.775638826 4.726994329 3.116224897 1.990616409 8.259785300 4.013811560 1.902562110 3.556258134 8.180230073 2.878909329 6.915225313 2.969431066 4.249329759 5.939160596 4.427676144 3.864236298
16.520130699 -13.098590839 16.699923977 0.007352140 -0.699464461 0.070494893 -0.711144067 5.511741458 10.697824418 3.823857365 3.329485990 7.389011382 5.283981844 1.827240783 1.059362953 -0.304976420 6.160765189 0.148237574 7.530381187 1.112150769 7.619105690 6.746843049 3.331847488 0.713710159 11.551366566 8.507476974 7.196583511
17.422597238 -16.737682161 18.081984310 -0.533299416 0.816258507 -0.186892007 -0.119938147 4.439215970 4.920321267 1.430653032 9.692438768 -3.979469019 6.494307263 5.281081168 3.099252160 -1.163562087 4.483024324 1.500964344 3.960537513 -1.709467619 6.914263270 6.534002700 7.369777600 -2.445124075 -1.492965338 3.882614219 4.077498351
8.707066894 -14.587428421 9.627436187 0.887862463 -0.419455685 -0.182567733 -0.049256459 7.065096769 6.122451712 5.571956868 6.923016174 0.855952768 -0.400212346 10.049363304 -2.006881019 4.684951342 3.041738739 5.559842231 2.764035249 6.086699419 0.431759033 0.349542225 5.474510462 7.121454835 7.110154045 3.405356500 2.685516882
15.933982105 -22.609981209 22.111689856 -0.312190788 -0.073452968 -0.903561099 -0.284110741 -4.746474827 2.207071685 -3.328451060 2.499864421 0.314067050 4.581365972 7.307181347 8.603201410 -3.733053151 5.779280509 6.671029888 2.499830443 5.260829472 0.572334732 6.859164185 -0.177454526 7.141570790 7.373544841 5.220418779 1.993317338
0.809904489 -19.594592002 23.389205946 -0.835008871 -0.454440983 0.096878571 0.294717018 -3.601029736 7.331851774 8.026868070 5.649053983 6.713036688 3.003876218 4.228478474 6.349573997 0.489807772 2.637485271 4.249080103 6.819664382 6.061455576 7.116587653 3.726038797 1.477148173 6.276489235 1.791414682 4.356793730 3.353481815
5.179459586 -19.440164652 25.169831086 -0.095956575 0.027491479 -0.480153700 0.871486649 3.721307933 7.603238105 6.239568132 4.214636857 8.351389855 3.551996159 1.073093894 4.412964280 5.393147574 -0.668945750 5.053531352 1.886312691 3.822544736 7.619346868 7.492130362 4.676686515 -1.134820927 9.803891108 6.543690047 6.943686407
7.427038440 -20.207048328 13.079706169 -0.469096738 -0.155015666 -0.005329765 -0.869419339 7.143817783 1.998793399 6.842457119 1.961662450 4.014580864 0.746100139 4.613883046 12.547913623 5.935557862 8.524741699 2.806882954 5.983420660 7.258484844 7.709121121 4.860811752 2.899163259 1.714724599 4.936247843 4.569186099 11.098589940
5.258132865 -19.509530663 16.674554927 -0.301480499 -0.072570840 0.430245965 -0.847780273 3.047813194 3.913140949 1.618154747 2.529804082 3.956572646 -3.886504499 4.051699805 6.216635562 6.054712019 4.252129879 3.883300183 -0.390186606 7.514292471 1.190233253 1.244595450 5.413795537 0.955170696 5.653436654 3.756031664 2.991241661
11.040720846 -23.491263404 24.438618993 -0.057925009 0.266231864 0.901484530 -0.336289949 0.321120442 5.958969461 6.214900316 1.165702215 5.143564394 4.710973924 3.378636116 4.654424360 2.895732529 10.756310632 6.128006726 4.413517320 8.615454886 7.435043084 4.874268416 2.903517182 1.363074507 3.717863185 3.519034207 6.910172922
-0.029186142 -20.087831852 19.443667413 -0.246277028 -0.615747791 -0.480836076 0.573584302 3.321175433 1.157115484 6.443044780 6.120114335 1.041515439 -1.922217719 5.799394765 7.680640016 3.483992010 4.125613024 1.598069098 5.584318002 6.023468860 4.552448187 0.686489924 0.836097118 5.877406593 9.584828527 -1.766087823 1.957149383
15.397107927 -18.755589556 23.156723955 -0.136151743 -0.205953064 -0.861442470 -0.443805034 8.292866860 7.268941429 6.146156456 0.949194709 3.276582717 4.524153282 -3.101500699 4.251255598 5.264406443 0.197473390 0.259963973 5.189020103 2.113928571 0.618724271 1.520620828 -0.669822189 7.290805111 1.800944411 -0.253508743 2.227668467
7.548756685 -20.044806366 16.992604687 -0.689324176 0.100971393 0.442656071 0.564528619 2.604278147 2.658015129 -2.417283983 8.858806206 5.107144651 1.658898401 3.579416796 4.393159327 4.268979778 7.851345929 8.693974586 3.834645134 4.551567002 1.668790734 1.370018507 4.201257233 5.229060241 1.434516514 2.686792211 5.089490055
0.335984558 -20.727953304 19.512188141 0.182386161 -0.885221480 -0.422081822 0.070463857 5.781261152 6.522118930 -1.605957128 7.100257457 4.779059264 3.148883884 4.071022792 0.391272752 0.158278029 1.764592631 4.193054386 2.589787200 0.240722047 2.759710609 7.981183141 6.765100262 3.821833469 6.698974420 6.564330157 5.840573792
6.064564369 -10.571325015 20.125378680 0.131117828 -0.757548565 0.498379112 -0.400682603 2.013473961 7.707233461 1.068746542 0.311142572 3.094290732 9.505415957 3.556837198 6.473781598 6.238179148 7.377351974 7.937189426 -1.291120387 3.141094451 10.201877202 0.342138571 9.448218170 -2.056615754 -0.070692754 -0.126944312 2.506543942
5.486484573 -23.054326005 12.370759677 -0.044202000 -0.182353748 0.799782588 0.570211458 4.990567087 8.959875037 -0.006206294 3.937315708 -0.308543901 4.058534784 5.285208537 9.477180143 2.141490467 -0.551564114 5.897637006 7.778644764 8.378186660 4.666874646 4.832965770 2.445011179 5.385234232 2.894293404 7.574975728 0.062143901
7.058196986 -11.331091960 17.473692217 -0.421484524 -0.344236560 0.745469390 -0.384873193 11.501025785 7.233960859 5.912411825 4.343608178 5.349306219 5.078092878 2.183218677 6.268407780 5.452471950 3.851417859 4.042455617 4.519970208 1.526078054 0.165071007 -1.211096706 2.770737535 -1.544891008 3.919512919 0.852372206 1.162106282
5.219715853 -13.441428934 18.079347909 0.239229447 -0.649095421 0.715379228 -0.098371573 1.786547985 2.282885977 2.976788708 3.976543827 4.640969982 8.101622208 -0.151285366 6.010295925 7.728864694 1.792270580 3.783014687 1.180861837 5.398423299 7.766616670 -0.598854651 1.822619344 6.830326764 3.074750865 10.166025846 4.059989928
8.788718571 -21.954130310 12.655460846 -0.837482754 -0.282621317 0.156651296 0.440690593 2.784628369 -0.164981418 2.265720379 1.019810944 9.214932840 -0.122556675 1.687111985 7.354476462 3.052586940 -4.400971545 4.179986158 -1.484094970 2.916314693 4.703899596 6.720415321 6.099632861 4.247619467 4.166991114 -0.929494195 2.325302397
2.653522056 -13.597647106 15.484104661 0.929264918 0.309258375 0.202048749 0.001507564 0.729428130 6.972065436 4.576448333 1.469360035 1.865553625 2.590584653 5.166040763 6.740487771 6.496866364 8.388660687 5.602551112 8.322833051 3.932875336 4.165413690 2.624612269 -2.207427791 6.546284656 3.500053179 5.589271907 8.254609636
7.283323235 -22.206294942 14.287727640 -0.150559267 0.109070259 -0.840789411 0.508437559 13.406656100 3.297693142 12.090838643 4.170699429 4.287633848 2.900607701 3.985869813 -0.975146586 3.789154136 5.450452020 9.200838824 0.491115494 5.696943780 7.220430027 0.922580212 1.083227948 3.851344812 3.501426731 3.864495232 2.271455704
11.073910200 -10.530972420 18.415305575 0.346281908 0.134378533 -0.687101153 -0.624438353 0.235287731 0.804820835 1.293860397 -0.672990102 4.611772138 5.294546055 3.389710155 11.588496036 7.848327344 5.572794595 -1.634039389 3.061225483 -1.657898509 6.115621472 3.759316315 4.101882712 6.259739001 -0.855299484 1.522995196 2.570359477
8.266595076 -22.807003074 19.397397981 0.659055610 0.575266009 -0.149186862 0.460931669 0.810407991 2.548268003 2.904865747 3.306945557 4.939966492 4.128128169 4.245703236 1.426669715 2.881213293 1.962543365 0.759128960 5.994140666 -2.313693502 10.196236115 1.035473259 4.039912923 5.056719644 7.327022204 -0.123227636 3.857940218
7.412607469 -17.344810849 15.315313671 0.488049963 -0.563207787 -0.624232824 -0.234387722 -1.531382185 8.759510085 7.104069223 1.543840211 2.432958029 3.108461294 1.855015531 5.964380745 5.160716742 3.376403117 6.423874453 6.451331725 6.123137692 3.924405884 1.871548305 5.441398572 2.679525197 -0.917051003 1.379047824 5.780608621
14.594050286 -21.337836018 17.723347511 -0.222062362 0.438328892 0.867946202 -0.072287487 -0.751463783 2.773052362 5.149328852 1.048651604 4.573822231 7.519245952 5.682878515 3.479328733 3.655801383 4.577313931 1.050841169 5.381002711 8.133416733 8.699466397 9.009631330 2.865232890 7.136303868 2.717314502 3.076731802 4.789269187
10.471786822 -13.396269924 12.099716131 -0.771273329 0.245377984 0.586105804 -0.037511121 4.482410369 2.137332422 3.792742472 1.776292312 9.650924823 7.110766187 8.701291694 1.946263051 7.215468683 -1.514181019 0.807837341 5.421964818 6.570385567 7.768638698 3.437947155 0.652264345 -0.111065377 -4.077506254 1.916756365 6.193542404
6.034513212 -22.662651035 15.727148846 -0.606923656 0.126092878 -0.087761343 0.779770613 0.019616317 4.525762776 5.801261622 4.273599938 4.205065352 0.233350495 4.616638847 6.457866721 3.937490392 10.519713314 1.067116792 0.046700519 7.500691987 6.747444775 0.362381869 5.606606181 1.692682469 3.244468806 10.834991060 0.589727940
16.047271517 -18.020181312 17.910547250 -0.369672272 0.793938368 -0.078606871 0.476261734 7.074283712 11.165976041 5.914126752 2.889050387 6.870298058 5.286888861 8.171784542 6.522472087 5.000554450 2.014999526 5.549535801 2.152242670 0.810796702 7.054753013 4.317288736 3.928975568 3.608108799 5.539417909 6.595170380 5.606664860
3.663368164 -15.228389586 21.497697981 0.341779330 -0.304941549 -0.852503850 0.251862518 0.698412439 0.120364230 5.473389090 5.585095764 3.469624480 5.098104177 6.206546025 -0.014644200 3.432962468 2.201676989 2.626167647 5.833617938 11.234772885 8.066595752 1.220900740 8.349051430 1.870856531 -0.702218001 3.074722991 0.673044801
5.097304571 -22.271851221 21.782883875 -0.603026828 0.492911497 -0.486305159 -0.396111339 5.776858495 1.328005115 4.306545215 6.143007302 0.410030482 7.277925515 1.698638003 3.333219255 10.529473442 1.444988435 6.213809146 2.634521989 -1.056148275 6.752639290 -2.088560322 2.787307525 3.327421869 1.716436131 5.258063852 6.101962811
17.962857967 -17.579168836 17.506772386 0.099272815 -0.355447563 -0.524656769 -0.767161790 6.015140791 2.560091028 -1.923008192 7.007748579 6.227412406 0.714398637 1.289666441 4.367092483 2.202569564 3.226132220 9.438191262 9.678045731 5.092046720 2.800640340 7.856479309 9.035770870 6.244958319 4.517853328 -0.521551944 2.637778625
7.197826747 -15.526243987 25.532824067 -0.059114327 0.201332545 -0.370412111 -0.904856658 3.343447663 8.728237249 0.778153696 6.249381372 3.887447261 6.841481119 6.389438969 3.867879901 2.650351176 3.889305572 10.010664574 3.027197082 4.414107868 -1.085178471 3.779026017 5.669038099 5.147218651 1.013653830 1.289577812 0.202290805
11.450688124 -16.923397638 9.277845265 0.893030961 0.356611591 -0.095805623 0.257187012 0.518217070 0.684363271 4.208433003 5.234488374 3.158074297 -0.429046139 3.392181806 0.656060186 7.851412324 4.399773885 -2.380982257 -2.190496635 4.748568836 4.508740644 6.148162632 2.523955338 6.250531139 2.730406094 0.038761125 3.650352134
8.111497871 -9.961634950 19.682679906 0.737283342 -0.086183971 0.406175990 0.532922753 2.579577621 4.620460642 6.090087261 -3.757548743 3.178259550 -2.447966657 1.704705045 0.148121682 6.314948716 5.356626737 1.340336081 5.866705481 6.332070604 8.045073973 9.758231190 1.944883807 6.140969016 4.633740989 8.965148239 1.551374564
10.203185486 -12.581438489 19.286957596 -0.850688728 -0.081328960 0.121616892 0.504899614 6.352371866 1.073542850 2.405347768 11.275362955 2.936184621 2.639145631 2.185615582 5.720220492 2.359662038 2.097248257 9.584581738 8.285702297 2.716690293 -1.349062466 6.774444142 3.538918917 5.250231368 6.657123846 3.323679306 2.405515142
16.468898589 -13.569473291 12.993324487 -0.890381262 -0.007239171 0.351219412 0.289506005 3.231918800 5.725123776 1.332081180 6.823583763 5.104762583 1.527380306 1.734598556 8.466748169 2.335179739 -3.341862614 4.805684834 -0.468207832 -0.423818554 3.774044451 1.604240691 -0.031102050 2.325360282 0.699150265 4.255978962 0.965293614
16.648390268 -16.723305066 24.524266371 0.479315382 0.374870360 -0.788306944 -0.091110589 4.316990459 -2.948251196 2.780989731 0.454344288 6.105867868 2.770345608 1.635146315 3.113750481 0.107073019 4.891224269 5.143274254 6.878310826 2.052035034 0.161512873 0.719434042 0.893437116 0.871984896 4.344553306 2.838726709 1.612174674
5.952475679 -20.215841595 21.313947526 -0.508848996 -0.077199851 -0.812112995 -0.274927929 3.126601969 2.574986345 4.887146546 6.253300076 4.393672390 2.106973074 0.346318092 1.485625063 5.133074357 3.943193297 1.751979634 1.643330985 3.497834288 7.192813519 3.969657361 1.752934147 1.315454197 3.396813386 5.819226458 -0.259438577
10.965506083 -17.638154513 11.896727453 0.222088919 0.757468944 -0.123945475 -0.601294296 2.124197496 6.197724266 2.294503575 6.814318074 4.545038196 3.499224937 6.695082002 6.801852650 2.799318001 3.508031268 1.801986749 3.706728977 1.425414394 -1.972239849 -0.026097556 1.193504907 5.497797939 5.034631495 5.596147511 1.876557038
10.659288231 -13.362896825 26.461942532 0.215008563 -0.730397315 0.621530069 0.184367712 4.685357063 5.055086407 2.728975910 4.206486659 -2.395406955 -0.942463704 4.128668637 6.781849224 0.503159971 5.516536927 9.575056952 7.974805280 -2.388967696 5.217275152 -1.818461957 2.371829446 -0.669910852 0.951322484 7.098837163 3.160491693
11.875847542 -11.482790933 21.882145752 0.251664222 -0.855192367 -0.080288940 -0.445942621 8.660905248 2.178527786 3.994180862 4.879662305 2.263539115 3.399677026 10.383012725 0.358493894 5.593329071 2.898728200 4.446844239 -0.449691751 4.618637188 8.604655937 2.663988390 5.364460307 7.415350225 5.640360469 0.633521988 6.336540732
14.027110821 -18.402935870 14.292999306 0.932071323 0.203803952 0.163648294 -0.250851021 4.620181603 6.093726193 9.035626741 7.744233285 3.427055140 6.028394336 3.484488280 3.032804671 -0.948492757 5.152706181 3.985915969 5.650214880 0.664073731 5.533074162 1.291076878 3.775142819 0.301410142 5.961702446 8.858886691 -0.417828998
0.372541085 -20.362896749 20.070033780 -0.854236084 -0.204691914 -0.120257527 -0.462514931 4.986606310 5.519243950 4.342465666 -1.781493324 0.252192723 2.517315629 11.011683887 4.465943558 2.719296265 4.528773808 8.006792176 4.618836838 7.578569736 3.655484318 8.849969343 1.070139521 9.061050008 3.745670427 5.927882586 -1.467525332
14.978624726 -12.735534321 13.644074786 0.350685091 0.349948420 0.188485192 0.847956015 -2.524440353 3.787386641 0.864321622 2.534179911 2.711202329 2.593047174 7.197629408 3.478462649 7.032131248 0.652733339 5.635003578 4.933086165 2.465764479 4.523808315 6.460865162 8.061713963 4.673120040 0.636962718 10.450123009 7.310505851
9.491407978 -25.868270778 22.712415599 -0.106848093 0.342492735 -0.800201944 0.480582000 7.230492213 1.886107117 0.751536381 5.956430477 3.879935009 3.659561931 7.579133196 3.802472503 0.091187710 3.934861875 -1.057107882 8.559434134 4.247867170 3.775634288 7.237895321 3.600966379 1.988401657 3.074270634 1.240192557 2.572657633
2.449338656 -17.748474936 15.192039759 -0.650052658 0.435942063 0.620491358 -0.048749700 5.003345926 4.970032651 5.214522054 4.891406717 3.298039612 5.768414203 -0.352263449 2.031331983 4.970235585 0.332938413 4.318191577 10.347773391 6.388452825 3.487568216 6.484848984 7.672357059 -1.001232505 6.027906059 2.961233891 1.930111975
7.869013550 -10.593064770 24.621717738 0.362997778 -0.656354652 -0.598340718 0.281814778 5.766236069 -0.255593838 6.273869416 3.952617620 -3.157227451 1.790723188 1.478381321 4.119122620 2.688783524 -0.525468861 11.096348404 -1.453023619 5.221431019 -2.821276737 6.133970489 2.348604059 7.053921757 4.122781265 3.911549683 9.608812819
9.806365350 -25.974846477 19.475154681 -0.866581183 -0.379810968 0.233629337 -0.224049134 0.826004914 5.737266114 -1.098694711 4.196819676 -1.228477373 2.848878360 0.463520261 2.079791846 3.886245140 -1.940544276 3.494471163 3.862695214 -2.076536845 6.549099743 3.572430964 7.498223778 6.354374619 -3.022559596 0.560333954 2.115698150
11.048459922 -12.142393495 26.644814773 0.686682567 -0.195723618 -0.461818113 -0.526197062 3.030831496 2.899187097 6.584950286 7.099923768 3.853067089 1.806842933 7.855131641 2.279169937 5.373755289 6.884033400 -0.369779432 -0.375771011 3.929564689 7.051776677 4.588605618 1.751197654 -3.097178607 2.944949002 -1.549915251 4.003716990
8.718058915 -23.502463012 16.176462778 0.246073721 -0.215556037 0.870480777 0.367758802 7.431430781 0.109259902 1.522120702 9.891350542 2.198886325 3.694260882 6.721886884 3.135895952 2.870424164 2.613973021 5.330831092 4.315050575 5.541820457 3.946374101 1.892037049 3.402640235 6.350957630 0.646130119 3.023049982 7.982555164
11.200255075 -14.630664545 17.705977865 -0.643996859 -0.310088162 0.688649498 -0.121964118 5.633201120 4.326927739 8.826753731 8.073502964 1.654471423 4.802019018 4.254594386 4.231710517 10.416989063 7.911957785 2.576662917 3.024262899 0.248721971 2.535277373 7.535578127 4.201543197 8.911363984 2.572397976 2.113733060 -1.018400104
16.196809016 -21.337281771 20.884294435 -0.265406511 0.490282025 0.826291519 0.080157623 3.725839430 8.343477297 5.237803370 1.464608247 9.278459267 4.589460943 2.288376688 2.518036023 1.695243129 3.838542399 3.046322275 5.745789131 2.954479881 2.683045999 6.261602997 7.630941515 5.761385836 0.208247667 0.647067337 0.052426021
18.152298335 -20.643626342 21.487536482 0.628557867 0.456322913 -0.610332737 -0.155493914 -1.085178150 1.669401755 1.345586998 5.648675311 0.997294751 5.304796046 -0.225514821 0.725934647 1.688985736 2.007361376 -0.034109368 5.330112596 1.153989585 0.638247142 -1.762809951 3.449526604 3.401689405 1.385137760 3.439579282 7.213707499
15.623254977 -24.772283277 19.055707009 0.053759908 -0.828064449 -0.535138749 -0.158258205 7.154067539 4.470866826 2.286016293 3.973662719 3.081710024 4.801680199 2.776540065 4.263089999 6.026330073 -1.848674184 -0.252619693 -0.022181983 4.991644849 3.410795163 5.799683473 1.935541104 5.414931650 2.590766580 2.500470550 -4.223752152
2.673298281 -14.748202215 25.497437651 -0.541991381 -0.575985783 -0.056211723 -0.609365213 5.021993738 4.965053361 -0.237269297 4.180152449 2.546138927 1.568858284 10.773743036 5.245362041 2.863822997 0.733204220 4.682723420 7.567772382 0.546973400 0.456773205 1.477201873 1.474411731 6.266958433 4.778968242 3.023608105 1.938210038
17.155726426 -18.727774164 21.899809081 -0.745231808 -0.102902448 -0.599308607 -0.273623523 2.980762608 5.756015215 11.212912727 4.455765873 -1.443911984 7.059717415 4.325989177 3.420229353 5.107320854 7.728895414 -0.735628643 -1.937303246 6.246049315 5.771126485 2.702558804 3.615862745 0.462626693 6.863568602 5.595884502 0.791477520
13.873697716 -10.894867615 15.960018923 0.267336371 -0.340045617 -0.800539933 0.414772298 1.180783349 5.320137594 9.605614236 6.715097964 -3.458931502 2.441439784 -1.941711323 7.000793028 3.039316108 6.954420115 2.499774298 3.170798821 3.222420432 7.831875812 0.702872886 7.666168145 2.902066716 -1.673097443 5.594518347 0.947654758
2.705870511 -14.486049475 13.554554794 -0.600275165 -0.069425142 -0.416529135 0.679229972 5.706262957 11.948986194 3.876842927 4.216951910 0.890938180 0.574149093 5.239374909 4.154263595 -0.127742917 1.700600607 8.982370923 4.769463488 5.107099890 4.920312902 2.985798429 2.583781710 6.884814315 12.203514365 5.524432426 5.560527028
2.359712570 -15.431585416 23.624993084 -0.449118094 0.250206908 0.609352294 0.603638321 2.455410569 -2.559851557 9.572591193 6.592055616 4.068326430 5.885015931 8.042998646 3.417734045 8.437429692 1.730705864 4.066024247 2.563986515 0.492260174 0.305215223 0.846928292 2.828208444 2.981705807 2.728927327 2.638764198 1.994566366
12.197990439 -9.722599577 22.428349379 0.967315970 -0.151859432 0.060312421 -0.193909615 4.960154663 6.271329315 0.446716007 4.391913695 2.939511081 7.589240326 6.811802873 2.307136161 -3.961227312 -1.886103473 -0.402735719 4.640277338 10.745561726 3.008476235 6.718588365 1.619696482 1.011147500 5.219065670 9.232243920 1.988234642
6.549047647 -10.555415190 23.662196187 -0.307726565 0.167558586 0.925812711 0.141772022 2.678897499 9.162919314 10.907021530 2.939228811 0.176359529 4.962069811 -0.709377474 1.010432060 3.417378057 2.504539547 4.065537244 1.768289835 5.949371885 6.705058086 4.304789014 3.313908281 2.355408566 7.427085743 5.884515344 -1.916306399
5.636164371 -13.660217548 20.176417397 -0.209481742 0.042153495 -0.644560447 0.734086039 0.764573506 -3.034323859 3.102816973 3.194537101 5.278803243 9.626210927 -2.502611219 4.227083297 4.497657377 3.509312920 4.255645097 6.595202307 1.859890681 1.574592585 5.737305165 1.305823386 -0.125377232 3.462253833 0.511861689 -1.259522846
15.118550105 -21.478940238 16.513857061 0.937431167 -0.287714766 -0.043760963 -0.191122993 2.056427221 1.688599759 5.248742020 -3.193107187 6.332391450 4.814120586 6.550229883 6.468127056 2.385673591 6.255956883 2.219067528 4.265384495 3.603435813 7.890529038 2.861932748 11.860555876 4.014621230 3.173785414 3.533117538 2.340822907
11.979067238 -19.094963121 19.730638925 -0.635435190 -0.384440777 0.436046121 0.508223562 9.296818393 1.069707238 -0.278056532 3.376474755 2.092455599 6.092361097 4.651410920 2.558965627 2.088892757 5.318277927 1.513292099 5.112129241 6.887148048 4.666646333 6.630485070 7.938291315 6.533639268 8.369827124 8.315450819 4.560950175
9.832336920 -22.518140668 24.622246643 -0.450349691 -0.795666184 -0.404488327 0.022128572 1.446580626 2.137635426 6.735068385 0.847885062 2.484924834 8.757513354 9.503232622 2.495483100 2.732934073 0.213987153 2.026754566 2.681633403 5.789256196 5.736038430 4.819119033 6.748092740 3.535308937 0.477784230 -2.392808254 1.557770002
10.590439904 -27.230386191 17.580111050 0.075687951 0.659567583 -0.700533414 -0.261715252 8.730221832 9.919304417 10.413742683 2.841667347 1.212115506 9.832132211 8.110744430 3.770214486 8.817647939 4.795740979 7.928582732 3.547450082 1.824866657 3.437118566 6.022662321 6.325795023 1.248216635 9.411601497 2.837635797 4.905959015
18.916098382 -17.962290230 17.921601899 -0.217962829 -0.893019547 0.362999188 0.152446329 5.128808144 -2.935456600 6.297347679 0.065600057 2.395571430 3.220309841 5.566450529 4.964646250 4.528478549 -0.406862837 14.672719853 2.360470118 3.611809057 2.052728660 3.934464788 -0.787497585 5.473011353 5.450505715 2.959237174 4.690852031
13.176583091 -21.249642370 18.411067475 0.291712891 0.145391182 0.250669150 0.911553603 9.355502983 -0.407902394 7.163755737 10.624165354 6.559205001 5.493034759 3.355457853 7.658447551 3.775418008 1.500982493 4.492575397 7.890451467 0.052011550 6.360982584 7.302951264 -2.070163588 1.373369594 1.920479339 2.889970088 0.510689455
8.424004960 -13.426456351 11.986774488 -0.542998726 -0.608478570 0.578476738 0.016458356 1.899897648 2.769886478 3.029516075 -0.844852849 -0.124660953 -1.249515900 5.341033354 2.492048839 9.955939838 5.291356706 6.249108706 6.464849067 2.708389748 5.599042441 5.606592227 2.212683385 3.308412925 6.002843109 9.587228203 4.932416562
6.915771282 -21.708014526 13.018199302 0.357310117 -0.749138892 0.444654421 -0.336753393 3.004527483 2.123452106 5.633134786 4.210979137 1.895100963 4.779908711 7.208396734 2.326109522 -0.368250336 3.161274713 3.830309880 0.880181460 6.330669860 3.614332247 2.069822046 5.625730478 -0.120949163 1.769114783 9.424940592 6.061291704
13.982463852 -19.617288325 22.726857387 0.309089802 -0.148630540 0.122458723 -0.931330402 4.166577457 9.155076306 8.097399644 5.654301589 5.073946124 4.244758135 3.512985869 7.092639245 11.038469493 0.605501459 1.588489136 2.301247299 7.577057010 4.517518373 6.069180824 1.503914157 2.379151268 4.118994024 0.876347251 0.893277050
1.471358581 -18.255715659 17.129763047 0.807088993 0.337206537 -0.347318298 0.338037140 3.555622152 7.516893362 2.334364373 5.255514346 0.601092286 4.131103275 1.827810299 0.404743178 2.909586154 3.485010264 4.957515399 8.450454170 0.701734911 1.426936472 -0.943726907 -1.086690711 0.877188779 1.800861201 10.081188566 6.277602873
6.090039460 -14.564955201 16.358743019 -0.684950176 -0.502358110 -0.505570564 0.151254718 -0.426434457 2.043157256 5.456268128 4.670531393 3.098062230 5.637809838 -6.733356733 3.126627362 4.693145581 9.099741232 2.612374345 3.711012521 3.196296953 4.140452578 5.649964656 9.721796065 6.903523759 4.233880172 -1.442013618 -1.395667903
15.371284751 -18.316196212 12.357859151 -0.461738326 0.596612889 0.302055985 0.582763211 8.130649914 -0.755071836 2.205435097 7.638333245 1.944659366 7.189623492 0.406416958 4.440272351 3.442825802 8.533035758 4.569171393 7.153995025 7.762550990 4.447450622 2.544896568 7.647315086 3.509534326 4.090627228 4.425342773 -0.508024246
17.868754980 -20.381731316 15.117365397 0.554656432 0.483410958 0.418255035 -0.532665761 4.502247457 0.287385908 0.738128790 2.955162181 0.912857533 3.646117165 4.591173498 -2.572451216 11.343372869 4.631208162 3.603716703 -1.785209925 3.833351521 12.116262856 -0.094514896 2.157738418 2.595897289 6.726610133 3.135327144 1.797774043
3.672076604 -17.782702052 23.748295530 -0.921595245 0.281531467 -0.239397129 0.118706583 1.866638023 8.115159688 4.434165145 7.454914496 4.183234077 1.107943550 2.680365457 3.729595777 6.191027410 2.639627030 2.240541419 8.617529166 0.960415702 1.588481794 5.164365401 1.758963017 1.330022620 7.629681667 3.295498785 3.755890525
7.987010468 -15.396161736 26.228686333 -0.474865423 -0.129654789 0.621463760 -0.609487704 1.868660498 -1.046065586 2.484564607 5.230561602 9.386720083 1.991261544 3.622832154 7.231968927 0.190106093 -2.476002358 0.849048744 1.967109818 6.350102996 1.328969169 5.826338532 6.742260501 4.921296799 2.013491280 4.986413500 9.353143643
8.215550949 -27.114729068 18.003106035 -0.318802681 -0.047945546 -0.448662861 0.833527271 5.199748841 3.873657444 5.269916519 4.975789049 5.184037069 -3.027569457 8.208832694 2.306121034 5.186916424 3.232237204 5.875228235 5.765995638 4.403281875 2.483863903 7.002525082 3.556191623 2.275557429 1.521370068 2.651466502 1.909388661
11.289641525 -14.534928922 23.478268492 0.974268951 -0.092807008 0.205016078 0.012461093 7.858563162 9.206689215 4.649208724 2.471310108 -0.598110135 6.912740214 5.000136033 1.710293067 4.581221195 9.908955832 0.454022971 1.737133284 2.245103484 1.410994011 6.920967170 6.341332554 0.710460217 5.304089784 2.120201902 2.320036773
5.033680035 -13.543863420 24.214064276 0.259657000 0.392010571 -0.769593753 0.432008576 8.068639047 3.928839136 9.084996884 2.844081245 6.669287770 7.770063371 6.214293007 4.734177002 1.076036806 2.317743558 3.912751428 2.340843773 8.989876721 -1.531545093 2.382514272 4.754182232 3.596204822 11.350577688 7.710808985 -1.151154006
9.488942748 -19.280106057 24.731243224 0.347503052 0.930212549 -0.114408572 0.029273204 2.017002882 3.686624013 2.869248753 4.516630382 3.414361235 4.229372968 5.134898673 7.070079996 3.655213994 6.300109082 2.541137118 2.772828894 2.411977987 3.750195934 3.132900380 7.380780794 7.520913747 5.647591318 1.281824587 -1.328084257
1.126489849 -16.206334115 16.324598199 -0.470259588 0.524693618 -0.199842166 -0.680893263 5.359742665 0.877216282 9.487833835 4.994394058 -4.589189988 2.760597711 5.557406269 1.916745842 2.329644292 0.673878164 4.852089140 4.851987254 4.872200533 2.229737910 4.109565264 -1.078155264 5.301710314 2.523115782 2.265263778 1.647308687
12.449811359 -18.047299463 18.469858433 -0.633484009 0.175684051 0.621299484 -0.426403655 -0.873700236 3.369736188 5.974898617 1.463878560 6.003072159 3.997434028 9.350486298 7.260304664 7.397582583 3.286931792 6.408228153 1.377086295 7.443631210 6.678973315 13.391074556 5.486063291 0.955605934 5.097416641 11.605456175 1.433947939
14.052317934 -14.951174775 19.769233505 0.044828905 0.305519180 -0.912241657 -0.269190563 2.681955859 2.889430285 8.353257412 2.181923625 6.740912323 5.638124403 1.646685745 6.380655428 8.818403048 6.111852448 -0.393689224 -0.945630482 4.867229532 3.041617139 2.689919366 1.192110417 5.476402274 4.759646519 6.281997134 2.736709359
4.342199819 -20.529330377 21.818951774 0.059832255 -0.274458521 0.082758450 -0.956160897 1.372367787 3.049242070 3.870325283 5.384013947 0.502114459 4.246997715 6.251252508 3.769199289 4.060199912 2.331599376 5.101547153 8.049859518 8.766167607 7.176319436 4.020619154 9.786187548 4.076015724 6.296129662 7.528895004 3.347201098
5.038901772 -18.106533606 27.497810267 0.785047803 -0.247654294 0.564275166 -0.062935163 3.637468864 -2.504722483 4.422086574 2.182292630 4.388793106 4.609227085 2.683749629 2.336036332 -1.757469139 2.999841846 2.939141576 5.599020123 4.059334196 -1.318998142 3.965908078 3.366193810 8.178347529 5.168371298 0.223574867 3.158473856
1.398074476 -17.341883269 21.716036775 0.201011600 0.381122831 0.900833447 -0.053280627 1.013709839 10.023160907 5.351942491 -2.518738344 6.276479682 8.030983895 1.261761994 3.843263756 9.588624505 10.094148308 5.205386594 3.630239781 3.956600087 3.437479578 8.644487159 2.575000204 8.421787963 6.128927601 2.362712269 3.494833893
14.863020691 -18.151616585 20.074509432 0.177650193 -0.243341104 0.416305046 -0.857855247 7.263925747 3.110536936 1.255434303 -1.623128352 4.798252168 2.763666316 7.290771994 1.119275246 2.369994760 0.951969901 8.633411983 1.205331980 0.190140290 4.476964900 5.650376461 4.752877385 6.344940348 3.703885258 1.077019251 3.377971242
7.606459038 -18.326244681 18.993459239 0.576027330 0.241738327 0.465273049 -0.627117282 1.098329950 2.571886202 5.391870832 7.204134753 -1.643283177 1.486654658 8.788796757 3.533223302 5.955659639 2.346595717 -0.194216861 4.007710315 -0.807158692 2.386991385 2.993833012 -1.556704595 5.339695118 -0.345138632 -0.087724968 -0.133923393
3.360269113 -21.104820277 21.071709560 0.165682549 0.506083075 0.424039048 -0.732543582 4.701193885 0.232243474 -0.355220365 9.021136778 2.610996802 7.579387754 1.337396022 2.700125494 3.065381881 1.875579955 3.703725400 4.585613701 6.034235142 -0.815659195 2.235645781 5.243510089 9.365033126 6.015272511 4.140387857 4.799365692
1.591989522 -20.772025796 19.425495974 0.124584051 0.980257205 -0.075416030 0.133742473 -1.435707430 1.880855180 4.440736444 6.398782864 4.235482425 2.782518211 1.938453808 7.554438351 0.789726206 4.808421868 6.818129661 6.104785337 8.899975167 6.697590858 5.998440526 8.598172911 4.659125464 3.442116415 6.745880022 -0.685313444
6.929906343 -22.147177882 18.987942788 0.489441957 -0.263331837 -0.375937271 -0.741467520 -0.402945476 2.965809210 9.185034190 1.468245130 3.790723890 2.402113991 8.462305800 7.587426521 -2.720045182 4.908342666 6.225822934 4.006549980 6.977288130 3.434284749 6.472499433 3.827782463 7.763510307 2.713037762 3.009032894 2.835358290
6.509525501 -21.694840009 25.082019169 0.102449581 -0.635739287 -0.298628762 0.704386615 0.430070551 0.324435202 2.721013384 6.529229634 1.823495930 5.357888455 1.781684526 4.905839594 1.013882784 3.118878309 9.872965447 9.462082997 8.173880050 5.811561647 4.175341379 3.795994144 4.300182473 4.843978668 2.943187246 1.160937371
12.634967964 -21.744107503 21.988414262 0.417271003 0.858805930 0.229929313 -0.188334264 7.763617507 12.208633588 8.527600788 5.144341134 3.123382709 3.877261655 4.708500216 2.418932289 6.380395994 0.621582432 1.495051123 7.905270363 7.730621325 -0.781911016 2.507517377 6.476955363 5.893977924 3.474543700 5.778790478 4.979714267
4.016625710 -16.955708479 14.505210906 0.706973332 -0.268037141 -0.538471711 -0.372012117 4.995165131 1.690613586 6.113319067 5.886479931 0.061350320 5.616372579 5.094969313 1.870371543 1.468003295 1.634988110 3.028817029 7.489833593 3.558722498 -1.960629556 4.200573804 -1.523591974 14.454610213 2.111156305 5.025800317 5.659127816
8.723129898 -20.289628975 23.482054875 -0.133823949 0.645534574 -0.037811659 -0.750963743 0.016877467 4.129674645 3.132977501 3.901013782 7.117473138 4.868234374 4.167515731 7.118946974 3.082327815 5.287886710 3.480096642 5.220216652 7.090262940 6.188163850 2.305604741 4.422705234 7.666978587 6.791408245 9.559222173 5.202285794
2.640333036 -20.344733262 24.307591773 0.021330702 0.671801749 0.036600350 -0.739518644 5.917594250 0.980365901 1.246088603 5.735590487 -0.497179257 2.962397350 6.247482101 5.424973627 9.121499699 6.100227703 4.084904104 3.548732259 0.356555513 5.730222543 8.222986725 2.899724126 5.970827892 -2.212239829 1.738915132 6.149245575
7.341182822 -12.154766156 16.231341989 -0.311914233 -0.402201562 0.168748785 0.844077758 -1.652235459 3.410318448 0.878815721 4.560884397 3.791813892 3.168368912 -3.725311071 3.474146125 11.020461931 1.294687415 9.643228255 0.472598762 2.663341008 -1.673296401 6.981504341 2.190859134 3.404872412 2.295619058 0.840904112 -0.572513921
12.506230613 -17.261136679 18.968120484 -0.958431900 0.118034905 0.039985459 0.256665574 -1.940938842 1.137506140 -1.525481882 -0.333920411 -4.853429964 5.453716002 10.534337188 2.765831882 1.427495139 3.130922824 2.652788476 8.802084424 0.720853996 5.876954857 5.828134614 6.109819623 1.646989359 3.646263159 7.329156476 4.399616449
7.637815536 -15.751620843 26.826168287 -0.321409644 0.406999765 -0.729165261 0.446503141 4.129163107 6.142720877 1.839243501 4.811916942 9.928822174 2.614688808 8.120390516 7.356187357 4.892699149 4.705853273 2.341653723 -1.793653218 5.507359876 4.203067435 3.644163601 1.008439702 4.842591157 4.435165074 2.718978202 7.220933960
3.987978856 -16.544898155 17.809454325 -0.527118342 -0.002074432 0.809931164 0.257203149 6.458361962 0.720900322 1.969069503 5.977143917 1.052388725 4.353646795 6.798661837 3.370313598 3.030771964 2.395323102 5.540783855 2.805987167 4.543124669 2.604746649 6.256301678 1.881895240 0.966662695 6.049137572 9.456181560 3.819970693
8.502195099 -14.307032428 12.435689912 -0.380788996 0.299526203 -0.761521372 -0.430544997 9.245310973 7.796562945 3.417240933 7.714408810 1.698908274 4.912993630 2.847730541 5.547115821 4.561723434 3.637752965 8.403847247 6.145213257 2.908083910 8.085267227 1.114985766 -0.135008621 6.462423445 4.419608196 2.595205377 2.733217334
3.533167574 -19.316120727 23.281696799 -0.681964912 -0.564557605 0.197749332 -0.420825107 6.143540883 7.798677662 5.235707370 2.161336745 6.241147839 1.527080373 8.071782238 0.414276853 2.886824740 -4.260691387 -0.009758193 4.067503196 3.993241457 1.550758935 2.848931654 5.497795074 2.749547913 4.489776893 6.823696526 7.335402865
14.054326521 -19.525208206 19.666010015 -0.774119581 0.347980575 -0.261266752 -0.459769592 1.822518615 1.739491547 6.906650815 6.801181904 5.342448725 8.768159930 2.847787906 7.245221371 5.249948503 -0.191334998 2.479356963 4.663368449 5.783389824 5.816164532 2.515989624 3.963644728 5.401712560 9.755589683 11.226858231 7.250476284
4.923566143 -21.236120714 26.390790461 -0.685164633 -0.472118942 0.050539277 -0.552357594 4.978821687 4.659222487 5.104156799 2.758082217 8.646713471 3.314405973 8.065061410 3.797126950 9.604711267 4.214700823 2.928720417 2.254390268 8.355378226 5.081185918 1.748858152 1.275258958 5.979060703 2.870849812 4.742627877 5.415740380
12.188405301 -15.221580366 15.892085624 -0.332360982 -0.756454722 -0.160629384 0.539917246 7.666816304 7.118414666 8.044327929 7.734119195 2.083821117 7.867993643 3.477648981 4.090086265 3.359942533 1.939090326 3.771558547 5.523914274 3.612810624 4.593013361 -0.248693062 4.987720662 7.928483795 7.221641454 2.589713876 1.363099296
8.481711809 -9.430105808 23.072576517 -0.868759795 -0.067325348 0.450590706 0.194143584 7.791363027 4.354247215 -0.716185720 -1.954336653 5.240681890 4.571486245 5.457698905 5.657651385 4.294894346 5.825333929 1.852226765 2.749635517 2.393111856 7.723141666 3.147374980 6.474887367 7.452322835 2.526886660 4.208238662 5.458862274
10.587896938 -11.372606624 21.054080270 -0.996394839 -0.021645654 -0.079059740 0.021871154 7.973077419 3.100263504 7.900887026 2.137567142 2.110343541 7.127963296 1.331851517 5.947211208 5.771413084 5.505763185 5.048893824 4.882352956 -0.012512002 3.501710010 5.669078809 -3.204485105 4.358082383 2.272542137 6.955895919 2.210361322
6.136254596 -24.869693582 16.188078362 -0.705297539 0.083109904 -0.550127771 0.439326258 4.885557393 6.864337742 7.825163944 5.208550614 4.990027921 2.090250804 4.712176834 5.005808734 0.928379252 1.966992417 2.526081057 4.139625786 5.345042904 4.352018738 4.109814918 1.734774580 1.858690039 5.944850421 -3.684175173 3.418163264
12.218765824 -13.386068132 25.446848580 -0.404122801 0.004081724 0.883672436 0.236201453 8.860482155 2.200648034 4.054043435 0.355579922 -1.708102232 3.214895190 7.792627529 4.314210048 2.437672462 4.474716971 7.037460591 0.960254249 3.965228681 -0.937459128 1.241802069 2.380359019 7.707729927 6.343967691 -0.589465182 2.192267970
2.688850020 -14.306166820 21.563003640 -0.176493477 -0.872263601 0.136260503 0.435246296 5.157377120 6.723273179 2.353146886 2.232267320 5.631542754 6.218977892 5.485061239 -0.091307483 6.096613407 7.822330267 4.243555296 5.313386526 2.707255384 -1.155252117 3.234592697 -2.392004618 5.630731418 4.886045486 3.889106599 3.844917591
14.268573832 -16.926940003 23.152009820 -0.569149825 0.581369420 0.337973062 -0.473130302 -1.257470732 3.186099221 0.069750378 5.263101992 3.325534013 6.771244680 2.229483164 -1.509185714 4.088626503 11.466867785 4.378405842 8.519699895 5.115834588 6.402061139 4.763794918 3.478846010 4.029374204 0.928353923 2.574026645 5.519738948
4.597451860 -20.388123967 19.517756618 -0.264002089 0.041497987 0.498447417 -0.824700543 5.090556041 4.236190452 5.546793131 6.585149261 9.960640082 4.484211917 2.698788543 2.605541697 5.553376038 -0.226264641 -2.018304851 0.222101923 2.414726430 -1.048095295 4.091675109 -2.569531104 4.369900608 -0.212185961 10.310330966 4.072081216
2.597205391 -15.557256818 12.164523061 -0.100214424 -0.374828385 0.649407998 0.654010705 10.590728927 2.964608350 5.275618712 4.361431889 0.287190065 2.658057212 5.426490153 1.889412053 1.879306213 4.131037834 2.955119822 4.169194426 9.987158126 2.215514570 1.629512239 4.715421667 3.098288841 7.769122830 3.262469578 10.205933983
11.538796171 -13.166878806 19.220012704 -0.371191823 0.310400265 0.022828514 0.874841223 5.373850850 5.492252461 0.506188873 0.364074021 2.859661105 -0.254121337 1.196795120 1.950630880 3.704871145 -2.418562012 6.662289463 1.811201575 5.743362142 7.401144963 4.930340792 -1.749450209 3.669846307 4.314403595 8.560998089 4.316774350
10.831172733 -15.565609338 23.147475783 0.794540915 -0.282745470 0.512464636 -0.161677861 5.912102225 1.903817949 -0.334307505 3.611487126 3.430533839 4.786305290 4.954883021 6.010722017 6.124804607 8.185232252 6.476116535 10.100697534 2.313430283 4.508176380 2.565913451 3.701737182 3.058535352 5.717918731 5.104998123 3.831134532
0.644795861 -13.705799059 17.090378150 0.406384774 -0.711051201 0.351604794 -0.453466288 5.896301553 1.623638217 6.569648148 4.759843588 2.104596200 1.850920770 2.594429355 8.838675563 7.851846626 8.909524738 4.625457922 1.428292799 7.549399448 1.319823170 1.517515623 2.060174685 6.300508890 -1.872303085 10.445781597 1.940024874
13.176192442 -15.081463751 23.263608869 -0.653508396 0.583544990 -0.205489440 -0.436091861 9.813876189 2.558928482 5.988376976 2.821464993 4.079663081 2.553619482 4.869710874 8.312746477 4.882147172 7.955738667 2.491163831 6.007957148 6.926429749 10.569485046 6.463364725 -0.502475111 -0.390597925 4.912090752 6.269028530 1.929610265
15.462939756 -21.509096239 17.073866846 0.776005167 0.495945206 -0.125904633 0.368784974 1.868986321 6.045626999 10.192824153 4.570563528 0.836739301 0.046627452 5.607451184 7.514867912 5.271980528 -0.623232364 2.032146727 7.685319257 5.192647423 2.585698843 4.909012827 9.355581389 6.405682040 1.848301572 1.114877413 2.266214181
6.567241691 -24.396921082 21.590920377 0.934151891 -0.342394919 -0.041501143 -0.091671255 11.443274682 3.982281803 7.700121619 -0.395951645 7.184708236 3.587138956 4.541957306 -0.208918635 5.384515773 4.001819738 1.225272790 1.794180796 4.871219914 1.013981282 4.687639903 8.858673857 -0.715606828 3.741999126 5.184605868 8.673885193
12.230693649 -17.392826956 13.784425349 0.507919435 -0.026348743 0.317654852 -0.800261824 4.740480302 14.313576914 5.197800377 5.153336791 -3.192106574 2.301972254 2.622558474 3.185477647 3.172411554 4.873833576 6.850586923 6.045776026 6.883055476 8.762260027 7.264805650 5.223779644 7.504603214 6.390331125 0.275543784 -0.570117850
16.135880995 -12.615299219 22.441512192 0.515722065 0.624880530 -0.005525723 0.586109667 7.084243340 9.827656049 6.622873258 8.639951539 0.155595848 -1.319741964 6.463185772 4.386425632 1.224085926 1.993526010 2.533405142 8.972696934 1.743896555 5.632324507 -0.441482218 3.764938126 2.258131481 2.442357035 -1.358663556 3.953579639
8.684990782 -12.775178141 21.307812078 -0.562715525 -0.214143779 -0.729045394 0.325555668 3.400555005 -1.171543326 6.854372915 -1.023062597 7.820707424 5.855322946 -0.104134040 8.389725389 2.087091069 6.626158540 2.179337965 -0.771267998 5.657965385 1.747081941 3.867836092 4.368722361 2.974678622 4.447738120 6.890811048 6.116011223
15.258353690 -11.411925526 21.960893579 -0.846126357 -0.295933850 -0.443187046 -0.008864927 6.501069087 0.861861624 7.148148434 5.341113578 3.839180604 8.397534229 4.905297187 -0.284479028 5.960343007 6.045001503 2.156512473 2.158478231 3.265664750 0.597438950 5.172751429 3.052121716 5.958470496 3.573517619 6.252474845 5.638814225
13.797138265 -18.218599751 19.506579865 0.629320891 -0.018956149 -0.024802109 0.776518342 0.894357693 0.592731278 -0.149152195 10.373341134 5.837292635 4.559176389 2.271930523 5.214142835 -0.378962055 3.358503317 2.919037980 -2.548987237 2.720191332 5.408223821 2.271397016 5.118331873 9.997441194 4.859959793 4.492814996 2.619562189
5.684807611 -12.713433295 14.019507810 0.597005330 -0.562171972 -0.410904392 -0.398377824 7.480725095 -1.348748418 4.855688742 6.250119765 6.340544052 3.766658242 9.254242601 5.612702594 -0.588089994 8.423388368 7.766797234 5.314330052 3.682973690 4.386804132 3.051296058 2.684036536 3.904664793 5.791369289 1.320407050 5.023072753
6.966938530 -15.622484467 25.816149599 0.899610702 -0.273157630 -0.213200183 0.265765266 6.647301450 8.556092453 5.322184789 -0.747047060 1.550587250 6.501225128 2.754665078 2.117061273 -0.137886048 3.810952484 9.763758812 -0.776298498 6.862603464 5.267172877 6.372067196 4.206306306 7.864903034 1.885239231 4.978159595 -3.165451393
12.768863773 -17.419978076 14.753275098 0.369259354 0.538358284 0.752277682 0.088860437 2.860691615 0.965917026 7.787853759 4.707290425 2.037442412 3.111769334 4.381698184 5.005166653 3.632826680 4.590633605 -3.892865918 4.936329601 5.795786931 -1.246371979 6.201862572 3.376971580 4.811253119 5.711796546 4.161422034 0.420453972
14.308438591 -17.694088080 22.169871121 -0.120110716 0.898803026 -0.014079070 -0.421341092 6.137616959 -0.229070696 2.023864126 1.228524189 7.620736743 4.565010264 -1.939386171 2.727405212 6.704109397 3.279548439 -1.312740483 1.902933439 7.807355888 1.803604418 0.970191268 1.519655477 8.791265719 7.033732226 7.165833082 0.752226002
7.399722182 -15.065735020 23.501383089 -0.049450318 0.259897667 -0.661384812 0.701839012 7.651391425 2.279582844 2.371263663 1.629740250 1.216191666 8.186026728 4.137003200 9.902487793 -1.116428087 0.437636204 2.570731599 7.183889258 11.355605415 1.509660092 4.462723851 5.618510337 7.196454392 -3.642924496 6.079674886 -0.874345841
6.084964131 -16.178651282 23.504013386 0.317274674 0.567529384 0.592897323 0.475099931 6.172384533 3.175522891 5.301622728 4.069215056 4.803259078 6.748430826 -2.499904205 0.022334138 -2.790436564 5.410191359 6.719325258 5.251109320 2.943538913 6.375004191 -2.973388359 3.432556111 0.606504853 5.018799717 2.320189568 5.571848760
12.264925649 -8.811128442 19.586275075 0.416764650 0.181645178 0.788463983 -0.414290722 2.526784886 5.085527374 6.318042805 5.713578451 -0.821957111 11.665750948 2.314597339 3.630538910 8.826364866 2.774825893 -2.344403593 4.665581613 4.933976228 4.144714558 4.494284373 4.960926683 -0.405230832 4.371291713 4.152515724 -0.357221734
13.644894308 -24.130088024 21.035994727 0.086345914 0.703859529 -0.074767557 0.701096255 8.020488656 4.293964071 3.983586064 -0.253041644 5.068924549 5.124173366 4.940799710 1.847640844 3.652046465 6.507938355 4.960745712 1.026852323 1.009811903 4.781677902 -6.614793672 6.188442085 -0.005776644 8.435463836 7.195379579 0.954972696
7.105549271 -20.310230281 18.882973631 0.216341589 -0.289673194 0.443071612 -0.820349501 6.386491672 4.920716501 1.223849910 4.389968326 5.046690030 7.258568271 6.314316369 6.256974260 0.623340946 3.611534834 1.942968808 1.307494399 8.883754907 5.519301019 9.072705024 2.067856364 -0.336254322 8.233880875 3.081030304 2.232627368
10.195768435 -21.659084966 23.543648875 -0.929339302 0.156896192 -0.280699024 -0.181438985 8.109004062 4.199910966 5.429544512 2.759870786 1.849737504 0.705426286 5.754166332 3.275677323 9.064131201 2.701190231 9.556088634 2.678075974 5.660550059 2.631749755 3.298631044 5.493804194 6.088515383 3.447021544 5.112050468 -3.099969152
3.339896318 -20.783944141 13.088030402 0.614664106 0.520512536 0.556667379 -0.203411325 4.254416233 4.785517891 1.138136034 8.671232389 7.133252715 0.952496351 5.255879621 2.972227449 4.279866911 7.246785943 1.731507020 4.392536595 0.751087511 6.541800997 5.749611246 0.795348706 0.744890206 5.482937342 4.959443451 4.748243799
3.701569078 -15.493514441 15.065927063 0.822092538 -0.228765438 0.068459580 -0.516859283 -2.600293730 7.469110646 10.257328389 7.769937167 5.855439012 2.830959118 -0.014538195 5.665213500 4.568805196 3.141376434 9.072945083 4.433350069 0.499678302 8.564048390 7.304854131 9.839046312 2.024643059 2.888768423 4.963579677 0.687329641
12.103424206 -25.704611169 20.630916301 0.373202002 0.245069658 -0.346651921 -0.824920344 7.229724413 4.042868911 4.197336395 0.222223272 6.179529630 3.585488916 10.807285820 5.587302884 0.968651986 5.529898851 3.058337512 2.599007344 7.448525607 -0.055934211 5.156386819 5.633058089 1.332570736 3.296414824 4.062801440 0.379993939
15.330695373 -15.923049460 11.518108293 0.121222693 0.545325542 -0.701774191 -0.442083811 2.977241294 -2.147177587 4.371727441 5.105149488 8.085641006 5.286319968 4.274327985 5.835985822 5.253575090 1.218438993 8.769392148 7.341253233 3.519692205 4.212972446 3.378722081 1.451238971 6.208603370 3.187078987 6.966655877 -0.029611445
14.636817457 -15.025056574 25.588524935 -0.191916193 0.165794161 0.900250675 0.353877369 3.735437572 1.844978415 6.442736199 8.668476834 -1.735780453 3.196464201 3.652949409 5.645334064 4.515146820 2.364038736 2.651391922 -1.015112993 -2.778532265 6.187457016 3.895814059 5.225364641 1.784368225 7.096685338 6.120574862 6.742449084
6.415949844 -10.050659992 18.114492279 -0.389733548 -0.591312715 -0.153318034 0.689166609 5.831185923 2.055580962 3.467398172 0.611243823 4.134714036 3.290406389 7.987270552 1.945493555 3.759596680 9.202109067 3.251399226 1.827736548 6.568386114 1.418278840 0.403497073 1.797700613 3.727441005 3.719914738 7.765866222 1.601006005
6.500824753 -13.274636752 17.475550919 -0.936207606 -0.169672694 -0.125298610 -0.281116974 1.564330990 7.099032638 3.372235819 7.569298660 9.617588561 4.875935927 4.425605955 4.269239181 2.218070823 2.244650067 2.512404886 5.938402182 2.396192675 3.826772818 9.767925706 6.970118304 1.526284151 0.506337418 3.803272415 10.200059077
6.296007520 -10.153728884 21.751069110 -0.589403032 0.570509518 -0.503614329 0.271100652 -2.591741212 5.808439454 7.437942991 5.292293448 4.541766286 5.398495932 5.406913589 3.487922511 9.586339801 8.163765454 2.066364690 6.207470408 2.440763614 5.294399980 9.182318134 7.197525729 -0.645528904 4.948524200 5.039085579 2.103584425
2.877714434 -15.584134589 12.725801968 0.545525451 0.231664218 -0.595800577 0.541992015 2.259629490 -1.143846616 4.875499647 5.844645061 0.096778025 9.431205846 3.674514556 1.753864391 4.030271204 3.205682303 5.910124234 2.110876261 5.646397945 8.914714852 13.118588673 -7.757904374 5.039335887 3.693420481 7.187561186 9.475999952
3.456998255 -23.991034636 21.731328747 -0.426865764 -0.175471265 -0.319466041 0.827609149 3.907141768 6.019303136 5.053095965 6.153954359 -0.425940940 3.033260070 6.127664373 6.909050083 -0.293804348 5.100082736 5.165462406 2.519711120 6.005538697 4.766224161 4.207367956 4.782615294 2.276645013 8.942884238 5.386106743 7.405899796
2.355147622 -13.986655773 23.713272418 -0.823247311 0.441224999 0.292890847 -0.204448812 4.073978496 4.984163148 3.883718973 3.434713041 9.751735993 3.848166858 -1.098578517 6.982368445 4.302800476 -2.944605025 6.817370952 1.243162059 3.811437800 0.084444418 1.049005487 3.395525059 1.874423130 3.213385429 2.915171650 10.610152360
10.143167363 -20.079988759 19.935694582 -0.948365216 -0.214766832 0.189557047 0.136186455 0.513366283 1.791313875 5.717857674 8.051218062 3.963074801 6.996139727 -1.014381992 7.273108422 7.343979059 7.690352439 6.914367125 5.608621315 4.287404032 6.296169129 0.821118075 6.180054980 4.430793323 1.032828359 5.251680133 5.255004550
10.918147695 -13.604347853 18.346171633 -0.346720065 0.469765767 0.655882616 0.478459313 3.414676792 2.804267203 2.806398860 -0.357249549 5.621547507 3.097985079 5.803166850 1.671637087 6.138964081 5.744018555 8.800433572 5.522766214 6.247703335 2.199379284 2.475636440 6.238754865 4.482389881 1.963624669 12.291539379 5.936989839
10.074961348 -23.730762683 26.000916493 -0.497960455 -0.252912734 -0.133880910 0.818624722 4.308990545 6.656143625 11.532109842 2.526328864 0.978149452 8.456211033 4.932898935 0.494804061 1.650696829 5.755244183 6.474420999 -0.175177188 -1.643255866 7.087000447 1.978792240 6.087235078 4.560017231 6.145859510 8.741858908 1.114322586
10.600956102 -10.146533231 19.631064970 -0.073834111 0.588313289 -0.515815725 -0.618360846 5.853108976 2.591406693 1.938364964 -0.921356903 6.518650212 9.388594002 4.176783437 9.016268201 3.172557188 3.122023788 3.067719530 7.283643615 6.103733494 4.437495219 7.362947635 8.408897215 5.247891132 8.553639481 2.817908576 4.161856459
12.371823230 -17.734514065 13.365760728 -0.517115157 -0.187369919 0.128290732 0.825242943 3.996538126 10.862642336 2.674410934 4.066291383 6.025595383 5.107531413 3.375596601 2.586399744 2.534224472 3.210016218 -3.899502918 5.610732186 -1.220837365 3.754520504 5.401488120 0.746923655 2.726632586 9.557431106 1.384324938 6.921234099
5.618952177 -12.404155828 12.936831445 0.412716238 0.223420346 -0.015954077 -0.882889644 9.416820425 2.071386840 1.135936264 3.236348879 7.238220290 3.499422702 -2.360458512 2.903554128 8.828902162 1.974781500 0.867808908 7.744394975 8.919440539 1.803184847 5.462021258 7.388126064 2.632021973 2.601533684 -5.079821109 6.291236501
11.199347222 -22.181150262 10.950933160 0.422736165 0.301255565 0.816689708 -0.252105415 1.510833542 5.634267265 7.508709888 3.154068663 -0.377751195 3.984218615 6.982070796 1.445907418 5.339466689 7.478515432 7.122257078 4.145394193 1.129700405 9.472944267 6.613174167 4.920839508 11.765931821 6.009673142 0.730802754 4.335394901
14.643375227 -17.373885601 22.631248444 -0.806494203 0.453202536 -0.226887793 -0.304460986 4.648620826 5.131066077 4.895256531 1.449055670 -0.296304873 1.258395752 5.872000828 2.462801196 3.047276043 -2.430326137 6.631625422 -1.505272514 0.284840161 7.877279999 5.052323420 1.136286246 3.925626649 9.192165663 0.190352040 2.095502250
3.100589517 -11.958309768 21.008445019 -0.133816852 -0.181025405 -0.516645591 -0.826075170 5.992954622 4.284187532 12.697488292 -2.811503999 4.899880359 3.787651067 0.762878996 2.166704243 3.034550810 7.332402220 0.221522328 2.336837087 2.692188204 5.438271150 4.269670052 2.210124946 7.971219778 3.887368773 9.129842147 1.314332793
2.566169747 -17.708255146 13.250943997 0.264346479 -0.525165015 -0.703475188 0.399306031 3.003413300 -0.802736774 9.137687583 1.600210757 7.319821508 11.051444287 6.196529429 4.920819910 2.174376089 2.309069955 -0.767852916 4.250958541 7.734082556 1.442907945 4.240492856 2.588924329 3.908815507 3.722988164 -1.138854417 7.071071584
7.282235942 -25.496117194 15.193016823 -0.596512502 -0.467106441 0.248844041 -0.603374719 3.224724818 6.254930202 4.048749253 5.256557704 3.065041268 4.261742308 7.064046238 5.473837130 -2.816790194 1.658850496 2.954583564 6.707767391 10.581440609 2.630815336 2.167804325 4.643765541 1.511442844 3.601070371 3.150532956 0.919042372
13.256680418 -23.909327026 22.839463148 0.593231192 0.735193286 -0.287473715 0.157881120 5.405826226 2.745896647 7.982211091 8.281882448 8.716031581 9.913631538 3.982033712 -0.309275859 4.867964368 5.482465218 2.495645263 6.537572424 3.967543823 4.836256267 7.410127704 5.951102514 2.677928721 4.267354191 1.219628895 3.983468008
3.992293174 -17.535776756 20.727475850 -0.934831802 0.175186458 0.274104749 0.142357978 7.795779134 1.106865286 4.054580691 8.822723182 4.847934277 7.531713765 10.083388654 9.905569825 8.218450151 3.280511579 2.911181121 6.234042867 10.045245815 3.769266558 2.020327431 5.277966071 6.648009514 5.986360852 5.679326957 1.344485876
8.951869117 -10.071645014 19.857078627 -0.475540815 0.554851665 -0.575613723 -0.366973303 2.859673503 7.439104380 -1.985867805 5.039364031 0.138571012 5.615460998 5.804947459 6.391624683 3.668776084 9.539374875 3.724377978 2.388000076 8.187647238 1.262305064 3.725361997 10.777102566 6.519115232 4.227405036 12.025774838 3.390542242
11.073135612 -17.204544240 27.771695560 -0.425071232 -0.584776864 -0.227867812 0.652247443 -2.885096253 5.959573625 7.526939438 1.198906124 7.083735185 2.352469627 2.962573654 1.285149640 8.198219511 8.262611856 2.456850058 -2.687943459 5.577421161 2.792324201 5.348582126 1.766620589 3.129173729 8.498370183 5.746658101 8.876838002
14.898763889 -15.384495397 10.817376602 -0.235187691 0.687730137 0.658653451 -0.194652615 1.834379958 2.385775708 1.440176739 2.530794747 9.737988499 -1.178317655 2.952754712 7.013440293 1.115551688 0.744868385 6.371294656 3.384761169 3.373473593 1.854035693 6.147938115 0.982062406 9.182903884 5.337043936 6.415171684 3.684820103
5.124798150 -17.847359375 20.751786711 -0.650446951 -0.273900778 0.528049174 -0.472293551 3.191780803 4.816204061 2.452872071 7.047085403 0.336906637 7.461238776 1.635712706 2.913724184 1.288887560 7.840502138 6.200618720 0.295147747 2.536761871 3.992011920 5.721025766 5.642254761 3.355842824 4.545851749 3.050234310 5.073590613
11.207912330 -19.463782791 19.053275128 -0.109483632 0.273066234 0.809008100 -0.508875289 4.533355880 5.030708889 8.163277359 10.198258213 5.883699512 1.178029603 -0.372407962 -2.834770188 5.404695848 5.510628743 1.228534617 6.050900511 4.809041927 8.612977266 9.887912807 0.919937209 4.012214837 1.473645883 8.823754516 3.883320932
7.289797038 -19.548247868 17.503620964 0.363007678 0.738325970 0.250855944 0.510070077 2.874051610 1.746902932 6.056322936 0.675512264 4.887088316 8.559397067 2.875289992 4.182516247 3.180846755 3.145040598 8.536228411 4.817534470 2.987582572 3.915997813 3.084460645 -0.973180238 10.340694309 4.137110662 1.559833143 11.376036600
12.098248234 -23.445342457 20.262728426 0.278738792 0.214031840 -0.583873878 0.731837654 3.103848388 0.453635239 2.735952193 4.334479721 2.397321761 0.676944348 2.258788365 3.104739863 1.606084628 5.078634853 -0.492408592 1.927077692 2.414572175 3.922125992 8.728601878 0.218639028 -0.397166653 3.923883669 6.837340259 7.902108278
1.844583269 -23.578426019 18.156355520 -0.914539745 -0.215259916 -0.046385293 0.339306098 8.348361215 6.369570633 6.541338986 1.075592756 5.474180045 2.811239091 5.542887748 2.646879350 6.379088760 8.628585490 1.164780182 3.085902797 -0.366296598 6.187681316 5.790519929 -1.434954051 7.630211909 1.754464756 9.712528665 6.113066703
5.745150918 -19.610333736 20.251793177 -0.439494788 0.455611818 0.416507637 -0.652520951 -1.530437024 3.272883088 4.841364335 2.466748557 1.054165688 1.147727517 2.160288482 3.234147590 3.767784604 1.512088783 1.245898439 3.068749533 6.226197679 3.303987738 5.127369150 5.266689224 4.782774897 3.379926101 2.474157287 7.039843713
12.767416903 -13.397344164 19.227037663 0.821911959 0.309753396 0.476539172 -0.037735701 8.618372440 1.782596699 4.563975668 3.005220903 5.261268912 -0.295299594 2.389357438 5.134338190 7.839654219 3.849064309 3.154351105 -0.345353745 7.105415337 3.037657952 -1.073909888 6.603848498 3.885403389 11.895379700 6.390688417 8.104330957
5.388538684 -23.367079835 17.106195705 0.658814003 -0.576421671 0.395094037 0.278572915 6.376505180 8.524713385 4.655187804 6.505917166 1.555674271 7.830049239 4.900355388 4.831818699 3.709076976 5.168236957 3.288219300 4.593017016 2.751501584 5.791390447 4.105118715 4.308433634 0.032119811 4.914422911 4.415876988 2.572722561
1.249485359 -12.716877170 17.395086031 -0.119191175 0.230899499 0.556633403 0.789074230 4.351009869 10.554398547 5.025806156 9.069143335 2.550082481 4.921742121 6.749845415 4.251068032 4.377048198 3.982661487 0.876278929 6.674796105 -1.313625766 2.050402580 7.769484161 3.017296194 7.081697157 11.018472355 2.733000766 5.125691920
14.480917527 -14.697306244 11.644900433 0.155915617 0.330496041 0.207186178 -0.907489160 0.879203102 7.990179832 11.468473524 -0.612142528 -0.383719423 6.406228660 4.280537964 9.037853692 4.649576645 6.482560972 6.935554191 2.051982157 7.877154096 0.568643580 5.617928191 7.774765739 9.845009294 8.120652025 0.768379963 2.935910310
1.851851308 -15.386418896 20.956554079 0.015829703 -0.380016886 -0.875761594 0.297284740 7.091768351 2.247078817 5.108982045 9.647963992 5.610698971 -0.529684026 -1.439129595 3.904182247 -0.856220743 4.444335200 2.616412656 2.509933429 0.600413127 3.382263968 5.035766421 3.326071113 7.768143467 5.546897981 0.634939499 5.222984937
14.968691130 -12.497220761 22.822233619 0.426163550 0.013490152 0.896458684 0.120683358 -2.466322705 6.576177579 6.459904822 4.814934012 2.560569590 2.363805216 4.607763873 0.408126762 5.216954813 5.492103497 10.905287107 1.770239857 2.379395760 6.885501552 4.478625338 4.197024363 -0.699763581 1.262221315 6.048123937 4.503027612
6.904078967 -23.226751169 25.473972493 -0.746821154 0.663062029 0.001836518 0.051024860 3.666293202 0.367705129 3.575514851 5.316108642 8.150482710 2.966997118 5.570528751 2.171365166 4.819640623 3.995185557 13.161132338 4.890353362 5.181151260 -0.367279987 3.434397958 4.733081169 0.751878328 0.043907588 -0.442618110 7.140643538
3.929634223 -17.302323370 10.676482660 0.453908804 -0.092419478 -0.291681232 -0.836867670 1.152362928 5.917912368 4.709230056 2.853531248 3.885801879 5.358481758 4.533812646 2.725537731 8.729295791 0.523171031 2.950189828 10.690284355 6.747412860 6.601151118 5.106532942 5.786513570 3.750896166 4.909391272 4.167279833 1.717721778
9.711819652 -25.354065884 21.809269470 0.140591207 0.736870853 0.255471585 -0.609909607 -2.076731426 7.502180168 4.789418436 4.158231552 4.380190656 5.889678372 0.714714864 1.804685299 7.264839029 6.089867028 4.005206490 0.199986022 4.319279781 3.879066769 5.127789179 -0.228041629 -0.149060968 4.793766423 6.638279563 9.372995508
2.144230866 -19.722582720 19.111626466 -0.245609221 -0.653405931 -0.412152831 -0.585548328 2.807962947 5.777153042 -5.571193319 1.669712971 2.369065112 5.499683915 4.639211685 4.094502871 5.089655796 0.801938372 0.002569293 3.168033927 3.464011686 7.816929910 8.451230600 1.929982707 7.213727373 6.303910688 -2.117279431 2.943288842
