6.728673098 -3.134691539 -25.107170115 0.454552002 0.756492771 0.051292214 -0.467408038 2.819655369 4.139831680 7.800233325 4.505787072 5.742629860 5.486082284 4.454116747 9.714331014 5.500005148 8.549745096 9.415584713 -1.197481620 2.251845233 2.968131870 1.983116908 6.703417236 5.827694018 -0.669372181 2.162840953 -2.644244008
15.959826027 -12.918406970 -17.364960359 0.509830570 0.669825959 0.519049474 0.148302457 5.146328948 0.349994966 3.051818608 6.559895903 6.157072991 1.939243595 1.355860986 3.541960820 -1.179627445 5.316768430 4.885461778 7.583670755 8.422761058 3.487779809 2.650531131 4.218228992 0.753350051 0.321286908 -2.166450962 4.039607283
15.021118899 -12.084295576 -30.685466683 -0.113256054 -0.556577366 0.505239159 -0.649713856 7.989328778 3.755145012 7.350370862 9.489480892 1.939867485 1.883572550 8.235864145 1.988408993 10.484904489 7.049683139 8.495140201 7.293936348 5.006275069 -0.042941578 -0.935871924 2.772261641 3.209964389 6.696837899 6.662345248 6.421272132
5.277914704 -14.335324185 -23.715344025 0.874632776 -0.231956969 -0.421206010 0.061635776 6.056702194 2.773535794 3.541540834 4.887217420 4.589152464 8.518391293 -0.183366859 7.833712255 9.243984394 7.515062458 8.691829341 6.344391538 3.247033775 5.902852772 7.595309900 3.110238371 3.382841883 5.322152322 0.473625279 5.805472093
15.176238304 -0.640649617 -27.976427503 0.236165522 -0.619740340 0.233171906 -0.711181144 2.441901777 -1.079884750 8.130134146 3.148212044 6.770102998 1.741054596 4.099127725 -0.903404515 2.845559044 3.910912145 5.667387817 4.209661369 2.524994146 -1.663773118 0.406469974 4.327267957 0.481149269 8.043424336 0.566611726 3.351804682
9.350858198 -7.365018942 -13.539685868 -0.411611867 0.511802417 0.306332418 0.689053269 3.331248588 0.102097331 6.849064496 5.826314596 3.439791053 9.546365311 2.662235122 8.520713358 3.543572505 4.895436462 6.062651179 6.836030679 4.918178154 1.539078440 3.948066874 6.615955447 -0.938353712 0.825859665 8.334749658 5.586587009
8.476896466 -2.562486655 -17.795850770 0.064550978 0.831476285 0.306272022 0.458996521 6.672313474 5.533543954 -2.868918386 -0.554474078 3.273572460 6.148362566 10.872719035 8.446987595 3.401335734 1.135384161 2.904200166 6.231344726 8.677953929 1.304983481 3.468829718 3.688851500 3.237136748 1.726626244 0.365542975 7.628809925
6.086223546 -1.909987322 -19.427112732 0.317957893 0.603560193 0.256212388 0.684816095 4.491813332 0.609707086 4.713236022 5.665304414 8.437193053 5.376469840 3.078108081 0.607209042 6.264067113 1.061266439 -0.500987083 -2.080144752 2.880794473 6.769068453 0.889974734 5.810933655 9.118195699 2.105780097 5.677807232 5.421966509
7.775956981 -2.930948152 -21.319433622 -0.860093433 -0.165015595 0.480255321 -0.048620641 7.281518408 9.287679237 6.688491488 6.295082587 1.370232307 4.008242583 3.834898413 4.576629132 7.046842679 3.171094167 0.003365522 2.991667884 -1.814687193 -0.108030414 7.292886736 1.240667348 -0.440958443 4.930211000 8.716043636 6.037092613
5.554984811 -14.204577763 -25.853251424 0.618060605 -0.051063364 -0.545014113 -0.564228001 3.142171254 8.892879514 7.841127366 3.824824075 4.232340203 -1.690406783 6.595441096 -1.008371025 7.414911444 0.616029483 12.598914072 7.998058479 7.195672680 2.325911774 2.792874925 4.141251330 1.908390079 1.538674659 2.397272948 -2.324358830
16.461505604 -11.283864081 -21.621932080 -0.183827225 -0.560151002 -0.244425675 -0.769866544 4.299152613 -1.437365884 8.900965455 4.268829872 4.140864960 2.678496707 6.794635527 3.392805905 4.719079329 -0.087651123 5.253359805 3.604101977 7.389585870 5.774135249 2.536239611 2.159790079 3.191386570 4.621113960 7.484990322 0.602351141
17.182296159 -3.674532934 -22.468661523 0.141900505 0.403788256 0.840654074 0.331843365 -2.076896679 8.078147445 3.987295782 3.510002974 4.343551221 3.368660522 2.600084014 4.261470551 -0.686294349 6.435134842 7.413167108 4.707413590 6.236825488 9.774871097 5.646292242 2.366135765 2.512017719 2.473737841 -4.133645698 4.691052517
18.711386395 -6.213764849 -25.777304171 0.582966764 -0.209608607 -0.701581093 -0.352133432 4.698180788 2.575302928 4.409004666 9.555461385 5.384941698 5.890580408 6.111440160 3.534468561 -1.313290399 5.474388934 1.955803206 6.199672167 6.104278137 -0.118409852 2.651241091 4.538214712 4.335042633 3.775157128 2.675330386 2.741280537
6.023853424 -2.963875695 -21.847986553 0.636382245 0.324424270 0.692528688 -0.100849129 5.313346527 2.321647557 1.231879186 8.747232757 3.189453211 8.211042829 2.238907939 7.798347250 3.123794905 1.266958765 6.560958187 -1.568709107 5.802144270 2.234563174 1.459323904 3.168459237 4.263056921 5.880920164 5.922379072 0.943707985
15.452759393 -15.464863946 -26.046009697 -0.049688317 0.401699709 0.047096711 0.913208801 4.104663586 0.139171438 10.561797845 3.809152413 3.031377461 -0.288384726 9.448169667 6.647713339 3.762069494 1.771794741 5.289636007 0.409686888 4.519502954 2.709737971 8.633272722 5.606284760 -0.300792187 4.901878777 0.937563929 6.869017059
20.514462054 -10.507631492 -26.347411243 -0.721247004 -0.622780303 0.148050342 0.264629081 7.038872211 0.140998953 -0.394267575 4.069758010 7.454263117 6.144416755 -0.641917073 5.857598495 1.200214215 5.615397595 3.737669642 2.462142677 4.023392835 3.585968424 6.374920111 5.573829941 1.013547283 6.931676430 4.353632264 9.176780331
7.188409256 -13.486073399 -27.357388782 -0.199147174 0.863624563 -0.028587758 0.462250752 -1.267509781 1.880474889 4.161360437 -0.701607593 4.045965429 4.346979470 2.171824076 -3.999986306 3.054219105 5.557504583 9.808736640 3.340374351 5.177260864 5.127216214 1.901022401 4.480822721 5.600180336 2.944454227 -2.001109925 -2.705034655
10.246537450 -3.971808964 -28.319445936 -0.707055490 -0.102466551 0.293379094 0.635217953 1.642202124 6.759366067 2.713541530 3.124004316 5.092403203 5.649589820 4.624076257 4.873495224 1.369646178 3.255208383 4.156682325 0.797323317 12.933927544 4.980211181 4.625173178 5.400387253 0.632791512 1.323086867 4.862537121 1.740184376
13.252238779 -11.722870933 -28.658085978 0.061068350 -0.459944724 -0.502058022 0.729835084 1.824794902 4.679904642 2.535561480 -0.783163807 1.176132433 9.142372602 9.116085541 2.976226885 -1.714222264 9.064744174 0.797160554 5.266919629 3.601632646 4.609018336 6.177031433 -0.479784429 3.341360383 6.458455357 1.676940827 4.040220731
17.904144157 -15.374036541 -27.276279814 0.356013755 0.455985055 0.778983725 0.241901203 3.167626452 9.570770859 3.031223922 3.130035841 -0.165034783 6.120555126 6.097050476 10.418752650 2.903022028 2.418118896 7.006598442 4.789073010 8.882430913 1.016634981 3.466764331 3.486203966 3.842893693 7.383242898 9.505495516 8.440518968
13.237205654 -1.646284058 -16.752473371 0.274864891 -0.213240629 0.210849450 -0.913520790 5.991487232 1.571632226 6.988380093 5.596460925 2.008344759 -0.175250666 8.259867641 0.709962218 3.639937327 5.045185349 8.423983856 3.177345674 2.664303930 3.826246634 1.337666032 7.119724972 6.214543311 6.881643749 8.346271931 5.333712933
20.274355115 -3.296226410 -20.859428331 -0.757307977 -0.413009540 -0.421768124 -0.279319525 2.325658972 5.316817046 8.112774850 5.746079333 4.175040747 6.924334824 6.974682300 1.935659918 5.043353005 0.471234169 2.602998465 3.123471935 2.632303753 10.306485641 9.435403279 2.718978396 3.869340712 6.868574828 2.787933439 -0.664464491
5.303266106 -12.867659447 -23.650125087 -0.282348049 0.486032924 -0.170711828 0.809264510 -0.348721794 6.530065104 6.642755434 0.057761219 0.567454160 1.536000280 -1.198597881 2.001112695 4.998751064 -3.438135031 7.701957734 5.069717758 -0.025957262 5.169222975 10.520526829 6.333945318 1.867332027 -1.633781880 3.806539817 0.817344371
21.307991952 -4.203025202 -22.784333731 -0.355361754 0.869488517 -0.314577287 -0.136926525 2.502164329 2.538816868 1.892958636 2.856145250 8.833186909 4.950234018 6.302928721 -2.230403724 6.925042477 1.319139966 5.038178147 4.584609922 10.039377187 3.815074102 5.942165768 4.799544600 3.955089803 8.293855161 4.796138205 1.021811230
15.956806684 -7.190157198 -30.400996968 0.718077091 -0.516337725 0.465854069 -0.027214532 3.563361574 4.894637813 3.937178398 0.522640774 -1.645511124 2.143878025 0.774995552 3.606197399 1.861165071 13.480676680 1.477231473 10.969002704 5.897043360 5.500392336 2.454700111 -0.680267546 9.445129544 5.209196718 2.494942331 2.790274718
14.594636076 -0.575961911 -22.133810416 0.083819640 0.422303089 -0.879801192 0.201455283 -2.909487415 4.961174861 6.596261155 7.733544485 9.338264883 2.688425919 -0.721094568 2.804342985 3.263366173 4.006225921 6.476627030 1.194758361 4.997978374 5.204319905 1.299600002 11.503003937 9.321153330 7.954107637 -1.839642771 4.796422961
17.247668220 -14.315368218 -22.194960386 -0.858508002 0.258818697 -0.394661557 -0.200547122 5.280673112 3.685849104 1.173981876 4.146168284 0.665521542 0.541310286 0.066670370 4.422520535 -0.817644648 5.225457853 3.295414032 0.121229526 4.044025001 1.075408243 3.846930315 -1.149771190 7.886749517 4.592697335 2.110787360 3.788138264
13.117910659 1.462527710 -23.311491692 -0.219101605 0.919774288 0.282007540 0.162731352 2.962978388 7.827526268 7.660283101 1.367831918 3.757258861 4.348556476 6.527179853 7.069248028 12.223649240 2.358194961 3.705900504 4.021565867 4.754734900 -0.646539274 4.004667715 2.736213980 6.396295847 4.061499960 5.537284624 4.647899289
5.576743496 -1.997020395 -24.416897660 0.631371132 -0.226742897 0.727137462 0.145702656 2.648252069 7.945316813 2.323348454 3.222139951 -0.567633836 -0.463551859 3.530543303 4.759166774 4.329223141 4.168724081 2.826900762 7.361533613 9.818960843 5.622297098 2.977007726 0.534546460 4.877997621 7.850747877 5.299616075 4.590768841
9.453446999 -10.752833009 -29.748366755 -0.302747330 0.108956360 0.903160995 -0.284205531 6.679320586 4.558384864 -3.966916645 10.311878477 7.446430879 4.890064300 4.437781040 2.242844200 7.684567461 3.811205089 8.595909097 1.130670019 6.422203962 2.643692698 -1.054815537 0.035027079 3.124372551 4.548829583 2.419260702 1.909009611
17.145816031 -5.131795937 -21.767941637 0.328544076 -0.174523916 -0.767200997 -0.522496721 7.142628179 8.280700736 10.582717539 7.917588293 4.513586437 2.698250769 6.719934267 4.613098176 3.485418411 0.407513247 6.322692211 3.099098505 5.800503182 9.960525393 1.715743378 9.107184111 0.181967050 7.309008059 1.135130912 -1.480097544
8.528618388 -2.537028071 -23.901086376 -0.512622109 -0.260802612 -0.808760392 -0.122911349 2.478200418 5.769514473 1.208890210 7.083355460 5.407605954 3.538131286 8.632736991 6.503378894 4.282661008 3.757281225 3.363674632 2.101507515 3.701632542 2.281218410 10.201579074 -2.709433990 6.125714639 4.993004073 6.098342334 6.277022868
15.163917186 -9.299255354 -26.761380321 -0.214869351 -0.675267886 -0.661136713 0.246460323 5.356980067 1.121139668 2.023464325 6.577527015 0.388126312 7.385830412 6.236755982 1.649859467 3.354695929 2.153862042 5.798788869 3.698347965 4.021049412 4.893480067 -1.789428292 1.406553348 9.229012668 3.850035935 2.711957077 6.448724238
11.436483082 -13.826735002 -22.901226802 0.051242091 0.327868709 0.829512002 0.449206185 4.562496469 5.574689120 5.364330809 3.702066372 3.720607012 2.052783381 2.355363913 8.016995273 1.306900357 4.051472597 8.307797007 2.463292051 2.486666260 5.485781388 1.174521001 5.977744651 6.710634775 5.520613647 -1.148550302 3.118387963
3.393437971 -8.934187119 -19.605328758 0.239627293 -0.518835490 -0.740137452 0.354379806 2.447688719 -1.341327818 3.303100404 5.282588601 3.433733703 5.856159753 2.190776914 3.181173778 0.740172423 1.074162217 2.879706516 3.480714155 8.907959594 6.514254877 3.907116424 2.475547174 -6.071665579 -0.827221355 5.721545932 6.619028737
9.439476682 -12.906001355 -19.139925956 0.731724210 0.398165719 0.502049169 -0.232358285 2.886968452 2.900523114 5.059533253 -1.099974348 5.756355834 0.244073194 6.501717401 1.771654101 1.495485667 3.380924084 3.063035564 8.579845317 9.015401572 3.530632787 2.398802905 2.921324778 7.112450388 10.257299630 1.726160988 4.975589165
9.007812585 -3.354099464 -22.654471376 0.703155379 0.484097737 0.333609312 -0.399908391 9.697348575 5.592023369 1.124321077 5.897860171 2.354424459 4.781693960 1.210192908 4.832502991 2.629199964 6.255146758 6.194844813 6.837744084 2.421499891 -0.207267327 1.464578619 6.308529201 7.318053981 0.888781431 5.072481005 5.523751748
14.796443848 -10.548158060 -18.352704026 0.762832557 -0.627899379 0.059850816 -0.142291040 5.583440297 -0.146713256 10.622652972 -0.872198356 3.742325733 6.311250717 -3.689357215 3.993099766 0.380760625 6.981689875 3.099702757 4.612284964 4.538908900 3.121083123 1.625218670 1.693827733 5.483943016 3.572813961 8.353678096 0.758377911
17.799868235 -2.953725433 -23.159687790 0.884163958 -0.235515901 0.159479989 -0.370610968 4.978727931 4.557276610 5.379559497 4.558287135 4.402973878 3.804291833 1.230191328 4.676446743 10.323559868 4.061562548 7.001017205 4.504634803 5.055502051 0.234545204 3.906989557 1.429555951 4.045241030 9.287416825 7.923240389 4.824119054
17.310622882 -4.687277447 -17.315258303 -0.698700633 -0.536579297 -0.466740151 -0.077805617 4.380983798 6.534545221 6.662235306 3.780545221 1.433453128 7.495487807 6.365450134 5.032984570 2.549924421 2.760862079 2.954817997 2.799483747 5.210554660 2.533988886 -1.083792061 1.277554291 4.137156653 2.063413028 13.365510143 3.538818121
12.909426607 -6.626547002 -26.510655198 -0.326458926 0.255306800 -0.430185146 0.801987374 5.900424097 0.772859808 1.792349874 6.111050094 4.012408474 5.910447547 -3.507299740 6.872003051 8.202273162 3.018706894 2.890867742 0.230012185 6.875140587 9.050172552 6.183268228 0.876578261 6.063170897 4.593408368 -0.842736262 4.234705183
9.407915215 0.902587446 -24.188577733 0.275134938 -0.602195185 0.127990700 -0.738430840 3.374924911 -3.067097552 3.792399302 -2.306805969 -3.132289972 1.569573156 5.668219641 6.377315460 1.255949932 5.021279584 5.577882855 3.557125681 7.922958506 -0.460711698 12.191428447 5.409168396 5.007500631 8.200380349 1.627357637 2.720531871
17.452111059 -14.414079139 -25.745389650 0.124987055 0.664556494 -0.733891396 -0.064391932 5.437709619 2.173690780 3.772751267 9.188268595 2.941351838 3.601376050 7.762969831 5.155293163 3.020886557 2.746764532 2.312568388 8.306889518 11.065869642 8.547732777 1.435340689 4.309615407 5.334096361 0.989760684 0.723705536 6.046675883
8.632691997 -0.888046543 -21.774672716 -0.703780382 0.533636822 0.434620745 0.176152556 2.305378741 10.086063408 4.732265102 4.080017372 1.054190528 10.497380371 0.829383813 -0.665044819 1.660908135 7.820937387 3.443410584 4.156028425 4.752595033 6.175969643 6.042544336 5.034167717 1.810600165 1.341431866 5.347292455 0.733287092
13.801508743 -13.215870317 -29.898041173 0.553943802 0.379362907 0.625575570 0.397347776 8.678076926 6.469419227 2.133589810 1.174639828 6.144324217 1.455980069 6.593184022 1.121840923 3.191611221 2.204512196 4.547024616 8.253901493 5.530335757 -0.349534499 8.747778135 0.027265632 2.846268585 5.694024586 8.095072612 4.907856079
13.471809803 -0.548301983 -25.173810879 0.927778441 -0.038306108 -0.320042772 0.187969229 6.902713747 4.423291017 3.582966613 5.102954429 3.450820535 2.113942279 10.200910671 0.663446012 6.334403464 -0.911745890 5.037522787 3.292628588 11.281193148 3.392100433 3.189574091 -0.397386566 1.278168928 8.240888473 9.054507918 6.882270213
13.387758766 -5.707894525 -22.717893338 -0.132648539 0.482064748 0.863596717 -0.064951169 9.364457683 4.327603135 1.593465728 5.814026586 5.233695588 4.697853572 4.413561915 6.892417569 3.536155874 7.246833435 1.505617290 0.716903364 1.230073235 4.537407036 5.807381903 5.824115130 1.514271320 0.840293084 5.842940831 7.450053468
18.776033914 -13.539826687 -25.690398705 -0.796429464 -0.015947426 0.603077268 0.041756406 -4.631283663 8.561380769 3.327138670 6.314150507 -0.726774030 3.827660919 8.371687277 2.331971689 4.445923205 3.011099961 6.344462556 3.077070742 3.622687077 -1.758791480 2.416770963 3.337893532 2.036105379 8.715229792 4.461699081 5.806743485
13.312491484 -11.484073338 -24.435533010 -0.104122458 0.159406778 0.978024560 0.084946765 4.505463341 7.067656534 4.825181763 3.873485856 3.836465408 0.996912318 4.018906535 4.688302629 4.202732491 3.047725226 3.639510213 5.451897139 6.446563404 3.179887815 -1.156092480 2.974030531 6.473577179 7.221996506 4.209711035 9.485374045
8.240894586 -5.322199345 -22.579647973 -0.624507683 -0.639345471 -0.276769111 -0.353024620 6.042979697 5.446774358 5.909433826 2.283466100 4.991166912 5.653115399 3.679608085 1.399389679 8.075172469 4.717617582 5.898807664 6.385748279 6.385518066 4.429100243 2.271193575 1.683143632 2.446013184 5.575828222 6.059016699 4.362598299
4.731692251 -5.491731611 -25.825065544 0.630996547 -0.244083431 0.389100048 0.625194201 3.611428649 6.218780161 4.613254623 2.233127787 -2.850464093 6.774454957 -0.755961007 2.153206942 8.851615281 3.767375475 8.984424002 -0.089268079 6.784543421 2.452786349 3.881197982 2.910298887 3.264690781 7.645208202 6.698707372 5.166858705
12.940366090 -5.267423356 -19.237576627 -0.306481536 0.933164768 -0.186076226 0.025460210 3.535551838 1.827615602 2.342454694 5.106238546 1.075763229 2.977944022 6.868063015 3.344594172 4.311913931 3.495749154 6.383687819 3.670130383 -0.242370398 1.217077957 2.566459223 3.237141146 3.979551033 2.157219147 4.408964630 2.006898722
14.634915146 -3.434127784 -20.152745495 -0.514601849 0.657332735 -0.237715486 0.496578253 5.053182100 3.129910162 4.960969245 8.357728168 8.573386455 4.868388939 0.691097692 4.924004856 5.338442530 4.996179094 -0.091307561 -0.562013124 8.283265860 0.900778609 4.040565563 6.054924492 5.016693636 1.262713903 4.269139716 5.936708596
17.114368827 -0.682305266 -19.693232981 0.046008460 -0.797029358 -0.485203848 -0.356657609 3.366082486 6.380220266 8.077545230 7.114264520 3.353099439 2.661978291 7.780492927 5.008659508 2.219595609 4.382729707 3.867640589 10.011977570 4.491683834 6.259358679 2.105517509 2.037392906 0.053070705 -1.802834153 0.991741564 1.553811792
17.114601916 -8.955382188 -22.156521464 0.710827710 -0.642564789 0.210246116 -0.193987189 5.175929322 3.777050106 7.846017994 7.575108024 -1.916481339 3.303669936 3.600318707 -1.584053502 5.933347813 4.472590324 6.495013428 6.442899538 5.931793673 4.561351058 6.449734299 4.979290853 5.832668761 4.650288563 3.969745834 0.093450999
9.626174709 -0.949352583 -23.079507052 0.032614189 -0.779950965 -0.622383451 -0.057023208 5.846316740 2.248818898 5.665931838 6.601349110 7.234527468 4.687663131 6.006084074 6.297917765 1.266172415 8.039989432 5.155433688 4.299466638 10.068083478 5.408931871 3.148242130 9.225752116 2.108889175 7.401236444 -0.588590626 2.368082253
14.086075681 -17.421632591 -21.509512882 0.234197932 0.698624495 0.670591120 -0.085922606 2.421177934 1.352223151 2.547747484 2.510134612 1.896167551 7.677802108 0.090331050 1.259189918 3.412129557 6.800457346 8.018330150 0.880009297 1.565717918 1.352823147 2.578709824 4.970142117 5.852973883 2.656951172 6.575650434 4.793681056
5.914680454 -4.961319736 -27.139674293 0.526843550 -0.693459902 -0.173619603 -0.459788508 3.935395984 8.657967638 1.315679664 0.014000196 9.306638250 1.323736863 4.021816861 4.112496637 5.308579322 8.274824658 9.501412362 2.171212355 3.779500073 3.792617878 5.350087540 0.467318153 2.434092665 11.009371426 1.819610343 4.482918309
19.247222990 -3.994509524 -28.407812184 -0.237714229 0.596141641 0.567842044 0.515424584 2.858017423 7.437279434 4.347479713 7.567672207 0.779641724 4.147989275 1.535649235 5.936081747 1.169829707 9.434840117 2.557684348 4.152638284 0.580813164 5.218078310 3.348860316 -1.861830268 3.374624022 3.626187061 -0.259169777 5.552508638
9.253098539 -8.830602258 -26.279816073 0.556389910 -0.555273491 -0.116821340 0.607004442 0.950258430 0.843313835 3.561554345 4.404189676 -1.690298293 5.999770225 4.148505777 6.375857346 4.902738898 6.005819608 1.088724468 8.563545349 8.969024761 4.704742134 4.492238206 3.401898461 0.510121388 7.801768045 1.973274607 2.469347504
12.187838675 -8.037831315 -32.368154898 -0.080355370 0.421969646 -0.630018274 -0.646963374 2.755403219 -1.786508302 0.492316046 8.679129647 3.723934576 6.981062309 3.005563503 4.843894932 1.790282863 3.206246681 4.388576844 1.949703984 2.868339470 6.461039946 5.834828217 6.965492531 3.591024611 4.544712409 3.132332373 12.506506888
6.631294609 -0.561728188 -20.752891585 -0.208234846 -0.218269853 -0.441115731 0.845229810 7.012149694 2.803207819 6.670086338 3.685847637 -2.492929122 3.596609564 2.821620333 6.555277359 9.821682678 -3.991875829 5.767312549 8.091623296 8.321643535 5.337009968 -0.378154096 2.441395009 2.428132166 3.606837765 6.365614664 0.613221402
14.885058817 -10.256847093 -29.665605424 -0.510357828 0.414902810 -0.509554634 -0.554747348 5.585144724 2.028665005 2.117624875 6.129113419 4.269786692 8.098206138 8.366803057 1.223391122 2.928185697 4.638815827 5.339184144 5.877399444 8.473457836 8.555308530 8.389402009 6.140193406 -1.674015107 3.642998179 -1.602786671 1.547650408
4.153892662 -4.800981640 -24.319015694 0.243215010 -0.827889766 -0.051803360 0.502753823 5.453819654 9.364331166 1.048093294 -3.550208284 12.563935369 8.770052906 2.034892005 7.554173272 2.760168879 0.905859799 4.179335580 4.960202682 8.071419244 1.382860037 1.519537058 9.155113455 7.914618084 2.630099778 2.178438769 3.980085637
20.643913021 -11.243769518 -19.859331379 -0.713368702 0.573752415 -0.248463718 0.316510731 2.447940920 5.323554417 6.513419670 5.424455852 2.457327184 2.372832137 4.829355924 2.443257089 2.114636370 5.111259006 0.080216511 0.542949954 3.848908456 0.022424948 0.403860305 1.461171257 4.095067366 7.451492871 1.073021020 4.445256842
5.533677056 -6.773864773 -25.100635056 -0.631279485 -0.381664553 -0.619780898 -0.267749921 3.341214311 1.205682205 3.212971810 7.949878831 -0.319855464 4.703367106 3.601089562 9.207357091 -1.021011766 3.416382963 3.188874979 0.372390900 5.167691117 2.102159556 3.290477733 6.682843123 2.920576155 6.251793411 9.580723012 7.771741976
15.037692466 0.845633931 -23.582672350 -0.191311114 -0.574955218 -0.487979634 -0.628253478 6.942137805 -1.167702050 -0.458579980 5.057283943 7.105049896 3.566420017 8.229228054 -2.802043913 3.762857250 2.162129972 3.879359815 6.778859201 1.886856853 -0.222679015 4.620049377 4.262001952 10.004546342 2.432013597 8.512803133 1.147528117
8.214318967 -1.964755886 -23.204604071 0.263857505 -0.389006868 0.021059722 0.882388442 6.406515562 5.193456593 4.091849355 7.305332177 4.115122676 -0.985169849 1.283193837 3.321032707 4.639295814 -1.203360431 11.629716897 2.480185242 3.634930024 9.550366125 2.946551693 3.489539060 2.598864511 -0.042407145 1.806824003 7.430318908
5.634698174 -7.579749068 -22.813335492 0.566456555 0.252155002 -0.049153289 0.783025402 2.138485835 3.198332595 0.291518397 -3.678865490 2.945535726 6.466108120 2.677905663 5.002425722 7.194574657 2.360665294 4.797462279 7.452942350 9.914321767 7.699124369 3.518927872 4.627605304 6.576281602 9.712951487 1.755008857 5.206833226
5.872604603 -6.618487956 -20.711916975 0.441042425 -0.583550028 0.220326074 -0.645296339 9.266372482 2.819516438 4.595214792 -0.504520872 5.470921325 6.303459206 3.281082444 6.599770658 -4.029410583 2.385853417 2.701589320 -0.025532974 3.482914502 6.546237105 4.367095709 3.802582282 0.526373073 1.721617646 8.075608860 5.761547069
9.308268138 -4.478539281 -15.696752615 -0.695146510 0.396075149 0.594725644 -0.078722389 2.427635792 1.624998484 7.450423572 8.165654924 11.448610006 -1.959475036 2.165753050 3.038406763 10.008993206 -1.852490673 7.082483876 4.884109903 1.302460035 6.199340559 4.722811731 -4.339216145 0.542475683 0.058790964 9.997487617 4.712257647
15.154442200 -9.886935101 -25.361025027 -0.120347458 0.481214402 0.073205073 0.865211076 -0.025396169 6.078812206 6.963107890 10.037379378 9.208844800 2.774355246 1.559439876 1.588984241 9.520298354 7.208226764 1.624961462 1.185168217 4.558075045 5.743112006 7.766958217 1.964631936 0.954935738 3.044460990 6.094977620 1.367655235
14.213096133 0.729357589 -20.773019598 0.638303212 0.294867784 0.665792321 0.249684970 3.339817841 0.196132270 0.542912476 2.430126300 2.756496900 -1.032072654 4.883427754 3.599668681 8.110379337 6.613763869 4.193082364 4.057037123 3.781802855 6.943101659 0.202537635 5.964134015 4.214414075 -1.883773451 4.199602259 6.270828460
11.030372522 -11.421708510 -21.374383169 0.721200184 0.372902053 -0.471030229 0.344883861 8.052617689 3.635617772 2.874137716 0.745954000 3.899759830 2.687154166 5.969333890 2.553016196 8.708416076 4.807285953 -0.335968011 2.953376832 1.085618012 4.725412288 6.453187993 6.153514756 9.527965994 5.919569682 7.701271342 -0.529366860
15.959400456 -3.776020554 -18.631353337 -0.138706547 0.016488566 0.990089648 -0.014529616 1.458278164 5.514920009 8.712344409 4.358080974 1.631436554 3.501891508 5.355003441 4.389917460 7.120970515 6.236702468 3.104922282 8.141104422 2.973764953 1.627444540 7.413697880 2.340793900 6.102170028 4.011003867 -1.416559447 4.588654802
10.907205679 -9.782253179 -28.672470333 0.644191708 0.487690719 -0.285770591 -0.515276602 9.546537202 -0.037888314 2.791150067 4.717309437 -1.873639990 0.675076342 1.902318218 -1.648612581 1.689877934 3.523264776 3.742439657 1.554715485 3.783362575 -1.766229187 0.605950281 0.327826956 2.854707379 6.416500901 4.999824474 2.661571163
9.445738100 -3.547019504 -24.561780212 0.818667597 -0.301692987 -0.118429502 -0.474066620 0.562590918 5.706092065 9.322920239 9.266939132 3.228660737 4.627703455 1.453916936 8.641955797 9.459712259 1.981877128 4.378683816 4.075236489 2.102718063 0.760858278 3.535060938 8.404708415 2.852985241 5.015845872 5.385975015 8.365351085
6.387246898 -7.516152567 -27.049572509 -0.238918457 0.817709592 -0.240132687 0.465408730 3.682694135 6.936252373 4.426481607 -3.761928547 9.136893595 -0.086547595 0.196095272 8.052474542 6.021192532 2.958989256 0.069427412 9.098780076 4.673005337 3.909042661 -2.762161207 0.901651303 5.910729742 7.896231470 4.242077823 3.395746421
16.242732789 -15.642645416 -23.703350907 -0.164998183 -0.940185687 0.150699793 -0.257130408 8.671788086 7.226877770 -0.951856541 7.974574193 2.438181908 -0.490352305 4.760767054 -1.171718318 3.721312477 0.506316057 5.682147130 5.806701165 4.924946770 -1.812006726 5.040543250 4.851360898 -0.390961436 -3.646962056 8.111017928 1.156091819
11.608464274 -6.501483164 -31.066584078 -0.731565288 -0.368853369 0.558698677 -0.128900002 1.740516286 2.394527461 0.896374913 6.539313657 3.811476947 7.645163849 -0.140155485 4.907042886 3.657441060 6.516110553 1.474434523 5.490191441 8.536443349 6.420828415 -1.201308937 6.430989965 6.903078610 7.954526926 3.111688112 -1.226310351
12.381114317 -1.412049832 -22.263139790 0.081741578 0.541683131 -0.220731459 0.806954350 6.018158494 5.617526318 3.428275046 5.492613566 1.561762709 2.510328232 1.707220874 5.333136811 2.540910336 1.248717154 3.169827154 -1.127963109 5.910433744 -0.634688508 10.204567854 6.673912477 6.185290255 4.657700864 3.570185836 2.075395485
10.886229611 -7.822134112 -31.520735997 -0.079098782 0.439244378 -0.210025657 0.869883315 7.408023078 5.394374425 6.551645518 0.770201602 7.076470656 0.752293829 4.939591459 4.031583857 3.756442591 6.588595473 -3.581511847 -0.669248937 2.980154363 6.719130127 1.266482340 2.591759397 1.211358963 7.155273067 10.109099795 1.555286454
7.016674284 -2.026250881 -20.365841254 -0.694497958 0.577866617 -0.265273780 0.336708451 3.139673486 6.793098175 -1.806693459 6.497401725 2.410436070 3.197561630 1.106395748 6.819745815 2.733584676 6.515293775 3.308518964 3.028745868 6.139608243 3.344588710 3.553158488 2.271626362 1.460000450 7.045699747 9.229837050 5.759954702
12.492600929 -13.589210457 -14.823547764 -0.887706108 0.358995714 -0.016290855 -0.287809921 4.040366508 1.102749768 2.509880542 6.531411271 7.386659156 9.467941113 0.855737097 5.247753440 0.822938145 8.324800583 3.189015942 6.591307927 4.288577318 6.994075929 -2.684059810 2.295820487 6.972372068 1.160018724 5.486256787 4.279798859
11.851361040 -14.693407181 -25.667783587 0.282421685 0.220260961 -0.145340295 -0.922279404 -0.230505056 0.104999624 2.291777849 1.110239528 5.215766350 7.109587895 7.949401634 -2.190687717 5.834410376 0.907768367 4.126897476 10.918748899 2.857881777 5.840424071 4.143536890 3.522096174 -0.435020266 2.951197557 3.734637171 -0.799057715
8.934021944 -4.886901302 -28.324798426 0.677445405 0.067951698 -0.685651370 0.257550946 3.030125049 5.171481704 4.657949841 6.747649698 8.302597535 5.085048987 -0.203345760 5.180870560 5.592947572 9.344472142 3.414612861 6.881112973 2.251846114 1.970352169 -0.271478209 6.433177486 0.218424905 1.768989377 2.282292599 0.429642393
5.074563912 -9.822133144 -17.242562523 -0.815606406 -0.312617640 -0.232805474 -0.427619005 -1.618080401 5.774691474 -1.169705100 0.453945759 4.426543423 1.426266041 4.975585862 2.328805978 4.972214503 -0.592789992 7.833425897 3.117023175 5.905025889 2.119530274 0.050355244 -2.855153549 4.672349188 0.638162844 4.198706091 3.191481173
19.463676823 -10.761403038 -29.428083263 -0.350165042 -0.871761849 0.151239319 -0.307477463 2.733361573 3.226767597 5.755289081 10.723877987 3.460322255 9.470024099 3.302959688 7.330478689 6.506502933 5.198082585 0.831034344 6.658965139 11.244672277 2.646802214 6.240233188 1.828419635 0.047470840 5.277452419 6.440757423 -1.474986005
4.727603525 -8.976645665 -21.086157162 -0.137743069 0.826412796 -0.474460326 0.270103938 5.290892976 4.313573802 4.928386061 7.685208252 3.775787887 5.189090796 3.537810978 3.921717333 0.999921767 3.501166263 7.548100358 4.431999390 6.618484966 4.428101012 5.249325487 2.812416637 5.363973077 4.229185636 7.429201861 5.713470404
18.069194390 -11.679975688 -20.974825935 0.034605467 0.420152926 -0.322261172 0.847597615 -0.275589261 -3.495676623 6.840497076 0.948705538 2.599484404 3.303979549 -0.609788230 -0.400193973 0.827474208 4.577174811 5.670707924 3.258945101 1.862695423 1.991972521 7.300570702 -0.622752626 4.903596327 6.412398426 4.508808659 8.593403770
9.785113770 -11.810239843 -30.727776249 0.373383867 -0.622627742 0.198278803 0.658486673 3.506085097 -1.323399396 7.692491628 3.759223269 1.639560092 0.153469531 4.569355788 6.789561145 2.269980899 6.276874123 5.046629541 5.891913170 5.756385989 1.058155736 2.408799694 2.118267682 2.282983710 1.756331870 3.268847137 2.239850394
20.169798526 -9.007937561 -25.027607186 0.805220931 -0.115191551 0.457579298 0.359125807 2.094151663 7.351830282 3.594419651 6.179396757 4.080763095 3.268221775 3.816511803 11.564229178 6.592072522 7.685888408 1.137692364 3.457539958 1.969233005 1.621426185 3.563546282 6.196614606 2.882059202 3.964940780 4.952866012 3.883950081
16.374513043 -5.119306329 -15.371632573 -0.056644593 0.350678541 -0.602083068 -0.715060788 3.297873237 5.211222217 0.539370080 6.080223627 1.801595499 4.990811051 5.084415757 6.273428573 3.193691689 1.353144314 5.846359972 8.000456753 4.942801814 4.331460940 5.463529421 6.193053964 3.369083837 3.707427273 4.330767922 3.206785096
19.741597103 -8.139618423 -16.636895783 0.914641742 -0.297630014 0.269022090 -0.049739052 1.407980880 0.330802385 5.268813831 10.587497295 3.350375893 7.195779910 0.028159053 4.921354110 2.242083148 3.411179386 2.233742681 1.162647482 4.782656461 6.109364296 5.447980385 -0.351390383 8.077660807 2.323747247 1.673325408 0.853128663
18.147574081 -11.406279561 -27.727587481 0.784261893 0.383012463 -0.047633378 -0.485763108 2.684094638 2.076121253 3.553760751 6.524567808 1.795252541 -2.443235286 4.517402080 5.275165288 1.547161339 4.219431805 8.797541944 4.743853083 6.279663250 3.215204478 8.591673681 4.030221214 4.403187475 7.194719236 4.447083566 9.335467258
14.009338886 -14.305960924 -27.687073609 0.232736723 0.237415112 -0.630680076 -0.701220596 5.966599109 3.354020048 2.268205839 1.915705350 9.547692089 1.620727906 5.680639105 7.511073217 8.870100006 5.818279758 4.782511055 7.632109436 -1.583176119 2.222285452 2.678688512 1.067860733 4.316010346 7.288091422 0.834300800 5.151603302
20.322377450 -6.151398196 -22.553906310 -0.925915099 -0.091696661 -0.295446754 -0.216758318 2.754693864 5.709176084 3.710753224 2.618948148 8.449458415 -0.847413709 5.262335848 5.716733539 7.296429239 2.257445768 10.256181281 2.666568890 11.951728236 4.110960658 0.613400815 3.097991874 7.035301231 3.015656397 2.879015843 5.568800729
7.547570812 -10.829470835 -22.185854940 0.509748113 0.808912383 0.029649308 0.291442167 3.837118907 7.329742498 -0.767418631 5.373775166 1.350948144 6.391414365 0.798927597 3.331373479 3.015785334 6.087562426 2.845766840 1.028158907 7.465620079 7.052852555 5.967612210 5.972614498 2.521916156 3.157373805 1.001227491 -2.831397112
18.455237761 -12.266129675 -25.263507301 0.334604719 -0.844911677 0.382503778 0.166897572 0.510504949 4.644078454 6.364455843 0.066324221 -0.090927506 4.061992874 3.225217673 1.465097712 4.730649853 4.917720715 2.634281272 3.794259341 1.975562243 -0.532739975 6.546835707 2.411851113 3.372283252 -0.715474426 4.390205952 1.911085097
9.337387329 -15.631026819 -19.148843891 -0.668558419 -0.558248616 0.240495127 -0.428427610 6.818855562 6.328062077 6.231800476 1.370790648 1.494142596 9.201932616 5.822243298 4.864562583 7.680537210 -3.074827360 7.289553715 5.723249439 9.022687803 10.150641344 1.500107798 -3.467526849 5.312444853 2.888734747 5.706520853 0.875627062
16.230302201 -10.961511061 -28.108049264 -0.280336659 -0.269297186 -0.866575136 -0.312950343 6.663139500 3.433231054 6.472162475 6.911526235 3.039256071 5.776475179 -2.889543981 3.512163176 -3.237951992 5.739481331 5.514220592 2.527726261 3.833408384 3.686609135 7.772822696 5.142177576 0.269733850 2.747279291 3.074993404 6.787400350
16.905686148 -15.086786548 -21.762704952 0.854845637 0.201224836 0.441123141 -0.184818497 1.975739478 -0.099676705 2.776980877 5.414031854 4.581811327 0.285377476 5.922213961 -3.847004015 7.950487741 3.123002034 2.098900351 1.721946768 4.847962526 5.422346255 4.263756774 0.656110090 6.538272637 1.960300950 6.024771612 2.347759454
10.318041755 -5.490488192 -26.498547239 -0.171879332 0.674474681 -0.251343939 -0.672582801 0.935862783 1.851175554 1.070766757 5.123419913 1.902220672 3.438266348 9.407834819 1.207494224 4.510516137 5.922645315 8.292018845 4.601409066 4.249933259 6.518948814 8.252394341 6.556275743 5.811267225 1.283213458 2.533313157 6.509021962
13.811131537 -10.981048200 -19.011635031 0.368393176 0.868156603 0.170143451 0.285730268 1.745448708 6.019665340 8.346991522 5.198970175 1.965336705 1.639792354 4.801974798 1.855965355 7.884101450 4.320499817 5.643544510 1.827730351 4.259263777 -1.027322369 -0.151257075 4.553449668 -2.816330709 8.501892097 1.613552940 6.969435728
10.814719444 -5.119002182 -24.278436611 0.429918259 0.517231382 -0.608166321 -0.421634576 8.056414338 6.876264650 4.958979507 4.932342803 4.040876895 7.067971806 8.554045865 4.572556544 5.495958692 7.974192616 1.545573595 6.223971569 2.639356497 2.396126077 2.563783470 4.490074318 2.053570329 3.703633521 4.617345180 4.757729773
4.989928333 -5.817283548 -25.966339880 0.476865734 0.836982429 -0.048946023 -0.263938957 6.640498589 3.910796386 0.372249777 3.597438207 4.189198066 3.342422659 -0.548368082 5.112353066 3.091124066 4.065049584 3.994514391 7.114696137 0.515712217 1.416205822 1.675280365 6.809795159 5.523155245 1.188545935 -1.562521791 4.434891524
4.370728969 -12.115863953 -26.046326925 0.015888056 -0.900199911 -0.407829095 0.151865465 -1.351551241 9.376965627 -0.490507315 7.192994946 7.707618106 6.843098915 5.342341301 6.127631914 3.161526921 1.474158401 7.455704696 5.709014417 3.318747901 8.029956133 1.194214992 7.547837201 2.410385351 2.394661812 -2.446747323 0.058961471
16.648858310 -0.357966452 -20.365254708 0.646787890 -0.065299541 0.741482754 0.166146687 4.757168138 4.281049346 5.361245726 -2.053258651 6.359587409 4.857780225 2.759163235 -0.646665706 -2.079368888 7.701196914 5.827462915 -4.539606934 3.977132194 3.538969740 4.088684497 4.072589088 1.978526815 2.192784660 -0.542121322 2.265174261
8.263416607 -14.574075120 -23.159743046 -0.055838402 -0.227447296 -0.850930949 0.470176902 3.594636252 2.326360184 3.950571328 6.059376908 5.687818494 -0.988762392 10.433749339 -2.880450785 3.568151709 6.150444166 3.572775008 1.777500900 3.574107625 2.081073355 3.253490704 4.166034391 1.867596894 5.242643267 5.579266346 1.485413585
15.867593237 -8.992516120 -20.724269091 -0.462593409 -0.543855992 0.289008232 0.637732107 5.078468383 1.245521516 6.601225301 4.524113548 2.610505385 3.226407512 1.867348820 1.403876304 5.199307348 1.211088437 5.619387123 9.220092028 0.017841967 5.117852751 2.793573975 -1.347121290 3.676816675 4.523032547 8.580035691 5.537583127
9.060079758 -7.585991773 -26.646215926 0.239679195 0.345985465 -0.685615540 -0.593952247 6.066298391 4.576024504 6.733296335 4.177625685 -0.227441600 1.715961499 6.619923653 -0.411812248 4.212443609 6.370197538 4.701478057 -0.910430420 3.741745642 5.299726352 3.610062126 9.695632955 5.791535073 1.318831616 3.004259738 3.299788631
17.147801766 -10.631605173 -20.117692336 -0.688189925 0.668537502 -0.267668548 0.088350352 -0.079772913 4.019220812 0.195507308 1.703373654 1.345022987 4.751187103 1.098430327 3.568283521 5.039216525 5.513846150 -0.320897751 4.147866709 8.067631457 4.652848616 4.047742257 2.383216690 3.391736874 2.560262461 7.991712347 6.805263315
17.213674645 -6.996895779 -29.611076558 0.073020693 -0.735340370 -0.672334113 0.043696214 -0.812154975 -1.500899574 4.334945143 1.055871153 2.009362327 2.125582739 7.063409592 -4.209989274 3.812269957 0.355054581 4.695550897 3.415120322 4.469840899 5.374861453 8.005536046 5.917340789 0.753247866 9.813908804 1.491451949 5.339486086
6.237797909 -8.250594304 -19.073300516 -0.573969427 -0.037639835 -0.768516206 0.280223448 2.684896991 1.371651297 6.213564267 3.997853630 2.454856897 0.211888048 7.455292139 1.926189089 4.954388457 6.876879614 9.246818104 0.451756627 4.407478555 4.586675615 4.387404301 5.343207252 2.049419531 5.918229303 0.021927061 5.439807522
17.926495440 -8.308494601 -18.949093409 -0.447994472 -0.819378881 -0.294099777 -0.203530153 2.173988982 1.401470873 3.687234043 5.322493712 -0.103947358 2.891209735 4.580971964 9.246179078 8.149834486 4.613657912 6.296912452 2.942561108 2.938082654 -0.447023407 3.206771508 4.926418042 1.100366796 7.832587305 -0.844737717 8.466621307
3.598729992 -6.701189351 -19.996933549 -0.505427833 -0.444980096 0.290012263 -0.680020814 5.059026970 7.798468061 2.837734019 8.487071124 1.937727283 2.694167299 5.556241548 0.754217072 4.765156177 1.752571371 -0.249401401 5.141300626 7.357235879 4.666203097 7.435797538 2.760145055 7.267607594 7.393345103 2.139756183 4.824781569
11.103510670 -8.008758637 -26.497458484 -0.228688182 0.254440052 -0.928030496 -0.147381725 4.615382837 9.498389125 8.893074829 3.818923408 7.013922146 3.523847160 2.606678034 7.128044767 2.559989054 6.644585300 10.281825659 6.149234667 6.205134295 5.625039732 2.372691653 0.718561248 1.959670831 -0.453838395 4.945372810 4.418151407
15.713522491 -13.473105395 -20.467696393 -0.165673786 0.291611230 -0.853764581 0.398247571 7.841563502 6.022826830 3.463299594 3.788047036 2.309159427 5.435379447 1.283072965 2.753689259 6.058918567 -1.304998919 12.074370304 3.406677286 9.526796167 3.020157054 8.045068950 4.685766132 6.730134404 4.496433261 8.741448200 8.633481130
12.784134830 -11.340811924 -24.858809279 0.284283244 -0.087714600 -0.207522859 0.931892402 5.995997408 -1.040296306 2.608686873 1.651439819 3.872163451 -0.828040700 7.200223295 11.681632631 5.962910446 3.580539391 5.859736760 6.156284010 5.219207318 4.233269025 5.445718159 -5.099058585 1.091281749 2.212916129 4.928812965 -1.100524881
8.323779447 -10.970948065 -16.477804770 0.677470609 0.338470319 0.283189689 -0.588451372 8.070430010 3.365271929 4.175207574 2.265562606 2.486551957 -0.554188434 0.911722459 2.813485738 3.137927520 2.289139507 0.775899001 4.449064484 1.053156364 2.719428582 4.197462697 4.056334265 6.172873989 2.058298046 2.284705204 2.015564507
3.658815422 -6.488405261 -23.697306758 -0.468111985 0.182744813 -0.586106521 -0.635574267 2.748352670 15.252768793 6.919456571 0.099608842 0.811232305 0.614626557 6.155527233 1.650765552 4.037102447 2.009348497 3.508522490 5.275894767 -0.943627052 3.874696370 5.251718448 4.480153057 2.800064253 7.531268912 1.424009570 4.045598360
8.484226839 -9.561681675 -25.646462809 0.613694996 0.415316457 0.477188365 -0.472421376 6.805156886 10.576444992 3.681044260 5.366114069 9.615234716 7.285313485 3.161686006 5.587942328 4.135434746 -1.016162814 4.754285576 4.193041590 4.634314644 1.094755498 0.040190138 -0.082569920 2.394935527 8.622719872 -0.661037815 6.711691379
8.071268570 -10.395439051 -25.133217031 0.009659219 0.480073457 -0.733605385 -0.480894286 9.857134898 6.449559232 3.003621854 6.064300194 5.540115616 3.089876108 -1.959323291 2.299007636 4.584850886 2.154503064 3.014821940 -0.410651133 2.645353277 5.054131579 11.066737439 5.727103416 5.884254677 5.022415034 2.949436493 4.126822218
11.684131987 -0.386717728 -20.337666898 0.621364471 0.166901623 0.576542292 -0.503635808 2.182709327 3.385759427 -0.304501648 6.333545309 3.968083137 0.733371947 2.377319710 -1.701846684 7.750999553 2.550702771 6.537608936 9.756909911 4.638003416 3.207353163 1.422413905 6.419437595 1.910583335 7.526730754 0.224043930 2.819905537
8.632817250 -14.137244687 -28.034213839 0.541741037 -0.392447083 -0.737994050 0.088694516 2.027748965 0.569541105 8.379245883 0.712921221 10.291991167 5.931583317 3.357804443 5.308789876 7.098541616 0.261845527 5.861212805 4.847365755 9.592766493 4.110318184 6.694269575 8.555452511 0.999679792 9.007460502 6.635867656 2.577419480
8.705329979 0.701302260 -21.218771632 0.066351769 -0.002539005 0.251854833 0.965484407 4.417942550 0.483250286 3.573796492 2.190550825 6.182292107 2.570483526 1.665953350 5.932512713 1.738658041 2.177904571 -0.789981018 5.519800852 5.473002141 9.934589883 -0.059223982 0.525941851 8.963512455 5.469918964 -0.685277307 3.562469062
11.670917043 -7.672570566 -22.322822721 0.099098347 0.360490714 -0.911316317 -0.172419642 7.835423946 4.449027714 1.473453897 1.447912954 3.639132487 6.631316221 7.390512086 3.531686285 6.462440187 7.991821731 4.550221422 4.379882893 -0.412101575 8.371939870 4.400308252 6.590755879 -0.028965098 -1.178453925 5.690202350 2.440818577
11.684396676 -14.563188659 -19.689596820 0.291714228 -0.578897463 0.210440763 -0.731775390 3.727686906 2.715081116 5.751019957 1.416960463 2.846106672 8.781973014 7.611370597 -0.781207014 2.951115157 -2.921945754 3.684541941 5.635348874 6.581379758 9.927689153 2.919878231 1.335082120 1.759556143 6.615265293 6.797484736 5.381190652
12.562067373 -9.850562079 -22.271354164 0.843746427 -0.165443672 -0.451175806 -0.239083147 -3.146522284 6.556830721 -1.937284893 6.538785280 -1.007074333 6.097616299 3.408555966 5.203665220 2.466493479 1.283819749 0.474554091 2.101562153 2.364206974 3.216478897 5.800462336 3.939107192 4.919241993 5.859324952 8.900225776 4.292704379
3.566569757 -11.766527880 -23.347566814 -0.724869606 -0.037682473 -0.559626581 -0.399952716 1.053204851 7.663490356 8.274667689 4.306831999 7.490974965 6.929535027 4.920177438 2.767429820 2.919839669 5.287297142 5.966462284 5.903387722 4.504520466 7.078408785 5.739937018 1.460799979 4.239105577 1.180865323 -1.050923438 2.804295761
13.591016448 -15.551198949 -27.212269163 -0.135464385 -0.982711369 -0.036206869 -0.120900074 9.070352335 8.033251688 8.226020039 4.304611304 7.137293267 1.483272343 6.021098402 -1.736394622 3.390905134 9.011486475 6.676875367 6.186617994 2.613009084 -0.377891231 1.160524042 -1.108201605 2.283949019 -1.501999239 0.605961127 -2.608532920
10.121491059 -6.512069502 -17.584289842 -0.589271992 0.020949199 -0.011074515 0.807587150 1.040173849 0.884409551 7.570809571 1.955372882 6.200032368 2.598072834 2.691249181 4.258161506 2.008401794 6.346534281 2.513699105 4.492935616 3.405339356 0.060300954 2.228825563 2.480615582 7.407252679 5.577196358 2.785132379 0.958179409
18.848362868 -15.938999210 -24.010187465 -0.167828630 0.118339241 0.387744307 0.898600983 4.178087034 4.565240688 1.903301133 -1.150845827 0.766414584 3.036137675 6.710748724 -1.220473382 2.661262123 6.101466652 2.745075190 0.512438452 4.747896785 5.117819348 7.457188740 9.291845414 -1.899208570 1.548013929 -2.225922245 3.091554297
8.603011346 -7.768567301 -25.517228264 -0.033531003 -0.572812046 -0.777236017 0.258197999 4.006028296 2.794554985 8.668321186 1.809803440 2.995880000 5.558529851 -2.287073925 8.760912439 3.525749571 3.727341948 4.743734760 1.508283711 2.847131737 7.343857514 7.075839351 -2.038267892 6.694626998 1.896409740 2.283473171 2.413286504
16.228241507 -1.590324677 -24.279711393 0.623661546 0.567572590 0.220977226 -0.489976220 7.435550627 -3.787691892 4.531805426 2.453348718 5.894886535 3.618211574 3.514148306 5.077565261 5.013984883 1.654683190 4.918702232 2.499236954 2.509790909 5.875654006 5.223123011 4.898813181 3.570906141 9.997332954 2.706825107 4.439024274
8.721713403 -1.857041109 -18.368209105 -0.480731368 -0.716052392 -0.384371147 0.329279738 4.299874748 2.296442836 6.098371300 2.340126684 5.829490412 2.680071741 2.686291623 5.584851309 2.955221639 -0.376555135 4.454971004 4.741740566 3.557212240 1.456478723 1.852607740 10.769637234 1.589016351 6.319741734 2.157408644 4.718923459
13.495718080 -11.322046947 -25.643313008 0.276647767 0.541391456 -0.444124877 -0.658114274 3.929119010 5.147321814 4.560744113 2.197785152 -1.755037487 2.974459858 3.729056377 6.552131511 2.362189162 4.053467925 4.402121716 0.016924823 9.175712585 8.556284869 3.452447412 3.369931463 9.094496796 3.096593324 2.873963454 -0.052500535
10.355828833 -7.360449595 -24.550248844 -0.035415233 -0.607928833 0.715146999 -0.343122522 3.061584238 -2.636691618 0.707012877 4.858591699 0.788267345 -0.505797077 1.353125975 -2.415566829 3.314785818 5.495703589 1.453354325 4.600134315 4.627232594 4.925650100 -0.318609297 8.252480341 9.057295049 1.086081326 2.262151441 5.898162478
17.031511289 -4.430411324 -24.481012242 -0.133680983 -0.904567892 0.397083877 -0.078808111 4.781505863 8.372846975 7.741135934 2.838636119 1.815976846 5.341555263 3.669459665 8.661899206 6.822326281 -0.764863986 7.478436272 3.483587315 3.730532530 4.524195220 4.526455566 10.074679358 7.089277493 7.732748483 0.709390185 2.302520851
22.161982893 -8.468329262 -20.754309915 0.230862245 -0.539283981 0.437405028 -0.681580702 -0.020322029 7.079997291 7.476175157 5.239672443 3.095813838 8.076039904 13.392256466 3.556466042 5.322846132 3.275694358 2.519553284 9.947459642 3.277448406 7.131618864 3.688645622 1.539344906 -0.231047226 4.243003586 0.439606040 11.180593007
14.873803947 -7.787997135 -13.784187767 -0.234063858 0.300361561 -0.406795869 -0.830369896 3.271980907 1.581929116 0.152402886 1.418941125 1.885245629 9.862356978 3.492353407 3.526804954 7.607634748 9.541574746 6.286462389 7.949810043 8.113975035 3.843783913 4.880693291 4.345142812 3.843399751 1.987082313 0.994327560 7.147717839
10.028134492 -0.061572981 -23.446241568 0.208613038 -0.218264155 0.175705454 0.936999975 8.206058652 3.916615530 2.914076849 4.858690919 5.006903731 4.521819363 2.834335027 4.476525278 4.963372913 7.229467452 -0.361772335 5.805870691 2.637234562 8.618453285 5.266310425 3.634958112 5.551930210 3.679368519 5.576596462 7.800025502
13.188619155 -12.398347461 -28.647254664 0.293466253 -0.051765788 0.636362010 -0.711506327 -0.299136230 7.273245656 4.440981856 8.545902771 7.255311204 7.235053468 7.042410809 1.505830970 7.212351452 6.400651099 -0.212259081 -0.776492582 2.961594047 -0.151791991 8.325324672 0.900526593 6.847337047 5.001582174 5.728217563 7.948986312
8.427222383 -7.436006658 -18.971485581 0.119913771 0.513347867 -0.009141290 -0.849712358 10.191978929 6.869205282 2.676325773 13.377525178 7.058026270 1.265494203 2.991875468 6.623564810 8.739759023 0.371462430 2.679468269 5.118744436 3.375748995 3.308028020 3.781357806 -0.741598028 5.783550249 8.589233063 8.238376349 8.311886052
19.287641433 -6.482871207 -18.704211743 -0.066194167 -0.353347477 0.932611031 -0.031631576 -0.413897849 1.228284299 9.033708311 5.044058448 6.694802400 4.059970603 0.901970629 4.918702480 2.360540606 3.018211864 8.830270373 7.165894020 5.937868564 -2.743491925 3.233684642 3.807123724 4.889751357 7.310387379 2.719618469 9.082134870
11.587528412 -9.715365480 -23.604091047 -0.490491751 -0.540231814 -0.349181140 -0.587911524 2.615176379 10.641913347 5.000359741 1.006850465 1.373750310 1.203804472 3.093068539 5.473889379 0.126313373 0.763969278 3.902986999 8.118976157 4.986585697 -0.251087637 -3.005363045 3.888779246 8.397886904 4.858810640 1.094017103 3.728652752
16.674595253 -3.020807805 -20.819430129 0.694393602 0.701361127 -0.121539146 0.105538287 4.617343893 3.541171738 2.421327902 6.352014928 8.678356225 10.090931250 7.721713620 2.909174249 3.496121198 6.675012600 10.219544958 4.332920429 7.467511375 5.416692034 4.236481087 8.303988035 4.774887481 0.543929015 3.600581516 5.796972695
9.687430724 -11.786366871 -15.192706849 -0.322015585 0.840085852 0.436483620 0.006616193 5.286672668 3.719566667 6.748818717 3.136631295 1.396691784 2.141118022 10.303086879 1.150824327 3.836405317 6.592155634 8.752667796 -0.792094716 1.361920016 7.084254550 -2.960352229 7.776666183 3.438996588 9.177935777 9.039015442 1.760112668
12.674313691 -15.128138484 -23.719164767 0.374289610 -0.663697568 -0.336045976 -0.553611713 5.038575242 4.667813751 -0.837711136 6.388403098 2.322529208 4.447450223 3.846382293 6.485497638 0.894239677 1.615622224 9.264259509 2.241734190 2.483120565 -7.099315332 5.765784377 6.300120831 4.793911361 2.199867193 3.247155750 1.845175054
12.373426364 -12.455702493 -23.103398921 -0.154845893 -0.955089594 -0.150233584 0.203116929 2.326719302 6.714253350 -2.478835802 -1.357806692 -1.769529774 -1.034596391 4.017934260 5.260053425 8.081450945 4.817728797 4.267305308 1.639362907 3.103097934 0.325963847 3.729565343 3.695268474 3.182641713 6.496656652 0.388389325 3.171389009
10.906702983 -2.058270717 -23.419162174 -0.125570626 0.962781769 -0.110207047 -0.212456325 2.946289779 6.906275173 10.579568472 1.551765647 0.933740746 8.897966114 3.952915111 2.320211469 11.576007745 2.485285978 5.511476913 6.783890164 4.919299718 1.244719746 2.429901423 2.099276371 1.360795917 6.840446595 3.523890087 9.372945064
17.571960962 -13.887509907 -21.329175920 0.621563586 0.303658125 0.379077752 -0.614614114 4.455688789 7.460218196 6.816807146 5.395927200 3.735288445 1.869910901 3.930427729 5.615204729 1.796270256 9.227433839 4.344312192 5.388849276 6.088306117 1.598113035 9.064647340 -2.170793451 0.675639165 12.842964466 2.328173401 2.672096291
12.294193405 -13.443838447 -23.471506500 0.626721903 0.092857146 -0.547606099 0.546557194 2.538765852 6.498843711 2.709950574 1.140596168 3.409937237 0.773189085 7.226014962 1.158860961 5.782519430 4.764682696 2.988306579 6.316894972 4.890332130 2.316914865 4.021660808 1.600678688 4.382035161 -1.464448305 6.223499792 6.813380485
4.741857942 -6.783733599 -26.615529908 0.010908345 -0.226939012 0.137978879 0.964023611 4.059998427 -0.417051757 3.797980813 0.102749024 4.076670885 3.875411477 6.483564575 7.540875162 4.298701530 3.257312237 0.193355034 10.502198605 2.306940743 2.417962617 7.057810765 6.755664060 3.858288327 3.273387605 4.973020188 -1.296423713
18.549377023 -4.203115337 -28.856202328 0.307606463 -0.081973121 -0.143195209 -0.937098609 2.242285419 5.694315517 4.551378227 0.596539839 10.631408290 9.581531050 3.341480137 3.731469776 1.845737024 4.481405487 6.881840206 2.514239017 4.438318512 9.052895982 5.965795761 4.052473553 7.912288430 9.903391847 3.207876220 3.426503314
8.052375504 -2.099993365 -24.280523273 0.030751097 0.859786059 -0.509621787 -0.010389253 0.567411579 8.343146965 -0.843717251 7.838227596 1.628952345 1.510099975 4.727429704 6.445927019 2.553667638 3.039984021 5.742442668 1.348822728 -0.108764096 2.012345412 -2.565032765 3.498778749 7.189815291 -0.112786137 6.213138326 4.682453555
15.196093196 -17.370241773 -24.308972866 -0.410855029 -0.192187190 0.578516867 -0.677923642 6.881529997 5.578807807 -1.249530904 7.056813826 6.687429844 -1.449281203 6.641030091 5.030651657 -0.468640249 1.259835138 5.636564827 7.238863923 4.633169053 4.995337011 4.816533953 6.273464966 5.677254947 6.194223201 2.987505233 2.374786849
8.763093928 -2.202784320 -20.741754020 0.444965342 0.720579597 0.369537906 -0.382377595 1.364854865 3.281425032 2.930354695 5.286120495 1.104538255 4.137131471 7.977580062 8.512922795 2.986745462 -0.037008624 7.351579279 6.209580548 5.096012667 6.120006991 8.443720622 2.008097573 6.624202223 -0.525310044 9.526175931 1.081482628
11.160414208 -11.034649758 -19.048206857 0.660793491 0.214769524 -0.028740704 -0.718609759 -1.357014123 7.444104332 4.178351401 -0.961063799 1.567265934 4.480650748 6.998486567 3.107760221 2.458319965 4.077227680 2.804827780 2.005142881 2.832286145 1.097787798 4.628484270 5.417454042 2.650462087 5.312742555 5.258554232 8.212672456
11.090386136 -7.987157431 -26.313547170 -0.581205024 0.678099707 -0.408968868 -0.187419243 6.355115002 -4.407762726 5.487630545 3.858009036 -0.349091480 5.602549334 2.240493525 1.895445242 5.356035154 7.182968837 1.162101735 -1.845665291 2.898920109 4.788415110 5.326633809 6.424128951 2.894334856 1.924010298 5.541208131 2.957809872
7.866693214 -13.782985952 -24.099949166 -0.858852870 0.248839942 0.323886113 0.309108745 6.879606148 -1.916608075 9.131585368 4.141732149 -0.068641535 0.459376631 9.556140157 -1.323261604 4.671815162 6.799501311 4.465240359 2.714678115 8.873847609 2.107881671 1.252278622 2.136401520 1.633822026 8.972512749 0.138928066 3.167562683
19.957931800 -2.949804587 -25.047352016 -0.380525739 0.882328654 -0.268190967 -0.069064559 7.235404592 3.972749661 4.348256159 3.928388774 2.260543815 4.511773858 2.655843697 6.350179595 4.450538312 4.969318497 6.716941812 10.774717643 1.784104049 6.602669132 4.412016983 3.519338416 5.764720357 1.920572103 5.216825460 3.385475850
14.913471320 -14.183928294 -16.023098740 0.371639939 -0.723022578 -0.352159482 0.463795005 5.689293742 4.419429568 0.220262154 8.464534015 1.898971873 1.481910668 2.501140539 -0.015466169 14.499429484 4.521995432 -4.062882467 2.474533785 2.233642378 9.727784721 1.076594425 -3.298665121 1.671325970 2.205787227 6.205772568 4.459848296
19.588840414 -13.203772415 -22.098407310 0.240094048 0.008234591 0.592163762 0.769174309 0.026622275 -0.001406720 5.235787268 4.810378481 2.040117383 1.844802649 2.870278280 4.617459433 10.836260496 -4.743065769 5.023692139 2.470898291 -2.930959522 -1.635250876 10.507582058 7.132150339 0.862251425 4.612630171 10.699084467 0.535528138
21.315972711 -7.873772180 -22.091581542 -0.751635607 -0.009256527 0.219417104 0.621944021 7.710915267 5.003321997 4.881688591 5.252346579 6.039585042 4.928053166 3.952875477 5.554246347 6.401575069 5.936593604 -5.095676185 6.327756668 5.740052971 4.989155077 7.805039407 4.522864601 -0.293994271 1.866820649 2.321464839 3.089461582
13.008542796 -5.066535472 -29.455270898 0.230564600 -0.757823761 0.206977077 -0.574198225 4.517993204 9.167631488 3.310897953 1.942492637 5.048730552 5.386030153 -3.829769740 0.478226405 8.297724519 1.986265592 4.557328981 0.064982313 5.702699394 6.497661282 6.971613735 5.912860944 3.383229025 7.493684161 4.901262138 9.548465385
4.752328115 -6.471400147 -19.623044591 -0.133251106 -0.812036367 0.548658378 -0.147699236 5.182560259 7.897337422 3.379593635 -0.077107047 0.869875309 -1.590934226 2.131518707 0.829485861 3.404469325 4.004937775 -0.611854213 3.888936012 1.119924719 -0.855149626 0.287554171 9.462756840 5.424690370 -0.169681393 5.416099547 7.372063648
15.805665371 -10.191908904 -31.411447758 0.148712564 -0.726745878 -0.415060960 0.526734660 7.418777415 6.909342559 0.899227027 3.424562840 4.425972306 3.268285118 6.055756945 -1.439958673 7.231869917 7.946171518 5.222274833 6.162797938 3.043257618 0.812591997 0.562955604 4.304260698 6.434987636 12.904879768 3.898390186 -0.229880704
19.215442078 -10.764469732 -22.877433626 0.513134195 0.149077461 -0.546292370 -0.645006864 6.703244474 6.800715633 8.505092435 1.584810080 6.992128959 0.682897191 5.029181300 3.417835331 1.766663950 3.879807626 6.036156751 0.190802467 4.607463405 5.639552092 5.818773653 1.266255565 2.021924627 2.744590698 5.827022863 5.340792706
10.260886243 -5.453460159 -18.939191252 -0.615258341 0.608420957 0.494219893 0.083832035 6.029117008 4.790297876 8.591758654 3.043977001 0.314424313 5.766527691 2.044852850 6.305219485 2.223322199 8.218561201 10.101042577 2.942377396 6.642636163 6.388641172 2.554164201 -1.616593695 4.826808216 5.382653840 3.393610372 7.427325291
10.045505478 -6.718855443 -29.953423471 -0.287878572 0.478115326 -0.160546518 0.814098568 4.556803551 7.589676933 -1.227442600 3.989522534 3.842446627 5.097366628 2.716872718 0.351044560 4.860537450 2.354143593 2.940250979 -0.264372479 -1.684560083 2.035582093 3.408110507 2.781571317 2.061462034 2.067454456 5.993406427 9.859223129
14.304909428 -5.472235425 -15.329741464 0.505151325 0.228431216 0.095083499 0.826801334 3.148240848 3.141160097 7.040126156 3.911782896 6.113067207 2.078646301 6.477671600 6.034055437 4.423747242 4.482865562 5.984465320 2.095678798 5.894839081 1.645902561 6.658663514 5.566085311 3.755592298 2.519784724 -1.210270437 6.515122166
14.819747277 -6.602598101 -19.163189485 0.521510904 -0.033594601 -0.173286679 -0.834787102 8.508248286 3.323252986 3.207127898 3.629355242 0.063343326 1.906555800 -3.366579573 0.160231589 -1.871627643 3.082577283 3.283749514 5.728004781 5.079906469 1.655794976 7.477276924 -0.525705898 4.192041316 2.868467723 5.940378826 3.287793999
13.519415374 -8.728405802 -17.683326055 -0.500732166 0.830442654 -0.239701424 -0.046642504 2.882536630 7.026095121 4.495703914 7.261270624 0.163603027 1.111873948 4.433623070 3.726828739 5.647267258 10.822343651 0.819488184 2.720320654 5.129244119 6.262590001 6.986001688 7.982018634 5.812300991 4.403108454 1.468169552 1.786947482
8.488890686 -8.834943913 -28.446607092 0.008350643 0.729039058 -0.022695739 0.684044751 -2.165351774 5.800723512 3.934907694 1.898732380 9.942445454 -1.121491992 6.200181112 4.756379264 1.799592436 2.039695347 4.097146917 -2.877114147 8.408612899 3.116073054 8.642984605 8.095795223 1.296000643 1.802675143 2.036213407 -5.795399998
9.740624212 -3.001383285 -27.485993474 0.184366107 -0.276337708 -0.575996908 -0.746909748 0.425776662 7.903612912 7.430963249 1.439664769 3.642491656 4.517473396 3.117112158 2.237190722 4.754802101 4.502592787 7.461123627 -2.001797519 2.313325773 6.833140212 7.335578355 1.229294291 1.473943068 0.024286790 6.521463953 3.069843054
10.191376345 -2.602458816 -23.139909817 0.750142451 -0.187092633 0.470141383 0.425734342 6.169236362 4.770219723 5.144129324 1.923601689 3.809809855 4.325990298 6.792597985 5.552682024 2.991017009 2.254207144 5.218308521 5.187066387 3.251747764 3.768910304 8.304370043 2.092725676 1.504680321 4.810264918 3.111183606 9.824356239
6.476882622 -3.243715023 -26.525625375 -0.415648741 -0.015488627 -0.202690965 -0.886517117 1.780498787 0.038237959 4.763125912 0.424818539 2.110581855 4.144752557 3.601097991 6.885230228 8.793257586 -2.251662312 4.080304830 3.948101394 4.712197233 3.423510178 4.805062029 4.095951628 6.883633397 4.903525776 5.659688313 1.834773177
7.382788409 -1.355594779 -18.064587482 0.551076026 -0.582025073 0.420662349 -0.424976723 5.079429632 0.667783137 3.987604612 4.339899241 3.544686254 3.956950628 4.396208814 2.621902985 1.780025096 5.810618307 2.370157777 -2.838028684 3.902154023 4.861227993 0.817613224 7.803791994 3.258408147 6.605183791 6.176502184 2.649360900
5.720236192 -9.037389208 -29.102295810 0.069853001 0.035654280 -0.995741245 0.048463415 4.018051651 -0.186293057 2.285300001 -0.243202385 5.480587328 3.426067745 3.927031028 6.582891577 3.604982556 0.233628102 5.513809637 4.620116465 5.343796893 6.218116316 8.281419575 3.625278158 2.361717853 2.310872071 6.668454180 3.987895417
5.812724805 -5.763246892 -17.903577022 0.123070585 -0.922527992 0.354236719 -0.091170616 5.601431083 2.799523153 4.766414866 6.404769678 5.262775834 3.310761032 1.194497247 5.318573306 4.274722222 -2.851180145 3.679175293 4.713783072 5.364434141 3.299293112 1.719922567 2.981800052 8.691033995 6.146729597 4.447280716 4.749716186
13.401582661 -14.882649429 -18.316295105 0.265390569 -0.280866681 0.151877898 -0.909733399 1.931823162 -0.000589507 8.815099279 8.872892302 4.515765875 6.099499863 1.990763133 0.229579014 7.173729060 3.932210393 7.756153016 2.522486353 9.261569953 7.474303933 4.891054491 3.497593193 10.158899777 5.295597422 2.225348997 -1.167020833
5.220125567 -11.268454215 -21.049820768 0.540434537 -0.155251244 -0.822884541 0.081783827 6.261346897 7.493591924 5.617531992 7.973287793 7.455320713 6.015126151 -0.703356524 6.334034035 1.402997753 2.341556846 2.019455220 3.900673058 3.798413890 5.298290818 4.324761122 5.067460750 5.674147956 8.836091206 8.494675783 -0.203942633
6.875679612 -8.688497177 -14.800061280 -0.260981127 -0.626285857 -0.415305433 0.605950719 0.359281253 4.321546799 -0.025077025 5.340449454 4.735762169 5.527989941 6.486161885 6.237873980 4.243719803 6.225520868 3.467347953 3.359180331 0.647474115 1.965624870 9.550462011 1.907816746 6.232267874 2.885022158 3.776013983 2.625363573
7.524145053 -12.884501557 -29.613463356 0.741594791 0.349754336 0.112588253 0.561277966 -1.452314325 12.411011511 1.375042116 8.004172979 0.385329775 -1.735368875 2.458480423 9.806822267 3.190012717 2.167057628 -3.585369395 7.512179583 7.485515249 8.960862270 2.095135156 5.735875300 -0.011098632 2.294454909 0.604752464 9.546235673
3.651520304 -4.696599437 -24.570346488 -0.145823130 -0.529440611 -0.444162953 -0.707917740 5.183793902 4.148038987 1.340935368 4.141643386 4.789967248 7.104686903 0.346918478 -0.785187918 3.975302054 7.225413940 2.573719628 2.931462344 4.589443843 0.392444796 2.735735966 3.921099674 3.799617416 6.511015929 6.556634782 0.923189150
12.300754183 -1.404791550 -24.722346962 0.102804652 0.086141013 -0.963242824 -0.232753501 4.600323296 4.321134636 5.069315396 4.946435102 6.127902295 4.014350423 6.628991069 3.829248330 3.916830860 2.029235973 1.357438325 2.983555635 8.986609480 8.304208869 9.260442135 -1.850037691 5.828887379 0.444080270 7.362571672 6.417796865
9.311291728 -5.534946251 -16.719697096 -0.300089008 0.332444431 0.076665020 -0.890814101 6.923569777 4.512757723 1.055502883 4.905626044 -1.226596781 2.353811126 6.253237572 4.211322135 6.011240744 3.985098235 5.091820131 2.003701392 9.072076434 4.654783213 0.031915122 6.126668221 2.999458193 2.786465104 4.286646996 2.461445946
15.580958716 -14.365310709 -19.465494179 0.050006249 -0.973739629 -0.208091537 -0.077642918 2.258409861 3.012090965 6.745987457 0.887363567 4.051411584 4.168205063 6.309363473 0.490731147 6.044999645 5.241673321 5.250658198 4.661494688 4.557468117 -2.871158986 7.217950892 2.407401455 6.756822491 7.476406261 -2.318793629 1.439024013
5.170145790 -11.011244918 -20.972978032 0.325399462 -0.171246417 0.919867117 0.136507663 4.099965735 3.461809030 6.469256670 -2.862780124 8.643552565 2.313171247 0.803988361 0.892517710 5.220453584 3.060777143 1.177411609 9.216972288 2.596178980 6.232203085 6.075754158 11.941836464 1.220544878 5.204197015 1.192995702 0.318189694
10.014429693 -4.114499664 -24.326211114 -0.103238166 0.551531616 0.687680370 -0.460706486 4.118106156 1.504049604 -0.886449337 0.460404578 2.468488418 6.014956045 4.202549006 5.079755098 4.465873880 -0.637822398 10.179186627 5.108650232 -1.209161974 8.195149275 4.329904523 6.176398535 6.482121936 9.533388652 1.306628929 0.834477012
14.616405388 -7.504236614 -19.072379930 -0.774221787 0.514048400 0.301234534 -0.213524293 6.656598264 0.617821449 -0.211341770 7.178903310 4.488359440 6.965896887 1.557152221 4.131337566 3.876131169 8.263775572 7.107641688 6.678538376 6.922375599 1.980401618 -0.689247199 5.537300273 1.797535501 -2.785558113 2.513672223 4.266783289
11.700481828 -17.619734742 -20.154377781 -0.795237258 -0.319812071 -0.502657882 0.112485538 7.362944563 6.883632953 1.320301698 2.211945309 -1.618190428 4.193521303 5.925368305 3.872763821 2.038164352 5.139367057 4.315345666 10.789041623 5.473011741 3.434440239 -0.740538643 5.042561414 0.454066142 6.894261857 1.342474280 8.858518231
14.046445448 -7.027646218 -21.883690073 0.185505346 -0.691056787 0.309178986 0.626447634 3.583321793 7.853014327 -0.804232111 2.090630110 5.004826735 6.395975227 2.078623301 0.383359495 11.666921782 3.563965204 6.419537453 1.230495731 5.581088390 2.672101625 3.215201728 -2.532524070 1.456356978 7.608091947 3.400843155 -4.591996896
16.537575123 -8.745580339 -26.367908602 0.430371612 0.482261464 -0.440576787 -0.622973716 5.131000971 2.420307681 3.520127804 3.483853431 5.868462141 5.322076165 4.320428122 6.806610528 5.365367173 1.387042337 4.851113275 3.569700765 2.684453768 7.652645095 7.579689597 6.325410797 4.565612645 -1.677689980 1.624858518 4.357114352
13.456997347 -3.856867729 -29.005963740 0.559171644 -0.181979629 0.337702426 -0.734960923 4.170869512 1.686003088 7.810190794 -1.824760217 4.099406736 0.724168707 3.578263907 5.297015399 5.297525671 -1.896606236 -0.707046422 6.782284554 3.026223437 5.082671849 7.181175966 6.709783741 3.967978162 1.155046842 10.931839555 3.761075853
14.123854030 -9.761020572 -15.565678823 -0.696423119 -0.344847475 0.013718528 0.629195408 1.760951113 3.042428761 1.246452117 3.516100906 1.176472348 7.347367524 6.275031945 4.225879547 1.308514870 1.961119775 1.904014623 5.453241355 4.297582100 2.236663518 1.319639430 2.551850523 -0.948504780 1.415796332 1.289958827 4.043284339
16.168589442 -15.620338101 -20.016762366 -0.444661348 0.381994714 0.505584377 0.633040885 1.417303210 4.211864441 6.448015355 5.551279709 6.515768726 3.468820567 2.708913111 2.034727191 0.607903964 5.380672875 2.081496448 2.000724191 2.490301191 1.880362910 4.378355140 4.861255997 3.308164291 4.794234379 6.403491335 0.928233601
13.762832750 -6.675344606 -23.531157116 0.040481542 -0.106505845 0.738079039 0.665024121 8.271881786 -0.918904840 9.186657617 3.603683737 6.300454017 5.642006730 6.373966579 5.820147443 10.412827339 6.171062376 4.688477604 3.215219117 2.954961633 7.424608340 8.278979179 2.164155838 2.285242510 3.059018684 0.497761720 0.803241003
10.438073740 0.890168953 -24.247652029 0.566262863 0.297174324 0.263239153 0.722314986 -1.226108544 -0.095627267 4.723645341 5.625188752 7.229933926 2.786188624 8.995213957 6.121315726 3.351107514 3.354507352 3.528774874 2.397754584 7.595331331 1.556107747 8.819499611 1.640492279 5.095699318 1.243812278 3.954374060 1.729225762
