-1.281272223 -6.605819896 -29.438441952 0.518068344 -0.181012656 -0.661886476 0.510632844 1.344115953 4.346165514 6.066439323 5.135770521 8.166370095 5.451326039 5.862349318 1.748499348 5.264990310 -2.788493660 8.169706941 7.498666720 -0.630001426 7.822909780 2.021253985 1.665950820 -1.804478888 3.794476001 3.128773496 7.278588097
1.512842054 -14.096568910 -26.719959090 0.009593838 0.373401544 -0.898831564 -0.229305613 0.482003681 1.562920661 6.344414237 1.126519076 5.182250004 4.489778129 9.413620012 0.745392190 4.705013607 0.501928888 6.560279024 3.019068012 6.772214416 5.054495503 1.277359782 2.029051292 5.198830804 1.544588855 1.213670611 9.011866741
7.295394788 -12.976956829 -28.208023893 -0.207930801 0.813471847 -0.027140273 -0.542486629 9.293874224 -2.441381992 2.420628098 6.902099870 0.803155238 -0.278130924 5.264289676 0.004763557 3.533235453 5.789004448 3.529693248 3.354732160 4.468598014 2.533230747 2.090606800 2.644592510 4.100467604 7.648945622 4.435937258 6.736963392
7.773055897 -10.287567639 -23.538500216 -0.306738974 -0.944500053 -0.108066643 -0.046394530 6.475308902 3.329869719 3.095914367 5.217346354 3.684637931 4.963218731 2.250740589 -0.199159948 2.875157667 4.158772086 4.060043252 4.900916254 4.972647194 5.549537397 3.522346470 1.222128349 0.413212408 6.909153856 4.401427129 2.521340610
6.172831200 -7.015509344 -34.952020753 0.028851750 -0.614979491 -0.754998863 0.225708926 3.376432528 -0.623742301 3.824877003 4.643406738 6.122457882 3.295222640 7.436148151 1.895429553 5.319145645 4.014030157 3.669934142 5.551755148 1.520520517 3.092667951 6.657147791 -0.662989002 6.479404260 1.324017861 4.213030284 2.519427373
10.181553069 -6.748749744 -23.101411686 -0.156788254 0.603202930 -0.778188823 0.077368109 -0.849159617 6.256452244 5.166236592 -1.756876538 5.746464741 4.064750620 4.242320095 6.690081919 2.074584811 4.405237902 2.401151252 -3.379105442 4.462362186 6.920497745 4.697697605 7.375093527 5.778386869 3.142567041 3.137399077 3.362966654
12.364659096 -6.700296107 -27.737731205 0.354756653 0.601964802 0.644181436 -0.311153293 7.181529407 8.607322371 1.084356086 6.234614067 3.975582042 0.569069364 1.394455399 2.112201564 2.386666521 2.834509924 3.202618903 2.486046823 4.249557823 3.307862210 1.597900048 7.214373142 2.755139216 5.575919194 -1.694786393 7.872726196
4.326197520 -10.986259208 -23.621421667 0.462491813 -0.245131770 0.072368957 -0.848984377 10.271297888 6.362903334 4.722979656 3.554910686 -0.890883855 9.292657030 6.926435457 5.954979752 3.379980260 2.068493191 1.662424916 6.240785902 6.790884014 4.323741149 6.620893432 5.650921290 6.927644149 4.473939004 5.456706683 4.295301033
3.976698708 -12.233889656 -18.562862906 0.030642844 0.549339098 0.284087157 0.785227393 5.891398502 8.935498062 3.678631468 4.323205177 3.375671410 6.043033008 5.381039517 -2.997262496 9.419280386 5.601026753 3.625089563 3.781042981 7.235067244 2.889514519 -1.276085428 4.825379975 2.127378521 5.814617489 2.727894773 8.700941858
4.085434183 -3.876436795 -21.711219479 -0.133760040 0.935596723 -0.258370723 0.200028978 3.950022680 4.064281105 5.550481184 6.479625543 8.167006989 6.977361635 -1.138900398 6.096688797 5.505335734 1.235114821 5.031201079 4.395504277 2.339017740 3.395983169 -0.629858632 -1.104700290 7.745312801 4.779454274 0.610422751 2.789125470
12.190490970 -4.675370584 -26.530737611 -0.473233723 -0.092385031 0.564258189 0.670169788 2.325968020 3.762832444 0.274847688 1.961307824 -0.265136664 -2.444871849 7.555831860 5.642114116 8.947032205 1.254175850 4.628386463 2.902038413 3.960530429 4.633384488 7.681940158 6.662032010 7.683474851 -0.642107073 10.321516692 8.993377891
5.580160185 3.512576911 -26.708147750 0.360516864 -0.188797431 0.902950641 0.138069764 8.836712421 7.844782444 6.469550298 1.358640931 4.840544305 4.048578589 3.142018775 6.851627673 0.045139830 3.267149369 3.432163074 6.611206807 4.719684674 3.255176513 -0.473040143 2.494252371 3.514069404 7.190165772 3.847623890 0.871746269
10.697805436 -1.743906130 -31.974574711 0.128665014 0.741205947 0.532313710 -0.388202488 7.055022920 6.788049978 1.050905400 6.709556500 5.396219016 1.795774179 5.115355817 3.775542823 2.085262317 9.772996789 5.518141530 3.845124892 7.103666824 0.820686320 3.047752670 1.657444764 4.311757854 2.376240559 6.378486542 6.901202960
14.831061203 -4.320139668 -26.853495542 0.426830325 0.863246028 -0.254648278 0.088184035 7.983599842 -3.813754450 1.900733157 2.596128905 8.006748949 7.090412509 8.918930401 8.483826126 2.129365838 3.485465929 6.788239353 2.457165176 5.287104079 2.943464067 4.840817406 -3.424330685 8.835596150 -1.992674303 3.306089080 6.450974564
7.186526640 -14.345388495 -29.156365454 -0.697663130 -0.303481468 -0.086767838 0.643145783 2.375498120 2.735043928 0.344179920 3.620129927 7.157691465 5.901385191 5.970842515 9.669157226 -0.548372798 5.939625513 2.170546446 1.812925931 0.790424885 5.372166800 9.153151504 4.917998694 6.669690575 4.868779863 7.880464380 11.033313633
14.210263192 -6.866944508 -21.370564320 0.300691681 -0.837892937 0.238821817 0.387922774 7.577684949 9.131622943 4.144644338 2.513969081 2.620629733 2.529545732 4.206408621 4.048767722 2.980786504 6.476482845 1.776296714 7.194964391 -0.918081379 2.163399936 10.341568047 6.550637860 5.459647238 2.573857125 5.022962454 -2.454878762
0.232430030 -4.032659077 -28.034729367 0.076897039 0.380082683 0.861852008 -0.326856416 6.450312697 3.223847886 2.337210349 0.673018822 6.157066106 4.016427736 3.524568539 2.847100080 1.433832661 4.081982490 4.613752214 -0.266256780 8.689134409 1.694070023 4.395192947 8.285931456 10.415813670 5.048503896 5.789128716 -0.275139485
10.589408268 -4.384257080 -31.853302133 -0.109331520 -0.638972832 0.547243174 0.529419727 2.609656031 5.078379614 2.322696154 -0.530114155 7.571166801 7.971754121 4.002579739 3.135868100 -3.431994927 -0.558132357 4.130882171 -2.909521403 6.207223350 -0.909485309 6.267968577 4.285465395 1.129923010 4.403143967 6.638058393 3.906641142
7.073540152 4.188114106 -25.562472937 0.167726462 0.830837928 0.527207475 -0.060236612 4.040172262 6.259459972 1.898775980 7.312351064 3.913351704 8.416809581 5.124692586 2.005778270 4.012029102 7.954668674 2.942215624 4.898864255 -0.239528275 5.900284221 0.266501279 3.106726226 4.149433935 1.915834279 2.002760714 2.363120211
-2.503636198 -3.501344839 -19.864863158 0.290669471 0.108636157 -0.913402237 -0.263449802 0.489102501 3.708877265 3.771125097 6.086226963 6.285631831 -3.886886377 5.837713155 3.328996287 8.732242122 1.416638727 6.694177753 2.970443433 2.179296570 7.069078196 9.918081892 4.374335308 11.461439296 9.845176807 7.175449903 4.503933326
13.359653437 -3.330716952 -20.212838560 0.069107696 -0.963546381 -0.048507792 0.253869045 8.128722532 5.625802838 7.510233868 1.465114336 3.684296222 -0.966409775 5.633555654 2.109770976 -0.796906029 -0.953537886 0.696206257 7.779419139 4.605215477 2.461273138 4.223234181 6.756792361 1.979543073 5.885690383 2.796562925 2.981503339
1.956991253 -7.612943517 -28.949584131 0.134803434 -0.677436424 0.344588436 -0.635741092 5.501982719 3.444598133 2.330045266 2.659941617 1.315963816 4.593609167 1.938035527 7.015981454 10.037661338 5.973981984 4.150111764 6.861297367 3.307747941 4.070865492 7.732369415 8.933470980 7.438239316 6.051730876 0.440648781 9.481444169
4.162422588 -6.246095718 -33.538894421 0.786375882 -0.188133885 0.588275625 0.012263831 3.631387177 11.223242114 -0.095085465 4.437175293 -1.655488720 1.003035799 5.849019584 1.131900496 -1.652050633 2.798269740 7.933720729 6.576558261 4.317213769 6.850559818 3.680483993 5.263455787 7.302859077 5.149392543 5.231629443 2.228031610
3.907201454 2.895081183 -20.919634637 0.778814045 -0.121936221 0.609241225 -0.086054465 -2.522929827 8.688986870 4.942119155 4.199226278 0.565305440 0.782088995 -1.468870913 2.475755455 4.080720590 4.067438167 5.256282127 6.473877868 4.420884781 4.564954165 0.997067589 4.298000200 2.928688996 3.850685488 1.006540811 -2.216041995
3.499169040 -11.043743010 -18.813567480 -0.113367562 0.692147446 0.642690311 -0.308267535 8.644358317 3.501361788 1.294186037 2.452729956 8.186878613 2.956322647 2.520746457 5.409870538 4.677896167 6.229927109 -1.277935703 3.529621903 1.262939494 -1.087870158 3.361543535 6.790340135 0.969069573 3.353115066 4.566213679 1.512687424
4.563038399 1.632349005 -25.789346131 0.622673498 -0.250539586 -0.081007459 0.736848304 1.310496389 5.585865104 3.792410478 7.560871812 4.542313926 5.736150602 10.973411493 1.146475975 0.605284217 1.233792391 3.056633391 8.101192871 4.415613671 -1.763553873 5.207544149 4.219352111 -0.908219158 1.174584436 7.761333237 5.155286795
3.344500194 -3.187056567 -32.283747183 0.673471722 0.061443656 0.211791951 0.705552753 -0.669459788 4.145591954 6.131112082 4.640174258 8.294642873 10.081530453 -1.628255073 5.267673411 6.160463307 7.686815520 -1.460715270 6.838822203 5.023196569 5.683237387 5.214041269 -0.143302205 5.857860397 4.012097093 10.698733159 3.594094999
0.044013790 -2.655254440 -31.399592906 -0.641036304 -0.150082921 -0.181262138 0.730541998 5.599405033 2.336074754 0.627408020 7.707207448 0.166089175 3.559708030 4.070216812 5.768481388 -0.974711605 6.383685589 11.114373443 3.996037535 10.876717518 0.933983841 4.847804777 6.391468012 1.264205455 5.632905761 2.747208095 2.349882582
10.875987761 -3.806168126 -26.895878644 -0.141211857 0.188987003 0.221194442 0.946264309 1.275675100 1.942439430 6.024003850 3.889238394 10.660294499 5.540853019 7.659278517 1.583290340 5.131379904 4.097967668 2.998454234 5.135974053 4.864833749 3.459143845 4.298326773 3.603115784 1.913343636 -1.149872964 12.320258754 -1.903780566
9.203455469 -5.381401077 -21.505758967 -0.240715538 -0.796207288 -0.301115032 0.466304324 5.354390958 4.388289553 1.105356414 4.778265098 1.560839781 1.324651724 1.764312052 6.155450079 7.807027466 -2.443446863 2.792885026 5.146795543 5.563919747 5.173315146 3.008804281 2.975222124 -1.048357331 5.659638002 3.645765849 7.924649766
8.892562714 -2.934336700 -20.734803933 0.767279396 0.433364877 -0.469507723 -0.055133567 8.013299943 6.315010397 10.928446759 4.078852584 0.524233469 4.565423031 6.026640786 5.281473893 2.498194636 11.532809629 5.744317092 2.588473133 6.848220575 4.527291991 7.890348311 5.780942063 5.215208652 2.981099218 -0.512316033 4.133350395
1.051120814 -4.915804630 -30.042994621 -0.839337886 -0.171931147 0.482492630 -0.182078159 1.185161461 6.929838001 1.887765541 9.375510278 9.333508624 4.375078029 1.065845120 1.504262777 4.269176345 5.313209884 4.885487573 4.152353127 1.685491902 3.545579172 5.529652861 -0.776521358 6.690735216 4.678504349 0.473437009 9.075761317
-0.723786179 -7.346048293 -29.742261288 0.692799287 0.583279203 0.358366364 -0.226689364 1.922629948 -0.874563099 5.630815927 2.765388369 4.668300449 2.140638664 2.050997825 10.100959735 6.910557861 6.908662339 5.764037110 1.387377421 2.324064537 6.196362082 4.815286107 2.612874553 5.963352050 6.608079016 -0.779582198 3.633328967
5.798276655 0.551970642 -18.941397208 0.286666533 -0.075157591 -0.491684608 -0.818791721 1.142118396 7.324596586 1.660047627 4.444414375 2.700448189 4.727372248 4.975366638 8.562984423 4.134638194 2.359400928 6.445788704 3.580978454 7.210360680 -1.868325442 4.314661470 4.685558714 3.727091031 5.896578091 2.045924994 2.191058391
2.857070935 3.326129579 -26.491660291 -0.797753006 0.518929074 -0.121504652 0.282027262 -0.035617746 2.702785972 2.222591017 -1.879660440 2.336561400 0.511614116 2.142172983 8.967305841 3.154207285 4.873223418 3.701280633 0.690330289 6.414036911 -0.850309027 5.426996377 2.929925260 2.981518508 4.436675493 7.264508789 3.350092066
-0.930025919 0.857534516 -23.180611371 -0.536829956 -0.605840632 0.266722577 -0.523096352 6.304324414 3.575276880 9.001056119 6.773881508 6.557780250 4.279863945 2.092078403 0.536274178 3.952370933 3.345265482 1.095771372 10.664766620 3.316341261 1.575827659 0.717918442 -1.054084287 -1.719163810 9.346176050 5.580594168 4.189481343
5.191184976 -6.467329424 -20.933392837 0.382153664 -0.156066301 -0.852098608 -0.321760546 0.568245737 5.711327702 0.374413514 8.433421713 5.660960522 3.828050463 7.617812688 4.698335944 4.816703084 1.866226951 4.657503373 5.567550989 5.920650043 5.502530150 -0.058179617 1.396710628 10.337456079 0.960429404 7.608700864 4.367742640
8.011108249 -1.695524281 -20.881781229 -0.687999336 0.037268534 -0.708736158 0.151528968 5.432850389 -2.699866322 4.609687244 1.544092172 5.998244571 2.576854878 -0.374750185 4.497368783 2.964151938 1.569708134 0.771716466 4.641355568 5.090665818 1.562846833 4.861146305 10.394347111 -0.103723348 0.545025476 4.884510906 9.903671310
5.140730697 -9.113536241 -16.074020626 0.360869406 0.530959113 0.213812532 0.736301496 6.156903997 5.784429307 7.569261607 3.537515143 4.002472268 6.338172526 4.383276796 4.466871998 3.811468364 5.082895761 9.921604451 0.799578524 10.493330400 3.902502930 5.854680116 -0.167414909 5.207683303 4.145806978 -5.348199456 4.409839938
15.020132762 -2.226002335 -24.326618287 -0.535510188 -0.230517120 -0.493522030 -0.645388799 4.954521051 8.257099190 4.049305552 7.803245739 4.996704011 6.729935838 2.350639832 1.476494389 1.945771759 2.037551633 2.304987222 5.187748168 1.074270734 1.445612736 3.819690136 4.422747284 5.246461577 3.274236730 7.212085888 6.599110454
14.472226386 -6.957602788 -26.539052743 -0.883915485 0.378452076 -0.273598289 -0.024726862 3.462948803 4.994690195 4.196580934 2.753392988 2.934639710 4.838739973 1.387951017 0.823215351 -0.580315316 5.370325224 8.124621317 6.936736578 2.501005020 6.146421085 3.338173071 4.094524287 5.082896799 6.742471919 4.259213532 1.967258016
10.575426723 -14.159282571 -26.028688699 0.286651697 0.481059120 -0.823064061 -0.094754837 4.654086392 6.102486922 6.458034963 3.071275099 3.888771486 -0.984239120 -1.385248085 3.270683386 9.582802235 2.616455596 2.597892477 11.971139221 0.620359613 8.100004013 3.061648715 9.456868091 3.186661448 4.254516694 6.264201238 8.771538569
7.672805398 -9.090695689 -28.737366558 0.459707981 0.443247438 0.720405895 -0.270583864 6.286588941 5.557629809 3.647056442 8.058744248 3.280315343 0.670364541 6.317093862 5.339212217 5.965732584 4.473282784 5.352619522 5.346664230 3.135394951 2.799104291 2.595428700 -0.396198450 8.447321188 -0.578833141 8.883083180 6.837661386
1.380751588 1.320756603 -30.408909188 0.767354264 -0.105468005 0.632139446 -0.021063114 4.395648240 2.641461163 3.767714174 4.922557936 3.273616475 3.469686309 10.262790328 -0.862212447 8.132936116 8.025443464 2.695172535 4.328298949 6.979152126 1.702124663 8.966876503 -0.211826953 -0.369815280 0.081269612 0.430835452 -0.256064439
1.796215438 0.163785358 -27.234619206 -0.463999919 0.112753488 -0.607627746 0.634648917 4.548835634 2.901684575 6.536436334 3.564617981 2.332819162 6.749820671 2.288411153 0.827287800 1.459096847 5.768249894 6.330561556 0.226361870 9.907336526 6.884876996 9.717895324 4.050245881 8.204443217 -1.095828204 3.592853216 5.253675933
-2.727232622 -8.728290961 -24.298076663 -0.109384183 -0.270322248 0.257620777 0.921190815 2.674478936 3.598334471 6.128852431 2.500767818 -0.007140197 8.295731175 4.858166044 4.842276775 4.319898696 5.381157253 5.186879963 3.148763317 2.708979269 8.898820370 3.469017745 2.004896888 2.046991187 9.402983735 2.696587574 8.593223394
13.112726329 -5.240096150 -29.185047161 -0.437675761 -0.784403236 0.254032919 0.358634587 -0.552218062 4.877412959 5.837214360 4.761647754 5.445153329 2.654961444 3.496162385 8.070515429 8.480684962 8.404218095 1.608613273 3.389527014 -5.231942064 3.318021044 1.808532729 8.787619891 8.136503509 5.146981836 3.588452641 -1.212976347
12.265606402 -1.253853060 -26.755505004 0.115648465 -0.393084343 -0.791474757 0.453517189 7.713148107 6.371531868 1.957348720 3.351157349 2.928238330 -0.265974130 2.217198800 1.670767173 0.178351124 6.000732067 1.654240202 1.201419685 4.338828057 3.256696349 5.826307094 4.055070019 1.142394600 5.477977964 0.095059201 1.654952684
0.881732154 -9.620963591 -26.352531434 -0.114284982 0.349996532 -0.847490108 0.382363553 10.275660594 2.546391949 6.174050339 0.385040942 4.457589700 4.831361171 9.543621159 1.141023390 -0.895051803 4.895288190 5.849458438 2.619110217 2.054137020 5.169582156 3.324838174 6.695127149 4.660595118 4.629910457 -0.958547020 -2.138658832
11.114244616 -4.314938134 -22.213800673 0.409551004 0.786111501 -0.162800753 0.433350432 -1.937872135 2.811899132 7.128591284 5.805447225 -1.489780471 6.296499025 5.776222815 4.726775429 -1.886288720 8.226717623 4.758009632 5.557078243 3.546725848 1.458677794 2.854030830 1.789146192 4.742904047 5.199375083 6.681491909 6.368038216
12.310440089 -6.184059886 -28.153900732 -0.346426754 -0.664614490 -0.643185391 -0.156807641 4.078784982 4.584772439 4.870007787 6.477887784 4.854026223 2.399450846 5.403724736 0.910887624 3.233147441 1.178202949 -5.583037509 5.367598588 3.414701136 0.220308118 0.613435555 -6.119875166 -0.639565901 7.485798930 5.467303460 3.209129867
6.690410682 -0.310158422 -29.997892625 0.976219611 -0.206990078 0.045744071 -0.045363617 7.503804583 8.052137368 9.228748649 5.957449107 4.345709710 4.549714728 4.188442570 3.521994236 0.340182076 7.363053510 4.252663229 0.777956829 -1.412625433 3.931293443 3.717442654 1.841225867 2.172519947 5.160769401 2.895016682 0.914677360
5.215424832 -1.858622629 -25.298281646 0.749056367 0.134554742 -0.648680378 -0.004831853 -1.422941280 4.961827747 6.607514370 6.585624277 4.178095328 5.157305567 0.740400380 4.404124509 8.301603563 2.765552078 4.426355702 6.206193840 6.339982955 0.079321811 7.592015281 -1.687978271 6.393507084 -3.183027790 6.242093245 3.942984462
1.466350119 -7.113709005 -20.404943296 -0.416170751 0.186385166 -0.687446575 0.565225338 8.590411126 4.695859728 3.904929863 -0.453296656 9.021988144 3.844409272 5.379538830 2.696643786 3.237590284 6.916933384 3.879420311 1.641756079 3.719533897 1.542632123 9.991292794 2.148678277 2.029318278 1.133692039 -2.458643720 5.922032145
6.205114174 -7.251187214 -27.041125503 0.896275993 0.392060323 -0.094539876 -0.184500027 -1.668932626 9.919369261 7.342772878 6.622653575 4.490271750 6.886441820 6.126062385 0.806046151 1.770768680 -2.503420292 2.416630574 6.984103451 5.102556544 0.842991225 -2.746084075 -0.045599351 4.040232414 -1.312348549 3.430632619 -1.342429558
8.694286970 -7.620764456 -30.152993925 -0.318676339 -0.305398994 0.103721016 -0.891301743 5.009976839 11.758692218 2.298184629 5.108663202 1.863505216 4.698753061 6.539688213 9.605752662 1.024136478 4.209206933 4.520107417 4.228760459 7.869973435 3.334945025 -4.063651397 3.096667516 6.358971131 9.626737033 5.967870026 5.193794776
13.136802761 -1.804487029 -22.946053491 -0.600654609 0.054298992 -0.748573543 0.275505554 2.841770083 -1.721037673 3.436479256 2.294721216 1.942195726 2.047593704 4.602783273 6.289292117 1.886691888 5.737687199 -1.008283299 -4.211187236 1.755468178 4.112251343 6.499877458 6.284497792 5.814346779 1.780970097 -1.393163400 -0.168384339
0.702075710 -10.002970563 -29.618148869 -0.817317909 -0.550414531 -0.169222627 0.019974542 1.049654631 3.336133089 5.245323935 3.403900125 6.404477302 9.046480482 2.922000694 5.338945307 6.114068848 1.791144416 1.004655232 3.698824186 1.113533613 4.616247779 -2.191689393 9.060461672 7.099686312 3.390434178 3.644525533 2.989468725
14.071087132 -3.657488165 -22.561518830 -0.219237487 -0.485786086 -0.771003717 0.348568604 8.977179513 3.483295432 1.558604301 7.296203826 -1.498786031 3.685057189 2.863909507 6.135629553 1.946174481 0.233803786 4.486971298 5.420990828 3.135575087 2.192093784 8.042694182 3.483665646 5.573061062 -0.582767333 2.335362337 1.014433320
2.900268627 -7.058820373 -32.213818351 0.010158675 -0.391088106 -0.919017520 -0.048514866 3.562845205 7.291324874 4.832660399 4.130391807 -0.034065848 5.064721285 -0.566190531 4.550307783 -1.773138464 1.587247947 9.151804104 -0.299395117 6.850751454 6.525101578 4.487616090 0.890623327 1.606930396 2.248951772 2.724808664 1.881131927
10.204865170 -5.315704453 -19.121010152 -0.329142613 0.527895497 0.461541063 0.632432868 6.357270877 0.640046270 5.180536088 5.220114968 4.717973571 3.720244779 6.965558761 4.255121981 4.731338560 3.046927630 8.068868035 5.356460210 5.862108079 -0.046933426 0.525120701 -0.008664953 8.019281737 -2.130590332 3.584090186 6.365406510
6.587082084 -5.503353026 -24.326142835 0.633206936 0.261998786 -0.572574581 0.450071063 3.613936566 3.457859660 9.815770185 4.007374392 2.183860614 7.626539675 5.681245801 3.611693172 1.753605949 0.065417157 3.990915919 9.227059957 0.030270808 10.205613755 1.426952154 7.535691623 0.360263649 0.807893045 2.240861589 6.250184015
5.280895661 -0.045607920 -30.200978832 -0.094700078 -0.902798104 0.330379092 -0.258528787 8.883977282 7.225084678 4.915730715 -0.257232972 -2.472514993 3.635257522 8.388008931 5.335839766 7.936072647 8.506747136 8.034165586 9.054070155 6.078206334 1.688303342 8.965196379 5.978400418 7.163314709 2.513934636 6.060260377 -3.264070906
2.381594877 -11.980037862 -27.728050358 -0.551686285 0.414562775 -0.558223294 0.460615570 4.802179182 3.204928671 -1.298604810 6.012697703 2.374366211 1.499429389 1.202010510 6.066225675 7.500296048 3.256608340 8.038286370 -2.093165179 7.607351489 1.924661458 7.371300982 1.754969749 1.337467436 7.272318549 6.309523814 7.141264825
4.213458293 -3.167937198 -17.324731695 -0.107052944 0.065520511 -0.976645466 -0.174385673 4.946641589 4.344136904 3.485847151 8.165393146 5.470454942 6.355357584 1.886150930 6.171066196 5.405294575 0.127572158 0.996066749 7.625781796 -1.391396444 3.262488814 2.082480750 3.986208894 9.356148033 8.266322925 2.187909169 4.900416393
5.176015506 -2.414248837 -18.858128315 -0.412707824 -0.658288616 -0.591880999 0.214488307 8.884616625 2.891210514 5.034345752 6.142032652 5.905357893 4.843058739 -1.491675238 1.959569441 0.352801572 4.570642746 1.805889500 5.794924312 -0.207947276 2.316951078 7.817280743 0.206084364 0.705658624 5.906857213 3.068140975 4.254356548
11.900040450 -6.520643318 -18.044220183 0.139941103 -0.091435965 -0.976327551 -0.137260572 5.193494501 -2.752076523 4.519404378 1.397455905 9.939526072 6.003696673 5.266113496 8.026946942 4.180047371 -0.091462896 6.293305505 8.435215905 3.561942644 3.575325580 4.344552337 2.673551038 0.844791743 1.109268377 3.381567075 2.495823395
5.346798719 -6.866383550 -32.781719212 -0.492913750 0.454452132 0.663533965 -0.332012005 4.695162546 3.995031055 3.960564489 2.780419734 4.983009421 3.636836920 5.756549738 2.342338179 3.540445633 7.046819628 4.695017288 5.291483682 -1.688577563 2.693720891 -0.976255575 7.061224763 7.948507104 1.261940806 5.190375177 6.326237422
0.361776886 1.321054885 -27.005187377 0.051535906 0.491547392 0.855511975 0.154351782 6.654360144 0.708569114 0.312547067 3.321366027 5.918390446 -1.256328835 4.889515052 -2.839225515 2.795567792 4.708498007 2.496273486 7.003217843 8.332907660 0.041355419 7.401016826 5.071736140 6.622748214 4.778382363 6.453637012 1.130933541
-1.363121134 -11.422510608 -24.402194367 0.409442777 0.713948995 0.485233670 -0.295265526 -1.580067662 0.615244429 1.232031034 1.826081779 -0.560028672 1.443182504 2.814990932 4.503557695 2.433249002 2.789810652 7.192016758 5.474186906 9.601535027 3.794089259 -5.216842664 6.771796235 3.347727413 3.854034300 4.897191151 4.753361783
0.569714264 -11.918541170 -28.583175271 -0.975217538 0.046968835 0.056326384 0.208739123 3.998241250 1.302499593 0.458891982 3.562810524 1.268820996 6.736929160 5.394051463 4.255679645 4.289076809 2.316642434 8.651416526 9.053841246 3.245272548 1.069390326 1.800074446 3.449645157 3.366353019 1.821481708 2.948418696 2.588483251
3.209894055 -2.455928990 -23.655629542 0.100858890 -0.069936478 0.901080108 -0.415921883 3.764470663 3.980921223 7.614239728 7.291060078 4.387098954 0.954638922 6.447433473 7.912368315 4.500609876 -1.040517454 -1.064735115 -1.128670510 2.522233535 6.554339520 8.577753867 4.358845536 -2.098711951 -0.612818087 4.604689649 3.252894033
12.564324505 -5.070972013 -21.949157434 0.244053844 0.192650939 -0.889740270 -0.334193939 3.247992428 3.563927095 6.105261108 0.228617123 5.434815478 8.787017132 -3.071028863 2.848302550 8.265369853 3.987929122 4.064920057 1.183342800 2.313305051 2.640737275 4.335116917 8.028771994 7.015519686 2.937084178 5.917129197 9.503413359
3.393811628 1.407517739 -22.168352668 -0.869428720 0.381946337 0.313229444 0.009900150 2.841382146 2.317929630 6.796528666 9.101116501 -2.866678312 5.700369429 7.072948279 5.786843555 5.087370343 4.972319229 2.505156536 3.831962117 7.931212120 0.646891954 -1.225655484 3.553855538 1.574199036 5.695035745 5.023837007 10.636511708
9.185740410 -3.453799648 -31.742257273 -0.344829014 -0.013165194 -0.035360194 -0.937906864 7.376431812 6.062596631 1.592836533 4.378194949 5.032853341 7.845430952 -0.082086264 8.351306790 -0.588926963 -1.539066656 3.981879140 -1.359269543 1.480096973 7.592083225 2.385046381 4.543933315 2.220050313 4.226375387 -0.410127043 5.928244621
12.618564153 -8.627070777 -19.110372422 -0.701289957 0.113503328 0.703672500 -0.012425938 3.833751895 -0.611534814 4.980990949 3.911011659 2.968296338 2.116497117 3.008770712 4.278772998 4.669467624 0.201353634 1.916916655 5.724793781 5.638825419 -0.357886947 -1.044417818 10.428830307 2.567549597 0.576124966 1.466110072 7.799260936
5.407840575 -6.394744251 -17.951186008 -0.695870804 -0.710402208 -0.094562757 0.046372538 2.728121345 5.353912729 6.634367392 9.058454245 3.597371050 3.811809280 3.190799215 4.381417051 2.930930275 5.114567818 1.276798015 1.102721143 3.174393975 2.552543572 5.582187396 4.200963829 -1.616256171 4.353743948 2.764135035 4.288249367
3.992492938 -8.105283766 -27.210447902 -0.611096252 -0.607962640 -0.498079215 0.094127018 2.024764825 6.025831745 4.165979016 0.617903146 5.318649596 8.895078153 8.043408533 1.184324142 6.460116310 8.768473572 1.850702105 2.990450841 4.459007627 8.346181479 0.814267321 5.839640298 5.407968204 3.108836149 5.086933447 0.871568597
1.898175101 -13.229638132 -24.910153792 0.099296158 -0.726085380 -0.156986033 -0.662039032 2.130007663 -4.615272550 -0.625238881 5.558498781 2.774291703 3.180307092 6.614470580 4.724540651 0.279279393 2.788758989 1.300810849 1.589028012 5.943521480 7.613182489 7.480884363 0.875280912 -0.734507347 9.768364309 3.225148798 1.165995592
-0.912392848 -2.832776226 -22.548681305 0.960589539 -0.241121064 -0.040864744 0.132130400 5.514783231 7.627025915 5.682175277 2.137964338 8.501762507 -1.359935495 3.857115651 4.728444089 -0.032500118 -0.699739765 9.168364446 6.876588397 4.516264275 3.796417092 1.241137298 5.788638433 1.482782442 2.756559908 -0.238907134 3.212931335
0.429626141 0.065281729 -22.899089070 0.165272892 0.242637467 -0.871734632 -0.392289004 0.831593329 4.930621181 2.745662299 5.694653367 0.869584161 7.828997769 10.614410156 10.439319628 4.719339874 3.082893317 2.788784279 -0.951508668 4.355026215 4.877059486 7.257016929 7.915425915 2.568494689 1.260190930 4.908187388 7.703073569
9.272843023 -7.339666995 -18.003536952 -0.185375324 0.749834996 -0.356513129 0.525625206 9.947613769 6.328945555 3.375196227 11.209915452 2.493771055 7.717450614 6.086223860 3.204306815 6.600095613 1.073311746 0.023751922 8.581636836 8.497546379 0.522640187 -0.811671164 2.343481259 -0.521431018 6.769329209 4.774738774 7.120404639
9.606894270 2.711619579 -22.490154018 0.534569904 0.390352016 0.460492562 -0.591444775 3.531054849 4.105616574 -1.354658063 3.647224528 2.636731501 9.109973863 5.985553734 0.460386968 6.089361120 1.860760794 1.981686344 4.597824025 5.260699541 3.737132695 2.078870634 -0.191701617 0.210107554 3.917869192 6.682067829 6.670685960
13.923075766 -8.977350197 -22.868696994 0.008907123 -0.251723426 0.850617244 0.461526039 1.462830679 1.181795876 5.112162003 3.007834025 8.565920454 3.514784446 7.841158328 6.443395570 1.261283859 7.410253572 8.397190722 4.892025398 2.055493126 2.490573824 5.425363524 3.306132069 5.859605643 0.830029874 5.702800927 5.481304242
-0.862306225 -9.879013342 -19.672478312 0.341484131 0.759020424 0.283907490 -0.476102007 6.074296440 5.941181557 3.501313897 6.348584048 5.371323469 -2.817307406 3.242827678 4.257674972 1.019217952 6.016768748 5.847755705 2.936658909 10.687605752 3.681310946 2.442704162 0.208640474 -2.695394642 1.712414170 1.534905001 2.776699192
11.268783772 -3.084711711 -27.751925950 -0.652115553 -0.395549273 0.182912382 -0.620345983 4.366757057 3.282271283 4.153093143 3.410248483 2.369405577 -2.429773007 6.840605581 -0.793664644 3.336356183 7.056300103 -1.237096186 6.676702886 2.153923765 -0.792333970 -0.198491797 1.102066835 6.099152821 5.762145903 2.116375000 -2.357288638
10.398248321 -10.888059206 -29.811960042 -0.593328216 0.697950786 -0.385840828 -0.109330618 0.992594402 4.316164310 1.510198300 4.461091641 5.483637170 1.010308318 0.522964269 5.661952546 3.020841559 2.056300367 4.753426487 6.795334527 5.350521910 2.975812470 3.627576937 0.177677486 8.350666001 6.137541524 0.536566411 4.474105075
8.025016817 -2.288591736 -32.506349467 -0.918662030 -0.069829171 -0.034248341 0.387312552 7.664878403 5.718521664 -1.581767807 3.781697456 6.108985090 2.264390403 -3.623415029 -0.978964461 2.208448714 4.924623154 2.169109952 6.840000937 5.016320773 4.290383008 2.934276469 8.825988611 2.900864522 -0.562240078 5.221017978 4.473900187
7.891623737 -9.179838580 -18.459098742 -0.696723828 0.305466825 -0.614243114 0.209693404 1.579498526 1.574754604 -1.231633618 1.876230274 7.544954789 5.130371741 4.577226986 8.488744454 1.771546847 4.103947953 4.530028769 6.132356962 3.337383357 2.013722723 5.307184969 -1.552753313 6.640075876 0.666956761 4.401312042 -0.038509049
-1.640589876 -9.436920481 -22.854026408 -0.587058120 -0.491582149 0.165776669 -0.621472325 5.980176610 -1.545326664 3.116015872 5.391997705 4.698963275 7.132537576 2.569437454 3.972545230 4.092452577 5.238071934 9.849791146 -1.917675415 7.101685377 2.121780273 1.842272017 5.643428973 2.061540636 4.605879859 0.726876289 4.437812805
6.068916770 -5.452889415 -33.141395693 0.077675677 -0.764157170 0.119012198 -0.629179152 2.750016231 4.034748161 5.305841302 2.586610076 -0.268559181 5.848837883 9.982069264 3.513158940 8.069742046 7.293910051 3.209663394 5.482132237 3.219091595 4.112285914 1.277003160 -0.234124955 8.501911659 -0.511844362 -4.939629711 5.376305460
1.220135319 -9.677173142 -20.369884892 0.385307028 0.346855581 -0.526701001 -0.673658486 4.721553528 3.827672311 7.900790134 1.669498918 3.319495224 4.715863342 6.236794323 1.848035326 4.549739357 7.049929013 8.020213370 3.419275086 5.387611678 1.841912897 4.852372753 -2.566398725 1.631655261 4.603975208 9.043639517 8.428542445
9.923664490 -5.415964938 -31.037087112 -0.340966452 -0.368590996 -0.645879147 0.575084936 9.795079514 3.621656167 1.414143315 10.288436762 2.958673115 3.389898910 1.141087705 1.609109436 4.167454667 6.790020539 4.509176965 7.050734933 9.267666907 0.289549191 2.643246790 3.006288836 1.185234839 7.921641149 4.982343301 7.922032636
-0.086763342 -0.500962357 -23.935021124 0.017620497 0.318053604 -0.069528922 0.945355569 8.395728586 1.365995593 2.893530818 5.617323900 2.989598365 -1.444414019 4.189854298 9.484358562 -0.130685762 4.426143299 3.622755547 3.983066793 3.577757826 2.225213653 3.312186114 3.515069105 3.168728979 0.299223335 2.322261676 4.861945324
11.684350465 -7.461284489 -19.282860524 -0.782670804 -0.185269192 0.227841420 -0.548807822 -0.219315917 5.779035331 5.799752057 4.910646172 2.780625322 4.111599253 -1.846562182 -1.390638039 3.466855569 0.161423909 6.591615467 6.121484126 0.710916231 0.637725415 5.829183738 4.920455146 8.347322643 4.294621865 -0.167212505 7.091164603
13.043049787 -7.031115268 -27.934064170 -0.049110202 -0.922624600 0.188527703 -0.332880371 10.601482708 2.004866313 5.526930170 0.715749256 7.501184690 5.344215248 7.038264339 3.684186264 4.682548160 9.259103319 2.567490190 4.453069436 -0.124272631 -1.722870433 -0.234993329 -0.854627999 0.844712370 5.240341787 4.847826930 4.590000504
5.593196130 -1.274042112 -18.190290161 0.258545694 -0.219261874 0.449174873 -0.826631894 7.303409556 6.214262381 6.394296914 2.181406884 8.017940402 7.976168179 7.492822346 4.495885760 7.939627941 2.806881563 3.756615443 -2.079300501 2.135195498 3.968086248 3.356362453 5.636489005 -0.387628272 5.262578331 6.338445956 4.119181345
5.109465524 -4.375822769 -27.385105449 -0.247414714 -0.699255830 0.049410201 -0.668869102 4.100228627 9.821022779 7.357769967 4.310083000 4.188179740 8.184988203 4.653630583 1.810189845 2.695182627 8.664301019 3.263637400 1.009853683 3.329071138 5.671855106 1.484264799 1.450790147 2.494639662 7.333769275 5.795163610 4.371613719
8.631759885 -1.678210797 -21.414060423 -0.250866374 -0.403865830 -0.355277989 0.804820480 8.092024510 3.093684228 0.827576718 3.010173204 3.511274850 4.897390939 7.651923733 4.200196314 3.724405826 6.637026684 -1.643169879 11.583623138 1.839964958 9.533482207 2.844327664 2.416764995 4.686907896 7.787720631 4.959415486 5.833587758
-2.507760047 -0.416888901 -22.676986475 0.143124674 0.943843058 0.242036786 -0.173475657 2.168279098 3.753021714 5.426762747 1.720928132 4.785463457 8.321167614 0.458049229 4.983341942 5.296221738 8.180847026 6.606434644 4.593679932 3.679480296 4.507366297 -0.230951054 4.583962373 2.692541576 5.616074783 -0.241349960 3.292305004
8.304272033 -6.908000639 -18.598160407 -0.281145086 -0.008930618 -0.486987674 -0.826874047 2.160911486 -1.063774802 4.101122952 4.791040231 -2.181137266 3.358842398 2.248502328 0.935268487 9.518073323 1.415551853 8.351083970 6.494102807 5.876009817 3.326542992 5.098823923 4.930735056 7.221332886 3.387414353 6.027101546 2.071667156
12.490339376 -10.278428450 -21.586412978 0.191681932 0.667681714 0.158941982 -0.701567255 -0.040339078 8.096960192 1.510878125 8.594471373 4.377620435 5.923363740 0.794655909 0.982797262 2.064974652 8.648994120 1.482541118 3.534368749 1.072061759 3.300231236 0.012420865 2.547770737 2.959698718 3.970463072 3.887073504 4.813764674
5.567273436 -6.765025428 -19.775714445 0.205468587 -0.947006395 0.244072292 0.037286252 2.611079244 6.937240382 6.091121206 3.804781632 0.934201085 2.848899944 0.234626107 5.728277457 -0.603740197 2.247258589 4.822515626 8.383384564 0.357900766 3.834247831 7.425667126 4.953885219 2.857782923 4.983625152 -1.503600147 2.685196951
-1.563463087 -5.224589605 -31.425000680 -0.076743887 0.217523267 -0.972943741 -0.013209100 -2.140582366 3.480166086 5.605516561 7.526946803 5.879274460 3.865735036 0.101176647 4.738424741 7.326753563 4.922699933 2.121419581 4.277526123 2.904902047 3.904808738 5.074246029 3.657743992 4.380894043 -1.225746660 5.258360575 11.972271540
4.512505340 -5.785809617 -25.344756394 -0.382790734 0.577976691 -0.720607724 -0.011777387 2.753139697 6.139127013 3.220058404 8.232537052 3.162598870 4.227574765 2.438306898 4.418355844 6.959883030 2.669625718 3.850604483 5.233832179 5.033594501 1.647165066 1.499812597 4.682211282 6.524793044 1.706254778 6.107440260 7.711782060
9.661909054 -4.981743288 -33.758683219 0.072743129 0.776067363 0.621099494 0.081629068 10.718827949 5.618492940 1.540345921 6.754291772 3.909191884 -3.280997361 4.400541608 6.291171277 6.237879609 5.286165985 3.325645473 4.979334547 3.589842541 1.969298009 9.289009122 -1.952720914 4.929050359 7.080750655 6.721502102 1.653506379
7.837638280 -1.009887964 -33.724960780 0.422260396 0.693687472 -0.073221261 0.578906293 9.268207799 -1.041113378 0.364155354 3.280462055 0.970379298 0.817138468 6.701041811 1.528163132 7.068473370 8.092024097 0.643000952 0.884558034 3.581189531 7.122526883 7.993456734 3.177519314 7.965344526 6.200083848 2.109239273 5.172435973
9.208093322 2.734717426 -29.256227962 0.356403281 0.095395395 0.044376250 -0.928389556 3.902685216 7.865491367 2.802980048 2.474041197 7.004562849 3.885412674 1.006513432 1.530897615 -0.460403191 4.034024302 7.182202554 12.786547045 5.193868773 4.537662022 0.301026345 1.365755575 2.837723453 0.236435249 8.369986373 5.511858260
0.556707867 -0.857146271 -30.514102161 0.863358753 -0.484541119 -0.140576681 0.008352521 6.205773935 10.935411880 4.399479157 1.952913147 2.691691197 2.124977490 0.227001302 5.882528494 4.577688774 4.611431862 1.597280833 0.256671058 -1.117801844 4.528078573 2.132890898 3.414688530 3.284415329 3.822775673 2.610149352 3.441729090
2.885898431 -3.562425362 -34.343834741 -0.820145549 0.033048979 0.014524702 0.571014953 4.275511308 -3.292253921 4.927816491 2.085811417 2.545392403 5.977843841 3.028489013 7.362471895 8.087269308 10.745784986 4.680566272 3.157548610 4.535242454 6.306524914 4.757658037 6.967524860 2.311777140 9.282131672 4.087487866 2.218367932
9.245765532 -2.951021182 -32.673786137 0.744902896 0.128822030 0.040770062 0.653347045 -1.976622429 5.765419256 6.944001882 -0.616222857 3.271235371 4.671407405 4.876703626 -1.467988852 2.750522492 9.050583849 7.156209797 1.040971903 7.222183381 4.677417273 -2.053112133 0.002045397 1.845184319 10.408373527 5.865166465 6.773343017
0.567728490 0.641925441 -28.936349752 0.304014142 -0.489461609 0.304639153 -0.758417906 5.772366949 3.636621051 3.153756412 2.163452567 0.245243811 3.388075213 4.400540188 3.419556952 -0.117456365 4.804705929 3.364613378 3.551474933 0.437973767 6.434851468 6.494924643 4.174234220 2.315291630 3.271128762 1.737623520 1.669106510
5.248409969 -12.667160340 -23.456381943 -0.088948089 0.816106849 0.472100037 -0.321215508 -0.906600975 9.924928139 1.366482189 -1.653252720 2.669902825 -2.441554647 5.562120130 0.428154804 7.713867440 3.510515973 -6.167276187 4.619274951 5.247320344 5.029523206 8.492334392 3.421974264 0.058475028 6.410566279 5.426609779 3.584022497
10.513320511 -7.105042910 -22.172004663 0.384979698 -0.088947135 0.722253622 -0.567651957 0.328724183 0.477874576 2.174206904 7.052281661 5.748454276 8.635171161 1.545171222 2.437407452 5.218365120 7.002241817 5.505332529 9.236964977 5.525478125 2.486796833 7.777635991 6.323966016 5.357199739 5.523185125 0.975568770 6.987524802
4.341028048 -3.038795420 -29.871683578 0.018909093 0.592370239 -0.802158791 0.072672003 1.406661489 4.872745618 7.130361500 3.624036414 5.915883174 5.544609138 6.960077730 4.971458342 7.285296013 4.753274692 5.136618447 -3.120494156 6.810533391 -1.202725874 3.896211332 6.229316404 2.571420908 4.367882534 5.489883182 6.943562221
-3.064146376 -5.514231621 -25.712614957 -0.393556781 -0.072429635 -0.915983686 -0.028998186 3.658393023 2.234601988 6.902156630 4.050355258 3.779290100 5.695048853 7.161980024 9.421599374 1.660606293 5.268908221 3.978151480 5.717932206 9.917432810 9.245948392 -0.961178971 4.059535401 1.427416059 4.769642872 1.444968402 4.095940159
5.507707502 -8.445634204 -20.500393767 0.745984585 0.180993738 0.323177819 0.553447707 2.030409508 5.339479156 2.780949147 6.799559357 9.346036186 9.390862187 5.484169274 7.585644068 1.950135565 3.503072746 6.114989336 4.177374754 2.451080951 6.668868082 3.144727057 9.989511771 3.095991698 2.261339456 2.010766914 4.805949315
8.000940574 0.731641245 -19.505401509 -0.145257646 0.543840727 -0.677688792 -0.473154711 3.490990586 4.375973447 1.812388144 -0.318394559 2.657688202 4.453608459 2.525673864 2.955542057 4.173492221 0.106610612 1.345454167 4.830558629 3.022157188 3.706529520 2.659179543 -1.620158391 2.228190518 3.278268816 0.389940570 6.245138934
4.242854949 -5.848793052 -19.468314632 -0.323993636 -0.150614529 0.415701256 -0.836382600 5.422342016 3.487627105 -0.229752603 2.336675181 1.462893338 9.874470112 6.440955675 6.884234844 4.850086719 1.772901351 6.572115989 1.405608111 5.851017661 6.200546129 3.320739268 0.495716923 -0.081691218 3.348071439 0.536321484 5.538022432
7.419164603 -6.868976316 -28.930535108 -0.189745458 -0.661262416 0.322187250 0.650326114 9.612443603 6.172103012 6.443816767 4.402439788 4.502104522 2.979886198 4.071115366 1.501233431 6.854397891 0.087246781 4.294739542 4.504046997 3.361834231 7.917473070 -0.656405349 1.917392431 8.706308856 5.371250792 4.949324262 5.059290507
5.628685534 -1.163207302 -33.060451943 -0.068997948 -0.819385765 0.052629803 -0.566635999 10.238093633 2.082538625 10.274801591 -4.086573780 4.049986372 0.987252596 7.888334466 -0.469548658 2.755595056 1.878945162 2.106985945 -2.871979616 8.635103807 7.838550980 2.021843110 6.791315686 8.165821079 7.630255748 3.604519052 6.984025860
0.426745655 -10.483886542 -18.830678821 -0.314069763 -0.072634826 -0.886526126 0.331897263 8.386445477 2.881334780 3.758976865 4.444059340 5.671490128 5.447888287 3.599142356 9.085329492 7.606782140 1.496885001 0.114536992 1.956706881 5.254276822 6.365994153 4.185282869 3.344126919 5.208094839 4.876493049 3.453319172 0.837431775
4.101308352 -13.666741514 -28.912844730 -0.660927340 0.424813138 0.345368332 -0.513253898 4.793893482 3.513363406 3.435490804 3.161176314 9.688553708 7.092745523 9.595855037 2.466817901 4.307414684 3.165595412 6.055111394 4.519295937 7.552084850 3.799901655 0.170604159 8.865684132 2.405852534 7.692173646 4.956445649 4.554350332
7.385248863 -11.877314704 -22.134147484 0.463447161 0.007501108 -0.432489524 -0.773377834 10.904298088 1.007501278 4.475544589 1.319371973 7.508104588 6.535098876 2.888017030 9.365735320 4.535417924 6.636596864 2.677898649 5.009814813 10.891806441 1.536760472 3.823696698 0.836513173 3.846401926 -0.438212591 4.441946490 3.252591506
10.478717593 -12.702975184 -26.350918791 0.788530990 -0.243136539 0.529609725 -0.196512190 -1.688759157 5.455096501 1.444774051 -0.387993254 4.661780716 3.900017686 5.265308058 2.561131315 5.954482425 6.005787114 4.861081497 0.545108355 5.117304028 0.643004621 -1.924160190 4.728997244 2.051863775 2.034892922 -0.078927424 3.738325537
7.901617947 -13.319417601 -30.032663837 0.282808747 0.745982214 0.179055464 0.575733349 0.816031522 1.076068949 2.097043278 3.417247345 8.704355724 1.760173227 1.919613365 4.556803535 5.860792233 6.358515094 8.506507897 4.489269989 1.510536010 3.273023831 2.893693080 3.675043216 6.601070785 6.804529856 -2.486899987 1.762669504
0.764121349 -8.249406731 -27.229780631 0.468879362 -0.521437228 0.661362349 -0.266186409 7.713108419 6.775288231 7.026772216 -1.333526158 7.003038753 2.675729292 3.664129786 8.612097454 1.831905629 2.681324882 -4.011858973 4.830167249 2.021806877 1.534102078 5.085743691 2.297502156 5.193923927 6.120348818 1.475334726 5.163326275
7.187664150 1.004687019 -21.216608683 0.313407353 -0.858229380 -0.287561427 0.287274412 4.252033573 3.495601996 4.342204783 8.770426104 4.125171154 3.755541431 8.104651118 2.517388791 0.131984130 4.236940078 4.514794276 5.237243059 8.367063031 5.155417032 3.291440365 0.903585573 7.194815794 9.465794612 3.387121525 6.871043742
2.338451716 -11.250712574 -28.300611407 -0.745266328 -0.560087262 -0.079772351 0.352869285 4.444003899 1.615489400 10.271164066 4.337388840 7.017758723 4.892204502 4.773490199 7.266208859 5.733815159 5.056171129 7.428584687 2.307186175 6.725234061 -1.019154406 -3.499758952 7.189845696 10.246241164 6.185907693 -2.780673187 1.776713773
8.435553309 0.980731530 -21.679972239 0.001640132 -0.920821503 -0.382265748 0.077187865 3.753814189 -2.273812066 4.582805731 5.740593326 8.103181890 5.707480454 7.681760412 3.779560043 -0.303682632 1.380888108 3.847355907 7.785986828 10.634267005 0.333348285 2.125768304 4.195632941 3.824076470 2.234308249 4.285147745 2.930844820
4.523361261 -5.436930711 -23.728297862 0.917360326 -0.144695944 -0.058261011 -0.366222296 6.550204522 2.321154150 3.516487884 2.254083222 -1.345225270 4.056533144 3.934494435 4.578521344 1.609440148 2.450397361 3.709863495 7.064741111 0.914634317 2.004982666 5.218499825 8.167749825 9.399819495 6.588371350 3.307712286 1.092192968
10.178510474 -2.897574163 -16.741528404 -0.646711847 0.208903118 0.359998242 0.639159245 -0.253720678 1.703500640 2.819969873 3.777343306 3.458094818 5.487473772 4.540538801 5.093285842 3.715817320 2.674886735 5.713395287 1.011514189 2.670059272 3.740688505 -1.316434145 5.519521327 -1.625621779 4.939925929 4.522324292 1.494015370
7.752414349 -6.120138415 -29.375569932 0.241579530 0.883479406 -0.397646375 -0.054596976 1.763327905 3.382613587 3.986831442 1.139724865 1.966415390 7.491629091 4.154569722 2.098388415 5.759025869 3.725304962 -0.096974316 8.254859241 2.085243028 2.153913417 6.475708351 5.480717329 3.372391802 6.215893195 2.565712289 0.971702993
0.468489698 -8.478753793 -20.781574645 -0.643700250 0.253672214 -0.098644257 -0.715241012 -0.148441767 7.526622523 4.986606032 -2.153827781 6.968079300 3.376923747 6.930818047 7.660632348 0.788626915 4.234192701 4.390042381 1.744185016 1.727600721 6.102445531 5.465406851 7.100984682 3.340824602 5.899764478 5.124289218 3.073801591
2.213449582 -12.693654855 -19.254603116 0.266451912 0.391902792 -0.877893001 -0.068698312 3.686638442 4.112922492 6.485324768 2.292074245 -2.654733320 -0.697472499 3.457057196 7.764866560 5.085919546 5.246047280 8.003659100 7.561654898 2.498116538 2.903315124 1.347468508 1.304928580 7.785263865 6.368903511 9.530392985 -0.718882782
7.711847196 3.414450067 -24.667271043 -0.428701532 0.856707784 0.199232125 -0.206333055 5.080803616 3.875392796 3.801454637 5.634678831 3.583985951 0.872616048 0.200356136 -1.657290522 5.154357532 6.673718544 5.451303255 7.584979439 4.281004777 2.383469921 6.776677246 1.267841736 7.824312132 4.752952214 -5.656650720 4.476525717
1.684921446 -8.570024251 -23.460265323 -0.466306142 -0.017736244 -0.746698342 0.474010119 0.783828890 0.379222377 0.512643646 9.788503847 1.421543990 2.810614175 -1.351225875 6.308336102 6.834503351 -3.389202321 -0.092995995 5.657524646 4.942158657 -0.494792568 -0.004015495 6.066990264 4.654441948 8.172016781 0.086307590 6.134085723
5.455161639 -0.613712318 -28.630415273 -0.161558030 -0.809518676 0.362612112 0.432540140 4.838667240 4.245476483 5.536159497 -1.275207538 4.837837551 3.367143178 6.373552231 0.922157265 5.332063336 6.930680896 5.465536022 5.912283758 5.814763020 5.892981094 5.375959400 9.439016806 4.989261630 5.807351066 1.259769952 0.766783397
11.049064176 -6.981835702 -21.191527727 -0.142586144 0.934678872 -0.293883422 -0.140275204 3.525732895 0.678748981 2.820212058 -4.669797130 4.068783977 1.332373381 8.588493780 3.478881293 6.320285934 0.964514921 11.207737566 5.122784032 6.056745583 5.598761699 5.399534127 -0.510560197 8.349415230 7.234174876 -1.054422248 5.222837944
13.814802879 -1.405928337 -23.545208110 0.109905137 -0.056366953 0.979569034 -0.158707703 3.671719772 10.803961601 2.792796979 -0.091646093 -0.348781500 6.906873303 4.715542520 4.639396075 5.372970643 7.454680299 3.233563273 4.031522114 9.628249151 7.572750124 0.613721131 10.598576518 6.003543724 3.073861170 6.676558863 3.580584286
7.225909175 -8.283947284 -27.016734490 0.533728496 0.451347542 -0.706633951 0.109944293 0.951145186 6.933278302 6.998990027 4.772680066 -0.647984656 1.009038522 5.108724148 7.978079382 2.318670153 4.360270285 7.159419129 0.628158826 8.403335868 2.296950925 6.992329051 -0.357581403 7.828298813 3.611891966 5.786529066 9.712123467
7.532079009 -2.265963641 -32.689689798 -0.027400135 0.970353301 -0.073316384 0.228666594 6.272157507 -1.058431949 3.139453628 5.058241675 1.704608549 0.716192283 7.448489550 4.343673685 2.887264122 7.048578295 3.978371643 -3.470659870 6.097175569 7.442097076 10.996736543 -0.122849964 5.483891467 5.058870766 3.148617726 1.175691900
10.156995563 -12.622200354 -22.645743352 -0.438749865 0.809142937 -0.105847172 -0.376274686 5.813370526 4.881163473 5.127474404 6.305949514 3.892497775 3.413133605 0.673648249 12.585093573 6.025533232 0.473431274 6.756107123 1.277778225 0.386433318 7.727503877 3.002806822 0.124652806 1.888842085 6.298348986 4.918794920 7.535117031
0.092134089 -0.762802051 -21.187914337 -0.715514143 -0.181058796 0.495662221 -0.457794917 10.001687290 7.053728088 2.226499098 2.579170033 2.925093942 -1.729783813 3.910516397 1.778879165 -0.407646053 3.573911459 8.492376812 2.783606230 5.620272112 7.990966314 7.804384909 1.111294071 5.676763899 13.131230759 2.180352875 -0.997845328
4.431948332 -7.721346470 -29.802389770 -0.728166836 0.630879266 0.169952086 0.207076555 4.261046194 -0.310130150 3.783966714 5.971610204 3.374837953 3.514551949 2.950004777 0.187998495 8.892701630 2.062459073 4.498284168 6.835241954 1.573421413 5.505367323 8.260238073 5.445315404 4.421472685 6.347487125 3.479877892 1.916399238
3.349483524 -2.270800721 -18.989846990 0.922993313 -0.301201362 0.156046297 -0.181688296 0.746807169 4.922774810 3.668366689 10.092695644 2.250788104 0.086403659 5.185614215 5.953446295 3.608405471 0.504392249 4.289794959 6.295893910 6.036359025 1.184329940 7.139544595 5.409527940 2.362709456 0.396635758 9.378354624 4.003504135
12.034837493 -2.888244481 -21.316682024 -0.844645047 0.452768409 -0.030365720 -0.283995486 4.882185683 3.281542442 8.095947627 6.253047015 5.243197536 9.920497642 1.957193816 7.252647700 5.415615803 1.174636406 4.263401121 1.393517216 1.542083687 5.808842083 8.401330433 2.350704600 -0.006649835 2.984469009 3.055976817 3.255168787
1.830267303 -1.229343595 -28.522421220 0.546714562 -0.180319960 -0.314676610 0.754696317 5.439257120 6.816979418 1.530556792 -3.687697145 0.651255931 2.060336006 4.775248550 -3.390552665 8.697716492 1.551259206 1.127060880 4.155105469 4.228200893 2.629156457 3.064339485 2.018329793 1.928341322 4.561941822 1.673859134 5.969243677
8.049035825 -12.831071948 -27.709706561 -0.722464273 0.410766326 -0.526876114 -0.178095367 4.844047613 1.405888118 6.612425131 0.329210282 -1.614240270 6.069704053 7.807128632 7.187231968 2.286163983 5.103334489 -1.106215850 3.450307426 6.312302573 5.206630333 0.329639540 3.331447017 7.824489757 8.652231805 3.275013390 2.782728307
3.772537438 -4.733983296 -32.334142003 -0.280264495 0.858616593 -0.412761769 0.117716100 1.880308198 4.838375634 1.577701801 1.927498542 -1.197801631 7.183421728 9.241753734 3.766283795 7.262088665 6.164028128 6.653352287 0.925899114 1.098072520 -1.116307830 3.671512768 4.637645913 4.518477915 0.021355607 8.854426602 -0.791696658
9.646488786 -6.544533520 -27.851111786 -0.000383078 -0.076478487 -0.291530729 0.953499202 6.143750832 1.450667420 5.308499813 0.340515536 3.669592684 7.505998389 7.350307649 3.877502029 -1.498803670 2.215456232 4.037515075 4.794488786 3.843662299 1.456891259 10.272423824 3.279641807 10.376726259 4.851172837 5.551496295 9.186158022
1.968926881 -2.552906914 -28.134595803 0.193946962 -0.745118363 0.591493676 0.239412682 3.492888424 7.019782441 1.538087509 4.657661798 10.277731931 3.137541356 6.355314443 4.344745092 6.516376881 7.672203047 0.825440942 3.795133006 5.427674570 5.229892003 5.526033107 11.587475407 2.865764644 7.281739537 6.614829384 -1.642545611
2.781231746 -1.903007126 -19.488716201 -0.379556804 0.545130873 0.728832111 -0.166050348 8.697584092 -0.291580866 8.167540611 8.163974847 6.847571378 -0.848909271 7.174075157 7.920695207 4.414440002 1.599345586 5.501354595 6.069144642 4.668432668 6.239154241 -0.328204345 2.895996789 5.743207209 2.879602323 7.214628647 4.835699580
3.034002810 -1.643116965 -17.526836490 -0.944119924 0.056123129 0.145190286 -0.290529765 4.170511463 3.443847993 1.426336507 5.331472680 3.736025987 0.934442611 5.468740311 4.061105720 3.461391926 2.032126405 5.146432888 -0.055984486 1.098457977 4.148673426 3.396646070 5.884802987 -1.295341728 6.497794431 1.573828270 4.561481134
3.767269320 -8.268810897 -15.929703364 0.101721002 0.055460177 -0.958855358 -0.259178336 3.322510337 5.436188065 4.783481465 4.771261896 2.658083037 0.280527838 1.352085949 5.071148129 2.183576376 8.305147515 2.424629092 2.292095955 4.156633872 6.057630784 6.799345176 9.878495992 6.077358794 1.114027413 7.034365347 7.385582983
6.512022864 -1.077706717 -18.662540894 0.353078084 0.503627356 -0.732132442 0.292707091 6.130550829 5.891884304 5.691122223 4.250714085 3.057568206 6.073714169 3.990677617 3.344092207 6.244158427 9.175288020 5.335267055 6.166759565 7.692674868 10.907317180 0.381378351 3.502024173 8.896927000 6.817744365 -2.076456399 -1.337022502
12.031650413 -3.175771739 -18.895138404 -0.420146468 -0.513761868 0.746233205 -0.051591580 3.937534774 1.318376841 4.139066390 4.890681986 2.162529148 2.842366561 8.234538270 5.163638220 10.085749865 8.786706568 3.031307199 4.088962554 -1.450206735 7.535357479 8.692271330 7.990864124 4.796854157 0.346347246 3.118278554 9.221859241
11.714741421 -2.789054226 -29.821174688 0.541383848 -0.686075263 -0.292327703 -0.388263797 1.542966145 1.560611092 8.941759412 0.999034439 -0.724137352 6.549758234 3.921758804 4.756258940 2.192959388 0.544447028 3.531281496 6.358130255 1.151688508 5.951826919 1.560256331 4.512866753 13.208662092 2.916543008 5.643680322 3.550779267
13.774449262 -9.872378865 -28.093212846 -0.836115605 0.071949308 0.266511463 0.474031257 3.199692713 2.973961129 0.248620817 6.390170176 1.376415435 2.859823857 6.903419830 7.914728919 4.978857429 -0.458798093 2.612937307 3.219056627 5.337825416 6.238073075 4.786001416 -0.789038645 7.055731240 7.716858057 5.804931515 3.115389451
8.991182619 -4.185021066 -31.898115723 -0.854778076 -0.030164138 -0.457085946 -0.243961072 5.504019994 3.795841479 4.446123352 3.974140334 2.895656806 5.698268557 5.022947696 -1.357232360 7.009132623 2.140884541 5.696021815 1.397487910 2.878944543 8.599201133 0.931407594 7.470759876 3.722352784 3.987263761 6.375225850 2.453909550
1.499970408 -8.853765766 -27.201893479 0.032094095 0.236944737 -0.950667586 -0.197631732 3.721660585 4.716622123 2.909539557 6.829502252 6.057425824 9.149055187 2.003464837 6.858553470 0.862017657 4.119049194 7.435059476 0.352510228 -0.067598681 1.053846973 0.462117808 2.610620415 3.888778219 8.097195252 2.596523583 6.483320488
9.190462696 -5.269599807 -26.164547131 0.114848485 -0.325956231 0.364490585 0.864701668 4.632486090 2.049404070 0.648554854 2.738227088 3.046089311 6.148556922 8.937187824 7.789259048 1.589675097 2.854303210 1.872578246 0.790105284 5.234930601 1.085403951 2.237991823 5.492386370 2.499555821 2.101484917 6.850158494 7.345266866
11.115024351 -3.263365726 -24.729360055 0.849080338 -0.355921207 0.267911384 -0.283912246 1.028327355 -1.018946243 3.433179090 3.608476805 3.726361222 1.475087270 3.041757025 4.804047876 1.516220374 -0.370958531 8.859380693 3.340955287 -0.086185583 3.380403376 2.688663510 4.616456091 4.779860826 -0.246093470 3.338177824 2.544502625
5.397966184 -7.042610059 -31.956054932 -0.551402611 -0.774753636 0.309331755 0.005082306 6.252583951 5.293929215 8.988726133 5.105724747 -0.699640820 2.758759393 6.797645713 3.068715124 1.455986845 5.683478285 2.052339214 6.181780757 3.111873494 3.294044542 8.085632655 1.820539808 4.253217130 3.783534385 8.573633371 6.713467365
13.970477165 -2.708925401 -27.500778132 0.489903472 -0.778730793 0.390426542 -0.033764707 3.913439737 10.768318415 2.371351165 -3.060229123 2.140518887 -0.991520579 2.049563377 0.366924929 2.029242649 0.721980908 5.075830184 6.794937913 2.211978587 1.677432786 4.089352440 4.989739480 2.009425389 1.039868316 2.879730198 10.336762799
10.104686005 -10.725816628 -26.517251774 0.401261554 -0.127370536 -0.658902406 -0.623388748 6.445069537 10.078939188 1.584683633 5.500805549 6.653722644 5.352254498 1.696760395 2.911261798 0.057175232 6.690751506 2.912851602 8.012969157 1.614305174 3.072760971 9.629192182 6.771606152 5.313988688 1.907811228 4.631682985 3.329938545
13.664949866 -10.504119612 -25.243754178 -0.623087962 -0.489958076 -0.574257054 -0.204771364 1.778116853 -1.152991787 1.576823843 3.600991282 6.199466441 3.052748728 2.043210422 1.868270311 2.215135195 1.524756927 6.732417064 6.584449040 7.466605628 1.283621425 2.274226024 6.832171243 4.540917216 4.647977483 -1.843991920 2.220350016
6.876293355 -3.118287930 -20.313653978 0.759392647 0.465428331 0.108259117 -0.441564537 5.166903256 2.573433454 4.988689952 9.023304651 3.305882055 8.645322309 4.127150402 3.633246847 6.307254506 3.133957925 6.883157923 0.760586335 5.616231495 3.769339583 5.443496048 3.975639945 0.096812965 0.195569574 6.394733076 4.697185132
7.487215551 -12.594379231 -25.071584859 -0.673033030 0.180760654 -0.715466705 -0.049593549 -1.017531959 7.040883646 6.334135000 6.300939233 3.298123154 4.198684142 0.697254998 -1.365123410 7.326647749 9.028398529 -1.506556357 7.471597283 3.860978153 -1.899082938 8.204011457 3.439411584 2.975272193 5.192709393 7.902834075 -0.926521379
2.044144718 -3.890454898 -29.353704803 0.446371444 -0.406692404 -0.792963902 -0.081006619 5.155030194 6.344897976 5.191326795 5.762434299 3.542760612 2.097828479 4.338704205 6.153399416 9.200363390 10.307076138 4.701246703 7.866527662 3.130782725 2.902457318 4.202400771 2.643130977 5.261289404 2.104572976 -1.459689270 3.803537415
3.224222603 -9.331766348 -29.256823847 0.447562219 -0.259338590 0.853422810 -0.064039546 3.709066319 3.835832117 2.893541833 2.423174763 6.326799457 0.269219768 5.180603611 7.413732905 1.890679149 1.043154047 4.684632091 3.835734161 0.535918715 8.765670937 4.435194193 4.243844281 0.417070510 3.123203912 8.688020569 2.981806512
3.213664095 -0.104501052 -27.554998558 0.724785220 -0.215407892 0.520073848 -0.397251832 7.062542016 0.254648982 8.992324327 2.614273087 1.385429078 5.048275731 -0.512176051 3.186213364 2.931576316 6.607492132 7.550922045 4.385376688 -0.531527653 2.420856564 1.890593583 4.989252455 7.071978369 9.467230380 6.784529893 -0.146011981
9.275701710 -4.663729741 -30.997515986 -0.078700158 0.681523732 0.676818405 0.266924210 7.886499538 4.219767410 8.148617899 4.639997222 6.676078805 3.964014690 3.497532125 -0.296159283 7.459968729 2.597180463 7.262829025 7.427065546 6.510149476 -1.945706998 2.102721389 2.175364277 7.679593777 0.722842973 3.054492191 0.542014599
6.350773816 -2.373458652 -23.171261636 0.888317438 0.215733505 0.081303354 0.397166147 2.363120742 2.657177903 8.373155294 2.276628981 5.184300784 1.975681089 1.399291410 5.890837161 1.691988219 -1.826011822 0.730893720 -3.496660879 7.838968609 5.619314889 3.497916340 1.173894480 7.721408918 4.492758262 7.725739785 6.481761179
4.289240968 -8.139614682 -21.917117341 0.511341573 -0.200218754 0.500557439 -0.669241733 4.137817677 -0.273244167 7.488102072 2.139269463 7.465241138 0.610871674 -1.425287893 4.302366954 -0.782782527 2.563401941 6.469985967 3.028650282 2.031742667 -1.445671602 2.146021865 4.235293372 0.812393875 5.203805006 0.395774277 -0.697605193
5.274787547 1.137954066 -28.706002463 -0.043640355 0.189464658 -0.390751516 -0.899728801 6.756289624 5.000392538 5.497509933 4.263670242 1.885639480 1.437059906 2.238563346 0.428519651 1.600613017 8.137198611 7.263249837 -3.717981148 7.939429633 0.932276038 -0.950014902 0.322208349 9.009171026 4.001025668 -1.340708695 9.415358644
4.126216593 -10.042672013 -18.026596924 -0.330576285 0.381225385 -0.844275678 0.180513449 5.188208381 1.826858045 3.227837926 7.602803505 3.433959103 7.479379180 7.544163074 1.415243569 0.629375301 2.135051012 2.821079440 5.525550592 5.524076611 10.397990052 3.910667534 4.116227841 7.484270197 7.563560609 1.702923796 4.481064036
9.408705762 -6.675535328 -22.444183120 0.497742335 0.705094737 0.071186653 0.500026439 -5.126485734 7.155175212 7.674028157 5.597617834 -0.199684861 3.377532575 2.690933698 5.845405544 5.623549818 6.728966543 1.583299570 1.540160455 1.013324595 1.416591724 5.424149044 5.180861921 5.518125727 3.630849573 1.197232301 3.510911910
5.295688672 -6.699902624 -26.085578443 0.214045439 0.522920376 -0.819080707 -0.099225126 -1.454117052 2.482164931 4.262210204 8.652866279 2.526551926 3.098078187 2.974847378 5.757545008 1.545842042 1.954470122 5.999961324 4.837248811 1.796213935 1.181832626 0.665246988 9.861072496 3.250851631 9.435945953 7.867184941 5.913588810
2.136565277 -0.661671003 -32.208558540 0.880909029 0.004335739 0.198249366 0.429741402 9.376367471 1.967608809 4.249207019 6.503303012 9.906841764 6.529236442 3.379324417 4.023464366 4.173367771 3.162091275 5.766705351 6.971190926 1.062944183 4.277480099 5.830432116 1.309715024 -2.551931862 2.805255902 5.258458686 2.684221784
11.782999112 -7.601724496 -22.052425800 0.337844972 0.917439430 -0.104943380 0.182078429 6.831765363 6.348711510 5.164948176 6.303872581 4.303259223 2.130574038 1.975077932 3.919151568 7.524061749 3.623334116 12.439745531 6.903757978 2.206410270 2.690664852 2.238791247 8.336415745 3.711283248 0.813363972 4.147561078 1.444022867
4.766254280 1.404454244 -24.864197583 -0.540030967 0.801725267 -0.202391073 -0.156974536 3.293978544 3.466785400 -1.946456067 8.445447031 2.065937364 2.998841418 3.032868040 2.219592976 5.508715155 7.349808438 4.700715785 6.136607509 0.116866529 7.951235009 5.494303429 1.219996695 5.397658356 3.887615388 -0.344824658 4.901180525
13.861068147 -4.214031911 -28.569267604 -0.069815791 0.761189018 0.443631127 0.467876540 4.310508526 2.152545834 6.272927912 4.276993410 3.371402801 4.167266644 4.736788953 2.853051837 0.485182010 4.415633223 5.731866544 3.121408359 3.545921297 0.117494866 2.539018615 9.245345293 2.796922143 3.383757505 8.985226352 4.865541675
-2.847083650 -0.610742524 -26.219044777 0.849555115 0.484156733 0.183576174 -0.100738037 4.226134411 8.067457719 4.652870367 7.356329840 7.695148956 7.053154243 3.532950578 4.253501151 6.071777655 7.313534061 0.679850707 8.971496337 2.117179902 4.065586098 5.960081213 2.117727948 2.773562715 8.086616193 6.144257635 7.024175626
4.280706302 -6.260078216 -33.324330905 0.648690427 -0.216722607 0.655453348 0.320332562 4.478472886 4.485233134 7.239544959 1.114004388 1.615113840 6.713183624 0.146136381 5.087544615 1.140127786 7.589704468 3.120724773 5.041575969 7.446760785 1.585214103 5.575721773 0.404612125 -2.665295930 6.484987512 1.153654109 0.281896688
12.369057906 -2.336341187 -26.728605622 0.258047428 0.592115186 0.353244412 0.676778779 -1.677413375 4.617113133 1.941298475 5.276193112 4.931583192 4.980562949 3.535732479 1.540197313 4.336907308 6.621809554 3.086831074 3.404857969 6.354875961 4.939871751 6.222662490 12.763850333 -2.296528402 5.731491896 2.280243513 1.429719967
7.749154732 -8.735850835 -20.775642159 0.062352275 0.357743860 0.860964916 -0.356189468 4.117908122 4.416861940 4.451233294 3.564063718 4.763740050 5.711210456 1.156209527 4.961768994 5.631038338 3.664937603 -0.126622460 5.078480649 7.889387962 4.962379979 6.456748279 0.532601080 7.081563044 3.116630373 0.802903417 3.666111106
1.535179470 -7.226500572 -21.014839157 0.749647932 -0.103417048 0.140907421 -0.638340028 6.774860630 0.665167813 3.268414859 1.666983294 2.814033121 5.390615222 2.905930549 3.178872754 5.959054109 12.217577550 4.594436771 6.224497899 0.584003918 4.464176703 -1.095737313 6.935310285 5.272640319 0.166818989 7.093455983 2.666118736
13.646096418 -0.075020257 -26.535780506 0.071752722 -0.897150537 0.349202146 -0.260826230 0.095194135 2.051080307 1.780713740 6.186210209 2.739854950 1.929970381 3.588144306 1.161398766 2.305873757 4.471218059 6.212426435 4.446667535 2.676818455 1.013405982 4.032500294 7.716145089 0.897379604 10.833243846 4.236650356 4.731708891
12.658705218 -5.455413831 -22.099452843 -0.345980333 0.741414755 -0.283748255 0.500088689 5.306852708 3.193341091 6.196537982 0.136767834 7.462588353 1.208368761 9.584659476 9.066133968 2.165246801 -0.593415306 1.473227147 5.188832928 3.657648705 5.406913594 2.059826506 5.477894556 3.207990741 3.026307163 3.618361711 8.634819650
0.085554798 -0.861629719 -22.110770291 0.022676776 0.899743013 -0.019368955 0.435399953 6.007221376 8.316194831 1.356138599 2.081304733 10.011799539 6.931358491 5.191366231 5.001132372 5.191650309 5.731121225 3.267474141 -0.585101497 3.064104150 1.491836728 9.308985110 7.238723850 5.065945989 2.490035313 6.326729986 9.610725333
14.841883896 -5.141224797 -28.128956278 0.147420656 0.311251326 0.432054932 0.833497629 0.316781262 3.264318497 4.671401394 4.690684800 0.269146284 4.476335279 1.243618364 3.946858543 6.304301104 6.403743196 2.540177199 1.684841715 3.290229465 8.120990334 -0.465170389 2.684181380 6.672012932 -0.604432368 2.881852175 5.593094134
9.404397433 -1.002750308 -32.639549743 -0.065339651 0.491437067 -0.864707437 -0.080631179 0.288951014 0.568684516 -0.541613608 4.825137253 0.990937147 7.614155602 2.558658804 9.874324866 7.918362174 6.854353656 4.345593873 6.818932404 1.568469415 5.475110521 3.079953199 3.427473552 6.059072231 3.024993323 7.917370632 6.537393425
-0.409774098 -11.173694712 -24.128871678 -0.445573614 -0.379600562 0.720788790 -0.371256094 10.228882564 4.165753845 8.275639225 8.982482364 7.589354666 8.724400682 -0.348562799 2.387661807 2.574831220 4.886692595 4.040556225 4.418061509 3.107781697 4.253300167 -1.013043016 5.828170222 7.436545977 5.389027645 7.332641268 5.488802784
11.023258707 -4.291500009 -29.430097765 -0.603468850 0.271560624 0.518406485 -0.541603998 6.491580097 3.179260246 -0.289236665 7.793720711 3.207803324 0.255962427 6.041532583 5.905910789 0.143214031 2.942885391 2.687781834 2.821906739 3.824143282 -0.341021842 1.018397725 7.590860030 -0.910027635 5.760015788 1.343018454 2.101248643
2.206454861 0.496811202 -26.862725944 0.185785286 -0.053006896 -0.329982098 0.924005363 3.876828268 4.992359222 1.917277776 1.252514684 3.500736728 5.944822827 7.235938038 2.504863463 6.331438708 6.258763936 4.872648906 1.789020690 3.145652880 2.878102482 8.786968596 3.460821039 -0.324567739 1.215108785 3.167516370 -1.660253208
13.455993265 -5.957960234 -28.877385566 -0.348439286 0.398705833 0.448701432 0.719924126 0.705398933 9.023427004 6.449203313 1.266320286 7.325477880 4.847011176 7.490502315 2.133068206 1.575967348 6.054448679 2.483682332 4.651866399 5.127889695 4.195509281 6.956762864 5.138787542 -1.959386908 3.083185439 7.691054673 5.459481432
3.758275526 -5.104898163 -26.541576201 0.895872882 0.219966335 0.058944407 0.381512972 6.855869463 3.295110436 7.439498374 2.630351496 3.534243330 3.491749607 -0.828846892 6.847167441 0.132302967 2.840039756 1.316619331 1.750167456 3.745152230 8.706256733 2.641662487 3.367005044 4.820747424 5.921456089 3.799272992 4.182035271
3.558381410 -9.960271049 -28.162168019 0.399060320 -0.468434399 -0.604639787 -0.505698332 6.036489204 6.811397677 4.507370999 3.633521714 0.817159932 4.517232670 6.260472928 5.750962063 0.602461234 7.662916300 2.591928208 7.059754338 7.242281159 1.463793900 1.265229670 8.507401817 -0.739979029 4.266247421 5.068403048 1.594518366
1.283846799 -0.493965403 -19.390454628 0.011635373 0.907047443 -0.420418324 0.019441893 3.778830652 4.297251903 5.953823629 4.848635842 10.220319008 6.079407715 7.425091129 0.503605894 5.270676814 6.017689883 6.260725911 3.072258847 4.816387954 2.572588788 6.460676504 0.309212794 4.074489287 4.085424116 5.888791042 -2.333415976
