-33.234629824 -7.389775984 8.506244310 0.138269810 -0.012078631 0.389951790 0.910314873 0.642334737 5.899745569 7.683319592 2.346879727 7.302479568 3.559394335 -0.872339126 7.901228519 1.888860409 2.739953776 3.149983506 8.355185547 7.640851567 4.687915003 2.188558687 6.904946046 7.929784975 3.849289837 7.192667588 3.611440407
-21.755567758 -11.978056441 7.273429342 -0.260412743 -0.880826506 -0.280516574 0.278640128 6.401943513 7.463984427 3.946843060 4.452967794 -3.474215508 7.672655953 4.530383381 2.065756471 0.549651386 6.895645080 -1.438642926 7.030229581 8.088053464 2.939824620 3.007209622 5.579661753 2.251643130 6.373567928 2.296495395 2.123101617
-29.437917418 -0.228214880 7.097910997 -0.274409922 0.026474652 -0.961234227 -0.005200741 7.478860542 2.753352706 4.058053427 10.760094026 -0.935847972 6.661583888 2.371931778 1.896878600 2.075486566 2.195672772 1.905809127 6.299685486 6.327202220 3.949112230 5.111385101 1.612415512 3.696207350 5.142935591 -0.276006116 4.556439076
-21.984990127 -12.037790164 12.238651897 -0.372420271 -0.461941499 -0.254123250 0.763763424 4.568897741 5.343983584 0.990879261 -0.556506615 7.568533985 8.230878768 4.097733046 1.163939405 6.192894093 9.103999227 8.674612787 -1.283347580 4.695433728 -3.085057622 3.407391368 3.692675888 2.767408373 6.020344673 3.342209765 -2.372266376
-21.081732049 -7.278768629 12.492017579 -0.891133629 -0.035684120 -0.194646007 0.408314133 3.549726336 6.133734897 5.681378554 5.015373097 7.560780012 -1.331469040 4.585464684 4.397334703 1.548855278 3.443248571 7.581100805 7.006469321 0.695436125 0.249289627 3.963314395 9.185504052 2.267560103 8.746510085 8.281257082 6.886148653
-30.820112305 1.047250083 16.851649759 -0.185738710 0.236802073 -0.532781698 0.790929562 1.667554645 2.758779226 7.990036461 6.662112837 4.069862576 3.710098613 5.986139071 4.010895141 0.227029996 4.304124208 7.365924031 1.898860608 5.006393872 3.191567691 3.585222157 3.981291095 6.270051501 0.695784439 5.864161763 5.794080040
-23.266541430 -3.094844695 9.917679277 -0.037955402 -0.205521832 0.208529010 -0.955424417 1.199954152 5.566565186 1.599695383 -0.789550393 7.826300748 1.046019894 2.586360928 -2.231672293 4.866621695 6.385615619 5.343975222 5.675753521 10.498681768 5.382900828 1.680808126 8.147013589 1.880200321 3.780327646 12.353066157 6.778397171
-25.774283363 -6.527225421 15.378078618 -0.031774570 0.524160019 -0.499771109 -0.688821813 4.915888661 5.482332424 0.737352955 7.031745813 4.933674822 2.514916559 -0.097471892 -2.751715343 4.439565848 0.838906299 4.214653499 8.610308246 6.335307885 4.930598325 2.202556203 1.384654650 1.279024992 -4.783658576 8.603497948 0.241200340
-28.995440300 -15.146080837 11.889253591 -0.297259954 0.090447524 0.911916475 0.268074817 3.876124200 0.400084449 1.578423121 3.950083336 3.110299032 2.853816550 -3.252788500 5.664666893 3.339543766 7.496405967 5.364643935 4.550278147 4.825066385 4.787465810 1.310291565 8.113838076 3.331319780 2.377471664 2.727506594 4.815796279
-24.890998391 -8.250326304 6.018763607 0.076353358 0.436200300 -0.704734762 0.554299899 5.337689369 3.703102678 3.416909637 6.349776663 8.469586813 6.132858374 1.832619942 7.518547211 4.167735975 -1.086619433 4.666395231 2.020047341 1.714569695 0.778262791 6.785497738 6.817451229 9.384870098 -0.790853666 -0.192255667 0.890678794
-24.084134271 -6.084946804 19.102243820 0.929891753 0.362590384 -0.002456797 -0.061834496 7.836676185 4.257199333 5.623948077 4.225350443 -0.015966884 3.704117758 5.353440713 11.462449086 3.389973488 0.057450563 4.912495319 3.922115510 -2.036068026 6.782830613 7.778217480 4.663457375 4.609204728 1.215701276 3.679355750 4.956952641
-20.030220334 -2.725872075 7.462652262 -0.408201603 0.483775950 0.160198217 0.757409277 8.501278034 4.236665862 4.306515944 7.417733060 3.095677757 1.915584802 5.136143820 -3.460401675 5.243003470 4.770751750 10.229754115 2.876031888 0.145140233 1.079826610 6.173274923 1.554726497 6.394980826 1.663730570 -0.130855249 5.165764085
-32.982890177 -11.274306401 14.507323028 0.766147149 0.522599442 -0.016654552 -0.373672311 6.629959635 -1.586968891 5.631713739 2.789188997 4.817813366 5.132427288 0.717301874 2.028935860 3.506888284 2.114646666 4.082774846 6.049750283 7.854488239 1.043593315 1.080816454 2.659394806 0.323637004 3.077200710 2.258441314 4.770504159
-22.570392234 -0.083959236 16.204231361 0.228502374 -0.056450287 -0.465654535 0.853091955 7.063150288 0.305435693 1.149267345 4.211287787 1.298781007 3.685912084 2.475009984 7.592867680 3.094507812 3.908660519 -0.832628329 7.702802209 10.773440726 7.526953791 10.140577107 -3.001306971 1.351037469 6.533779978 3.534154966 2.885684856
-17.299160618 -7.050613916 17.476366964 -0.165090242 -0.969292149 -0.133967157 -0.123574845 9.193049466 2.394832274 7.872420674 4.032609484 2.874082307 1.601520504 0.135227778 1.929910243 1.188805823 5.194427766 2.447528981 1.661276430 3.135493469 3.513936464 -3.575301571 2.390355121 4.309405449 2.775125012 1.175716762 7.669993724
-27.052384889 -12.918237667 7.451654305 -0.229192112 -0.017226874 0.368265607 -0.900863282 5.493065367 2.170512985 3.486531730 4.207818284 10.288192348 9.213660676 0.308580358 1.838305198 1.429283806 7.699417973 5.319413003 5.190064760 1.972820925 5.681888856 5.575426476 -1.392286358 4.856984631 3.979371145 1.779780299 3.609783507
-25.783735664 -6.466179153 21.651346979 0.091312347 0.159159122 0.929259184 -0.320636551 1.911055591 3.463017343 5.025611803 -1.139022819 4.651419624 2.119999120 1.843430848 5.103555050 10.523790912 3.825406492 4.582852597 2.289638016 -0.445505900 4.365475949 8.836633538 1.027145515 2.184430253 9.099778776 9.988681987 0.518027342
-24.326045934 -8.726946087 10.073253348 -0.491808338 0.066119596 -0.336999811 0.800114920 1.621002553 6.260573979 3.613919414 1.863906638 3.404214451 5.437778125 0.242188801 6.896160097 1.538168754 3.435989525 -1.474480954 0.685078931 2.863454037 8.295187965 3.965522451 7.571947792 12.461838335 10.647859587 4.571227326 1.751059369
-30.584744110 -4.079519421 20.779487837 0.092856896 0.604023376 0.443140237 0.655865907 6.850669554 4.384019313 3.740140113 5.407729228 2.957038865 4.332020651 3.343067230 2.549099055 8.098703519 6.141614455 2.850845039 4.362364176 0.471572600 1.127742963 1.996810364 0.449621726 3.612247149 4.309602665 -0.169170584 5.777111832
-29.368674551 -7.830974076 12.717247607 0.466320411 0.172486246 0.860653921 -0.109857172 7.409358481 9.058196185 5.471900031 1.665881898 3.554337070 4.040280080 3.404977683 2.369517818 2.113300141 4.578861762 8.219010538 5.630527724 10.830112506 0.770611601 2.729475741 0.511153250 4.129600206 10.054007089 3.881582133 -1.563702734
-21.876504115 -3.769338515 15.182981044 0.066082603 -0.482689036 -0.502024528 0.714573830 2.205593926 0.183233573 7.254334702 6.206741911 5.397372970 1.898789775 -0.470687339 3.704880469 0.924400209 2.975373328 6.959736392 4.147195789 2.003750165 5.588602120 2.587791399 4.575264751 2.704775271 2.325134904 3.445946837 5.840024569
-29.697397953 -4.968379012 20.999685811 0.078840705 0.691952896 -0.694032558 0.182494224 1.214217455 -3.508322470 5.013443498 2.303133706 5.627766771 3.516182930 0.904941373 5.336968857 8.843437290 5.796762853 3.193298125 5.240993279 7.724895706 -0.040662825 4.921591118 5.049692252 1.237492099 6.150696290 -3.435143424 3.346408910
-17.486738594 -7.196636394 9.425591456 0.413948829 0.453576354 0.146914636 -0.775455317 4.889790924 0.868515417 1.053491446 2.652906885 6.574884208 0.800026403 3.669436628 1.427506879 0.014164425 4.584021226 4.536950139 1.223193541 6.012130510 4.099601453 7.669965969 2.858156601 2.144887232 3.529926202 5.214262854 3.434891586
-32.831695308 -5.428459390 18.649150352 -0.852175720 0.171993547 0.459757625 -0.181211720 5.485777751 6.223366861 1.518712960 -3.253235764 3.532551975 0.949678990 1.139716245 4.369102118 1.287941276 3.197046735 1.048571609 5.170467552 7.667633551 2.586184338 3.222836213 7.020052066 4.431687352 4.965944559 8.143933164 6.052901324
-22.658135140 -10.177036747 8.433717226 -0.849307391 0.375452119 -0.033126151 -0.369615098 0.633915898 5.922316330 9.968789748 4.843441560 10.933317516 5.031921222 5.203173223 4.154783490 8.401316974 1.002219631 7.253526365 5.790237986 5.750453024 7.922386595 5.361987742 8.260148244 1.298486752 6.645976824 3.567255545 1.113058772
-28.404501298 -2.503980978 6.777295839 -0.908350272 0.159875742 -0.189634004 0.336717202 11.894932575 7.754340509 2.643689573 2.557674347 4.581491575 0.625446787 6.478330897 1.081693394 5.817142355 7.170054139 6.478976785 3.848464295 2.426077937 10.698486871 3.346975152 7.196839852 1.478236959 1.046596689 2.363121925 7.810736759
-24.359857303 -8.454712297 16.065157318 0.437517184 -0.010041101 -0.402794445 -0.803887134 8.045436758 5.769535144 6.189388920 7.758822134 6.152364676 5.590927901 8.055063411 3.276525076 7.472721155 2.668229203 -0.412448104 3.995564403 5.683550400 4.642641207 -0.710782352 3.141769952 6.276439423 3.565446899 5.228737491 8.318121120
-29.911113818 -7.197839891 14.130602475 0.555349926 -0.827398470 -0.072776233 -0.041253495 2.546119088 0.904242747 7.767617097 4.196757877 0.560736859 3.108209128 7.235619791 4.698535163 1.038628985 0.962621402 9.074281790 3.556306588 7.660314862 2.697970992 3.757826463 2.041738027 3.345576851 6.775166361 0.636616633 3.203621813
-26.763320959 -5.666081950 16.617125959 -0.687080291 -0.437812318 0.452679417 -0.362384317 8.101588935 -1.855910336 3.349185102 0.802706763 7.017976245 3.236538478 3.080229883 4.162431248 2.222687193 -0.276204710 5.961008485 6.998967896 6.765837403 3.299059127 8.355648003 3.343127472 1.681421643 2.804946899 5.132512179 8.389731724
-25.904621065 -2.727706596 15.100182979 -0.957743595 0.186002718 0.164470074 0.145188808 3.331868872 5.257321222 2.656161749 3.085746019 2.557290010 2.653505336 1.398818653 4.570486688 -5.933866587 4.465400725 2.081141435 4.656307608 5.816480025 2.349002887 0.376285027 8.665281812 0.986745569 7.287396927 2.976652031 2.735260725
-22.774612545 -3.388974254 10.748831555 -0.211507361 0.403244163 0.172259624 0.873490357 3.340424834 4.406633824 3.530366406 3.829672035 4.450663598 1.257916949 6.448333410 4.000131417 1.774619544 1.558218428 -1.994846840 6.722096190 4.698170546 -0.312072316 1.271440914 8.506596946 1.928036232 7.084258832 5.158083265 3.318064676
-23.706311448 -13.103298788 18.622264167 0.229304535 -0.391541973 -0.767615662 0.452637281 8.735781437 1.723846249 2.855006381 3.063783288 2.884296892 6.271229490 -2.801471018 8.844843547 2.181761905 4.422870113 4.055676613 5.597305350 -0.957280940 1.083991018 0.213038637 4.056516889 8.232207481 6.526043197 5.161843496 5.183521953
-30.064244885 -2.414387081 21.292824469 -0.342353912 0.623648141 -0.661338879 0.237671374 2.917406922 4.761144730 6.749794448 0.357189945 4.090786736 3.267013192 5.570709615 -0.194656567 5.737013283 2.527910292 1.086800040 3.660558615 10.512223807 3.343304356 -3.845866483 5.193811360 3.261784097 0.457849072 2.411688554 2.556532732
-19.638226621 -6.613129957 14.137432935 -0.409829957 0.761111106 0.501810192 -0.030591193 5.030759883 4.519092711 -0.642580414 4.374962220 6.827692480 3.975394749 -0.908631039 6.708651783 10.212523300 0.380252732 4.817062941 2.727020331 2.705794986 3.484895122 4.029102367 1.751987150 6.389902558 7.767844227 4.655082090 1.491455847
-34.998883721 -7.199675153 11.818391267 0.840084282 -0.388194473 0.339893424 0.167439276 2.677176056 0.737468899 5.022260993 -1.175296504 2.318014711 1.826741821 5.150817294 0.160315197 7.342994534 5.761017155 -2.158946819 -0.893345328 2.136237616 2.261110905 10.189205397 5.006350386 1.556555679 5.871206088 4.771251730 10.011026159
-31.544873455 -11.932240120 11.157347343 -0.541507919 0.278858169 -0.612799275 0.503472287 5.378486766 11.053852234 -1.209171712 5.968695556 7.443610855 9.783410391 -0.347432105 -1.518928988 2.141821044 2.093147756 2.766035022 4.492687382 5.425206328 3.614982290 -1.894948560 5.159610872 5.362350433 10.518233915 1.367409013 5.073431547
-19.542461054 -5.918601602 11.841428822 0.258830886 0.543793383 -0.089703178 -0.793251958 3.685370674 -1.923862246 1.400506165 6.725986293 0.900489880 2.475260651 5.440834117 3.214408175 1.803921932 6.581154125 0.015747486 2.367220016 3.032765632 2.463480100 1.313229418 1.020576818 8.221851991 4.545788522 8.814487544 2.889615511
-24.881119907 -13.470298233 18.555156896 0.194222330 -0.673691532 -0.663159540 -0.261986317 1.747478936 9.354598022 0.691475463 0.024877351 9.381995700 2.887932377 4.335250848 2.635665602 2.938739959 0.419849551 4.907017781 4.127661649 5.022772472 5.034833489 6.530195050 4.785332694 4.454210687 5.058857596 5.308290671 2.650214486
-28.954303965 -6.820544120 14.269929747 0.410922759 0.194349941 0.868507877 0.197647803 3.380151431 2.706575525 5.939256821 4.383405573 4.747669363 0.718246938 1.657758688 0.760416785 3.837782676 0.799471433 2.408811711 -2.350198127 4.897734945 3.159495294 1.467702036 2.314608916 5.787061337 -1.454621001 1.865224445 3.301581440
-22.917920787 -7.663893449 14.937048694 -0.001290961 -0.024142730 0.874472295 0.484472566 4.720532992 -2.822708221 5.236211007 11.594072797 0.540553508 6.159460781 2.335227982 4.469554208 8.754503901 7.433805175 0.855946149 0.254160132 1.851119063 5.522035170 8.055310331 0.451725688 4.495163663 3.679955367 8.034776379 10.754001002
-25.697546824 -10.524476645 19.855437281 -0.370010695 0.691661270 0.572942575 -0.237557527 3.118623621 0.941951934 4.158210485 5.477398397 -3.953843884 5.759866331 5.031970614 4.143409231 5.588886840 -1.501608539 5.073703265 1.591105062 7.851831652 8.850182736 1.857799838 10.509842195 4.503796813 3.424235049 4.046688161 7.472423037
-26.721180455 -3.048463227 12.584784141 -0.492768635 -0.468694423 -0.468296677 0.564094702 2.835412128 0.833322971 4.463722419 -1.214591843 3.622387368 -1.376801106 4.089494679 0.757513214 0.021429691 3.100335759 3.920131853 -0.830089504 3.396626195 0.113987684 4.978121139 5.460989570 4.961122660 4.594669513 0.448303079 7.102552634
-24.019119319 -5.411509895 7.905489975 0.573142973 0.166765417 0.186153561 -0.780412250 4.158307239 -1.382375668 2.765354273 6.877788107 1.513834042 9.140976988 2.255453992 3.231495417 3.037674432 0.265125525 6.773248904 2.367934512 2.247095391 1.510002247 2.836171961 4.557374162 0.404504273 1.069667021 0.134700338 4.682149072
-24.826140646 -8.560043116 11.524995778 -0.807632710 0.354823818 -0.243988831 -0.402863393 8.356171064 4.117899138 6.896109145 2.652436898 6.397522893 5.286064880 7.182997835 -3.039465736 -1.153975276 1.734944938 8.136903931 -3.401534394 -1.194196971 9.766035627 4.872641956 1.534316595 4.898555848 -1.485022596 0.805361882 2.531419171
-26.087867550 -3.774059292 20.508112067 -0.197529838 -0.580310937 -0.580279382 -0.536187485 7.591805577 3.487595391 2.668864608 2.142077819 6.558316979 4.007128733 7.728568131 2.179511120 2.922087267 0.786575373 1.794041516 -0.254439890 10.254187858 0.667875026 6.524641761 2.676565928 6.549833856 6.722379368 5.179990782 4.507859444
-27.783105695 -13.693659259 9.189544496 -0.203787312 -0.821203570 -0.455255327 0.277196709 0.639390768 6.138129454 0.173238783 3.821228598 -2.039284177 6.120466805 4.405000415 0.214315331 -2.156996466 -4.285864176 2.383898265 2.712925030 6.544649205 1.514024680 3.771473224 -1.863696084 0.294953555 4.073402940 -1.894953658 4.876023050
-21.589277830 -10.302535264 13.014792719 -0.579578207 0.413974254 0.602713028 -0.359793586 3.543948220 4.301953915 7.035274231 9.971408127 0.711824649 6.334300527 8.463348275 4.188182982 3.522235242 2.513925361 2.948605534 1.928940631 2.662779035 7.450118453 0.546989437 2.526294367 1.960258040 5.614574328 7.779232689 2.455967715
-33.490949271 -12.074563112 14.641587159 -0.277804368 0.921656868 -0.095452928 0.253499682 0.719671228 3.810240720 4.708756963 0.393362599 1.188869845 3.941211943 5.943154567 2.138743276 -0.058024592 7.106884181 -1.408447592 9.724385431 5.992301190 7.409401959 4.055531733 2.959769074 9.717686043 -0.308609360 5.618874134 4.231132406
-21.461378325 -1.841152041 13.511020425 0.669711316 0.693117023 0.071054101 0.256956924 4.948512349 -0.816956935 5.681282069 2.529082629 2.394563317 5.372090191 6.530001921 4.451601240 3.989661539 -1.971037399 -0.380147600 8.032128814 1.087783923 0.869549929 1.755432879 5.114428830 5.473598437 -0.714232725 1.305940547 4.514013766
-25.996102845 -11.742901934 8.252336877 -0.078842835 -0.165698894 -0.960464680 -0.209368769 8.464374829 0.862549404 6.704656424 7.300199329 2.432167970 -3.703660694 2.820977291 8.552896696 5.225549622 4.211417095 1.459616728 4.998967539 6.686543953 5.688605599 4.874461344 4.530035112 0.258364922 2.305993619 3.278180748 7.642861569
-30.795270613 -7.308166503 8.808649215 -0.608652468 0.069988256 -0.709595501 -0.348020175 -0.021426605 1.518726444 2.421276656 8.592415939 4.422997234 -0.195186363 5.517422480 1.407814468 4.584437159 3.470946759 0.115336087 8.976116083 5.458239711 5.329801603 11.482819558 4.780313860 6.359709536 6.266642649 6.787884883 -0.644854064
-20.803618812 -1.726956851 18.723042632 0.416613254 0.715213539 0.343115107 0.444043933 0.342335575 3.670661772 4.790883599 8.023464852 1.863664898 1.211206850 2.960227848 0.507578658 8.600412216 2.984775541 2.472080743 -0.899824488 5.147335024 6.006803588 5.595760096 6.337527707 7.990955881 0.626672902 0.187394356 2.489950944
-24.689776225 -12.553969650 9.064293271 -0.742362692 -0.591070153 0.315489216 -0.000512423 3.594319498 6.063217910 2.911624875 3.051031760 -0.052476058 3.914647798 5.884621247 5.577047607 3.861618009 3.826652734 1.645213256 12.253303331 3.614060982 6.910344813 6.515080481 2.848076981 4.354618325 -2.451765916 6.264713312 7.500736075
-27.554322888 -10.896665226 10.905783472 0.735008721 0.045901272 -0.662747235 0.135725298 1.204303778 2.579779200 8.937422155 2.454152827 2.648703791 1.512047380 5.099994819 2.336106558 4.228307915 1.624079322 7.958525656 2.515304781 4.093633230 0.767696322 2.285165981 10.440460885 7.318269868 1.395668636 6.602321928 2.752555873
-29.207428631 -5.364490480 14.459697518 0.700420579 -0.290855418 0.641702173 0.114159798 2.034515092 -5.360470532 5.082579101 1.679654958 2.757986238 2.469720411 6.817389239 2.627869731 4.226070692 -0.419548876 2.121492224 0.373344502 8.454124364 4.670098781 -0.588000127 10.151730664 5.423681259 8.624046643 1.109217991 0.702063461
-29.344608125 -15.746396299 10.470923938 -0.326464948 0.747970845 0.566973326 -0.111810106 0.030801705 4.177056610 3.857712235 7.847535382 6.905315693 2.181194996 4.604618194 2.295407489 2.281124181 4.425783018 2.278754277 1.526153716 6.379786040 3.017408230 9.872334842 2.823827379 7.587252416 -0.179955447 3.118564104 2.657267317
-22.361406714 -7.609622773 13.516690561 -0.759143043 -0.123828277 0.054971389 -0.636668316 3.056702188 4.445953802 9.318912140 7.595551619 4.429928840 8.848149915 2.298161671 1.518426167 6.093159017 3.057672217 3.120039066 -1.870049394 0.042955785 8.308638607 2.170702851 5.727150525 3.295048823 -0.850798406 7.492311805 4.775110895
-26.910971769 -1.884244531 6.442871053 0.435278858 0.254990540 0.449202523 -0.737379979 3.123695039 5.851829429 7.808466796 3.396281180 2.751841579 0.825554252 0.337910233 -0.005563472 5.041717915 5.362308634 4.235784416 7.104156846 -1.454608549 8.973011531 2.788436572 4.291921059 1.654306967 3.428383360 1.893849614 5.321154149
-21.370865884 -3.882020598 20.085827762 0.015849309 -0.402722132 -0.899242040 0.170080681 5.148229705 5.371846650 2.855599339 3.733005441 7.916356465 -0.659220904 -3.243887088 1.331666114 7.148277371 5.912923722 7.685392210 -0.933351993 6.510488573 7.484236370 5.848807831 -2.355421781 4.317325128 6.637983045 4.808299708 5.052070853
-18.642233000 -8.900581674 14.413673936 0.008547941 -0.397649573 -0.633448752 0.663735209 11.794076430 3.507147284 2.987140649 3.978830831 3.969186574 5.761667767 1.824545833 5.501310892 2.889672611 1.929474594 3.624600229 6.223118533 6.239852406 4.867374938 0.741786772 1.379413761 4.931994980 2.909586489 1.789480465 9.509283932
-21.424889501 -3.956375160 6.927623033 0.053620747 0.335911367 -0.938445176 -0.060075125 1.385576545 3.881848307 -0.244082567 1.328020292 2.237322287 -2.974050369 3.228493500 0.879211725 1.759144419 5.420657762 8.061181594 0.009424845 3.855014231 3.027721258 6.112890523 0.836893911 5.566319406 6.318134623 -2.283911850 7.870698480
-20.983209978 -6.247268214 19.025344005 -0.553300875 -0.126626619 -0.810220225 0.146174650 3.563739879 5.716440373 6.210748861 5.111233414 4.080788222 -0.970278933 3.302461400 5.104639237 6.806508881 4.526184830 6.348199200 5.822733321 0.187610871 1.361506003 3.125487663 2.804149200 2.876368124 1.289157071 0.884172961 6.403115511
-24.099677090 -10.972021822 18.747304231 0.198786673 0.571594263 -0.096594189 -0.790210997 7.285591852 6.081422551 7.421060687 3.170339288 7.701211528 5.492805646 2.118969054 1.208741263 3.942736106 2.349514701 8.809207785 3.638211627 0.220404347 0.676621939 4.243682382 8.618101546 1.959876630 3.253311625 0.105034798 4.469520275
-31.531047238 -0.280054565 13.090385484 0.169212358 0.021302370 0.705812416 -0.687562521 8.066273486 7.364732461 3.089189011 6.217325217 1.950362788 4.135092609 6.565743244 7.328395912 3.516744473 3.228954946 6.042916929 -0.081452647 3.229878822 8.974624172 3.793203708 6.639879708 6.328155002 11.108004717 4.513341539 6.340446043
-27.743814986 -3.471559936 13.319889048 -0.734702535 -0.596267602 0.037079139 -0.321406705 2.015817562 3.530265686 3.597375092 5.198656998 4.551362755 -1.175256531 2.164081534 3.020874062 -0.707797225 7.378443051 0.797681649 -2.427480807 3.389805877 1.612936670 -1.938155332 0.148516301 2.504165451 8.395641507 5.276620931 4.187709292
-29.759895975 -1.014378071 17.487491231 -0.769887723 -0.594888062 -0.230340796 0.018005716 4.857958000 6.540658039 5.841291228 1.366683898 3.721807005 1.667460200 3.241821651 -1.161792642 -1.905215659 2.007623150 4.891147849 2.530256395 3.233234740 4.204893336 1.444115642 4.152830209 -0.437398221 -1.653152917 5.584306838 -0.060560729
-20.269507400 -0.680511688 10.650163708 -0.035167540 0.626301806 -0.008223516 0.778743646 0.800642599 7.417693768 8.372265842 6.832009136 0.357548155 3.563390173 6.944640953 1.638254897 4.350786453 3.041832409 7.374778077 1.643214607 7.386759882 7.534696834 7.392648679 1.924408896 6.087100398 -0.192979863 -0.607315068 3.979394966
-33.602012151 -7.471722957 17.642623973 -0.488637237 -0.234816427 0.840097370 0.018201802 5.576207875 6.829471912 5.585347538 8.057664940 1.663904993 2.669165441 2.943731461 6.736333536 6.543596663 7.233340546 4.451427819 3.413676508 1.791794474 2.114001323 -1.695642964 3.040663239 0.977423621 6.751815910 4.203377575 -0.636286446
-29.983302100 -13.483308961 9.263025318 0.695710287 -0.697326265 0.170058576 -0.028343559 1.412830978 6.225231504 5.862056608 -2.871362024 5.221048151 2.854307690 1.891345417 0.918743965 8.224340932 2.482588587 10.553633486 2.673243779 -0.595808708 1.022210218 2.852914816 4.247914689 3.599676928 5.524308172 7.698813802 2.669001968
-30.801805977 -10.604824857 7.843079983 0.702103117 0.324768201 0.604693098 -0.189533867 2.244555467 9.728911967 4.475415364 4.188734944 6.445516325 3.926348517 1.133348811 -1.655013308 3.036072862 6.593401471 6.221335509 1.850341659 9.905290245 1.635449161 -1.583731168 5.192615688 2.880811971 2.389042842 2.731478084 3.866117283
-23.843675241 -7.280256310 11.311824126 0.223788588 0.042536878 0.047349481 -0.972557098 0.939349043 0.031901401 2.541105441 -0.188702822 -1.461504353 3.600815335 2.742368122 -3.808438137 7.255550849 4.082845849 7.251856072 1.223963556 0.761422271 5.679660649 6.010673994 -1.766800130 3.071651872 5.688088637 0.384026840 6.708229553
-22.474107408 -11.535804682 18.525607192 0.237179227 0.107348692 0.285822412 -0.922240653 6.402748675 4.425531830 2.062057951 3.770951489 4.500885060 5.537467525 4.698496081 6.882320893 3.990843902 6.161029457 7.816814117 5.268541963 5.309957829 5.829194204 2.505900367 4.584692220 6.883002296 5.334867283 5.235260061 1.152052620
-30.231072766 -5.217809943 17.163001661 -0.338354200 -0.391574920 -0.847434961 0.118488415 2.899089873 5.757258309 -0.865024510 8.517951496 2.976292770 6.726732000 1.469755342 3.162733849 4.946596356 6.032335190 6.446371482 3.691922998 -0.567809357 4.244611884 3.526264343 1.333399056 3.709384182 0.942600614 4.195100777 0.637597276
-24.154845002 -0.915298664 12.945797164 0.241647486 0.860851564 -0.447643973 0.012488026 3.520957621 5.265078080 5.002488097 5.798899910 -1.029013695 4.722698313 1.247594539 6.000239397 3.851267899 7.904836974 2.259246469 3.280677705 4.341540852 3.484677934 4.909097969 3.449007173 8.374135132 7.026980945 5.985477943 4.882365495
-26.496573815 -2.377991398 10.080980752 -0.792042918 0.545555118 0.140171437 -0.235349948 5.194434538 3.400584543 6.952488524 1.930218089 -1.187020855 1.124470337 7.058547647 3.813622033 6.201821467 3.786304683 4.138667157 -2.505814204 -2.837125483 1.900504310 5.683725513 3.962056834 2.368297959 1.191649766 5.727866612 2.240174919
-28.870617518 -3.324548963 21.127535818 0.223365430 -0.768906876 0.595571622 0.064688055 -0.332599133 5.882214552 0.730699653 0.603572590 2.699031233 2.453437079 5.753481683 1.438797534 4.899790683 6.862331609 4.695565580 1.526994493 1.224410713 5.731478458 -0.147643608 5.202202122 9.442954894 4.015342856 0.491620509 5.987518152
-31.105286891 -2.940419303 7.174786266 -0.731234917 -0.650109833 0.074533070 -0.192607171 2.388742541 4.173814758 -1.019456451 0.970426367 1.512617315 2.418811076 6.774786380 2.230777340 1.902595622 9.678254544 -3.522645006 3.278140172 9.848335817 10.077517307 4.301217609 8.647596121 6.422801216 4.454633226 1.693069045 9.654278615
-29.596096492 -0.859516666 17.495427237 0.002321688 0.351229224 -0.210525020 0.912311273 5.364265082 0.522700723 0.098757845 -1.963943695 2.976203046 -2.584324497 5.494835493 2.001985740 6.651953485 5.224632193 -0.855076030 4.683707893 -0.406471031 1.427039102 9.578821433 1.928443661 3.600665045 10.876508611 0.097783131 9.619960721
-34.670010924 -5.735614172 17.557105579 -0.141980691 0.495613117 -0.811990765 0.273642319 -0.206661113 8.483099316 -2.333218181 6.514657285 4.158941591 5.217020119 -0.330637671 1.436871953 5.042345762 3.143605829 -2.870937765 4.593935454 3.347197665 3.098403548 2.516746704 6.841770416 7.334825884 2.940975358 5.062568911 3.852884418
-18.486469533 -2.087762581 10.891988490 0.247792121 0.521683122 0.812122521 0.083083062 7.243605700 8.843644952 4.998367022 5.699697505 4.413408095 -3.914388511 6.822553697 0.449528016 -1.321347596 4.936678602 5.257101258 4.676035022 3.880051624 6.159191185 -0.585068593 2.887776988 12.370198284 4.928014235 2.464528605 4.383364914
-20.645905928 0.356012745 12.146783101 -0.776159024 0.240329424 0.007278652 0.582894466 5.378484088 1.126802828 1.578520294 9.016837558 3.055805122 5.252741935 -2.109787389 6.865702883 6.673073692 6.484094026 5.552886860 7.739033682 4.182304250 3.564772568 2.058565296 1.749327994 4.604730280 -0.065929298 -4.111985312 3.772872951
-29.586036339 -15.848128408 15.630148080 -0.492027841 0.726214782 0.442395505 0.186566106 3.756097034 4.046491868 -1.009757972 -0.958148669 0.313647509 2.664869174 8.051497524 0.278445597 4.857642368 4.837855546 5.753409994 6.598717128 2.440813325 3.313854593 8.512505547 0.024931756 8.831652872 5.250439696 -1.475693769 -2.405965865
-30.974955394 -7.239500100 20.071473170 -0.291739364 -0.662665941 0.346377476 -0.596476854 5.637639863 1.609483494 3.559992886 1.610336917 7.960618423 2.940790683 -0.994533187 -1.389472172 -0.466049280 6.579312826 1.878502082 -1.318697015 5.630897113 -1.147721596 0.232984825 3.742006052 4.906546909 0.811667327 1.725523842 6.006422351
-20.956256332 -8.794559216 12.880934015 -0.256561732 -0.632372421 0.192299250 0.705196566 4.883103859 2.916321923 3.969636551 8.301020739 0.681531863 6.382447730 3.741814599 1.793655491 7.815648855 5.366520434 5.426464906 1.253003695 1.600509640 3.033613180 10.860311323 4.957429020 5.273994171 4.598434683 -0.908687466 2.541389299
-24.870193799 -1.969157594 21.461003895 0.660506344 0.732883756 -0.090610171 0.135656058 4.891668204 -1.017845917 3.150338823 4.337082879 2.184377102 3.739797578 1.856614956 1.728886729 -1.813222408 6.051585556 5.449791477 1.262750795 7.422826693 1.412041072 5.551035534 9.357600338 1.867052990 2.706442072 5.828274861 6.595681537
-28.145925961 -13.269603192 18.701776773 0.070943949 -0.555795502 0.819057272 0.123302479 7.200293127 0.236364723 5.683875163 12.407760016 4.538144648 9.212193747 3.557433728 3.994780233 8.827750700 0.703926550 8.735439939 3.581915668 6.308200184 1.518681078 4.982658960 5.653517140 4.074712525 9.249854606 1.945050011 6.484581830
-18.957229359 -6.729062432 11.900541802 0.573953092 0.454892127 0.425009181 0.531994546 2.618556566 2.922049123 4.328854041 -0.120094823 3.974944631 4.849943285 1.731002518 4.676037371 6.634728529 0.914508437 5.495951895 6.144656152 9.669796338 5.219108185 4.434908347 6.500267379 8.252663695 4.384116758 5.429969952 2.426976188
-25.156674648 -9.761244305 14.940489814 0.720853557 0.523414279 -0.101062743 0.442937878 2.320674922 0.842693950 4.631686473 1.914481035 4.814969226 6.084215090 3.136013972 4.961766355 6.961663808 4.671659571 5.500114021 3.766858223 0.432804808 2.661746438 2.679364670 7.621636008 11.950792029 1.528796839 4.971802913 1.326616088
-33.100638110 -4.039622325 12.416830805 -0.839898063 -0.375746885 -0.220954504 -0.323364546 1.104763472 2.182040322 3.733101216 9.288090168 0.942556690 4.768885988 1.946473899 3.918099969 2.647751106 2.914300392 2.007057551 3.958459994 0.934469971 8.760297912 5.188931014 4.134570518 6.674513507 -1.024723286 6.950145308 6.752728757
-22.587520194 -1.926862754 20.308044963 0.800003213 -0.025961093 -0.440711253 0.406318190 -1.701140260 3.107111588 6.489633806 0.738216618 1.652827526 0.395551083 4.950868000 3.908823186 6.221598881 0.116043872 2.874200638 5.629879603 -0.123211152 3.076775135 2.705020131 8.461966724 11.576249444 4.727894340 2.622674096 3.352435539
-20.460157238 -10.834811406 13.053068399 0.176188335 -0.397083674 0.870827175 -0.230091847 2.693952103 4.767358959 -0.708303941 3.174071100 10.135616772 3.279918374 4.164493648 1.951912279 -1.644304866 3.427760752 1.629733912 8.273753074 2.116240974 7.331309425 8.890806412 2.895153056 -4.379430492 2.480808583 10.258008885 3.268574375
-26.087141475 -9.897773560 12.630226581 -0.750430428 -0.413267791 0.261654607 0.444523083 1.053744845 -1.465995800 6.678158344 2.262531183 3.298394563 5.160696569 -0.554063363 4.746894683 2.982148979 5.022121941 4.515172929 5.181691844 3.326729097 3.478456100 -0.271720742 1.873703814 4.025784726 5.728857942 5.592246417 -1.958364066
-23.491948266 -16.457271081 14.030931589 -0.328977083 -0.247938730 0.841035811 -0.350655428 2.214312635 6.059964980 -0.226611290 2.987375309 2.908850321 3.424212316 3.527640996 0.862699766 6.183953599 6.014008480 6.282545391 4.725426997 4.524210559 7.519016930 5.441913425 6.890802216 3.707373581 5.489348562 7.491312645 7.028691251
-25.844671439 -15.147522582 13.583044388 0.273903961 0.324144341 -0.464212043 -0.777440831 6.026805588 3.561229886 2.019766476 4.028402291 4.668195033 5.223578733 2.964164055 1.426124959 1.611223168 10.129262210 10.036094871 0.976657495 1.906833485 7.641585640 4.418949333 5.588067130 5.895981614 2.175033113 8.549309625 5.645627459
-22.767381248 -8.191121401 6.064554489 -0.238372913 0.870341693 0.023380710 0.430275533 7.826041002 1.052295056 0.662149213 5.884101492 8.697825777 6.022113478 7.049751852 3.690941618 8.789229259 5.807726054 5.285608814 7.336942485 6.848744020 5.422724232 8.332632767 7.357284962 0.491874998 1.792003188 7.182278213 1.327836533
-23.327669186 -1.470187198 19.637350944 -0.437412149 0.183292711 -0.011212276 -0.880311694 5.616266362 5.171839893 2.673285335 3.838735328 4.525058381 5.244644627 6.351041556 0.389713003 5.057207259 3.842258217 3.302976145 2.092790488 4.992552486 -2.772122012 8.865866191 4.347083300 8.881154533 4.157072193 4.302373772 4.217383253
-29.965454558 -5.209500107 9.597179319 0.763890603 -0.506529170 -0.025490700 -0.399060862 4.860279805 -1.491511677 7.023150729 4.190677411 2.151542977 7.156328554 2.072287965 8.250869701 3.827857076 0.348024616 7.380850970 -0.498194513 6.268896394 6.742707157 -0.485571581 0.445530532 2.523138801 7.382211642 4.232071202 1.770093951
-27.951512414 -15.186983708 16.539782179 0.101744711 -0.409703137 -0.343501025 -0.838926933 4.980629806 -1.361022819 0.585712410 9.816545650 0.266093088 7.836121325 3.988112517 2.607833287 5.464995169 -1.503605611 2.524475308 6.947206615 2.267188279 7.193668058 1.856926653 11.427625451 -0.282998605 1.966325180 4.941899986 4.690605515
-21.895277407 -6.623697915 16.878537775 0.219479528 0.012350655 -0.939656591 -0.262148221 4.481687922 6.740342562 -0.425584448 3.695934635 5.952308609 -0.826419999 3.834996092 6.415258491 4.127267373 -1.936866675 0.330275410 7.333004366 -5.120805628 4.292328797 3.709507668 5.372915200 7.728051930 4.763364250 8.547088789 4.057213110
-28.270939944 -8.913305607 5.535046043 0.239224101 -0.185940926 -0.206108632 -0.930439161 0.876032027 3.499448678 1.633671499 5.381661168 6.702924723 7.305101024 3.982907076 0.952174243 -0.683611221 6.403930872 1.922693971 8.756900279 6.594568269 12.329409807 6.004871443 3.124239602 6.251578543 1.869329563 1.469821512 1.087267365
-20.101496706 -5.558561130 10.403193142 0.045137338 0.748085644 -0.171018047 0.639596215 7.343310545 1.366383725 -1.020464166 -1.513836617 2.515228471 6.692021857 7.513853763 -1.558627208 0.655301755 7.643409425 10.001870055 3.897822885 -4.060307853 1.186153959 -2.376380469 -0.017682946 -3.545299111 2.674773664 5.428656647 2.303868226
-24.223177064 -9.247405234 13.707412376 -0.179902798 -0.553370937 0.179748631 0.793162039 0.912989547 -1.050932954 3.980121951 1.987325604 4.085483801 7.723771419 -0.659967922 5.797333205 4.935494709 7.069993033 1.880555248 1.732906721 7.562311403 11.192841713 6.658277028 4.837974264 3.302365652 6.877710091 3.814909409 2.665633311
-27.074836736 -6.333368415 16.141968524 -0.777251189 0.074313387 -0.594646336 0.191712923 5.786230839 5.876841695 9.044883739 10.541486138 6.961049782 2.948675485 1.737778992 6.040638498 4.508215438 1.388709904 0.391689171 8.032233452 8.090207939 4.173646821 6.141746809 5.475402020 3.637681855 9.564603178 5.285555734 3.954140490
-22.476283443 -1.769329110 11.714811856 0.353324407 -0.746638039 0.106806888 0.553430927 3.839519758 3.924036563 6.380816628 1.937510875 3.271788693 11.884154661 7.034216683 3.455158671 -0.913369308 3.445556240 5.090961725 6.734074085 7.847426464 9.006123429 6.853640356 3.325378781 7.760299386 4.614336399 2.457133903 4.359758700
-29.172628658 -11.616945440 19.411864072 -0.260296223 -0.895189515 -0.360033757 -0.035458449 0.486308962 2.927117752 5.553758758 1.469167981 4.881905354 6.263734986 -0.110084598 5.641433801 4.368108489 -0.485386452 1.748131314 3.961271209 3.895218959 3.973850635 -0.898568937 4.365831759 2.992753699 -1.570784361 -0.490128850 4.876595823
-20.887785663 -1.944471189 9.454408303 0.341934954 0.880864703 0.021469487 0.326644949 5.414467558 -1.761027359 -2.279552535 6.039366369 3.026343502 5.855990301 6.374594821 2.386001594 -2.101093428 7.209237412 7.782488811 5.978338570 -0.444458219 5.425974199 2.587224098 2.013775703 6.843557659 2.860192074 -0.453848744 7.154835535
-28.106383759 -8.716435206 16.967136587 -0.463392921 -0.215375160 -0.477206571 0.714950649 8.796160327 3.379988323 -1.596213735 4.915812152 2.856790756 1.762600327 5.642424558 6.568509952 0.277956937 2.237433707 3.724179434 4.009528524 0.181100636 1.606880950 3.128051803 3.495068326 5.404791005 4.153294373 3.752863121 2.109118670
-30.561062209 -8.529143220 9.519031538 -0.654828108 0.669568502 -0.305552647 -0.171801484 3.845761734 4.537220404 1.856497120 2.059127197 -1.202563128 1.933629741 2.533255108 6.423044127 6.891840462 1.326087661 2.516716953 -3.080732384 2.157999370 4.791826908 4.117440972 4.087798970 3.089752285 -0.832728085 0.208480191 0.640140961
-21.877992588 -3.934797971 13.530401405 0.153087568 0.287200076 0.556512412 0.764443751 4.429363997 3.826987614 4.027931615 3.832765122 -0.458698471 2.351731313 5.185137276 7.401467718 10.370280727 4.144807443 8.683167226 4.905945645 3.615844858 3.390747307 1.166684745 1.986615278 10.911600385 3.133007900 0.530770469 3.782582648
-31.128611148 -10.084926471 12.107653219 -0.209857125 -0.851897312 -0.479247260 -0.023516416 4.390572540 7.432054936 0.774714767 3.592615256 3.769446098 3.542228145 0.050004666 10.310185079 -1.053061350 3.630568679 5.276351763 0.525328221 0.350207792 2.852110673 6.539743161 3.589450946 9.062907693 7.516738824 5.873835635 5.845500700
-18.673989693 -11.198150152 12.499506464 -0.616001390 0.435117912 0.185175431 0.630019643 4.138587539 -2.454056037 4.691436037 9.012009962 9.657726846 0.698743321 1.781094163 3.370221691 3.353216274 6.284336220 7.936351567 0.475621670 2.010861038 11.156858737 7.222000973 2.968819742 6.885333259 -3.809656618 -2.440616972 3.255080287
-19.336735249 -4.427413107 20.182183208 -0.305930100 0.303417914 0.802064791 0.413565489 9.031827472 8.477977074 0.648982108 3.222177936 1.188182519 6.539773303 3.259291796 5.591552585 3.608714984 1.050063027 3.558295836 4.187930929 2.155024644 1.960684230 9.325752401 9.999777060 7.380146584 4.044872140 3.013371129 1.271718979
-22.795500657 -10.689548232 8.880126515 -0.180535830 0.468687105 0.758335665 0.415531263 7.171023937 1.488583954 0.711648908 1.404748662 -0.793066492 8.293169857 7.627301751 6.513950080 0.973857066 5.878977973 8.143974683 1.191662541 3.204846299 3.102345562 6.253554248 2.075193623 6.085964018 6.368017600 6.628188083 6.055994907
-16.738818493 -7.831632999 10.924547067 0.278238496 -0.343670853 0.413049467 0.796155652 7.762469033 2.417781141 3.804752648 8.320880076 2.183287359 2.322909316 3.327538671 0.631897855 5.783952655 1.820899563 -1.542606522 2.060349209 4.857616731 2.306748092 -0.027207849 3.204631525 6.734583578 0.412884522 1.272235829 0.433181161
-26.853611172 0.680547188 18.741551316 -0.109574687 -0.983869780 0.013515037 -0.140751512 1.822678423 3.376379332 3.764216449 4.221841400 5.443076127 3.914116588 -1.422316263 2.125180591 4.454150974 5.685764227 7.205160533 2.767917052 2.311083461 9.522629513 1.709882596 1.550025240 6.833376645 3.631179472 3.345711028 5.545334790
-30.403487485 -14.674367031 10.851527852 0.315378548 0.007861575 -0.183179739 0.931085254 4.244615412 -4.514430319 7.345686610 0.216955766 2.140936406 6.628160005 3.696730553 6.323115667 8.707563012 4.273504582 3.214630440 2.801209855 2.280281177 0.207024530 6.356110553 6.967054816 2.832540082 1.838666312 -0.735490555 3.417393015
-24.305003839 -14.511137907 10.017553376 -0.007479791 -0.707134869 0.044003796 0.705668475 5.069885203 8.232966179 4.118169782 4.911990434 10.304204894 3.123280029 6.401010359 4.031075786 -1.369612119 3.236239142 1.735939856 4.118877799 6.425005724 4.419572012 2.460932576 0.195735078 4.121127066 3.144366339 5.810813492 7.729501754
-19.388863556 -4.693113684 18.304063842 -0.865456216 0.396326650 -0.306038173 0.015854367 1.931827283 4.024753470 5.368935498 4.712089256 11.723104771 5.374776528 7.752831725 3.956162861 6.200786807 3.244235720 1.171873686 4.183560549 7.093164631 5.956668716 4.223337827 1.514249822 2.866121106 5.756152053 9.332406354 6.398660287
-32.845344144 -6.366024503 9.772417187 -0.110297429 -0.276402991 0.836773613 -0.459614821 2.747237270 -0.737092861 5.665016542 6.637809646 4.337944066 7.348103902 6.707741718 4.073613173 3.726647028 -0.130302755 0.808347805 5.840543432 3.349430490 2.274702272 2.268950488 5.495847783 6.284176392 5.657885549 2.872251770 1.413487272
-28.899906721 -1.253928637 13.983861491 0.228017300 -0.664616266 -0.675148399 0.224650772 6.304348195 9.056967963 1.280068739 -0.815439794 -2.164801673 4.075592025 5.914053862 2.996998653 2.314291050 8.214462680 -1.296702388 0.733899259 8.988886394 6.388694517 5.518327140 3.313960099 5.452028449 4.089677762 2.981527342 4.132470311
-26.189351286 2.443125267 11.246497669 -0.436868056 -0.178513260 0.848624090 -0.238990527 4.582822432 4.433778764 -0.732405386 5.502605147 3.009381505 -1.006266377 7.681612142 4.001223636 6.264464385 1.696343948 5.549777195 7.519684981 7.868798945 8.486683727 5.187758268 -0.431024063 6.062767824 6.457662361 2.340013718 2.835126525
-23.412021673 -3.159213358 7.427223803 -0.130978419 0.977553092 0.139271355 -0.088533020 7.432994196 3.139239126 6.053687227 8.427419585 5.315511435 4.222775356 4.661535862 9.791371262 -1.649128252 3.689586261 5.261998722 -0.105379054 -0.187026644 0.171419439 0.811279353 2.681971207 3.160645265 3.366963459 6.385489482 6.295120054
-32.381846425 -5.479622483 17.457117076 -0.186536338 -0.736994091 -0.646896432 -0.059740369 9.590321939 4.740314928 6.546046340 4.296360748 6.867332812 1.690471288 2.690216984 3.780059678 4.480829126 6.954759166 3.642655826 6.459634637 3.773184442 -4.535955829 1.477962739 0.300022035 2.205671139 10.775758094 11.318316911 3.673655466
-19.947591046 -9.846586593 16.156129665 -0.233682929 -0.568568420 0.682367481 0.395596843 6.345485605 3.270316053 4.188472601 2.636876421 6.102881412 1.675438634 2.668029032 2.726057706 6.586310256 7.371925999 10.362139894 6.566175457 3.937609470 3.075023263 7.050455296 3.445199164 3.062759717 4.155761873 -2.198531825 5.754382721
-18.509891433 -8.770163606 14.973478903 -0.287043099 -0.499542786 -0.773591620 -0.263854637 6.868695378 5.367016496 5.477570051 3.721466303 3.380260975 2.465006481 5.210387782 2.452197778 2.777089221 3.017865065 5.587640207 4.031684575 2.801198927 2.475631503 6.354556449 7.499852801 5.883438683 4.470430671 -0.473677894 7.228108960
-17.336680679 -5.707954108 11.634220171 -0.450926582 -0.226963274 0.741037510 0.442737279 1.726977451 1.302428965 -0.893082299 2.181543666 6.570367231 -6.938407472 2.812174347 4.177911569 -2.098543979 0.648297237 6.600366745 7.414667065 -2.275449927 3.112999027 2.946372393 8.213636172 5.642138827 -0.722037364 -3.516103626 9.443060780
-29.139082260 0.145829531 19.953921121 0.181753401 0.267214714 0.594898787 -0.735973798 2.815787761 3.919908908 7.453315672 3.946119853 4.911089204 5.519516712 1.184032216 4.591395507 4.614713481 2.126936976 1.415498788 5.523057736 5.624750037 6.774679782 5.313574866 1.255353660 2.363041995 5.355364746 4.814490574 0.157126892
-27.238017059 -4.190881351 17.007657524 0.536435216 0.119012183 -0.427968911 -0.717576456 6.327601413 9.775213158 1.761607385 3.498063161 3.331426724 2.241588789 0.835833812 0.592082327 5.371943705 6.733378252 2.340818804 3.441667847 5.436935902 5.239090417 7.161659947 1.708810900 5.645797673 7.372521390 5.312400279 4.890144500
-31.068581536 -6.454098474 12.893990726 0.066489707 -0.326371267 -0.563614433 -0.755909840 6.182971179 4.442848136 5.694202369 7.806561502 3.499024061 9.558973683 5.057327348 -0.314796778 8.098328020 6.016002625 9.064566381 5.726688971 2.320434307 5.466342121 5.127788805 6.048610302 4.963836475 7.704734842 3.169941484 5.965579876
-29.093368058 -5.909290368 11.232302077 -0.362872605 0.316442804 0.450571513 -0.751779712 9.547488384 8.119765474 7.677429786 3.641682874 3.405974883 9.354431439 4.156777302 3.783581579 1.661096874 4.898514894 1.556720140 2.458402278 0.590190094 5.414908826 4.547817598 8.523695682 3.919246663 9.975823427 2.763659133 3.931020753
-25.848174535 0.740813011 16.861632263 -0.757319772 -0.364761026 -0.440927058 -0.314641839 0.020707120 0.983945447 1.591707983 7.275663474 1.687313757 3.370691350 5.852370677 0.507765150 4.717395165 -0.062117077 3.617886965 3.669614169 1.522323971 -0.056360033 9.652318927 0.532804328 2.624938697 6.257704967 9.390421766 6.919287100
-23.493461513 -3.857497740 13.390294337 0.248091831 0.897801972 -0.221494815 0.288690333 4.947955889 7.701007350 8.423723589 2.245135197 3.265270565 5.944528920 6.182804401 6.992330113 2.820844952 1.853701414 5.292558981 0.271520666 2.463159879 2.756397894 6.875203687 6.086828259 3.617970927 8.919245865 5.948539694 6.454184701
-30.874207275 0.216357891 16.325913128 -0.122605522 0.825213358 -0.549242629 -0.048200974 5.814956892 9.760619129 1.974921881 5.714831215 7.411497985 3.485139272 3.390588769 6.427969706 4.870500289 0.741570187 2.443862531 1.498338547 4.128433860 0.119960797 -0.222969547 4.586632170 4.337057382 4.359682189 3.448644818 2.067295400
-23.382224264 -7.250087073 12.059865102 0.247165347 0.883634143 0.331252999 0.219935088 3.629218686 2.330584256 3.015442145 3.382556069 0.791422116 4.438972997 6.192387341 -3.639264110 1.318028403 5.195993234 1.786676157 1.367924658 3.205441211 5.813184664 6.293239968 3.989417914 7.951225308 7.518419992 3.356383340 3.674196087
-32.418465304 -10.946769781 8.272768988 0.044445666 -0.885126131 -0.101573776 0.451950310 6.482260880 5.364110783 3.499022933 7.451986052 5.010102242 4.864101894 2.264189391 5.850257518 6.960647436 0.613294809 7.196257501 4.349346061 1.246466196 1.898470961 -1.664734923 3.392296308 4.325333756 6.597989057 3.250180365 4.525310354
-24.534853898 -0.156958005 15.060873160 -0.667577839 0.542056659 -0.030858378 -0.509472441 9.028794012 8.349744062 5.661242153 5.010298218 1.504986295 8.353743586 2.889858313 9.572516502 1.461377667 7.019674479 4.004755921 10.126518756 1.728961143 -2.258751638 3.806388135 6.080521712 5.334162470 5.634282427 2.928506612 3.202061535
-31.866588362 -4.605791328 10.186731648 -0.485123970 -0.802513487 0.295697080 0.182181429 6.053277309 9.191627833 0.525826197 4.149815857 -0.746998796 7.698826246 2.473654551 3.113769662 4.107455119 6.831926890 4.288821488 10.752051243 1.697652515 6.882158041 -2.511612980 7.910199188 -2.264992333 3.321810228 4.793246837 9.527317685
-24.804354938 -2.311731330 22.143438041 -0.233224609 -0.862126568 -0.058634633 0.445988835 4.346925181 2.103743269 3.722941447 1.020182039 3.996299660 3.941480299 5.731098280 0.877496836 1.482376106 8.400903434 -0.825454552 4.675729030 1.192904741 1.539225094 3.756445749 3.723773154 6.557836853 3.323557274 6.331144137 3.765832345
-21.177097330 -6.027150053 10.148459306 -0.847332839 0.060499179 0.062844929 -0.523848666 6.403992314 5.116505035 1.721185309 3.444587898 3.051399202 6.256404226 5.568452380 3.844551198 4.574444579 1.338132019 6.130951358 6.272356012 9.306160306 1.601625376 1.003122560 4.424509385 3.384915459 5.922562474 4.161400001 1.514232621
-19.155323951 -11.136354808 18.436234047 0.484377250 0.280580243 0.649993022 0.513967390 2.135473234 1.136752743 -0.112224582 3.040383633 0.747976417 8.122378724 5.337387399 2.484055081 3.933186997 2.805712009 5.659799718 1.283686625 6.679457178 -0.081888310 0.847191084 6.365617463 12.564392552 5.945939321 3.745346447 4.010483072
-31.887597557 -7.871058515 11.760381639 -0.920315546 0.375165027 0.090834333 -0.063400484 5.345848459 4.009148114 0.560743081 4.059385724 6.605247590 -1.060702921 0.500734269 3.489684163 1.719092947 4.966525843 3.263675483 0.278791612 6.018915445 6.796797541 3.553755833 4.326654489 1.632066170 2.855693533 0.590142123 3.075076591
-24.585932565 -9.875264167 19.354583952 0.675238020 -0.592431648 0.414174810 0.146756889 4.797957470 2.735844883 3.767111236 4.667497127 0.663320043 4.302587465 3.273555183 -1.547785658 3.451902804 4.971407799 6.210685324 1.254114882 5.985150327 2.657687727 0.907904485 5.660890395 0.855613572 4.926690327 3.161493163 1.012591160
-30.823134121 -0.402556149 13.966258020 0.740796040 -0.117185773 -0.457432843 0.477748799 0.879591171 3.924684108 2.663591126 3.244782246 5.015233319 4.204649578 3.278096574 2.026827376 2.795824153 6.025843832 6.524600631 2.216788958 2.999524056 2.566956880 6.944143665 0.479115486 3.623204595 0.468465484 3.351134230 12.874511950
-28.559471216 -1.209175001 6.272717121 0.028618202 -0.308305354 0.940340792 0.141024824 3.353467103 0.224863228 -1.069856758 2.598322608 9.494533556 -1.070087642 3.660696289 6.639642199 8.293729148 -0.475044553 3.600382476 2.157322534 3.180198625 6.065816320 1.345216041 8.701400106 7.547028535 4.698937434 15.726276118 3.399103624
-19.614600450 -7.294386573 19.108776097 0.796964436 -0.195335390 0.228056104 0.524101314 5.241788739 4.399515623 3.027595404 2.161281076 -0.246390225 2.964878997 0.510954264 4.283453071 4.132499973 3.759314231 -0.418969149 0.442782841 6.551106557 7.749292224 5.379804904 4.373283978 -2.903383126 4.792692028 7.872611343 2.449301075
-33.793937085 -2.509682781 11.644105190 0.199516277 0.683583167 0.570478517 0.409220687 4.798126949 1.910447204 5.341710820 0.531566500 0.046603782 4.541570396 2.436729052 3.311661233 4.291014537 4.835596249 6.617217994 2.182616619 -2.241232403 2.700362767 6.687225571 3.322332174 2.281589318 4.511480833 3.787383997 6.713210321
-33.495257542 -4.459977695 14.888723575 0.285782668 0.287707131 -0.057047816 -0.912303908 1.339854803 1.586722669 0.313807819 6.028006048 1.149700668 -0.759313363 2.103933236 9.538222913 4.245248770 6.870925316 1.082414772 3.914570161 1.237782605 4.194379475 4.066639975 6.488074294 3.880985634 -0.917007261 7.731672671 11.832101013
-26.951957387 -12.667008735 9.996358072 -0.451490512 -0.814025640 -0.256868439 0.259879166 2.869575201 2.188086475 8.604550057 2.107070123 8.050962328 5.389668407 3.133397710 5.429254505 5.315600717 4.768979870 7.692760335 2.763140834 0.857355838 2.304724122 4.147866600 5.095474620 4.229265650 1.682097444 4.564699713 8.579403337
-19.748162636 -5.698993674 12.249011687 0.322585489 -0.427291287 -0.366318646 0.761033119 4.413359766 2.334392516 4.460333325 6.315394201 -0.027585805 -0.283326150 4.936950474 5.082392611 6.441751030 4.059947882 -0.193010814 10.252769694 1.740073558 1.896900670 6.626469397 2.238020577 6.858025485 7.282411238 3.742462680 1.361834050
-29.641585457 -7.189455579 5.590281306 -0.400803309 0.164482412 0.627151057 0.647289576 5.718352664 -2.489372892 7.752575235 9.678236080 4.515362756 10.981354620 8.077380172 2.422023065 4.668529000 1.814433480 4.446461294 8.279624368 7.063117806 4.205725076 3.031040648 4.129982229 6.734364832 5.125512317 1.475880338 0.484522047
-30.578085911 -4.684871429 13.535573332 0.615180050 0.241312089 -0.256448136 0.705376733 0.929779479 9.924298749 -3.122608367 9.397765250 1.639921148 2.275705557 5.101310509 3.285472878 4.376291593 1.766559787 6.482634415 3.737252673 10.298614719 6.360820172 2.779504609 6.990326709 4.844773075 -2.580135998 4.253909226 3.944781227
-34.152881079 -4.232731332 17.417067151 0.001022498 0.725835648 0.426775683 0.539466479 1.783533609 0.281595701 -0.149276386 6.486648368 3.600908626 6.701962551 -0.650979311 6.687323330 7.032942026 7.691052275 -0.023067539 4.308922347 4.156694870 7.966185484 8.568910734 8.547603334 8.909459464 5.718943748 10.714303455 4.260818080
-22.085938078 -14.938613169 17.747063297 0.212654979 0.913562715 -0.297943390 -0.177230815 4.269635313 7.270602727 4.111908740 -1.758482878 1.364312289 1.390655377 3.438538120 0.383575787 2.041532075 3.126629516 1.555808226 6.010735147 -1.483876467 1.861391966 3.688161833 2.972428530 1.935252152 4.075120034 8.385320887 2.733228119
-29.924539335 -1.803792438 17.209557345 -0.388540915 -0.060367377 0.066409820 0.917050420 3.185936589 8.524907799 1.598995104 10.210770599 7.414884444 2.075257043 6.396827022 4.887714538 4.791371287 10.791181125 6.770771378 4.343394783 -1.828761199 7.821667924 1.836371908 7.376869336 2.568649329 1.446623206 3.768065986 2.591145000
-31.936158729 -4.360744843 6.330960385 -0.961725756 -0.171517057 -0.048192729 -0.208189649 0.453421316 -2.094238981 7.691700444 -1.382051963 8.773047201 1.407638490 5.365214453 8.392848362 2.209176574 4.903143584 3.291112315 4.730533685 1.802724839 2.535387250 4.838281584 2.709666555 9.423316240 5.358731975 1.217805310 5.368529360
-19.767608471 -12.873803342 16.972428587 -0.518755204 0.369826733 -0.700406429 0.321795060 5.821406825 2.757985641 5.477376199 1.706093841 5.404653111 -0.736951920 2.515068362 2.556066433 3.795134955 1.726808900 10.214506324 7.219401036 -1.001081418 3.391144542 6.486904867 4.750373282 9.130155681 4.545964815 7.390444165 1.981446538
-27.975412436 -8.088943309 7.229687471 0.179227476 0.569148310 -0.612901872 0.517975877 4.717715869 5.687140846 0.744982378 6.242427775 9.233302466 5.560423288 5.482060899 4.590209944 3.254585933 2.728155891 6.468336173 2.849835087 0.030627264 0.621837902 4.279758043 5.061344065 -1.256263124 8.247698906 4.344234224 3.006930930
-20.985014324 -9.727257735 19.826196086 0.029382459 -0.645928711 0.759149722 -0.074863013 5.994892862 6.094045673 0.465765526 7.297666873 -2.847423667 3.869146809 5.242184436 2.370662048 5.800039827 2.673491062 4.711231404 4.377383894 4.684730226 -1.241870186 6.224977415 6.448538170 3.275127517 0.398928303 5.777619298 3.527176580
-30.856660648 -6.140801009 5.708084858 0.949811627 0.134266869 0.075975614 0.272135970 -0.793817099 6.335196565 3.680847937 1.033733630 0.387715396 4.957560327 1.374690633 5.955500442 1.194581903 -2.776909964 8.443182051 5.423847585 4.381357728 3.026034338 6.198390046 3.537109748 7.765029845 4.581638796 6.929550918 3.532129025
-23.404881136 -15.887591760 16.808273777 -0.954968094 -0.296094400 -0.014552780 -0.012339437 0.411431109 9.859930788 0.093999876 7.994716990 4.564324826 6.493402864 -0.308919424 6.716504240 9.994565501 8.824691747 6.068999817 2.891243030 4.709363107 4.436767795 8.048182920 2.233753732 6.349211730 4.155348862 -0.042278172 3.383096609
-33.993597471 -4.120747762 9.977644029 -0.134797968 0.457440593 0.843057867 -0.248658492 4.606656725 0.711106217 -0.760829497 4.543440569 7.306281293 4.912303032 3.591014447 4.040274312 4.100633616 -4.886283124 0.641173952 2.898398281 2.031385534 0.855913813 6.894948280 -1.259931131 5.318741862 1.993219903 10.545244020 3.607283239
-22.855488909 -14.276662784 9.367767987 -0.333336700 -0.729238263 -0.467460869 -0.372261381 7.573322877 -1.471239325 5.218303993 -9.641214626 2.809711752 -2.300358659 6.835423577 6.697219616 2.878310485 10.711244344 8.506079133 3.080154540 3.741889291 3.880407890 4.617128862 0.873940169 1.517278448 -1.007291952 -0.568037647 1.015786287
-26.123755860 -5.721395993 19.422554638 0.065480075 -0.018358825 -0.185645042 -0.980260798 7.776747348 12.343043380 3.958043445 -1.676598963 5.627565787 4.586987391 4.166140617 4.396583563 6.013542329 3.843683583 2.930185787 2.548782325 1.730303758 3.935190894 5.004513192 6.746632648 3.484984401 -0.561291866 3.517706809 7.562392185
-20.646718400 -14.075857638 11.823704163 -0.104972066 0.899519070 -0.146205453 -0.398083249 11.922644068 -1.412563826 2.424678385 0.988625375 1.591139921 3.261352562 4.483117632 0.255876692 2.205272551 -0.257420988 5.678835712 8.379902921 3.167426287 0.457290258 2.107442020 5.286413487 1.489673975 6.984487774 4.146088260 1.406156024
-22.582264219 -3.970229804 11.274750576 -0.245711502 0.435589639 0.719696553 0.481585295 9.428292316 2.896691385 8.572764499 3.846094149 3.058882171 -0.422674369 8.694045324 8.118842016 10.166704717 8.168929776 8.829840908 2.599395132 9.312243055 2.596071518 -1.564766251 0.716595073 2.344190608 2.231632095 2.195755654 2.270588426
-29.488895607 -3.443657831 20.307600782 -0.162765415 0.197626232 -0.008964695 -0.966628639 10.348208554 10.182085554 2.514394261 6.007164753 3.051110051 4.157521481 3.557138219 3.673022182 2.146395155 2.056331654 4.485599954 3.738825292 4.762237673 3.847843278 10.627217055 6.354218852 -0.495663275 8.949370993 8.699737098 4.697177759
-31.641158708 -13.992002498 15.373979177 -0.134393281 0.607972171 -0.205108047 -0.755141692 9.163326355 3.168094789 2.763903778 5.076160803 0.990751534 1.421370608 7.978706800 7.112791501 1.442711300 8.720245818 0.701077686 7.358013148 0.450190500 0.034731654 11.375597396 3.200146236 3.475365363 4.739844528 2.973530766 2.836268912
-28.479259754 -4.134695827 7.587206316 0.459580220 -0.668921488 0.214578256 -0.543402463 1.574598046 2.902818534 1.080719888 5.983925224 2.298559631 -3.358484671 2.831138069 6.000789463 6.573202636 9.398619099 6.381869909 7.565730238 0.201493313 2.397346238 0.130633939 2.714378952 3.776535183 0.433704059 8.787834206 -0.341358237
-33.196812389 -12.555663013 13.986354383 0.724983952 -0.290429497 -0.304090406 -0.545507106 3.765324734 4.148833072 2.947538242 7.372577740 3.057302909 9.545890049 3.117352869 -0.441042659 1.589419062 6.555293352 8.805824138 5.808618081 4.089208182 4.527231489 4.838573251 -0.395596689 7.542567044 8.349127272 6.982913599 0.709493081
-33.894355636 -5.234595933 14.823576792 -0.373658714 0.002961661 -0.696158658 0.612971057 0.622115378 2.439091585 3.161051384 8.520675941 6.836564426 2.787498730 2.954742316 5.092717273 5.094496187 3.096638457 7.473412260 2.236154764 -1.198643462 2.102860357 2.544006132 1.321128939 3.121974614 0.154739035 -1.049128029 11.119027375
-25.397331904 -1.311109983 20.655365272 0.834736453 0.375530106 0.362710040 0.175024627 1.708200805 5.047205130 11.288268747 8.347303664 6.690884363 2.425777174 5.569308500 8.128504560 9.097443124 -1.250564218 1.658178775 6.992153364 1.559847121 1.732622653 6.254912400 7.798191309 3.477956101 7.872397706 2.569587604 -2.822274346
-26.207799657 -11.895569981 9.781713426 -0.526972911 0.769345857 -0.073784026 -0.353500242 0.673505764 3.755215388 4.407899796 7.318164789 7.072832281 7.350891217 2.859646650 1.807211520 2.790392118 7.405955190 0.133106827 4.590055703 4.029311988 4.916707163 3.104062011 -0.188812736 0.810463696 7.244493435 3.287246564 5.165170153
-21.985297361 -2.367864387 7.927227951 0.670422737 0.258413563 0.625022208 0.305127881 3.371521499 0.577645699 6.546248130 3.312946516 -3.907578976 4.265178098 0.023887749 4.719049309 0.858941274 1.047945058 2.510895818 8.217660980 -1.149409209 8.955142167 -0.240842300 7.972354207 5.062090207 1.235199667 3.365173133 -2.133069483
-17.717073644 -6.123439943 9.410391871 -0.575278593 0.736958038 0.055967559 0.350449743 -0.996413069 1.319270404 6.147276894 -1.121020786 4.742182858 1.015461515 3.473688215 -2.694511020 0.224999269 5.383349601 2.591305500 7.884859339 7.387371404 6.914239949 3.184955824 3.389957041 8.146544318 3.811430939 6.849617711 1.973919212
-34.290183073 -4.127960314 16.246670363 0.154937414 -0.588320359 -0.099562000 -0.787375998 0.174587787 2.047080159 6.645956009 6.260320475 -2.727020796 5.609974036 6.904037497 5.071141198 4.267718099 1.634893855 4.338451911 2.532216993 2.976966105 7.008819546 6.524420829 2.496909813 4.864959663 5.100733656 5.385179927 -0.537772719
-24.168812604 -11.501997081 19.223668117 -0.663908230 -0.597369454 -0.377022404 -0.245417408 4.620565435 0.847999648 6.647284223 5.374341992 5.137341473 1.636079578 6.492570981 0.529599371 3.122927400 7.912685369 3.532197696 3.259595605 2.743540607 3.319287563 2.618897289 8.060535821 1.617729537 1.164537508 -0.570593904 8.682872069
-22.673680515 -8.106290252 8.032791759 -0.336438713 -0.833713082 -0.433774711 -0.059757762 0.176876229 1.136856430 -0.543375825 5.149946546 3.687745285 3.236182960 -4.371848468 4.800198919 7.338436001 3.761063632 2.544547442 2.530075867 5.947484740 0.190363751 5.821489067 5.623269935 4.695601243 -0.216907374 3.235015848 4.151644264
-25.544126922 -7.298571658 15.491904175 0.113450325 -0.495845546 -0.481176167 0.713957782 7.980108771 4.481435425 -3.730201563 6.241161887 7.649994365 2.955022767 3.649070488 0.077409743 3.769660624 7.162581242 3.833677400 5.400797017 6.254213498 1.013656320 -1.292042148 1.274434611 9.403086966 -3.307641606 1.697534013 5.774022939
-26.651789162 -8.782633402 20.312693516 -0.037354565 0.143989820 0.828115048 0.540460023 3.543313687 1.436739365 3.180022048 1.950189479 3.058287959 5.678274228 2.783622674 5.262174770 -1.509305987 4.374141620 1.349214657 1.361037495 2.596537181 6.826606899 8.776091490 6.334483293 8.556981462 2.449202106 0.683863010 3.905287836
-23.304588904 -12.653641077 7.670760498 -0.231731657 -0.550702387 0.649896420 -0.469746702 8.644790805 7.403829541 5.549225741 3.963891619 8.463996438 5.547305145 6.719944442 6.948265630 6.195088023 7.315362470 9.001982191 1.349210642 4.266580053 5.831144227 4.573936402 6.569852467 1.876543182 5.079823687 7.829571222 9.632380030
-24.102309032 -7.839611883 19.570744766 -0.243636048 0.177389369 -0.699612666 -0.647855390 -0.045038339 4.719511425 8.560524025 1.598498528 1.970374980 1.514670370 0.565594417 8.726214009 10.734855625 4.911829974 6.017051234 6.212132011 3.932651152 7.664757121 -0.715774475 4.430033271 4.334378112 0.084148318 0.858036896 -1.159412771
-21.995858079 -0.240219513 15.380995651 0.907742095 0.316930475 0.174952919 -0.212016132 3.908012694 2.907699057 3.066592192 1.928360184 2.369612801 3.088215731 4.877403132 1.983741121 3.826194698 2.629015661 0.013415752 3.297504060 6.126174010 7.412694708 6.520304611 5.877464254 4.650399372 4.214288434 5.413291037 1.534050467
-25.748452184 -8.692105710 11.008806163 0.197775008 0.563153492 0.319842019 -0.735828970 10.761547687 4.063176238 4.192131116 2.154489108 5.322720728 8.575737459 3.067899879 3.981489448 0.525281867 5.226707484 5.842079370 6.535440791 4.228750563 1.855518778 -0.076741745 5.899076502 7.192037431 -0.444345964 5.188087766 6.733635037
-21.705560968 -2.311891482 6.545421612 0.618369256 -0.494641978 0.082645770 0.605077229 4.568627382 2.484338592 3.811900844 8.862695733 2.795188026 2.696920591 4.288202590 2.908583370 3.566507782 2.669969274 2.685779939 4.824374200 4.171365936 7.458485628 1.418778062 5.185792748 6.012058715 3.853859794 6.752590965 -0.074491352
-24.797697397 -4.558633342 22.974563648 -0.670332461 0.021407707 -0.292917606 -0.681465610 1.986344327 2.434622259 3.248272054 -0.513694429 -2.194645464 7.633519112 -1.674048160 6.964787564 1.517520326 3.976591021 3.355239619 0.952885675 0.893476358 5.284246156 4.202838269 3.397595278 7.827993236 4.079636522 7.530924944 1.083034207
-26.841785087 -8.599023112 14.329812282 -0.315130098 -0.499836495 0.443041422 -0.674218657 0.833812346 6.886326982 -0.099188414 1.346295838 4.371712831 2.284696593 1.483273327 6.487509149 9.747766509 1.018265016 6.943508734 4.479449479 7.014566301 1.249939997 6.942920513 4.806346582 0.677226050 3.348296392 4.024193726 5.682120254
-29.322760082 -8.285584972 9.733741782 -0.374505786 -0.718691130 0.128150149 -0.571669498 -1.704995105 4.009481035 8.019526228 1.838910490 0.627293372 5.627502200 5.578380193 4.683574539 6.279436716 6.290869826 5.829823628 0.903362102 2.260536445 6.733508269 1.507447402 8.487244500 5.362121278 1.055632193 -1.591967974 5.047647145
-19.655650068 0.132713029 15.099853621 0.413518076 0.382857937 -0.533303297 -0.630880492 8.507243975 7.106966254 6.097325131 6.200245731 -3.836644047 2.618591863 4.501434187 7.636150122 6.441943830 -0.014110259 7.311220940 3.746043359 7.785046723 3.506862655 7.030448984 7.063671531 8.727719691 1.726430611 1.240044047 6.904414494
-27.611057339 -12.935585517 10.971487039 -0.351334427 -0.239159156 -0.905154849 0.007856115 9.897200767 2.974062272 1.684698515 3.024377417 4.833814054 4.555720899 -3.471562620 -1.371125678 3.745251379 3.907446833 6.282222234 6.969057599 1.404996230 1.224627884 1.108868248 6.967311965 -0.042352689 3.065758399 3.710086674 4.026938132
-29.755788462 -5.424740561 15.928743669 -0.546175702 -0.647523106 -0.506158278 0.161894184 8.100271362 -2.647156981 -0.592017970 5.161226850 8.493588414 1.136802485 1.766504413 5.738666108 1.525809285 5.488684463 2.198487750 4.254237692 8.055089475 3.839072949 4.552931111 5.513660419 -0.948849245 9.057286266 6.706193048 1.490958219
-20.678192882 -9.012798938 11.086364787 0.044238011 -0.164473765 0.808120849 -0.563854655 4.232759183 5.623174899 0.190566079 4.261611333 1.782063047 0.640584343 5.926365960 8.749637841 4.108115428 -4.210400518 2.711497541 0.854181943 3.209338046 5.752109591 -2.532482189 3.707129404 4.004249384 1.152383256 1.144129705 8.165946732
-21.085398296 -5.982801518 6.916756305 -0.360380361 -0.075851568 0.929570748 0.016454780 1.050339462 1.558223350 5.339572303 5.937732748 6.677074531 6.118049175 0.078839136 5.249815819 5.716570981 7.051217583 -1.440486678 1.629653912 2.305528948 -0.557758831 3.407866622 2.691620066 7.005887343 5.151058428 -3.538851829 4.549649990
-20.999286575 -8.784858578 10.463718880 -0.515919078 -0.143060796 -0.654749677 -0.533539102 9.330103628 -3.444067690 1.057177670 5.750376018 3.288574819 0.559704846 -0.619718873 7.120943363 4.637781817 8.605858323 2.428468755 5.012077118 0.393751863 9.799992672 6.223159194 3.866160528 4.342639360 2.088380697 2.678353949 2.094669533
-23.746204305 -13.274117581 7.520176605 0.050276834 -0.675770103 -0.194789896 0.709128976 4.222008251 -0.308874582 5.950731160 -0.334442407 -2.777018254 5.397095110 1.897859176 3.797222073 7.634200411 2.542844076 4.480645082 8.477359024 2.123466381 0.759845959 3.084817247 3.454408489 8.178005878 2.543911376 -0.868785339 7.291813851
-29.904599536 -5.402677582 5.751727276 -0.565948742 0.623023712 -0.449475852 -0.299190465 2.360031893 11.160193454 1.822686821 5.291658469 2.982387711 3.782164688 5.529256153 6.955503265 8.315405368 5.732279914 8.649235317 4.688003186 0.991017094 4.023946951 1.011766425 1.570159031 5.693400447 2.050877679 7.940636521 3.735962628
-20.132759608 -5.991430539 13.899180746 0.179171272 -0.519213627 -0.143759595 0.823193807 3.865377339 5.673227933 2.745708559 5.628067023 4.124389421 3.080741465 5.999711369 5.903411176 5.490123117 5.707823985 8.689763675 5.347494104 3.372584571 2.598207922 5.007515755 -0.298341185 4.473630956 -0.225102278 7.838945450 7.545651346
-27.225993851 -5.777640773 13.758491032 -0.108649655 -0.944497316 -0.302846580 -0.066362800 4.064318478 7.481199044 9.479392186 3.552931489 2.555480868 8.987626461 6.445025994 3.617280936 6.777367328 2.736710335 0.415995978 8.257840876 4.228238068 5.794660353 7.870333153 6.159757947 6.061025405 5.856011426 4.110190433 1.016353073
-30.001353798 0.651300122 8.735748978 0.405594671 -0.802269330 0.417146241 0.133588541 4.081900678 -1.741922782 1.941685508 6.035153647 4.928817801 3.681008365 0.277689525 3.875785989 2.300059973 5.199530630 1.791008628 8.390169111 4.183308631 6.291648193 2.117563737 5.502651681 0.871876270 3.575320329 3.126621295 6.231618847
-29.316358047 -7.198226006 9.367573926 0.202232205 -0.241213366 0.262975140 -0.912010045 8.672462397 1.159834840 3.902734235 7.723083968 3.586893440 4.101619798 3.517696764 7.689599603 6.824541088 5.373445148 -1.746405294 5.429555406 1.723317796 8.072639162 0.653591065 3.735573846 0.656800444 2.533219810 2.364453476 6.773436809
-25.134028191 -6.158033074 19.231081432 -0.821224925 0.478941833 0.310145027 -0.003795463 -0.430495317 9.270665936 4.430019957 -0.614227583 8.181133856 5.449761791 -2.399256263 4.584847772 -0.075410027 2.236354584 2.517695051 7.379904820 2.130927390 4.479075545 5.772855215 6.081935141 2.261171063 4.472168925 8.183352434 2.294914388
