-26.761349306 -18.491659478 -6.502314462 0.229582700 -0.161362140 -0.398476989 -0.873195358 3.287846921 3.672992180 -1.490738675 3.004017030 4.181244993 0.272122491 7.079808339 12.220637891 4.133533022 0.492474886 6.531057988 9.232331692 2.760513875 2.783608971 6.844743768 3.311824179 6.457654673 5.447015791 6.094754240 7.118716374
-20.828524711 -26.722857287 -13.138863986 -0.656547085 0.298156496 0.174184796 0.670602927 3.393088366 2.122689948 2.815662107 2.319678184 1.764248180 -2.477149905 8.236504078 8.112402190 -0.962670362 -4.054741227 5.951121268 7.314663490 4.886407497 3.171636051 3.379927291 -1.250088422 3.212263651 9.730526022 6.106936145 4.255259544
-21.656505555 -17.883009412 -10.444597859 -0.898235632 -0.254471332 0.111449232 0.340582089 -0.801923400 4.793206449 4.110864584 0.237855369 7.232367767 6.374888069 6.568101856 7.544574333 0.462877202 4.146461465 6.316464789 9.844483473 3.326015311 6.067705118 3.945788697 7.513226189 2.848971242 3.227420437 -0.107078842 2.965747338
-22.523635358 -10.265491346 -10.752213506 -0.384049939 -0.686863974 -0.614050293 -0.060545550 8.845841844 5.557545134 4.372301384 6.694729513 7.146834501 -0.494066154 0.416378650 7.322301200 6.556270282 2.650350065 -1.108740254 3.806962832 2.946557287 5.146377865 2.099169531 5.373957490 6.527519316 7.062455656 9.857451340 1.001182323
-9.821726781 -21.861676659 -4.839375118 0.232982165 0.238169672 0.794750102 -0.507313308 0.547771402 3.472462674 4.873412080 3.827113051 1.745200167 2.868347403 5.585207492 4.797330936 5.162131027 5.541393253 6.776584848 8.955446795 9.313549789 3.533689620 1.574376822 5.411088426 5.993995599 3.392800302 3.943266241 2.984493913
-17.116232358 -18.966987795 -8.762261498 0.103108446 0.942656351 0.256456924 -0.187076183 5.589834468 6.885141995 4.452241186 3.054151701 -0.222403132 5.859952357 2.387461953 3.623548191 0.683093775 0.085272747 2.420827530 4.930328197 0.346664922 1.906472112 9.227543947 6.519741405 1.068957066 2.010538666 1.522381247 8.565584071
-17.580632688 -18.893426805 -0.466844684 -0.104099465 0.196169328 -0.509809690 -0.831128736 -0.257754914 1.055939767 0.626866544 4.361086719 1.739158249 0.999103855 7.205364297 5.525225710 3.089099203 3.996082702 7.657749427 -1.967959205 6.620367838 4.735468621 7.804086880 -2.424027422 7.458443037 3.400364649 1.502864302 -0.241787423
-13.480722842 -25.236661796 -13.890717926 -0.142483854 0.004570910 -0.928048226 0.344098747 -1.075789151 3.577910605 4.766185132 -1.132073848 5.920134862 7.352177971 4.505495795 0.597945282 6.213706551 9.241478612 0.712401332 2.164041409 7.781252576 6.388857251 7.179467693 4.796789187 2.672344591 3.430837809 2.537310028 -0.263019515
-14.652439880 -20.611794109 -15.895138006 0.093973935 -0.156495644 -0.982844831 0.026344838 -0.145298765 11.985814015 7.109333638 -0.677671388 2.931750795 0.474994860 2.430423814 3.832214847 2.858319854 2.460761473 4.973377930 3.039363388 0.515250234 -1.220155700 6.920305300 5.763929014 9.995099318 -1.584101766 0.840831659 1.344481421
-26.159669512 -22.123892406 -3.882124817 -0.153770945 0.254949165 -0.954212921 -0.028863856 1.306880604 0.448321573 5.255822424 5.740540892 0.735752515 5.862683615 1.382276228 3.404243934 0.896286458 -1.281998431 -2.564576143 6.109978918 6.556590147 3.365356163 3.362454751 2.066573100 1.222005456 0.978796408 9.286668306 2.054908186
-13.125940062 -15.398230412 -0.529605133 -0.876777243 -0.476478472 -0.051464852 -0.039765564 5.517682937 -1.671888918 3.188158271 6.968367722 2.826890242 4.334792652 4.998770319 0.510585981 1.852909905 7.699794735 3.170636298 7.139419168 2.297016211 8.497475384 5.657917922 8.194768336 11.113767276 9.582851207 2.887359087 7.921433096
-22.183793009 -24.848210375 -13.480900556 -0.480110465 0.762117024 -0.364537043 0.236187063 2.273946345 5.237714444 1.774645964 7.722433458 2.002260349 6.563423229 3.699041367 10.336073870 5.617968488 3.110231162 6.483148543 1.288558405 6.908835973 0.718580952 7.027933661 2.954743746 6.153252809 6.453457301 2.738450826 4.869777409
-11.257937801 -15.190672084 -13.694717278 -0.002070856 0.386983085 0.762709008 -0.518184111 9.453863838 5.180493390 5.513396307 5.653088974 4.748073368 7.246058159 4.439599407 -3.173755352 6.049270858 3.274235164 4.998326755 3.775821778 6.653368545 2.031261823 3.749042366 8.176219301 7.014320963 6.793800673 2.852694138 0.256758381
-19.098841481 -15.363897236 0.153659314 -0.399861572 -0.051177538 0.122229930 0.906946210 4.556140639 4.196334171 2.329232747 1.806856832 4.482040449 4.496791304 4.282946962 2.146132948 4.308759696 2.374588206 16.869019830 2.212196160 5.492910143 3.894012261 7.770759540 2.391166767 2.234175181 4.566152481 -1.298477665 7.983474717
-11.863656375 -22.675038138 -4.512498026 0.405377223 -0.501178847 0.648461947 -0.404952062 7.920757215 4.357306570 -1.745655797 7.971667403 6.283316905 5.333127871 5.789172302 3.780966057 8.403542739 4.478013446 4.997685429 5.195583431 6.976226541 4.161953569 4.865600169 4.049223910 7.777547532 -0.008911076 2.391636576 4.920141162
-19.127043326 -19.314586620 -14.079448278 -0.732113195 0.225936564 0.290331323 0.573298056 1.508744262 4.600207669 4.902831594 1.835320147 0.530825963 2.926373461 0.163268506 2.127176809 2.247299963 5.336823369 8.283595256 5.977920513 4.995170090 3.607068583 5.559347096 6.440016068 4.696453279 13.118292546 7.021976110 6.055313282
-21.201550853 -19.759510011 -16.561516036 -0.158939423 -0.489646069 -0.298235039 0.803766663 2.529191287 1.612199733 10.000371763 1.838895155 4.478517419 0.803467150 4.465516573 6.512247529 1.013568684 4.728859096 -0.065587939 1.199228029 1.224103632 4.582034106 3.131810552 0.492788864 10.348708848 5.328012583 3.820445744 3.965183191
-25.302375272 -17.957885642 -2.069354723 0.776939526 0.184475426 -0.493461397 0.344716754 4.819933035 2.499326792 2.301763612 8.761809483 6.071370248 5.806399671 -1.026793639 5.198138491 3.623817037 4.975421928 2.036162484 3.749151404 0.512072926 -0.392725056 5.315726639 7.229296028 2.056807298 3.309406284 1.692194597 5.384515340
-18.233359536 -12.677837263 -5.888800950 -0.487974458 -0.300111768 -0.589312578 0.569670555 4.720360499 4.888396765 7.925635883 4.759245700 7.091529591 0.239206855 7.200751424 -2.347769249 1.215286843 4.392011538 0.633633089 10.597012513 -0.920189788 2.366107976 7.539732009 0.432814127 4.887830670 3.778257480 9.071538163 1.410096649
-19.340269740 -15.911606325 -7.023670479 -0.285582993 0.812465690 -0.503615714 0.068651800 6.481058120 9.889168652 5.425148309 4.926329558 5.349244214 1.667016204 10.119085984 4.252126408 7.602625414 7.909696867 0.582108357 5.383486098 4.428948979 3.290861030 2.852056569 1.857655369 4.887707238 5.930935801 5.279701010 2.133466846
-24.736241164 -15.153998600 -12.272019685 -0.246206253 0.486623971 0.094282564 0.832880778 4.143700938 -1.349583747 0.855349135 7.007128283 -0.031007553 0.202919448 2.076435153 -1.989932778 3.857540087 1.016425228 5.344777995 4.714714747 3.040585444 4.235958406 4.645958541 1.317036725 9.021163673 0.785525991 6.123988450 3.767624002
-15.569839453 -23.747027243 -6.963840968 0.501481837 -0.568143975 0.150701662 0.634836514 10.426094920 3.521218908 6.482551875 -0.833459697 8.648573495 11.894828799 5.419865075 -0.107787944 4.521543712 8.985321708 0.371819480 6.807830564 4.921889327 4.115151322 4.967102819 8.470098733 2.936921734 7.242662220 0.838242133 8.977910549
-25.471901547 -14.991406936 -10.188876433 -0.839315245 0.084566764 0.489519728 -0.220836634 4.288504911 7.244809412 4.040323223 -1.231447852 3.987583949 4.685938210 5.282662332 6.297947325 2.386322783 3.400808253 5.093226824 1.879487692 6.637364235 3.399029057 7.863448095 1.488780552 3.527223110 -2.230480259 5.083415282 0.395276216
-13.509261695 -14.803513928 -3.968631365 0.303721810 0.947078083 0.051544547 0.090218219 1.671596099 3.370677444 6.035005534 4.997126668 7.433494256 6.574170457 2.287990784 6.030761110 3.725052827 9.408920450 0.889436736 5.797622970 1.033600208 4.292052798 9.039930761 6.748111798 4.664678706 3.617042846 8.768346921 6.651146479
-16.454771900 -24.047527496 -9.496067254 -0.569718453 -0.441145942 -0.577438070 0.383896363 3.857571234 1.883664765 4.663512585 8.182443085 4.625094804 3.857078954 3.953906164 12.015958695 5.667866451 0.315498361 3.604693308 0.323587811 1.791811553 4.071050647 1.673729530 0.219225350 2.383884482 2.942982207 6.244002547 4.315507317
-16.974175243 -19.570766375 -11.686571677 -0.354463896 0.104991417 -0.887278256 0.275806898 3.125305948 3.200685664 -0.183727575 -3.606187336 8.078561342 9.180191520 4.009764235 2.552342224 7.163857541 7.470101195 10.217548502 6.022025656 5.510656916 4.823127763 4.648741655 4.703165143 6.843238864 3.028385774 6.999558190 2.776029380
-25.647172769 -21.214173254 -9.700012712 0.808744097 0.186004687 0.553551126 0.070116996 1.330902449 6.764376187 -1.613652572 9.261741324 1.669908385 2.392561903 3.717652974 5.996560969 4.143719717 0.426350087 2.545783778 7.778041933 2.965512750 6.012929768 0.912273217 3.041786080 1.457625776 4.354482281 4.997020168 6.632122196
-17.068139455 -23.385649835 -4.869270898 -0.249083229 -0.466877575 0.654074792 0.540526634 2.933532999 -0.177657946 5.353646956 1.327228777 5.276333877 5.244447762 7.480858782 5.049811369 4.140870560 3.389979291 6.471162437 2.519969683 6.625253108 2.199437630 -0.989642526 6.618620588 -1.056696116 5.024926899 2.236558971 3.781909553
-23.067118078 -16.635155355 -2.500806963 0.748547623 0.572572352 -0.323434087 0.085016171 0.095623585 4.620224783 -2.173851780 7.427957889 5.599300861 3.242267112 5.473878301 5.437298522 4.143973078 2.055168538 5.714328079 5.654856043 5.929751356 -0.804762984 4.893834603 9.436426915 1.916598150 7.340737949 -2.681679950 1.619794043
-15.635482815 -25.956101694 -8.661855668 0.954446018 0.244111399 0.137177039 0.103077073 6.053555045 0.617337107 3.018723068 2.809551820 6.311254643 6.795496175 4.099461461 8.625555670 0.882071483 -1.926162078 -2.787797886 1.191734196 1.767725274 5.476132706 7.864752629 5.944719949 1.940532742 6.927802433 2.214315163 2.518654418
-17.763097669 -15.387465100 -16.374068344 0.037618568 -0.351746182 -0.650445088 0.672146304 4.317892077 1.972471854 -0.168669493 4.065777264 0.748808707 5.134018232 5.152306273 2.485427149 5.139089447 5.394752454 2.102911784 5.404056176 -0.414871635 -0.115928459 3.579544787 3.504470841 0.937323777 5.117378625 1.635961643 8.762289346
-16.505041061 -20.024621849 0.142810117 -0.702518068 -0.575602178 0.338646066 -0.245905143 10.040580820 3.913188589 3.776469684 -0.110244841 -0.613834748 1.529541700 5.911982969 3.046490332 5.658991271 10.157567054 5.838222113 1.871806999 2.155323912 14.573696219 8.214817878 4.400756467 1.217897292 -4.519706516 2.696634243 6.889256260
-18.487308224 -13.139889087 -2.512103096 0.286778500 0.882927075 0.355452493 -0.108864123 4.546242524 5.075983722 1.321531271 2.239534603 9.974867455 -2.810446238 6.508023180 0.047278082 1.381489916 6.978209789 2.838416977 2.568617177 5.376762237 0.534440985 10.064943827 7.345475089 5.731936502 4.067986660 6.454082557 6.101224895
-20.626027619 -11.069504977 -10.578593265 -0.748178573 0.299723641 -0.029593131 -0.591201157 7.492723669 -0.913352225 -0.271267532 6.927895444 0.814803083 5.308866528 4.718254959 3.428686731 4.684964105 5.319024533 5.143394824 1.335318727 5.108180544 2.835826799 7.747101743 9.799804475 6.414009896 1.134486227 0.346939488 1.121582386
-18.500453756 -14.237302444 -8.737955551 0.231568773 0.175392162 0.898135148 -0.330101119 6.435444748 7.035121759 -0.183730091 6.342261852 2.945261789 -0.222475927 7.106071978 5.323202370 1.863930603 5.363766444 2.335508429 7.329901883 -1.307614862 0.988700225 2.417704530 1.003274143 5.742614302 6.128795204 5.999996400 6.497671424
-20.114247254 -14.308373607 -13.956699971 -0.187823108 0.369423209 -0.534679134 0.736455835 7.394348271 2.894536481 3.878756701 5.225540040 -3.269742334 -1.875311746 6.234882877 2.018289973 5.761569288 7.281120992 6.623648917 3.461695421 5.114705572 5.749323749 9.867811023 1.812045313 1.279386956 0.159441224 6.359051722 6.230458833
-20.282957497 -13.910687822 -9.033638844 -0.182082030 0.791424312 0.019836548 -0.583181108 1.327000475 5.397591089 1.029058086 4.855172459 3.279915036 6.862220127 5.541087846 6.915832031 10.497495591 0.831759689 5.333665277 5.608676425 1.996828417 4.414512504 2.097185165 4.917158360 2.183224697 -4.735046359 4.139790800 3.880353275
-22.935133330 -13.897451558 -8.308706079 -0.623984679 0.399303047 0.449795516 0.498882943 0.402650607 3.520217735 -1.401389679 3.000134741 3.323691219 4.008893192 1.680558502 10.401192218 1.502884041 3.871514979 6.536103540 0.980446082 6.192829648 4.195309979 0.857206797 2.910779249 -0.831431969 5.268729229 2.529955513 0.527833034
-16.499967987 -21.167951902 -9.500422788 -0.145468747 0.631575406 0.760692855 -0.036024019 7.658795510 2.269626496 2.467178995 5.906489079 0.913987152 8.923850406 3.442903919 4.152436558 -3.953612735 3.676914742 5.635353235 4.576545023 6.107547180 2.916541389 3.202931460 -0.938991939 6.020456623 8.543822845 6.261767592 4.501419816
-20.496913601 -17.742205075 -13.436678437 -0.279300937 -0.019426053 0.484082110 0.829022391 9.892239727 8.757517171 3.864186313 7.828947543 6.260148488 4.353335336 4.635915694 1.649400710 1.142507721 4.987361742 4.974552513 2.272454417 3.065929700 8.552610791 0.680856862 -0.600348848 6.283996435 6.097588766 1.104697284 3.662486629
-21.601809138 -23.927219849 -3.505654853 -0.243033590 0.040559639 0.038387019 0.968409018 3.913346833 7.272808056 7.842302041 6.878395189 3.449582931 7.335211603 2.992026131 10.777089253 3.659986659 6.729630292 0.709972332 1.529574124 7.096304174 3.093871085 5.002798051 6.330885781 0.866605075 6.176415315 3.584428433 4.818313245
-23.891824233 -14.431875569 -11.811133562 0.552914473 0.447464002 0.238620742 0.661151793 5.110331008 6.837048919 2.593393810 3.278597241 2.898144569 3.985638711 1.933024184 1.763599136 4.346437432 0.822627396 7.310670465 2.434418898 4.348438345 -2.288586447 10.899383995 1.570313304 3.555430423 0.753168094 1.582752470 7.043839088
-22.359565340 -11.478589601 -7.104173620 -0.581748128 0.380652443 -0.005462908 -0.718778819 5.653508150 2.657052995 5.370677431 2.352832976 5.751687243 -2.648952228 11.811126208 3.609269851 6.168869210 6.838573251 2.620560531 6.502383106 10.163358110 2.210439559 -2.227505319 1.454116162 1.727069294 -0.986323573 -0.060072057 7.582118364
-25.088331134 -11.856906022 -5.133098318 -0.093413170 0.303879573 0.931793945 -0.175189121 1.878497891 3.554971936 2.054819895 6.476410316 6.024144389 2.995428577 3.349355079 5.689171754 0.892123706 4.053278056 2.107558133 2.654942536 -0.937317703 -0.684661100 -0.001217035 5.504043035 1.854722831 4.222118608 1.215018270 4.833664242
-17.389380038 -10.500831917 -7.685787570 -0.132219088 -0.258437318 0.778971997 -0.555815520 7.550469226 1.197204154 5.354020989 3.941086614 0.310175328 5.759043012 2.290244644 8.529560288 -2.815550079 2.761242208 6.044978078 8.186288898 7.996510432 2.482275801 2.755002208 6.425675830 2.772975493 5.598606865 7.666841349 3.661376638
-19.294713694 -26.273678814 -8.508638953 -0.370895423 -0.634913143 -0.333485731 0.590007758 1.538857972 5.875279537 3.448174287 -2.650719496 3.533817349 3.781027183 2.148152813 5.059928720 4.267868548 -0.767690253 8.012534094 1.794003110 1.719241761 2.035765399 3.382609848 5.739240321 8.542446141 7.277215183 3.364643126 2.910596230
-17.758515221 -13.940461617 -12.986279764 -0.947687327 0.258352829 0.092517716 -0.163042992 2.886635105 2.175734206 2.020998129 3.202090883 7.919820876 -0.000813914 2.056923481 3.167973712 7.896030860 0.354060561 6.267381924 8.614365341 0.986319188 2.550712903 5.158350024 -0.227510518 7.674437293 5.448239795 2.757510716 -1.705325538
-21.080210808 -13.284738418 -4.703046608 -0.473557969 0.015149682 0.872780361 -0.117336173 6.945526903 3.537972399 6.075123509 -4.389278334 3.733381034 5.472412314 1.490951489 0.536187145 6.737384714 6.283272704 6.820741211 7.085335392 4.439025733 6.630190609 1.763152295 -2.272379786 -1.003554876 3.972619609 8.001731510 0.330776628
-24.873648342 -23.436299800 -8.376462049 0.388014855 0.201914472 0.887740575 0.143498046 6.830134916 -0.375429992 1.186101281 4.882709861 6.104226830 4.897423900 7.464673508 7.885830867 8.903058314 8.525386295 -1.520698481 5.327177559 2.678672876 7.396112143 4.581765861 4.449817118 -0.899232284 5.469251265 -0.005241249 3.795973837
-11.319761884 -14.572801226 -12.082793827 0.633762500 -0.472528679 -0.178572566 0.585810191 3.800858630 1.411584034 1.655140117 -0.076026743 2.961494489 9.208591904 6.169310610 4.513113779 5.959595710 -0.170664567 6.362070219 2.984633817 7.912861777 1.181433444 3.201230452 4.606614890 10.104066218 8.802611950 5.376433449 5.845872409
-21.372560454 -23.633363996 -9.561503560 0.192196447 0.659493778 -0.687810853 -0.234616096 4.965483340 8.223602742 5.294073780 0.381378747 3.783559792 8.645591369 4.006623442 0.937801729 -0.379416978 7.678863338 5.169196254 3.909385717 4.201788519 6.714406790 -5.638286014 9.669326669 4.007991510 0.759667601 6.208252171 1.618837683
-25.825004456 -15.270397177 -6.412765078 0.334748862 -0.285730893 0.877395533 -0.190992500 9.623181532 5.245648403 7.082999333 -3.442064170 4.441388273 3.594545027 0.806988190 5.981569968 5.548510168 3.304403879 4.444071371 3.897157670 7.734911204 1.697897398 7.199932139 4.599974316 -1.084866017 3.325386705 5.612314243 8.183560419
-22.376737346 -24.419572657 -10.726268913 -0.100852023 0.551268316 -0.639415136 -0.526384268 10.232344871 1.574373835 8.688976250 5.142409576 2.456328968 2.565286790 1.435665502 -2.960246961 4.249788047 3.324665011 5.062269091 6.786637829 7.154667386 -2.119822701 2.037929447 6.921198208 9.315246729 3.712938192 1.161663717 7.278472974
-17.360604703 -24.933115034 -3.290430895 0.175334972 0.649909200 0.341287264 -0.656047774 2.100248989 -1.294784931 8.268465750 -2.024400415 2.195555404 3.727075613 3.774257236 6.778794349 0.016980056 6.455413008 6.927386586 2.512467146 10.599327102 -0.535582597 7.626115822 8.596202600 4.291700283 4.616805031 -0.095673766 1.091466568
-17.951936642 -21.318987468 -15.086165862 -0.216006787 0.382103751 -0.312496095 0.842427434 -0.484508653 3.627938751 6.183371655 1.779846028 -1.601971929 3.996154812 -0.861815622 6.460296442 3.896327674 1.811610613 6.863279562 8.071753590 -3.475952632 3.793727148 4.796696928 5.847648019 5.717052269 2.658037065 5.812709050 1.861744374
-14.268691485 -18.655148611 -4.257800365 0.950283818 0.092001141 -0.012797249 0.297208153 4.987939727 3.661832739 2.248760303 2.638695535 4.871003315 -0.517142888 6.264744849 7.379856203 4.030933424 3.193267845 5.632433090 4.975835532 9.077223996 1.162127645 8.262771731 5.212870383 3.489433567 9.334295404 3.010141180 8.029095524
-26.037959784 -17.035539390 -14.064034024 0.578221648 -0.558662752 0.412938394 -0.427828865 -0.306139575 5.811631257 0.030072059 5.886406655 5.582131664 3.731167484 1.283873619 5.476927173 6.053164811 5.579621279 -0.036285079 6.976804221 2.049433619 4.928775064 2.057594753 1.518909022 6.131625830 4.486356843 8.064125553 4.734994994
-17.538430987 -16.896558378 -13.174974049 -0.266470052 0.925973152 -0.224057203 0.146170455 3.624926574 2.905624533 5.543127008 4.452317141 9.167250626 4.144298916 4.722056223 5.780756254 9.740976224 0.256835518 1.904639472 5.495606479 3.982001888 0.428994764 -3.825204243 -0.348029545 3.829146724 -2.976869636 2.450105756 5.260488485
-16.602645521 -10.942613209 -6.778371838 -0.231205281 -0.477601451 -0.193118894 0.825315737 5.833648169 4.161451596 2.371345021 2.097165212 -1.035732599 2.806417066 2.942275942 3.230831492 8.487982579 6.984486028 3.868467545 2.040015790 -0.553454965 4.689683785 1.897545612 2.175603424 10.405668377 4.094423248 0.312806977 1.717115436
-13.552927543 -9.634399695 -8.138836329 -0.098859282 0.709461893 -0.097982405 0.690861862 3.711588406 2.163830435 6.729920373 4.673284650 5.283500077 2.006286928 1.323415616 7.664084556 6.994021410 3.279817753 7.231137332 6.077401640 1.092347519 6.573012785 5.687594673 2.725970599 3.897296745 6.478150349 4.457790105 0.722585347
-23.145683524 -12.582933211 -2.582993639 0.120111069 0.732197574 0.657856108 0.129171919 2.821013431 1.126524260 1.417918573 6.794942470 3.023665231 2.837521425 4.081199448 8.076325946 4.432733468 2.885942596 7.189273487 9.613741895 -1.120421882 6.872118377 6.899602851 3.775096140 7.768042529 1.148647865 2.378679841 -0.015818467
-11.003119525 -18.221013043 -12.198997328 0.919384469 -0.356503279 0.002624975 -0.166224906 4.829938562 3.430443130 4.435450325 5.501923408 3.805702907 1.327209248 4.355994571 4.391538077 1.313555032 0.585366713 1.115149808 3.505560754 8.962206299 4.363804419 7.000016886 4.016342265 4.891025682 3.175970057 3.492250362 5.974579906
-17.154354745 -14.074724659 -5.365633428 0.846136603 -0.463862032 -0.022330532 -0.261507577 -0.567366638 3.376515650 0.040499579 10.215990254 3.390056128 3.944312020 4.821889968 2.398498564 11.904569293 3.585347533 7.418946559 5.251340336 5.494478783 -1.493811217 1.008082738 3.031041584 3.732032473 1.854818303 2.461899802 1.658624323
-14.011511807 -14.922604832 -14.714230722 0.014425148 -0.858736738 0.502225950 -0.100658952 -0.631129359 8.452593764 5.165356754 0.545833635 5.938456282 0.293792169 3.993358036 1.929076918 2.805252813 2.771157618 5.488524950 5.419863380 1.776632377 6.138119086 6.588196546 6.430588515 8.361557166 -2.341610391 8.659327876 7.643622389
-11.299744438 -18.011272934 -13.051271825 0.288367312 -0.094828231 0.417320572 0.856560237 4.515230059 2.693057773 5.869922940 5.277111352 4.670764879 4.972408363 -1.996838983 7.844054342 6.557285333 7.767671277 4.456330266 4.012740633 9.979290013 3.255928018 1.448612443 5.095373286 2.386457349 8.313067421 3.601516170 9.339816329
-9.505518346 -18.039433025 -4.872189795 -0.782338105 -0.607306043 0.138298393 0.000118436 1.829196142 4.429651983 2.676370941 5.936158799 4.443306338 9.826234296 5.162715267 4.716189640 2.755404695 8.890587665 5.243314435 12.708243895 6.042082649 3.718438228 -2.763760533 1.242481962 2.281478516 4.027616730 0.747030313 4.484795056
-20.150094324 -17.287405946 -18.185555672 0.721401004 -0.033400414 -0.540083462 -0.432174568 2.903397302 3.479341756 2.507175835 4.370413087 -1.993406570 2.634878217 4.015798959 6.072467568 2.324919094 0.539300469 -0.036124930 5.659374089 1.752336896 1.473747216 2.206224350 1.788667480 4.545764681 3.183476301 6.564967619 5.456460742
-22.496637645 -23.275871629 -3.206234919 -0.981022738 -0.015730186 0.042331350 0.188560351 5.598118957 4.109168575 1.738901431 1.329756000 3.148662381 1.476369561 3.326026111 4.691390176 7.948796483 0.841428316 6.187473800 6.372329946 5.329639779 3.835127845 2.775904266 3.366011683 1.113751434 0.310703955 5.546228846 -0.299011580
-27.408165780 -21.657176887 -6.194711210 0.678134757 0.032951303 0.575663770 0.455695828 6.682789942 10.426964347 0.311761120 0.107842903 8.437349759 4.490801928 6.719047293 3.831986235 4.668826969 -1.756999198 6.381843118 5.910941833 2.525121583 0.127597478 3.757492797 5.188071647 3.639337330 3.994353962 8.570047606 4.885668398
-14.868810078 -21.731856183 -13.380104157 0.426540942 -0.318082801 -0.404801591 0.743654374 4.683642924 3.802460419 6.669547482 1.317388603 2.445640696 6.067191553 -0.038165337 7.922607242 7.411891883 8.481162857 3.877398373 1.574080460 -0.698523443 -0.453331311 1.627971331 7.087613914 2.893030315 5.382143746 6.637487154 4.610200815
-13.682367654 -19.284804315 -10.182787232 -0.462508715 -0.541552283 -0.657884481 -0.244938407 4.834089334 0.248143965 4.365581570 -0.338622849 4.112207391 0.733737648 1.289481875 5.111333634 5.013363798 7.637692360 8.178779412 2.255723310 5.673279472 3.521508980 6.587251245 3.320031173 1.421061473 0.570597113 3.549564380 -0.012117218
-14.338709768 -20.248563602 -2.794631651 -0.194720402 0.270934521 0.102424571 0.937116672 8.948869803 8.497882564 1.027951259 9.099607443 7.531947167 2.030144503 3.012134889 6.481533747 3.390608322 3.353937050 1.535556908 6.344619384 6.202509685 2.922089775 4.297761997 3.858824353 7.718970036 2.896499947 7.390422703 3.977291192
-16.591226390 -16.070479124 -2.806309950 -0.537040550 -0.194968943 0.581130035 0.579536403 5.201735585 7.223175656 2.698308643 3.291985187 3.613311903 1.768274995 8.454141382 7.132617506 2.814530898 -0.353619630 0.454599717 9.910233982 3.252976644 3.665992029 6.500882150 1.848495954 1.206214117 6.560162010 -3.737123163 -0.192147547
-20.281239514 -17.274313095 -11.933641168 0.889814353 0.138951214 0.423613083 0.097339267 4.945167426 2.904595382 3.293752715 5.236354188 5.994298868 0.299593194 4.449159953 2.826233169 3.783177800 5.514673625 0.965343144 -1.045539922 6.180731816 3.973158506 5.210437230 3.863944602 9.296248969 2.975317148 3.983974364 3.355634739
-23.791413692 -25.169214730 -9.402027360 -0.968441594 0.092600895 -0.000608963 0.231399183 1.184402926 8.657518522 1.621864128 4.024168299 6.938053585 7.883193078 1.232822498 0.248522700 5.341179132 2.593503285 4.650620377 5.404137775 4.058976501 9.267504733 3.909873784 5.097866199 1.138827845 2.378277661 2.257270424 3.636478778
-15.954062489 -11.979067485 -12.606129549 -0.897563164 -0.305871353 0.271514836 -0.164629206 4.650560344 2.581250489 0.893685402 6.310494479 2.123228881 6.079715253 7.360096263 3.439395738 1.184957135 4.350329592 8.056012147 1.732809321 5.068009007 1.851930543 2.523224887 0.551473193 3.482872894 0.598746736 1.852402959 5.100483469
-15.683472475 -14.172765690 -0.336483805 0.704538259 0.075285232 0.420666535 0.566566538 5.805313703 2.357208667 3.607292903 6.655301867 3.125161691 4.290383906 2.433975897 6.578370363 3.656300762 4.144146853 6.299244021 6.534870117 6.912214948 7.545246546 4.837770804 2.136332688 3.547005027 4.146559033 6.040034880 6.683727006
-20.018571554 -24.860569337 -10.366722236 -0.896401120 0.023589815 -0.359200752 0.258618200 3.553989399 6.761545416 4.531287627 3.259337030 1.382339434 3.979142434 -0.486918276 7.145501899 7.523513894 4.143852863 1.729080333 5.890788044 4.208276076 2.533813410 1.211410139 6.351355135 1.435848693 5.879824286 8.368675242 4.815931561
-23.342218627 -20.491009480 -6.203333323 -0.203164298 -0.254026881 0.938038265 0.119494038 1.557453506 7.386825200 1.170167283 4.836189446 10.035273820 7.351125000 3.986783410 6.142657696 -0.084691058 1.657257996 5.435770473 7.971079778 4.877100220 6.389738097 5.027198860 15.932911221 4.025117472 2.723192181 4.336530668 2.092806599
-15.364910642 -19.857722021 -2.668680926 0.340892758 -0.481047652 0.495551146 -0.637819994 2.539440404 3.765043188 2.411594194 5.684853673 8.307753330 2.230507973 4.701314718 5.236242993 0.608798005 0.502947757 8.417707603 3.620559897 1.530831309 7.803380510 1.253589476 1.950330746 -1.052553322 1.535257197 0.440682240 3.300564869
-9.612129002 -17.111397693 -13.013824934 0.241979826 0.910737338 0.268972844 0.199140339 10.202459801 6.347358127 5.130672385 1.343053466 3.024882006 0.696513312 8.278341301 10.762364514 2.748952753 4.834709377 3.282845167 3.757339761 4.376146554 6.831172530 6.503928961 2.234366101 6.114130566 6.611174052 4.386453336 -2.268868885
-27.643565377 -20.580652114 -10.517861156 -0.798740518 0.213800836 -0.261622641 -0.497851766 4.977492620 1.458145878 4.604798743 2.125753121 8.620684828 2.838642141 2.310384191 -3.502301848 6.112459336 5.067946665 8.227618037 6.017637534 5.648396909 4.166410332 4.271899541 5.548724050 4.391319426 3.185628215 -0.495507133 4.351994778
-20.873997951 -13.227044327 -9.091889520 0.200155640 0.348726767 -0.262926946 -0.877038644 4.429433457 2.175422028 1.275506628 0.842219592 2.877371406 2.545094964 7.254874297 -3.040719281 2.149034601 4.081159973 1.230275843 4.507042116 5.381629523 9.442277595 4.356836595 2.747752594 4.384911937 2.203495630 4.817747182 8.819901226
-22.287710783 -20.585352490 -0.760301998 0.196882836 -0.217048646 0.878972235 -0.376211169 12.813877268 4.067511140 9.952413998 8.806039556 6.417105785 6.928044351 6.273059669 1.117082817 2.450767246 5.145715516 2.366493460 6.123810610 0.842947238 6.651882748 2.739037256 9.642178775 0.710643564 5.940185564 5.728778612 -2.943086089
-13.711289252 -21.558023202 -3.960254509 0.561192338 0.459366297 -0.688368993 -0.013924580 2.717165844 6.735111957 2.903203309 6.025508208 3.339183783 5.425048604 8.679569433 6.019444139 5.003296703 -0.057072859 1.239055969 2.424585794 8.352856825 2.271287519 5.978897670 0.422894623 8.525158418 2.283674454 2.145847790 1.597510661
-23.059880081 -13.782951097 -2.935400676 -0.332181593 -0.432056045 -0.666412554 0.508799834 7.545723253 10.188748801 5.642501148 6.082373142 5.263808471 7.416779614 5.544512108 8.785161575 5.190444489 3.504646262 4.928439991 8.010766997 1.090224446 9.286655383 1.410797425 4.763089190 0.312688463 2.296367899 8.339092380 7.348914402
-15.615128245 -22.311989702 -11.843025422 -0.145959137 0.185652872 0.323734053 0.916201509 6.127156259 4.525132928 6.555241134 3.749133338 4.289005854 9.096640864 9.198917215 1.143928220 1.222736069 3.577542234 1.038948596 3.293515335 2.679168419 1.743993100 2.177933758 7.153586549 3.766224290 5.750708744 7.089971073 8.925683392
-17.857750962 -13.839388305 -9.102229560 -0.238902489 -0.968651868 0.054612887 -0.040701249 5.217316181 -0.329701000 3.546635333 3.375885787 6.240243897 4.280399333 1.624167345 6.388908545 4.794674929 2.413708228 6.064390809 7.705345793 5.955769639 3.639103165 5.453734419 1.399497905 -2.373334603 0.372769063 6.848656752 2.923753943
-22.657500972 -17.552221380 -10.824762266 -0.164262434 0.274136795 -0.611244855 -0.724048753 4.100173161 -0.486810141 4.010283639 1.421128223 7.945313579 4.555438324 0.564334628 3.542340494 9.170627891 5.815812836 4.625399258 1.367781566 2.439344712 2.252546744 -1.244385222 -0.627627722 0.447406963 7.091383187 0.645903367 5.067293296
-19.701187619 -19.871314759 -6.671747447 -0.871168066 -0.477302765 0.095186462 -0.064713281 -0.860476843 6.791813902 0.076533119 10.742332741 11.373524319 8.960733066 3.414231566 6.555274350 5.333252596 7.262646243 9.603658954 7.283791648 -0.316084375 -2.770711094 2.660954352 -5.061724365 2.504379652 2.005493662 -1.047632430 10.098889774
-9.888640385 -23.375960680 -9.072556979 0.100415549 0.427685388 0.245780854 0.864056537 3.036024267 8.685842992 4.074448723 8.000446760 7.844152682 -1.431583451 5.483179834 4.695524744 6.203139336 7.245229681 5.712047011 3.503728433 1.798677621 4.250003519 8.885542841 7.057051676 7.164891037 6.936132193 7.968212153 0.065278172
-16.734447028 -25.562476243 -4.611706213 0.600047191 -0.553761302 0.184285789 0.547111083 -2.549278781 6.817343397 6.436229959 1.915713981 7.141618752 3.519138216 0.216087794 9.004169109 6.519674373 5.702457597 5.101908126 7.907165896 4.186016645 -1.767023435 8.455125037 1.209297609 6.727158975 4.150350048 -0.291962698 4.837191222
-17.036739763 -17.111013794 -9.758422409 0.590421744 -0.573921825 -0.211205392 0.526695535 5.137092502 11.108508483 3.831385848 6.836096224 3.752440794 1.194547811 8.965195996 4.757696501 3.453334706 3.395142029 3.558163701 3.308695012 3.564546248 -1.847555656 3.628900347 4.335804960 2.740283516 3.604895178 1.607558120 1.355276287
-22.855856117 -15.416990437 -6.279743919 -0.333651713 -0.862220143 0.250204208 -0.287490545 1.077245971 5.539272929 -2.095018551 6.133518898 5.035866347 1.523032963 7.111756496 5.175905077 -2.160358124 0.002951103 8.288192028 -2.003016938 4.976812517 0.831334243 3.105420832 5.129984118 2.961312253 3.317988210 3.691925449 4.674971254
-23.036215475 -14.944795033 -13.422658343 -0.320992098 0.650504280 -0.171321106 -0.666676334 3.865996040 3.317527964 6.339821739 5.114378445 -1.410546605 3.638920315 2.287907402 0.670511638 4.026359977 -0.107964468 7.591693640 7.844934293 5.429155046 9.313635910 7.070138514 3.803506324 5.757683578 6.447837476 3.985116889 4.591886276
-11.397739897 -17.236356202 -15.311540501 0.576993981 0.237576467 0.678612578 -0.387453657 5.783463741 6.283935188 10.938559728 7.963139267 7.623122390 1.804194810 4.458079400 6.083395125 -1.071346199 0.150022627 2.471459160 3.499214830 6.849800280 3.631929770 2.495667864 7.048245251 3.682627812 7.861706175 6.884828606 5.081508077
-21.650532792 -17.248413455 -16.867245388 -0.375887644 -0.063915435 0.360024338 0.851472708 -0.882698334 5.662014798 7.103699564 4.127300422 1.062017607 2.176466643 3.742105736 4.795745412 -0.700672449 5.575005877 2.046588921 3.404855596 6.857296158 4.547318018 0.524928356 -0.438387841 -0.591284572 2.663651197 5.094026325 3.856452305
-17.647903388 -25.923148365 -8.701368229 -0.589656732 0.277687962 0.751724124 -0.100524505 5.605368182 3.560817067 1.571562523 3.935352228 2.340839378 7.035181349 0.921195921 3.327719554 0.942383757 8.623482664 5.005172543 -0.314146314 4.480274409 5.352310685 2.079696054 3.460371313 -1.677767021 3.632176113 -0.168437399 3.787223105
-21.431282085 -21.362905341 -8.984114461 -0.817130223 -0.521910628 0.095443150 -0.225384338 -0.068965124 2.314860389 3.873756578 1.248134930 3.834402484 6.500663454 6.145409776 6.823877965 3.872563311 5.613636905 6.481048256 6.228433945 3.687845076 4.498060183 2.474098501 1.134153184 5.229440910 3.727783025 6.437421555 7.107951895
-20.550408739 -24.352218015 -14.770534722 -0.002513867 -0.923656791 0.223900844 -0.310998754 3.338823605 1.503324993 4.108014200 7.958670298 2.660491005 5.068043994 1.251818127 7.497569109 4.178143993 3.577672565 9.334737037 3.665916333 -0.775943132 0.977935312 3.950029011 7.411019211 0.701820874 4.740323227 6.088374297 3.060938528
-14.730916609 -21.286750193 -11.980686864 -0.597730844 0.581456758 -0.519874814 0.185353865 5.743302825 3.816865354 3.708999365 1.728918610 0.554156084 -0.118862111 8.995429154 2.919115931 2.106448095 6.334435747 5.602693383 1.530577541 6.449037596 9.818972708 5.437501057 2.096105137 3.789822667 2.814163921 -2.144251551 7.472572067
-20.844190106 -21.405728389 -2.964140372 0.078528088 -0.662284804 -0.112245160 -0.736622835 1.996507180 -0.892110879 7.397104412 0.220242317 3.557244598 7.425929057 5.968368738 7.686783066 5.137267808 5.992420696 3.862215556 6.077871103 3.951245207 3.423952647 4.989357594 2.000910521 4.466468148 5.122456834 10.136489697 -1.099711483
-22.559230844 -22.155985251 -14.305448826 -0.417694560 0.432357326 0.795750007 0.073350696 3.816667291 2.359145619 3.590308241 0.384871606 6.872370627 3.163297766 9.639137725 3.500407624 -0.366901709 0.927253893 0.743655065 7.165301537 10.885566757 -0.057865758 1.921941286 1.886267371 7.779636588 2.378380211 5.641990359 4.344853428
-26.757134236 -14.988424971 -8.113318528 -0.155772037 -0.713971319 0.465320423 -0.499456637 6.854090899 0.887116057 8.088733595 8.115343308 6.739752152 -2.057364993 1.009961265 3.618706429 2.489131409 1.568596638 7.934249283 8.132344328 5.275783191 9.637582564 3.380008465 9.892197607 5.141466791 3.333404795 2.601829557 -2.993097510
-16.350306569 -24.756484716 -2.986667997 -0.212249095 -0.617814916 -0.736346649 -0.176206311 2.337860529 5.495928982 0.743041310 4.164887207 9.516213186 2.932859658 3.556799383 4.048372841 4.137153150 3.106500300 6.395390796 3.693603613 3.924843999 4.008877039 1.888383680 2.907138989 8.060495757 0.374475299 5.973461560 4.234302384
-17.287701394 -18.184148609 -2.515579959 -0.843602372 0.210856790 -0.171693197 -0.463029046 2.710723078 0.576013815 7.407523959 1.631506749 9.856874142 8.063952037 1.338667444 2.759666325 2.510212534 7.144888607 0.666577211 4.737035241 -0.305354165 2.413494616 4.038390537 1.570998382 3.836710173 2.836378947 1.648134349 1.020221241
-22.339462891 -19.166206091 -6.034022534 -0.806520050 0.125926525 -0.299291175 0.494057397 1.822383456 3.233974510 4.313642096 6.336169380 6.317719330 6.937699397 0.182919835 6.014774899 1.479582859 1.160192255 7.355836197 3.056034160 4.115167222 5.205686778 5.675547809 5.372394497 7.210131639 2.636198211 2.570203268 5.286969379
-22.146907645 -25.604385894 -10.907214028 0.565661772 -0.540896046 0.613296538 0.106421723 7.709722887 1.365412942 7.360039008 3.761738442 2.670647019 3.244270521 4.245684817 5.124612602 1.845865587 7.795658029 0.063809680 9.424100760 -2.024402684 6.488838286 10.714764867 3.072965748 3.273047251 4.994183574 6.929753886 3.536576161
-24.522205325 -22.377089641 -4.648040716 0.300885757 0.443111674 -0.809747597 -0.239642724 -2.539211972 5.270831940 0.055017959 8.183496653 5.206075150 -0.786951422 2.035131606 2.126647232 2.432777135 3.253077981 6.018818573 0.995863561 3.494584821 0.523174987 5.917291442 -1.132690636 3.655360498 -0.536399715 0.737180168 9.454138516
-26.878130541 -19.414824860 -7.766168483 -0.414886930 -0.318628017 0.852200717 0.009947846 4.193317300 7.272142454 5.807494376 2.971236953 3.313857630 5.777276162 9.157044112 2.495730945 5.974409911 6.429262807 5.261475732 3.020048064 6.460382480 7.984709347 0.195623173 6.052514142 2.479267366 1.601701024 3.430343283 1.172887977
-11.361177097 -15.670727444 -14.637704650 0.490808514 0.577320335 -0.602339487 -0.250988798 0.315621578 3.649733120 2.129330296 3.300392465 4.628844229 3.163420719 0.300353041 5.542468667 8.064100690 3.707305027 9.238187006 3.561836552 3.111881175 5.864369752 6.322458179 4.220773849 1.755636295 4.984232226 4.481007299 6.183962456
-17.947411663 -17.576236407 -10.345887980 0.236849698 0.419824004 -0.337986247 0.808341093 4.294577669 2.967947724 3.236827310 2.838156321 4.813266513 1.390889978 8.499813465 4.615323280 5.793911439 4.050292304 7.170558683 3.045290005 6.230323160 4.604793324 1.140138406 5.107137111 2.196852896 6.961379685 7.862668775 2.891046354
-20.506931533 -19.669047137 -11.954315628 -0.799012104 0.152816372 -0.002185812 -0.581568599 -0.697741695 8.692650836 5.720865959 -1.488428866 1.242848278 6.196668016 1.811918671 7.473250440 3.074548776 5.185317678 1.053231727 6.347985616 3.839844276 1.382854630 0.657115961 -2.538658682 3.029557235 3.813581464 4.072821844 2.660584633
-22.357655247 -22.477056973 -14.398916309 -0.927816188 -0.323628440 -0.000648020 0.185529873 -2.783825684 2.691523776 3.427005215 2.878899792 6.407288591 3.835744227 2.186224103 2.131825239 5.008741614 2.679598967 -1.302999484 2.554701730 4.401457943 -2.148294819 2.624296210 5.320039349 3.219830697 1.509967808 0.948573623 3.196432065
-16.799496596 -11.352298372 -12.843657031 -0.904243071 0.076872100 0.237395018 -0.346523813 1.885330273 3.707888782 5.073638570 6.041350421 -2.272779425 4.668504267 0.094687613 5.376061303 2.740588664 5.149634088 4.234068904 4.938567738 3.420145243 1.346882586 0.813774463 7.966967964 7.273393713 5.486976625 3.419782393 1.547114006
-13.590053356 -14.503987308 -9.520322723 -0.654137012 -0.613624620 -0.427792554 0.112085354 6.591840964 2.388438008 4.735603012 1.433768251 1.136723148 6.494961972 1.042454659 1.138030458 5.543565882 3.617432593 3.640590674 4.464943581 12.928919278 4.601530053 4.520823553 2.848752906 6.382583110 3.750087116 3.402781310 0.067060967
-19.828311901 -13.136555782 -14.134408284 -0.034406188 -0.701960644 0.067859348 -0.708140224 1.401411249 5.132255571 3.907623030 7.466919150 5.946234864 5.426986461 2.891345562 2.131921183 4.120588958 7.153298853 3.673102621 5.192996110 6.587522245 4.243591505 4.956839802 6.711366803 0.986100064 6.064747159 1.089942948 1.300223875
-12.055583572 -13.588319588 -12.674442063 0.180962446 -0.288850007 0.801643659 0.491106618 3.482944072 5.663951156 2.852430408 -0.310963383 -2.236133407 4.397648495 6.926046612 2.501022726 2.408980340 4.053720911 5.420569363 3.934349245 1.011112952 5.763754893 1.467815371 7.543890810 0.095499457 0.252149089 7.646415299 6.444769239
-19.662521415 -12.438132250 -15.585555386 0.969513434 0.027071423 -0.243130058 -0.014093078 8.257612587 6.082579045 3.056599647 6.225345841 3.863037453 0.049591515 0.227214830 1.943358285 10.866687483 7.303681884 3.281190195 0.861590056 6.300779387 4.046328914 9.834954391 6.197685634 5.407328057 2.337537599 2.266241988 4.593079858
-15.367334102 -16.295090462 -12.126594371 0.839552262 0.421102746 0.341691446 0.032732747 1.262132070 -0.346403513 4.779211041 0.705582485 0.035378214 7.687578487 7.925909263 1.712629747 4.372695624 2.119538900 3.283531599 5.817100963 2.781437066 2.028081837 2.489264065 2.462849428 1.845369563 3.312774227 -0.995662503 1.512914960
-21.604966164 -15.043411130 -13.300199640 0.425385448 -0.426553138 -0.213500849 -0.769101442 4.360129938 3.961947211 -0.135665903 -1.284570626 2.627040034 -1.536371234 5.546434702 2.608359061 3.978335207 0.940411191 5.987302685 0.573758995 4.685850689 3.218806886 -2.892947340 7.767723039 -0.179560388 5.588919172 4.524876535 6.246008482
-21.772555018 -14.255897658 -13.475096928 0.130455843 0.851485910 0.436597401 -0.259491286 2.934379403 7.471169044 3.407399782 2.948653516 3.548684689 1.184152036 6.191565442 0.533300647 0.600983072 6.021900424 -2.674069097 5.011430452 3.162344493 0.082816638 6.962324392 4.698160946 4.961892031 5.279343239 1.791789052 4.323164240
-18.128370224 -14.291395777 -15.684297362 0.112376880 -0.565267359 0.763727858 -0.290798914 3.490794992 7.013195918 4.655667058 1.552232618 3.869791324 4.448057588 5.394171594 3.630568055 4.096333162 1.068479857 3.354072150 -0.721877814 4.728371564 2.867533083 6.875395663 7.043985101 0.176946125 4.412812318 6.723479898 -0.882461759
-18.322634469 -15.818869451 -12.032034796 0.757342583 -0.603556734 0.057697667 -0.242533422 6.339420725 4.544024659 6.788323958 7.517567737 6.496060878 4.205065467 0.497504325 1.231472139 0.650949893 0.834645089 2.715532098 1.605136581 5.732446599 1.799234690 5.134699158 5.796961564 5.936653815 9.070521367 6.164153829 7.262394874
-15.401711425 -8.882138799 -7.078901271 0.437622886 -0.519433511 0.088235641 -0.728621650 3.171992078 3.657997403 6.382822646 4.534380521 3.096028688 0.696479625 2.594678758 1.774331855 2.512931835 4.342674095 5.622593181 5.608111886 1.440237724 5.194778873 7.290742704 10.629995813 4.051628893 3.525911913 2.763407830 4.302752075
-13.265004672 -18.041343905 -13.717045636 -0.341138152 0.743914723 -0.562168065 -0.119091196 6.837645306 9.877889924 8.392575025 5.705699093 1.449998103 7.136392727 5.483364537 8.519130405 7.061345161 3.670440743 5.872413207 4.772317491 4.540524332 8.015357841 2.146368272 6.226645712 2.165731704 2.985812777 4.976294150 4.561106342
-18.162271518 -24.669392767 -11.823108218 -0.696192119 -0.266114510 -0.632761295 0.210030340 1.074031532 3.206679944 -0.623512567 4.843227608 5.910012240 6.490709941 4.009776493 5.108035270 5.240055102 0.737126413 4.845348439 3.332954909 4.472805589 0.451215762 -4.264382742 3.701434143 5.579575049 4.574113845 -1.340454713 0.305018584
-25.585783355 -23.683904891 -8.665131893 0.399677502 -0.360401303 -0.527019518 -0.657737959 4.615893156 6.092827495 7.133631493 5.558023982 4.059689274 7.035501556 5.275104583 4.218230510 8.052851479 9.602038767 3.504585829 -0.403129361 4.777153123 8.665179412 3.358113204 10.411198412 6.032590133 1.402200741 9.108518475 2.376748594
-9.971576166 -21.423814979 -8.175779270 -0.045636999 0.738752919 -0.472238794 -0.478698142 0.294725763 7.270874072 0.004781267 4.619373445 5.065679682 4.077101077 4.457006525 4.706695044 5.150433786 7.878751170 0.347270671 5.323312313 3.788777026 5.854250946 -1.459464712 -0.830955049 6.882057497 10.928642844 2.721299414 2.264207532
-22.599606440 -16.641734132 -8.186529553 0.296039159 0.934589358 -0.061736489 0.187329000 6.068164894 3.011594875 2.365843659 5.245558114 9.761128123 6.137612246 2.954147286 2.282329205 1.572444652 6.332106957 4.653640716 2.891411891 -0.259539336 1.219868991 4.101226854 1.820204712 -0.089982722 -1.089510799 2.384937753 1.331330848
-24.965705560 -20.325896276 -12.577058740 -0.389724347 0.421497777 -0.655883142 -0.490175337 4.058390164 2.245044962 -1.986521183 4.041791515 -3.095810148 4.134902277 0.690784864 3.799175427 -0.556363915 9.592490410 1.604758275 10.150367588 4.258342116 1.366200293 0.098803572 5.884702084 1.162575565 9.657326540 5.777954968 0.014758374
-16.687850534 -15.230799424 -7.514157801 -0.422113924 -0.050034415 0.590376844 -0.686127958 6.033666543 -1.446654602 0.667274660 -2.061622376 3.321178930 6.401893775 3.683058610 3.687804376 7.656755604 5.858537153 3.194600802 10.319304416 5.905134446 5.108962743 0.233536581 5.354236854 4.183671773 5.919183140 10.893897969 8.057228121
-9.487912922 -18.194292522 -6.052126524 0.660411495 -0.067025360 0.028956395 -0.747345827 4.653698291 2.485787747 2.130269472 2.468999794 10.695796034 5.032179487 4.023306509 6.502079955 8.351114008 0.208578459 10.095044080 5.403396757 3.838868410 5.117869324 3.253585628 3.581524581 1.447442696 0.681741946 5.260865884 14.229313531
-17.748437904 -20.703578196 -6.488742728 0.516987992 -0.412335274 0.328795599 0.674237712 0.867981812 7.993929001 4.977532994 4.190467498 4.669568169 4.909406697 6.237830564 5.087987263 5.397470333 -0.104375032 2.856463164 4.389356099 2.766956353 8.453746492 0.538272426 1.743747080 4.500329957 5.112801485 3.591755192 4.445098825
-11.279597203 -24.275653886 -10.575499401 0.677370920 -0.731259852 -0.023857662 0.076540693 5.829801278 6.029947288 5.154319934 4.475578865 6.599932533 0.988940815 5.014623760 3.481623348 -1.218742175 5.682038375 3.460019820 5.813190344 -0.241389392 0.735022779 7.564523173 -1.159515061 0.838026229 6.149924115 7.480947650 1.930806778
-14.819152126 -21.567404205 -4.029357248 -0.248559574 -0.800556498 0.174360950 0.516648518 4.082191687 7.350717968 4.911259393 3.517557073 2.771150515 4.477530385 8.062808410 1.553148416 4.433825871 3.676196030 1.906531258 -0.823240719 2.581633895 7.285261095 8.574930161 0.671888845 -1.953924116 9.997447005 1.183212836 4.537245587
-21.269808616 -26.517731206 -8.733063600 0.492022293 0.520175148 0.698081880 0.003683395 0.850111293 -0.471351358 3.448209335 1.719078842 -0.155381513 7.121871260 8.100280056 0.430400444 2.195252478 4.633283140 2.873958572 3.241681190 -0.749856423 5.223509911 6.204150769 5.535641131 4.317972928 1.876447425 3.162718563 2.542105051
-17.401495293 -22.031010362 -0.790217626 0.718250736 -0.521815052 -0.460232392 0.003328272 6.518871729 1.701491004 2.917166244 3.335021728 3.449354531 8.089383322 -1.310670560 3.585121261 5.621958563 1.738729003 3.679838048 6.150640409 6.079267594 5.240429570 0.181764003 4.702289221 6.714014242 3.062994193 0.017785103 2.512258108
-12.126375672 -16.076080808 -15.086618551 -0.568867336 0.458316840 0.673504286 -0.112816689 1.848976286 6.175011853 8.700571531 7.300552123 3.838748649 8.852886600 0.736676482 6.752169207 2.484302496 4.499325282 2.912396889 6.673313910 -0.451584458 4.278775822 1.974843352 3.635203113 3.941915945 4.885370605 4.224510699 3.613297057
-15.649128930 -23.556356642 -5.514665895 0.433451524 0.680175760 -0.579776046 -0.115500862 9.204650434 5.046306208 5.141152342 4.924563063 8.507859645 3.902705260 2.612127410 2.107632754 4.884623994 6.101805678 2.687394140 5.496009968 -0.028949989 1.060792820 8.025166623 3.455878424 7.074166174 5.361502617 5.983754742 4.436773483
-25.066369832 -17.587471347 -6.951711350 0.118730227 0.977544772 -0.152831433 -0.083378079 5.329897397 5.374606685 -0.139564818 2.471074346 5.049972897 3.585540071 4.757056537 10.880768192 7.633337610 2.891524716 3.935459001 6.732550939 5.085788118 5.050583807 -2.626320647 4.226362334 2.699506029 6.341837846 -4.594572157 2.138454569
-24.306596870 -17.546036095 -9.190418513 0.051819956 -0.317908195 -0.301308457 -0.897475507 0.138797771 2.326130105 4.819611809 1.927300226 1.208055019 5.461972390 0.026586213 3.350656686 1.725928453 5.289406867 -0.596996263 1.641240519 4.837767940 8.497902156 6.279476577 5.526920097 2.190442823 3.187720484 1.582884927 10.129398485
-20.161587089 -19.080850010 -3.714919846 0.814133513 0.064494821 0.003878878 0.577071915 2.538447383 8.648181344 5.938896611 7.354674705 6.585176995 1.729003678 5.143430557 6.561908963 3.693491690 5.141369657 3.964520280 7.761578785 6.063921867 0.764412149 6.243674449 3.823553772 5.438309568 5.970618982 10.630971222 2.622746163
-21.903099990 -26.894274883 -10.052106498 -0.367512581 -0.139415229 0.905113680 -0.162071352 -0.371486337 3.082324649 0.910961977 4.414477544 12.692831074 5.237822203 6.967760407 4.635950025 5.297855106 7.723553461 1.052297430 7.246797927 5.060469416 2.044131998 5.773442045 0.876775935 3.073100384 0.193523953 0.826156261 2.941250047
-12.329325111 -19.421883908 -3.256077700 -0.312061332 -0.754722662 -0.378867473 0.435282514 9.787744779 8.335409006 1.456343307 6.890385121 3.823299630 0.555499816 2.942918970 -0.209348090 -0.777948443 0.108515290 3.446301871 5.800684251 4.347257864 1.842100887 3.367141928 7.513770713 5.644596621 7.154341673 5.001337803 1.440156515
-9.177024380 -17.112856177 -7.624614508 0.627526523 -0.255052872 -0.047116771 -0.734124312 5.183711879 -0.072206993 -1.348845339 1.066868050 2.939489393 0.967988794 9.481624506 7.673637666 3.932557046 -0.943288226 -1.316520278 2.573712166 8.892017472 3.496630822 9.376091698 2.787786839 5.040165268 -4.812069035 3.420750044 7.057201275
-25.417395451 -17.454460547 -7.794074085 -0.282453876 0.297466277 -0.239198946 -0.880066751 2.933952358 8.494869587 8.009817584 -3.190274142 4.290191206 2.211277782 6.321438942 -2.459453363 6.042881003 5.104058756 2.337173375 8.782314100 3.852412208 4.747444066 0.895706154 2.666760497 0.829757507 5.730591760 6.332789710 5.273981596
-15.102341939 -16.434260488 -15.216252114 0.124630582 -0.388343817 -0.902245713 0.140032039 8.508165754 1.027086177 8.951537436 4.078362495 7.279634653 4.146959121 4.135308442 6.340166123 -6.991638971 4.432395874 7.602188497 7.923996078 5.909441961 10.503918227 8.984595869 1.589136716 3.294284818 4.365071333 0.521365371 -0.442070953
-25.265398104 -21.599883185 -10.646740449 0.484600000 0.408857419 -0.650333730 -0.418407087 5.037021294 3.514665054 1.109240827 4.124129689 0.302841254 7.127869780 -1.342597839 4.671932715 -3.679070261 -0.288685818 4.135212237 4.590403947 5.147763082 6.083990477 1.507413673 1.670310831 6.936681305 8.775429993 3.394344350 6.654939882
-13.639051095 -23.945279799 -5.496291752 0.664670805 0.546432887 -0.495801545 0.117493186 7.398001237 -2.377628503 8.201586184 4.361642358 4.066626351 3.740642340 5.205269626 8.563692814 3.112311373 0.998729718 9.791782393 -0.573458705 8.500424929 6.584465326 -3.188323423 4.419827513 7.245553420 2.570839081 5.238361706 2.895888845
-19.509697928 -12.238743439 -15.548449735 -0.028088976 -0.723154560 0.476304481 0.499392164 2.892100535 1.892080535 4.404661692 5.002289429 -1.130929761 1.706841973 -1.015719654 6.944646596 4.315624401 5.444266965 5.152573847 6.387862969 4.885852599 2.586470492 6.458909561 3.353348400 6.547140095 7.736977165 3.297498501 6.283215719
-17.685888305 -19.663040390 -8.150249750 -0.336856082 0.093155329 0.638916291 -0.685299962 -1.892173737 8.324303496 2.815538045 1.139096552 2.537373797 2.614289513 8.195535724 -0.228298196 4.268724457 4.815736645 7.154300492 8.805487296 1.283718317 5.698958010 8.223858872 4.112679666 7.132912603 6.130612351 0.813047767 3.803287068
-13.257098081 -22.017768758 -12.329627572 -0.470900316 0.637481634 -0.045968696 0.608076424 5.681670543 6.634978359 0.644707303 5.438846569 5.123137774 1.103204641 -0.449772756 9.483570634 5.855164832 9.923776101 6.543506402 1.847799918 1.669644004 4.725560906 5.105764786 4.943325655 5.631311423 11.351602286 5.144578689 -1.563199742
-12.697906422 -22.602930898 -14.852916043 0.946858594 -0.022627431 -0.118924317 0.297999681 5.465578151 3.571797422 6.852329647 3.023473150 1.499565558 8.839117702 6.179305375 1.840701547 2.359630145 3.891301375 4.788211388 2.211756581 5.074890362 0.016774830 0.527855182 -6.491637535 7.367415718 4.739670283 3.679723285 7.712097759
-26.946132785 -18.577696694 -12.068151474 -0.105217831 -0.213756441 -0.767748954 -0.594810000 3.789543628 5.556199664 4.710501340 5.481837241 7.004499743 8.419670329 3.511968008 5.027000261 7.397176095 7.539544102 11.222363807 -0.686253365 0.028817124 9.213677190 6.893376875 3.711582671 3.148265422 2.775446372 -0.923997135 6.007245374
-25.715732335 -18.400043582 -14.002134918 0.348413967 -0.571769840 -0.027344086 0.742252827 9.598624107 0.518401497 3.644083571 7.089926941 2.210569278 2.040701768 1.970582439 5.555286439 5.195214236 2.398445345 4.020316059 3.131568632 6.291974166 4.768552297 4.080313695 4.270425877 1.816539727 0.661889528 8.717024782 1.990263084
-19.790703527 -20.199538419 -14.833971147 -0.780032370 -0.175347186 0.557198701 0.224348999 -2.114880760 8.769464769 6.532607556 0.103754784 5.206949586 7.850690568 1.502362765 3.785551531 6.594650329 7.862689620 2.100603718 -3.871509194 0.135064578 13.250055926 2.869511544 -1.047219626 1.196450921 3.017340145 0.722668588 3.934611203
-13.517540853 -16.974557833 -11.910273339 -0.738598586 0.129266187 -0.605114684 -0.267579149 -1.721596966 1.835085226 3.443042354 9.686502923 10.291440348 5.264924493 2.518086876 2.809421516 6.951611366 7.882298161 -1.729352083 5.993261221 0.271488908 4.280717721 -0.098229874 0.314456511 2.234187980 2.236421410 8.484706281 7.121057475
-11.558422080 -15.544554113 -4.303165169 -0.887565050 0.331397996 -0.074611711 0.311186027 6.746298242 5.565040340 4.881491857 1.241244033 0.553570805 2.713162653 5.388879817 0.205548593 -0.132110317 1.658292419 4.956160778 6.248917392 7.675247677 5.119228237 4.091252860 2.716763235 5.038090538 4.603096631 2.631890962 6.849994369
-15.491677484 -25.048648112 -10.021754112 0.079983127 0.629908780 -0.450081620 0.627888655 11.370754843 6.239865930 2.621988365 4.706278295 5.566411477 10.867745153 3.303833035 8.001857410 1.561425891 3.083903792 2.249092485 -1.838402689 5.701271019 6.611605664 0.894258363 5.299262925 2.275314580 5.411630816 7.309888838 7.794854822
-19.330871859 -16.057904074 -10.502559021 -0.583565955 -0.450068697 0.623567495 0.260868785 1.677463970 9.971254803 0.163370389 4.366277784 4.062995815 7.678962256 9.117751682 9.754255564 7.367864515 6.676497142 9.227416240 6.709306780 1.585560578 4.006159200 -0.586323107 1.832269461 5.297789568 5.565433224 2.666196033 10.730553518
-18.092378220 -10.562002552 -13.476621754 0.618234569 0.405248177 -0.673402346 -0.009445279 5.041536908 4.675782227 5.692324674 5.199795337 2.837738805 6.624123447 5.274905736 2.212217851 7.012243540 3.931408406 4.958103870 5.879757733 -0.087335964 3.753005304 5.819436463 1.734285691 4.487406517 8.824341039 4.134627741 0.157537777
-10.643455365 -15.578446116 -7.521633957 0.531848217 -0.730497160 0.173443137 -0.391699951 3.705364081 5.548211657 -0.421872282 4.668628892 2.337481281 2.636630326 3.795160578 7.023596186 9.805891722 6.914826264 4.674190156 7.384393375 3.652547050 3.030425742 3.775200412 5.624544681 1.844013366 3.256107839 7.156040165 6.394477076
-18.090517691 -23.836311230 -14.194980674 0.638453033 -0.648424512 -0.048297806 0.411813914 -0.681367620 5.180958674 3.387090549 6.795966292 6.933686387 2.966869106 6.182241527 2.591499895 2.976264721 4.400319431 6.527824953 5.353881062 1.439256570 5.408730167 1.478512776 -0.563456124 5.506038771 -0.044719497 4.704118275 -0.168777239
-26.068628514 -22.010115881 -11.380803329 -0.053071366 0.705959650 -0.706253980 -0.003117341 3.036326694 0.904904117 9.067415880 5.230572114 7.703605495 1.859453546 5.133547070 3.890693943 9.299838414 9.548110252 8.463578764 6.956379760 4.197013308 8.679160501 2.099169771 4.787022923 3.097172868 -0.805093495 4.454489158 4.360668512
-20.674306058 -12.570832468 -5.409263167 0.740540859 0.068950871 0.658000550 0.117814642 -2.817267046 0.730541467 -1.113672082 7.919115971 0.981145655 6.803139162 4.973380594 -0.478182692 5.491162289 3.050504823 4.464407282 5.190681976 7.150952944 0.416789143 2.392473296 3.330548063 2.017098380 2.522909088 3.845731370 8.245556644
-15.658770067 -21.372885129 -16.107030340 0.045306724 0.907706562 0.417010508 -0.010878143 9.199591026 4.603625655 9.580615144 3.068733783 -1.419305549 3.767722327 8.648503117 0.074744727 5.049468332 9.337963742 0.032129078 4.356472437 7.018546730 2.146720490 4.585773998 0.375784796 5.830913380 6.693616791 -1.391922412 1.394769995
-13.982178020 -20.158058046 -4.220748134 -0.370745532 -0.075086416 -0.906434286 0.187847452 9.020657837 6.748930550 3.371888934 0.503769219 1.625727639 1.930216411 -0.225741885 5.069526360 0.627453808 10.085589517 -2.602005399 2.796698602 1.096125814 6.343923862 -1.503722818 0.627325869 5.565031834 2.704512726 3.432924936 1.977934087
-20.115160980 -15.125952430 -10.292316291 -0.477597092 0.438441214 0.002444782 0.761356909 5.102442074 8.265699465 2.935275967 10.262449468 7.203561594 4.490936043 4.837576860 4.944901715 6.642365593 7.173816736 1.658536590 6.843946604 0.904363888 6.424857989 3.163304821 0.576942900 4.102726611 3.597307751 2.688970068 2.252797948
-14.093109580 -14.608543527 -11.151225066 -0.655246413 0.667795190 0.329828257 0.126154842 1.480702973 4.116710559 2.234667368 0.455693337 1.967878628 6.218062819 3.515427148 3.654951646 6.872038496 4.502628173 5.228897450 1.381409482 2.214621355 3.951310984 9.288634501 5.827794070 0.256281104 4.294742327 5.965882838 1.608079342
-21.605423567 -16.460180232 -3.009447017 -0.189146594 0.339173345 -0.667769160 -0.635034926 7.797157106 3.905152527 9.995908236 6.167625489 4.941573565 3.414679172 1.314098385 7.268905559 0.509640460 5.842017988 3.271611009 3.168889810 -0.984687367 0.981497095 2.965881837 1.632426977 1.466283659 7.874301278 6.798585080 4.284787632
-23.114391988 -12.222757191 -3.772037457 0.785047302 -0.274198494 -0.089402457 -0.548199891 1.133070482 6.727690300 5.303001072 6.262285367 3.186894767 2.855357311 4.714703421 8.210646194 0.754707633 4.138265852 -1.729048401 7.780847673 2.700755023 -1.063364905 3.135675841 0.019511167 3.293089821 5.234021610 2.361797586 4.740096938
-12.181778416 -16.047642240 -0.896315186 -0.240443164 -0.488473999 0.743325629 -0.388647973 5.226778782 3.133577158 5.235095335 8.030842254 0.497669529 7.763216334 5.729014354 2.408957508 1.626268944 8.809707646 9.523548960 1.191993523 3.938019910 7.460142961 0.308561097 2.482961461 4.081380120 -0.072912139 2.426999905 8.836442555
-19.849605492 -23.197525777 -5.229560102 -0.880975707 0.396487574 -0.236473116 -0.103729804 7.104808074 5.510801137 6.048778993 2.643528815 4.923334349 3.950167601 3.016243843 7.113507869 5.989857002 1.334321694 0.884505099 1.661823003 4.729389365 -0.083457811 1.592792741 2.750626328 1.758953137 5.596547110 2.198113466 3.594050625
-20.126922471 -15.595847315 -9.112314794 0.062374740 0.979325902 0.183103223 0.059189346 -1.659086675 4.102687651 3.433148255 5.517208854 4.618329699 1.082726616 2.779519628 -0.102414203 3.098068794 6.065978594 3.733090603 1.151786821 6.063146933 2.767681484 6.976892094 6.561346735 3.219131915 5.638917018 2.103024959 5.261941749
-13.572606297 -19.432520515 -7.293004016 -0.496060685 -0.588976133 0.635116815 -0.060477616 2.328699695 3.362360342 5.947122519 1.348586260 4.323753608 -1.313018407 2.749299297 5.455716685 6.113775139 6.660765161 4.683722320 3.791042566 -4.461504698 4.184071074 0.883610386 2.385059577 1.064478980 2.253738674 1.609207305 4.997992881
-16.546071515 -15.981344104 -14.383713304 -0.555257062 0.355498398 0.330133772 -0.675516230 4.947917423 -1.561062727 -0.505388544 10.651146048 6.619868713 3.100702420 0.306571894 1.000959755 5.748236854 2.209823032 4.399299161 2.521758854 2.253091091 4.545887324 1.938799618 0.781471634 7.602083439 8.397490265 -0.080653754 3.143294401
-21.069907355 -21.482576493 -9.742428969 -0.484738072 -0.546962470 -0.215151735 0.647742842 4.955920986 4.047081080 2.337249602 -0.207355101 6.065932336 9.558416341 0.711740847 0.324612108 7.109444717 3.562183484 5.775104601 4.506091428 1.835396536 5.189781674 0.547331404 2.643621493 6.943396559 6.014594148 3.506185675 2.782994353
-25.610120358 -18.908699800 -7.157020739 0.234125115 0.301841735 -0.690814731 -0.613882729 0.366121073 2.028593657 -0.230133237 5.836222562 0.637522622 0.043328848 1.390346035 6.419962541 8.374587573 4.175153021 0.488874254 3.959718429 7.487556011 0.689216050 2.002839718 0.349943919 7.721246768 7.006615922 4.944659199 3.597741714
-22.579362174 -23.479556427 -13.203829226 -0.329084161 -0.048203007 -0.937598149 0.101438631 2.044428280 1.717009014 0.158740554 -2.359911782 6.586298595 -0.266386012 7.672873424 5.906931633 8.265830978 5.697838782 1.526992142 3.988368816 0.223276764 3.287730198 -1.384198099 4.539398329 6.102525029 -0.827895701 3.835491940 2.533531721
-26.137411941 -13.341907983 -6.070523106 -0.704721015 -0.116143791 0.497025587 -0.492792530 3.217269505 4.986588128 6.599500954 -0.312804572 3.791013153 6.319036330 7.278846639 7.350805476 5.886106393 7.832429576 5.434538378 6.558733792 6.468727970 2.673379496 -3.141962060 4.893665865 4.779495887 2.485008474 4.517482383 5.242779918
-18.740222057 -20.882978771 -16.296366343 -0.503494459 -0.303394606 0.221618371 -0.778029782 6.197871112 9.268170196 6.210803089 5.128289242 -1.472049185 0.714580550 4.554443587 0.354020622 4.155101574 4.681313711 10.219752621 8.348352701 1.737174247 1.416732244 0.065103732 2.690678963 5.235228466 5.761599902 -0.343632246 3.403820194
-11.136273182 -13.525087985 -5.612038945 0.250851366 -0.744244086 -0.619008077 0.001825707 3.215231553 4.151544613 4.079889111 3.168882068 6.187789793 -1.532124109 2.368857855 3.486919267 4.752332729 5.892576646 7.025930400 3.687417847 5.371213059 -0.260761612 4.864558555 -2.094561311 1.821039735 4.336993642 4.928355546 5.993282005
-25.701192843 -12.817852074 -7.063867388 0.074637320 0.357035933 0.806265186 -0.465715647 2.158471721 1.096651094 5.585988921 5.000755808 3.717463080 -1.686598854 5.059418436 0.704262453 4.460965222 10.534676758 4.547277939 2.191751103 6.376821578 -0.820506563 6.221952378 5.225378943 8.348723358 7.027040046 5.914368369 4.872714451
-10.720415713 -14.449096622 -11.245010458 0.118426543 0.181506907 0.464469116 -0.858661072 6.272014270 5.416872441 3.548364917 10.071263082 5.361436341 2.010828125 -0.119961214 2.117440615 10.220091535 5.698112579 7.544182232 2.420731641 0.609695204 4.247017212 7.074799361 -0.481665707 3.543916283 4.255192580 2.252364161 4.699481425
-18.266401793 -25.196466332 -15.240134323 -0.132988867 0.940880313 0.228449251 -0.211823363 5.252073094 9.202484871 1.362726010 3.529432970 -2.265554078 -1.960848852 5.860785904 1.777772614 0.436160103 8.037927613 8.771261081 -0.749256017 4.401428539 2.690571536 4.521574678 -1.081730031 3.855113369 0.120019323 4.791584306 4.670873306
-26.968399816 -22.837099276 -7.842589277 -0.993386289 -0.050712429 -0.097866679 -0.032156546 3.427043752 7.897060455 -0.819740818 10.337187945 0.720310938 8.522046669 1.356900184 8.987382938 5.041853529 7.207498255 4.243959673 3.351421710 3.652944313 1.722386428 6.076320335 2.562468646 3.607965957 10.054730970 3.527611327 1.889075957
-21.063851200 -20.890743691 -8.592481629 -0.498983711 -0.245982339 -0.156859603 0.816028805 1.747144838 5.114482271 -3.259240268 2.258745654 6.418769034 4.635381480 11.200344163 7.899605202 0.013057576 2.626257378 7.899715424 8.596774218 4.834297555 9.097743297 9.194976877 2.230090007 0.294900510 7.514139639 -0.530947844 4.181315300
-11.526933393 -18.951392658 -4.839185396 0.810855368 -0.214834286 0.305117838 -0.450846878 7.230804743 -2.017237741 4.457563768 2.764273373 5.565203494 5.566972229 -0.686587378 6.967889995 2.556325072 7.231752549 0.710545675 -0.139265200 5.090104272 -0.541989672 5.517663460 5.821582409 6.527712992 9.334880854 3.831030506 3.711572729
-22.354170940 -19.264373390 -6.527946838 -0.426290603 -0.158589816 -0.624715467 -0.634709522 7.845733253 2.331924723 2.237371549 3.780236673 1.471811819 7.355001260 3.314591305 6.055550980 8.685954878 6.627753552 5.498263399 1.958755412 1.146142020 2.273670075 3.305048604 0.424133605 4.934228136 4.485788772 4.685098664 2.089597705
-15.757272181 -17.231943465 -12.398767583 -0.236591138 0.268593340 -0.550826752 -0.753970915 1.687063301 5.336434403 1.029560571 5.670380010 4.220530127 4.737672513 5.310013552 6.507100733 1.962944061 1.554182394 -1.253484441 1.352746043 4.048054763 5.899291668 0.853869155 9.766245032 4.082988745 4.506307168 7.267831604 4.683297742
-14.531218796 -22.854629794 -11.934683193 0.078357588 0.207025172 0.765071194 -0.604703840 0.342598047 8.389418402 6.244599907 3.641587228 4.280230861 3.239268981 6.268004757 -1.562264170 2.530941992 -0.525868580 7.295422367 5.878658192 2.825091266 7.974339254 4.168447927 5.358143444 1.516419354 4.214345634 3.095085163 4.711714317
-10.830505187 -24.183824380 -6.579780380 0.620310462 0.574073469 -0.200194176 0.495557136 9.206491864 4.109381986 5.613059432 3.198458546 3.452987906 0.893230967 2.047390071 8.031504260 1.948798451 0.371289064 3.707413168 2.922409773 4.818111866 3.810886747 6.855941569 3.949334952 5.420470460 1.036248948 4.237057221 2.288454855
-20.629717890 -18.039375950 -17.996167703 -0.411828053 0.724650893 0.273512104 -0.480072772 5.598115383 3.831145747 6.516564473 4.344172641 -0.890898889 10.567558991 5.042640707 0.093166361 7.541251489 4.560981017 6.920586487 5.236200179 5.572659405 1.454530002 3.242428423 0.680142577 0.426809511 1.833487956 5.872457286 6.729020976
-21.017091132 -16.534988387 -17.858761677 -0.018652899 0.948463272 -0.243966890 -0.201369433 -1.738307652 11.199231834 3.071726262 3.217307977 9.425726988 4.505167867 3.326519124 9.109001778 2.571518490 -2.280179633 6.157597417 1.369297318 2.231305495 5.440030185 -0.135434281 3.024032149 0.633660503 2.197851076 3.859240738 3.624116639
-9.850442411 -18.710138358 -13.524218515 0.079410647 -0.155377466 0.303242969 -0.936800669 1.332303559 2.131355921 0.530473404 3.158187736 1.676929949 3.964015376 5.701546560 7.817073423 4.389732264 1.743344685 3.578856280 12.828521102 -1.386165085 0.301860134 3.467214000 6.868393377 0.708776683 4.409573815 1.481406343 5.024344025
-12.165569846 -14.583228810 -4.010246640 0.445099739 -0.101941779 0.691480370 -0.559775843 3.451428387 2.637956810 5.763373346 -0.252845558 3.613201765 9.485838801 9.735735679 8.182921520 2.388765718 8.401209189 1.881587364 1.462240750 6.634468988 2.867927528 9.542217079 8.072857529 3.812667534 2.924255730 8.041375143 5.907850582
-22.881987598 -18.514919068 -2.325301459 -0.418571058 0.610418463 -0.294788006 -0.604390272 3.926069541 9.853426466 6.077938087 4.957963360 5.749187985 8.131460102 -2.269621847 8.737225587 7.011247828 10.359837311 3.251033806 1.450595364 1.270320993 -0.287863639 4.578426767 2.412621120 2.641151762 5.076254362 6.772450000 8.322459968
-15.638764527 -16.690833132 -16.494360526 0.749962301 0.512674996 0.091447708 0.407870337 5.204462477 5.392259309 3.527268929 0.864903318 8.783438086 0.959377892 5.838216515 5.554719051 8.285996727 7.917158445 4.844745574 0.155374826 0.370691362 5.260318323 4.171457633 9.059324146 1.342052002 6.122322171 10.414398088 1.502238632
-23.137910593 -13.899439710 -2.639005101 -0.047370081 -0.881705585 0.284640021 -0.373271208 6.242290472 4.384550757 3.421323647 4.704791837 4.731762653 8.129280014 4.509529808 0.196454336 -1.689268747 3.651355157 8.926131420 2.345704125 4.433267790 1.324633929 2.103515857 4.488459216 1.456159452 5.852141141 0.691633613 6.169304538
