-7.638786374 -10.824574015 -17.630637417 -0.271611553 -0.790633506 0.267148211 0.479330425 3.020907591 1.844315790 6.016979640 5.893320973 1.612942876 6.302907163 7.033110893 8.391271980 5.737943930 -0.131897331 1.125514155 7.974498091 2.017605588 2.166682529 8.584242324 6.323312779 2.995504402 7.965257564 0.641485658 0.965016513
-4.071978392 -4.445718109 -13.626253943 -0.749494897 -0.300401125 0.320234526 -0.495445670 5.475759498 5.275756557 2.620646230 3.361979891 7.076547306 2.042053899 2.818854508 3.418006406 2.201980004 5.276445703 -4.877999070 1.186261440 3.372513851 7.136208141 7.412606289 3.194925657 1.635550243 2.083147603 8.671338703 1.746387794
-16.380702387 -11.230115308 -18.508083726 0.027298076 0.517697871 0.192880596 0.833091115 3.689954223 4.333636192 7.238425375 1.735251551 4.454096762 8.514065073 8.200790271 0.511955302 7.680641858 3.497320518 4.853272338 6.927458397 8.996566226 5.284051351 2.132055878 2.792245796 2.232873217 5.756959456 3.177294137 4.144658186
-3.682107013 0.010469689 -17.144136625 0.533656677 0.313019482 0.576183302 -0.534080666 -1.118271170 5.366264267 -0.574727873 -0.475394140 -1.040269784 6.200033989 7.077854236 4.937001176 2.477897564 -2.149373927 7.386234366 -1.191122304 5.232906550 5.480432035 5.864024150 -0.298175309 5.046489798 2.017022360 8.808822930 7.243717942
-14.093523711 -3.978191783 -7.418749723 0.503933692 -0.591313521 0.250122077 0.577787245 1.017593659 4.226683804 6.301804596 2.770891122 7.093585515 8.584088133 2.528738912 1.959787981 -1.291506368 7.868409729 8.338533310 1.803090132 6.880102788 2.187905097 7.142002709 1.734217647 -2.055934463 0.560582496 6.699398138 2.068558653
-16.461181801 1.217561422 -17.811177571 -0.615821380 -0.622079556 -0.473277400 -0.098942187 10.138720372 5.645318812 -1.387344398 2.111912285 2.157800232 6.714568424 -1.231191595 -1.596938350 2.680875798 2.015617182 6.331819445 4.164543022 2.370144298 3.013292889 8.128391979 -2.424702693 12.486032829 1.792856809 0.083815652 7.418745524
-16.153319242 -3.558136209 -15.552965785 0.365697241 0.077437764 0.478737462 0.794405037 3.918730425 6.744053323 2.349281863 4.865240721 3.353778785 2.289676349 5.953998552 4.129341307 1.142312210 9.566037168 2.734953764 2.350752400 3.617577718 0.847196570 2.446878185 5.453148058 1.674400052 5.815565403 -0.932884696 7.628794220
-8.628964401 -1.769302216 -8.320571762 0.785680131 -0.562696788 -0.243685672 0.081831231 0.440061712 6.493160819 7.144478367 4.585297198 5.208558530 0.553446004 2.841803942 3.994011849 0.740211223 5.980414718 7.234468144 0.272976274 1.870213417 2.306167433 0.549687175 5.605267134 1.585515861 6.905359224 4.453163887 4.062498549
-9.367867144 -2.681734258 -8.335618951 -0.041394477 0.329175299 -0.227384316 -0.915547100 6.109313581 3.031601014 5.485898106 1.675336810 2.858436848 7.042786842 7.725004079 0.617335125 10.267373929 -0.213436583 4.357549008 3.717918835 1.406314847 5.215235868 5.570679784 4.578461202 4.858603755 5.610700826 7.475969641 3.625495149
-10.982476370 1.803564907 -14.326711193 -0.530802225 -0.414847363 0.342012236 -0.655117008 10.104539961 5.543934908 8.647445242 6.567727700 5.770648036 3.945176854 1.005260107 1.313241115 8.255589797 8.703765145 0.148212312 7.851949380 0.911464783 3.596126187 3.229958575 3.684849919 4.419252949 5.501513537 2.106604535 2.835802967
-11.749761111 -5.256045996 -15.713655097 -0.221586840 0.811794256 0.487220714 -0.233463775 2.058932255 3.043562026 2.550430718 11.527596278 -2.208112757 5.964064601 4.541138397 7.681042911 0.717129118 3.841551913 4.567537014 2.086628061 3.148446003 5.451809223 5.301542091 4.361970667 6.006424868 2.129333934 5.425612384 4.391793660
-16.086615694 3.656835250 -17.007574476 -0.963078371 0.224498584 -0.040290067 0.143028483 7.344416983 -6.553737531 4.395180648 2.272580098 3.499036551 4.569610409 3.839011003 7.119333000 4.181108732 1.762843363 1.667256303 6.881492879 3.719932545 7.264446424 -0.870794168 2.447572879 9.300989706 1.396685313 3.326085019 0.258841521
-14.342934523 -10.940018676 -21.087126507 0.758640778 0.209604030 0.608793151 -0.099504867 2.451290857 5.706479996 9.177816011 1.571185211 3.164900989 0.950883532 7.236216755 2.467979612 5.949212898 3.463435139 7.004061187 4.150012552 -0.916663581 2.114632045 6.494783394 4.563459915 5.170304128 6.946004565 6.898388746 4.376150058
-14.274116565 -8.229357803 -9.098425716 0.225792521 0.222050676 0.064038092 -0.946366925 2.926827856 6.604115573 2.885430159 3.766858517 4.502954780 2.839090987 5.700390003 2.464064788 7.477601150 3.739730890 4.773748755 6.916040718 10.159055078 2.044560290 2.259517426 4.025971770 4.756762134 7.216269188 6.922762791 0.758719836
-14.956768261 1.312048982 -22.554913279 0.385826524 -0.227431698 0.606079941 0.657327789 0.423668856 6.672955390 3.886960712 2.139066780 4.923061486 5.759830246 4.497207537 7.810713180 10.225642142 8.837220392 -4.894051784 5.697657324 10.085763147 2.066907012 5.628980227 -1.453951085 2.042546036 8.157805296 1.052745329 6.386154049
-19.158636618 2.975885922 -16.269404302 0.440192684 0.743920826 -0.147007279 -0.480833718 6.088538622 4.287498520 2.357758292 7.607658492 3.255467836 2.260240504 5.779657522 4.101737115 1.207759832 7.906013750 10.365704202 4.407742365 4.920653566 2.461830730 0.543473791 -1.895052988 -1.791583254 -4.320963962 3.797704692 2.877722219
-18.871409407 -3.312233849 -10.884814044 0.074376595 0.752834763 -0.617395511 -0.215709815 4.608058508 5.797021426 3.284838554 4.201810959 6.123606294 2.495664418 -0.398830423 2.638811742 3.425199282 5.819516709 7.823038796 1.919236333 7.311019520 1.051399945 4.240815021 4.887268591 2.610847026 6.682680177 -0.017375667 4.470489670
-8.438019770 -0.749710890 -21.760761745 -0.289259657 0.460797869 0.765587314 -0.343322353 7.538148408 7.202935774 6.127051687 -0.324023226 3.468535105 -0.701408316 4.436200544 3.021562504 4.051151852 2.370226086 8.051799987 1.726104045 7.282691000 3.154768921 0.444062405 -1.769290321 2.452684394 6.192284233 3.827343864 6.532819081
-17.008133438 -0.177165765 -10.828676018 -0.219367985 0.511888554 -0.317161422 -0.767630398 3.923323772 -2.226842628 5.302346282 0.276331662 1.517299275 4.803944636 6.008590702 1.371741653 3.541815182 7.226395622 2.345534657 1.165265822 6.091982520 2.485554709 7.233687491 9.207595251 3.348184220 5.487685298 9.811056976 5.403215083
-10.339378026 4.265292793 -11.398471227 -0.130328496 0.077673266 -0.960097439 0.234934576 6.114356697 2.710722802 1.534768718 5.784125313 4.119141662 10.328824382 2.590574809 2.112568982 3.410389691 3.233772642 3.199762790 6.062831089 2.342914474 0.482669333 3.047501739 6.344166385 6.386515254 3.874697444 1.498768245 4.199372332
-3.244802337 -0.394097183 -14.853151646 -0.390747542 -0.288126660 0.798221845 -0.356568748 3.424615169 3.775962936 5.127496396 2.901787675 7.352147484 6.946104189 0.503622859 5.099795798 1.702854473 1.068899860 1.635448495 7.265913302 2.756668866 1.815681390 5.942419896 -0.187212522 0.375925681 2.861866661 3.837491424 0.942007383
-13.051421742 -9.532397362 -19.376644978 -0.578320716 0.686694166 -0.159404830 0.410592708 5.107974917 3.102772459 4.570364340 4.833473084 12.000839110 6.278359153 2.572738289 0.026973549 4.947538361 3.173365089 6.845721093 -0.726696775 4.096962494 4.530013662 2.397316747 7.900367250 5.623250423 4.186263921 4.455796252 2.095638691
-4.607333292 -5.035456939 -15.766716027 0.101834233 -0.343558925 -0.139399338 -0.923127769 6.501178696 1.946164228 7.254338069 7.366232892 7.608802165 5.599143331 7.703508666 4.630226256 1.410942279 4.048713279 6.886647450 2.850521342 6.403859932 3.291333948 3.705686285 1.513740501 4.956899612 5.579189385 7.631360041 6.093302447
-3.710841977 -5.307907024 -15.502266212 0.437411632 0.505771650 -0.719678841 0.186891596 8.652822935 4.551732124 3.976859273 0.780533036 3.446751267 2.002008482 6.227937349 4.175211730 3.059224099 5.811612912 1.898945792 5.041830876 4.013477749 -2.470806173 8.007870532 4.559393796 4.761204116 -0.470940674 6.021335247 5.533344446
-18.029227821 -6.486310533 -19.555709603 -0.356816423 0.125653571 -0.659095068 -0.649989933 4.363711684 2.532497867 3.919206836 7.431597306 3.378857410 4.859118014 7.075489427 4.857428623 5.851785065 5.919403177 0.547090142 7.112720957 4.961103571 0.485946588 4.018043426 2.392990212 3.764726834 0.354493934 5.690227270 -1.861584442
-12.282561264 1.166289742 -24.530578330 -0.124052766 -0.313305593 0.701228457 0.628274755 1.959525113 4.328574207 6.513634175 -1.396916093 5.361207894 3.831811807 6.181667173 0.913202317 1.115747899 3.794563416 2.394055701 5.167907119 4.311758706 4.968982201 -0.326075959 0.478619666 1.355559120 5.912958437 -1.659174746 -3.101915676
-7.509548971 -7.046107970 -22.741732940 -0.150128701 -0.285411414 0.280299183 0.904120603 2.755883468 4.380022527 2.604618195 6.629727048 4.968089024 0.472265517 -2.222935324 4.809690585 10.091637126 -0.440746590 -1.477741841 4.108106200 9.608110086 2.241493891 9.220035182 1.052157720 4.833031495 3.358675741 1.671727703 -0.038615398
-18.158530826 -3.369384037 -18.704962152 0.781629039 0.187963451 -0.502839543 0.317613257 4.309883252 5.529299324 5.046631575 10.210847051 -0.570777279 1.645089344 9.109617652 2.550757845 -0.055249220 1.039119697 5.939949488 -2.009886452 0.332580911 0.109816227 0.650188808 2.993434988 6.389463461 6.173744266 8.401343243 3.419895369
-10.881459677 -2.007983447 -24.301745223 -0.643848392 0.628736448 -0.326645685 -0.288881156 3.889803862 4.701018365 4.100557453 6.492329060 5.289165816 4.337728894 7.154361372 2.795211392 1.278340438 1.572796356 10.384000198 3.214130841 3.309393162 1.999535710 2.545149700 6.150941294 1.459882880 1.043874445 5.877567164 8.357151050
-7.796685569 -7.073464656 -22.764110772 0.554414070 0.761828235 0.243853764 -0.229734894 7.800528844 1.359064884 2.477270733 1.874762853 3.791864851 5.042208006 -1.491250242 -0.243714892 4.727661683 1.867865934 3.456134715 6.668307964 0.837614967 5.366320526 8.215079662 3.990135893 -1.618118687 4.434873030 9.709297542 6.358351601
-5.165405034 -7.640452392 -20.629700715 -0.188709523 0.703654994 0.314385125 0.608621687 7.791334172 6.211949079 2.966299246 8.393296665 1.207441979 4.542556842 6.278289746 6.357688862 4.786581651 4.078920357 8.188922560 1.567140398 4.782825048 4.118995483 5.921944303 0.654468518 7.345646862 3.561541386 4.674264235 5.851520069
-12.642407564 2.558329883 -23.355706556 0.027695769 -0.265334468 0.226285121 0.936816742 4.955351992 3.961277102 5.174060492 3.872489010 -0.840770748 2.231211347 3.040535749 0.924649579 3.573271275 5.267429533 -1.365706009 5.681494822 10.588946545 3.384948289 4.704318715 0.865248720 -1.687849476 3.329532823 5.562738100 4.107977127
-15.017605235 -6.869701989 -8.940570056 0.799938082 0.247193111 -0.504738883 0.210317119 1.954190530 -0.622486194 2.395170293 0.807330135 1.091339658 5.283270489 5.995282956 5.235181616 6.948590582 7.986461174 6.791206186 4.677189944 4.781678332 -1.045206286 5.998790202 1.600677171 1.642607408 1.666295152 4.383834605 -0.766629313
-18.738455920 0.003060114 -13.341159017 -0.344451010 -0.514193813 -0.629155685 0.470235418 2.477821286 7.590469566 0.664551968 1.300369860 6.717648245 1.080698039 4.575019718 6.721345975 1.701940498 1.956055979 6.365150744 3.755492830 8.044946670 1.713496290 -0.072193600 5.182097738 2.645384687 1.748207726 3.781675887 5.020995782
-15.127172273 -1.344851842 -18.159620368 -0.038102122 0.097442211 0.951382903 0.289696073 5.748060455 13.617398316 -0.834407400 -0.493262585 -2.332394369 9.225147966 -0.012894597 5.149142104 -0.105214329 7.094360305 -4.326186745 7.733552456 4.555957249 0.123054727 9.208317131 1.553366305 3.425501324 3.541190888 6.095841146 -1.540109123
-11.403078456 4.501418026 -15.733730488 -0.437210994 0.561735945 0.625814559 -0.318834459 1.794396020 4.817398537 1.474225234 -2.259998969 5.865166865 -1.091944683 1.306408342 5.793386314 0.728986965 1.346026243 7.748344160 4.238828615 1.539229131 2.871091250 2.774600566 5.827904118 8.302893816 5.385666232 2.908655951 4.387286795
-6.411060156 -2.562707922 -12.529809645 0.698368941 -0.080986085 0.476037725 -0.528308773 4.159271014 7.210971227 5.523686785 5.436060867 4.066128533 2.246911149 7.464889514 -1.872078626 4.351079489 3.662633893 4.152220462 -1.380502218 -0.146471486 2.499630404 2.066211699 4.586862479 9.991121358 3.272623601 1.060165510 2.758564702
-13.669091786 2.041398205 -11.841322226 -0.707842780 0.016875472 0.652382367 0.270316602 6.830049641 2.089814806 2.193535962 2.497071751 9.555423701 2.882983817 1.062537800 8.534424286 -4.262003396 5.620953575 -0.429932446 2.819299338 4.364675106 7.786617292 2.351399467 2.826492384 3.104299112 5.150215978 2.641854422 0.450989950
-17.783387510 -10.204096594 -18.296670862 -0.210082903 0.538833996 -0.199505066 -0.791025175 3.534817557 0.087075633 3.431591870 3.185053383 5.730943028 3.194567873 2.308509321 1.506948334 1.010119024 3.216617599 5.769398131 8.131434879 4.690449927 4.734325452 3.072597773 4.227000916 7.681263954 2.432234268 -0.929493224 3.979909215
-14.868502974 -4.321122009 -20.566351098 0.722161642 -0.338714400 0.531778862 0.284545884 4.025415004 7.174727516 8.540674639 3.395346544 -0.227669079 9.575092025 5.767403320 5.863229731 5.484591716 7.524376051 -1.589028899 0.771094401 5.953042553 4.543263654 10.122118315 1.373868720 4.695637686 3.589042058 3.235524221 -0.734127630
-13.889756289 -9.715390466 -20.239753189 0.065458993 -0.384456426 -0.174027649 0.904224946 7.062869855 4.051818689 0.872481015 4.375278821 8.062827137 1.704409858 3.729132123 -0.453853499 10.310311257 3.374447574 0.556595160 2.938429603 4.499590997 4.185404604 2.141363640 5.006829835 3.040023166 7.094445623 5.272728318 6.874200917
-6.306029312 -4.467348077 -21.230890726 -0.407579563 -0.158839740 0.759830939 0.480942597 7.606399745 1.675146433 7.870014887 2.874325514 3.285244099 3.657364069 3.557044200 -3.294911384 5.633076669 3.686984250 2.188028060 8.465018737 3.838485161 3.656875235 2.063489548 5.259071977 5.370025875 1.950841252 7.217524481 6.715129281
-6.332056150 2.592619846 -19.158115866 -0.130144121 0.387499859 0.706064531 -0.578255346 5.730108569 3.915287446 4.200525741 1.904114346 4.074926553 9.161217217 0.090698727 3.549151997 2.281297066 4.883571652 8.405893266 0.987795411 3.144541526 6.486886494 2.415790293 4.811220500 2.835500459 9.101480159 3.056289681 1.729693394
-10.989921292 -8.831759217 -13.756375769 0.412924673 -0.068415241 0.245972213 -0.874248386 -2.703700915 9.531188211 5.284199378 5.869982098 1.116079607 7.247820189 1.776806029 7.514717215 5.395397993 7.745224627 4.248994497 8.849279804 9.141908816 6.475725282 9.272670117 -1.082899446 6.070715393 7.804539248 8.141340449 -0.535065156
-14.719680293 -8.190089382 -12.973497193 -0.064415975 -0.982623124 0.156820068 0.075563517 5.892992321 3.049682001 3.857062657 8.435789903 7.333636978 5.196069999 5.946151544 3.467640310 8.185953226 5.775626110 2.884509354 -0.369257419 8.764635940 2.150600080 11.485195141 2.220305816 5.009763769 8.935975115 3.845834996 3.860751936
-12.104973302 -0.625486156 -21.505057649 -0.103725709 -0.531888277 0.299978114 -0.785078957 0.446764116 4.838452804 2.909616401 9.476007337 9.345010200 4.563969342 9.382442929 4.567067160 0.304454361 3.737150703 2.590882868 6.718417486 5.317661810 9.507673593 4.332443362 6.471063134 7.413217203 6.491292442 6.547113645 8.711946847
-21.652239896 -1.498948119 -14.164927643 -0.320305097 -0.307734382 -0.195163471 -0.874422904 4.933135219 5.849744952 0.132267412 0.427829227 4.944371850 1.209704869 7.659734447 2.901075313 5.699650123 4.177338288 7.812068852 1.127978899 -0.226735992 4.731734884 9.997060970 7.954419434 1.279866308 4.528142636 2.559178493 2.200302613
-5.222876946 -4.809335338 -13.845485044 0.747353303 -0.080898049 -0.039426800 0.658303937 2.182689032 -2.047326757 1.062429966 3.474136168 4.683336433 8.117881351 9.121607930 1.753864886 -1.045412321 3.754450402 -5.077354120 0.336917586 6.905345082 3.336369523 4.547764959 5.074825208 0.939665689 6.459626011 5.127319854 6.224088862
-18.867472877 -7.712137619 -21.606827254 -0.279042205 0.527645366 0.738264298 -0.314152260 1.774182501 1.771559313 2.926697217 2.518211087 8.145431575 9.280489172 0.559593778 -0.858982174 -0.014593376 3.989035585 5.062707515 5.344846034 4.530996300 5.477525167 3.349109151 6.371909610 -0.102367293 5.675143940 9.200922570 5.844578322
-11.923401468 -3.853024117 -20.148443273 -0.738568269 0.091825004 0.524117009 0.413988456 -1.093225192 3.612342187 3.050357820 4.301879054 6.975891670 3.682717384 4.469496158 5.075762841 1.272598509 1.497402167 1.644483049 0.087008525 8.215919505 4.002029972 3.737142751 11.650394643 0.688952358 5.305499789 1.917873647 9.243194678
-8.468964960 -4.169031834 -24.327835555 -0.180082577 -0.468578532 -0.464748803 -0.729392195 -1.235187070 3.641540175 5.315815311 4.837940557 4.496441445 4.096140662 3.663554970 4.650486781 2.062456374 4.139405100 -3.405726003 5.232227960 6.261978930 6.411590213 2.722788385 2.595254496 4.096610099 2.482529083 0.259080157 3.611615568
-15.343026328 3.178961776 -17.966487534 0.737459569 -0.547783162 -0.265834984 0.292264868 1.653238863 2.527012388 -4.281388898 6.239673885 -0.986772387 3.681271740 6.633134108 2.717511369 7.315821509 0.462049832 4.573014761 5.499202448 5.458708821 2.837420462 3.910887172 7.990675412 5.156098049 5.577094561 6.806784201 3.858407528
-6.580934418 -2.727003509 -21.682831899 0.016290869 -0.728381531 0.564529731 0.387944758 2.685000167 8.146413274 4.151757818 2.041964394 0.802761566 2.636346135 2.433284322 0.168449926 6.990548406 4.288320100 4.221596731 1.460957914 3.109391355 0.651959584 1.521416736 1.971283201 2.968923787 4.516608974 2.804517421 4.852582299
-11.574527507 2.109245313 -12.864997959 0.170021520 0.680694016 -0.147782802 -0.697071433 6.138837662 7.183573814 6.306915841 3.273088192 4.891141704 1.958044562 6.771630404 6.206380939 3.160372968 3.989559814 1.573095736 3.895234025 6.392217422 4.917325663 7.753095339 0.104380941 7.686890751 7.032469574 5.035592512 4.986236823
-14.210558830 -8.286024027 -20.407018212 0.831424047 0.302542458 -0.233148263 -0.403539345 4.056919770 2.674912225 10.443790630 4.476805061 9.307150147 -0.891559764 3.878072386 9.241549739 7.767524408 12.035783594 8.695601310 6.269406634 3.320416544 3.245513605 3.606929042 4.871993427 9.737091140 3.753535881 8.270775259 6.326474058
-15.394642388 -2.890092912 -22.245859641 -0.440222325 0.880828368 0.143874766 -0.098212743 2.624902293 10.338474133 4.695205435 4.147278673 2.533731804 -0.009879354 -0.225917993 -0.193282698 1.415643754 1.946755717 6.381375794 2.694869614 6.540454408 6.798439407 0.237221581 -0.895992651 0.012606630 1.806760300 -2.250125061 4.729468378
-10.835900262 0.974720799 -19.224742788 0.592786437 -0.483210223 -0.522367297 0.377153188 4.431046405 6.479850618 2.840734568 7.600560585 10.293529765 4.478216451 -5.938082035 1.654452175 2.257516894 1.230315818 -0.238433609 1.088743585 3.699137563 -1.433845356 4.256930317 1.629789606 7.026685253 2.926726222 3.906940380 1.978352195
-16.134902426 1.772825026 -10.821228536 -0.340347063 0.635919132 -0.648876367 0.242343133 3.255952171 3.337026890 8.160002201 3.681742724 7.804790182 3.929960308 6.455550359 0.862495223 1.491687534 3.678486397 4.031904290 1.367579134 2.122289874 5.079565297 0.305122826 6.895102304 2.332436301 3.878844046 4.940208076 5.116692044
-5.578059004 1.859073241 -17.814940976 -0.416202883 0.133447377 0.899172071 -0.021366917 3.657733838 2.757558412 0.855397450 6.332119149 4.015830148 3.650361502 5.313829997 6.111810244 0.988524282 -0.505225455 3.280193436 3.467469293 -0.533594641 1.704089749 8.794663696 6.569029458 7.230857668 6.502625974 4.566390182 -0.927950825
-18.365360129 -6.621322473 -15.884049733 -0.430459163 -0.795742162 -0.276334523 0.324250754 2.850165328 6.386251948 6.496364750 4.671066905 5.779559030 6.096269974 6.132568880 -0.346126004 2.510750930 5.690568543 0.542116830 5.795441335 8.792187289 3.859361182 8.677235017 9.609891560 4.611975864 8.210094901 2.692500235 2.212411592
-10.774781747 6.906649873 -13.051029181 -0.522887267 -0.155681892 -0.315972426 -0.776217418 11.303300788 2.993960660 6.356787237 8.107361527 3.860449290 3.537926952 3.911047253 5.344212144 9.938762720 4.408700880 5.834659303 3.287557488 2.664792879 9.448969806 2.312656078 0.959559582 6.792377807 1.958331868 3.331308274 3.720759777
-15.506406963 -0.879398330 -11.664672910 0.544578067 -0.755391925 -0.353039004 0.090450158 4.717536026 2.173131421 3.977674299 0.517871792 6.729499612 2.210799619 2.826494477 8.260662609 0.494520303 4.826678946 0.133182209 5.222003233 -0.516648080 1.539689082 5.587188061 6.690459563 8.504763009 1.884313779 2.679489554 7.948187122
-6.478465560 2.645958208 -21.490323428 -0.702308741 0.037325518 -0.503429702 -0.501924071 2.698553236 3.831015865 -0.507862157 8.526811431 5.067226417 1.701989176 0.236559899 3.408376319 1.860144891 4.989979372 0.421957142 6.997268232 -2.343888409 5.813497571 4.893162655 3.194078643 3.999925208 2.364317053 8.083593086 4.999434893
-10.748562913 0.751662054 -25.030376420 0.123837900 -0.193355666 0.093288902 0.968800775 1.922268589 4.925913303 4.440779463 1.263210799 0.523991973 3.408991997 7.512483361 -0.198081615 6.830407778 2.014122549 3.128554326 -0.540381802 5.656218764 6.866418634 5.285740269 3.788460764 7.728916908 4.395474187 6.473225905 7.488264534
-10.502104293 4.393559424 -13.038567275 -0.225541136 0.430527488 0.057818490 -0.872028841 5.180182216 4.547833719 6.552100895 0.596358302 5.021187801 2.765231462 6.207118172 0.469825617 0.420057372 7.029012032 1.338856752 6.224371549 5.777368216 1.961991449 3.168366033 5.395307461 0.007512062 8.131537555 2.751057097 4.254660323
-7.921078940 -1.859060248 -11.589147639 0.908051366 -0.294983563 0.080437640 0.286281681 -0.694826243 7.084294855 7.901218458 2.115522725 5.143825872 4.240810238 9.942579299 6.180018071 8.140729425 1.084368407 7.086183343 7.177553970 3.138880487 -0.080517766 5.925381300 6.087420817 7.908173525 7.331262927 11.270534969 6.387933891
-12.263117594 -4.149705976 -19.529980233 0.590781215 -0.088501126 -0.738837190 -0.311872912 3.870400732 1.431882046 9.670138193 0.753105947 4.053701756 6.084236103 5.609892421 10.921432553 2.191636324 2.598801550 -0.346151311 0.956971859 5.971002344 7.535073234 4.200806947 5.423270035 4.876652618 4.284060254 1.567747080 0.572332590
-9.044472557 -6.522779475 -11.653271015 0.735223942 -0.384205732 -0.534942301 -0.160213751 -0.378721217 5.285188396 0.760884831 3.335559685 3.305401661 2.051744811 2.604004029 6.624806337 8.094232766 5.059955401 7.190739602 4.251587377 2.305012361 3.297352017 3.947746910 4.659585879 -3.497039348 9.174462893 2.297258943 7.043501842
-4.227469693 -3.656364541 -10.827280381 -0.035667399 -0.648210774 0.427477006 -0.629137535 3.324182979 1.932987951 -0.739360985 4.129387686 4.527477770 4.922574441 4.875633061 4.435646197 6.351300435 8.516887999 6.758005346 3.076907468 2.574336350 2.370402951 7.628052501 3.473457153 0.575051133 0.570425044 2.947355441 5.347364531
-14.493938127 3.725661587 -13.648891491 0.548223491 0.003107422 -0.777213086 0.308838417 4.216105347 7.441895209 5.351170679 3.947085960 2.455452084 3.148270388 0.969147075 5.946213195 2.026316326 4.510716697 3.452028145 7.975527858 2.137211973 8.024722912 0.552918415 6.989444294 -2.322536499 4.377157475 5.457430515 5.957458044
-10.573730061 3.008327741 -21.592452912 0.109081656 0.554187396 0.443803541 0.695712541 6.042326691 4.240377353 4.372438483 3.810720111 3.451410836 0.855741035 0.061726867 2.205837837 4.223701882 1.740546912 -3.383650639 0.909348687 -1.495416326 0.547437592 7.746333697 5.885161401 5.653068563 -0.268960054 6.171124283 9.272378588
-12.029372573 -7.846965799 -20.994315059 -0.503366608 -0.470336544 -0.570725917 -0.446852907 4.673309258 4.873560338 -1.524105334 8.961937877 5.321080070 2.617593269 1.724966372 5.002877263 4.323275331 3.143451271 -0.154872680 6.225172544 2.390044985 2.157108474 1.648919310 4.241322555 4.009171524 5.552170640 1.166751995 6.872449555
-5.796857108 -0.116783212 -18.224883301 -0.282784891 0.879019071 -0.382256978 -0.035182096 4.926388580 3.064084283 3.704726761 5.265723622 9.363296637 4.859811939 7.682667517 3.555229761 3.540853181 6.762019538 -0.242980771 3.375013120 7.156369657 5.418956939 2.890427687 -1.861616742 1.395228565 0.461141327 5.357561439 9.639276259
-20.239663423 0.679591398 -13.240239192 -0.395068647 -0.139367652 0.108769871 0.901480192 3.786595535 -0.756996523 4.708836256 -3.640937716 -1.444252117 1.646676055 4.867180637 5.421834375 4.182676526 6.544888867 3.788068345 4.347356623 -2.386823225 6.211717649 3.469657626 6.855965053 5.515534011 7.842515921 5.589316471 8.981049979
-15.926300644 2.091414936 -22.657276164 -0.105901082 0.109382050 -0.975378441 0.159553830 8.541014641 1.773611843 2.336939085 4.861601869 3.321302985 7.181064140 4.010192346 -5.942530093 1.793092241 6.358703685 2.088430570 3.417151976 1.375025399 7.902177363 4.906713791 8.373582967 4.022853156 3.165187268 -0.028950229 3.735456483
-21.591306013 -1.616427199 -13.290448266 -0.197101863 0.626658851 -0.688534201 0.307197322 1.678820150 5.543459270 4.721332723 -0.140555031 3.923732938 3.962751281 0.468145652 3.830267964 1.307766880 1.939188647 4.727731784 5.774757977 7.704635392 3.746300749 2.770658393 5.856932840 6.790890124 6.328820905 4.949842154 1.935218604
-13.652701209 -4.709525478 -11.127491083 -0.075542818 0.709037514 0.241939639 0.658045817 3.817242317 6.633035277 5.034200720 0.942463005 2.488426013 6.144974130 5.649484655 -1.278921758 4.896843581 6.920789096 11.725394653 4.826515902 1.903995468 5.102196767 1.617549725 -0.506380576 1.716842677 6.515288092 5.622416373 4.171896254
-15.922676423 -11.327361572 -17.061957221 0.976382202 -0.113165614 0.027294152 -0.182006507 6.839851431 3.834784264 5.013443863 2.431714899 3.304475780 8.755637237 6.662034084 12.400890535 3.919768460 -1.456971794 8.331718299 1.019944306 4.657108953 5.350672143 5.773985627 1.109021499 1.570311357 4.569105971 4.364154342 5.803735000
-15.913176709 1.666849661 -20.286713403 -0.405093311 0.070542680 0.772869909 0.483316918 -2.417225555 5.453568030 6.197296488 0.774616893 6.058016659 7.753025833 8.155596436 6.129799769 2.979815356 3.116979551 7.539206189 0.957189808 7.738894939 5.387564008 4.540502344 3.271921687 0.694984124 4.147339670 10.963082045 4.784764045
-17.476710160 -0.983392194 -12.057456292 -0.708996883 -0.228521781 -0.353982194 0.565506694 1.630927281 -0.262355499 5.472757336 2.634258342 8.746678080 4.541897873 8.753754267 9.614306538 0.471037359 5.263324764 2.446706391 5.442764899 6.371993661 5.819735844 2.795385808 2.211611150 2.402604401 7.291121743 0.168024143 6.021768816
-4.891397964 -8.279144866 -13.733776700 0.577106129 -0.718656754 -0.300119253 0.245783279 6.477881316 4.724505487 3.602904227 5.133669539 7.032532017 3.215663131 -1.025196676 4.235197326 3.227470816 1.830612075 -0.342682123 -0.366917779 6.816533433 -0.443364294 7.154366302 3.120142114 10.433480224 5.832067481 -3.171525850 4.544209505
-16.620999382 2.015996404 -13.805979036 -0.078031905 0.980746532 -0.128362521 -0.124781106 1.748913728 6.292921767 4.652053436 4.531095062 0.426654958 1.357208591 2.946449664 3.158813887 0.253233650 -1.711392465 5.605208278 0.984280249 4.639816138 9.955145882 3.702509585 5.515984094 5.880635713 4.991611150 8.378875963 3.410313827
-18.949471574 -5.426877087 -10.730588576 0.315085660 0.280871363 0.308665363 0.852383715 3.887734494 6.434841211 3.139054268 5.502025056 3.510671602 3.724449205 3.573129072 1.262639370 5.100709612 3.514511042 7.556207236 1.685498846 3.716745238 4.289168454 7.523090851 2.506499263 2.001268579 3.936024182 4.701790456 3.172843170
-5.229504020 -0.051470561 -15.532171138 0.514398946 -0.800246720 0.192269144 -0.240897256 9.125046837 6.025846735 5.687083602 6.178030032 6.440366774 -2.170021823 1.848868537 5.030961115 8.666486207 5.148101222 5.182496887 -0.773334759 2.438231056 3.810557592 2.246061912 3.921322731 2.044023519 5.059750087 5.702433554 8.225449843
-16.768555302 -8.934905772 -14.412887477 -0.546893474 0.568458978 0.475963450 -0.388871075 1.669098372 3.957047798 1.594108294 4.958716911 7.890682740 5.232718934 1.479716812 5.121254430 4.395517875 1.342204685 -4.407118241 0.623671158 -0.523625414 9.267545172 2.955448977 -0.159749651 5.115839222 -1.581980039 8.828044581 -2.576329627
-8.260398505 -8.665965997 -15.128924880 -0.188929561 0.026620429 -0.047503009 0.980479698 4.478918320 1.719118622 9.279118315 4.419451339 7.299477107 4.911914064 3.125278563 8.205547733 6.712057110 4.789211562 1.445269058 2.514581254 3.565541245 7.918441219 1.089267899 4.274752624 3.805872624 3.214201574 1.645772040 0.645646074
-19.844336458 -1.142763924 -21.885364298 0.214162314 0.142330904 0.930798964 -0.259787808 3.358228320 8.034429453 0.161484730 1.940315732 4.352173199 0.566676270 6.408133134 7.957479708 7.670443359 4.390662387 1.865431741 -0.102072415 6.617023006 -1.449567995 5.504791956 3.674586414 1.756732908 -0.048916972 -0.832412237 3.335263782
-19.988044232 1.292677025 -19.972660497 0.156227002 0.650225126 -0.544047711 -0.506766709 9.210555325 1.760592202 4.126526832 5.185558076 2.250977227 3.241062985 5.029551717 3.915963937 3.089772727 6.761439421 -1.358891221 6.004121059 4.748825785 -2.171310629 4.746185067 6.159091901 1.324812659 4.450788006 -0.303964082 1.901814817
-13.256261604 -2.097116599 -8.063036716 0.575823512 -0.236916584 0.428745942 0.654579813 6.003957714 10.316748773 5.306522318 5.164531689 10.832572786 3.567332644 2.838028717 3.336544114 3.969648021 10.975284487 3.262433943 7.492988257 3.078728420 7.902663468 8.834422240 -3.336467549 2.206904357 3.253359741 8.824085663 3.465641272
-7.227148144 3.808242448 -19.386379953 0.176036137 0.694319511 -0.552049354 0.426817531 0.719949875 -0.888890332 -0.721105707 3.949721025 5.050699344 2.688590172 3.011732944 -0.877206136 5.557486783 -3.523853495 2.011545705 5.731948323 0.678173687 7.531778162 8.295898525 6.561203204 7.841452414 7.370246222 4.885188332 6.898715619
-7.452908220 -8.736270142 -11.549257116 0.646427184 0.619861183 0.278192558 0.347149695 3.353398352 -0.727640108 2.043702135 5.222103950 1.786745599 6.013901712 -0.273133303 3.758877718 2.627243380 4.617368450 4.910622707 7.426162698 6.285302349 -1.427250537 6.048743306 8.023324208 6.413273710 7.180292963 5.516166904 10.093117426
-11.919250854 0.935587491 -21.162146899 0.545844764 -0.015419522 -0.419794490 0.724974702 3.785245885 4.069004975 2.088177266 -2.588991244 6.880464544 3.555887934 6.433346058 6.345537777 3.574474486 8.161055601 0.173060382 3.415799858 7.706734405 -4.554254577 2.917620510 -4.141029227 0.354242118 6.706868340 -1.664196985 5.362687313
-5.080543126 -0.295338104 -15.785127220 -0.751000897 -0.374178424 0.544047938 -0.000023997 3.178317659 5.362142736 6.872296850 7.041808980 5.982461042 -0.398165336 5.273964931 3.411363573 4.665772155 5.615254330 2.020299264 -1.533973325 4.232836903 3.808253145 5.947356185 4.395846951 0.398186513 -0.063915975 3.447929571 2.081775836
-12.637760075 -10.327084149 -15.763254549 0.312009535 0.437475640 0.465228342 0.703439909 3.435167528 1.187855012 2.507980049 0.063887155 3.216025757 7.373094141 2.448586985 6.705396568 3.653285956 9.355424645 6.332972014 5.016130905 4.896830892 3.641390171 5.877233949 -4.533334377 2.349369167 1.031117811 4.483866275 8.516646434
-19.546499651 -6.470878748 -16.693403443 0.854558606 -0.361157944 -0.175325770 0.329477471 2.625489609 4.119129909 -2.507950804 6.681451841 -2.763179628 4.973613260 2.471703385 9.113554584 3.267065211 4.887768345 3.353344274 6.693446403 6.852487931 7.459836535 6.655819473 5.335136813 8.399401094 1.644433516 1.742910058 1.430518158
-9.587565173 2.072017027 -11.760715424 0.146146844 -0.844548957 0.387150886 0.339841657 4.368657172 6.105226882 2.831909839 7.004259951 5.477091084 7.040118154 -0.739884760 1.402782621 1.894901111 6.539641165 6.830494500 6.070604493 2.677963526 2.705164314 3.175171398 0.221675293 2.935093651 2.415790497 0.535115801 5.335186437
-7.219230688 -4.955722996 -20.065611980 0.725291493 0.495766208 -0.399322901 0.262124658 -0.480720272 11.202616794 7.621560805 2.308468970 -0.960768914 2.709250455 1.757128152 2.429588342 1.954483130 -0.644854487 4.594464002 4.433421121 5.312367813 1.414975990 0.544325342 6.022602963 7.237452071 -0.951592698 -0.127098829 3.136415679
-15.359544146 -0.447404681 -22.265012688 0.658708192 0.467587266 -0.583876619 0.080955297 4.726159403 3.083231951 8.116649092 9.015150117 -1.552408025 0.504830425 3.725849946 13.275906347 10.867516017 3.961215289 -2.857299726 5.593961276 7.217959110 4.856485505 2.758489989 9.706092823 5.274252585 3.198470054 5.250700536 7.529343503
-10.934996842 -4.016810578 -15.462163197 -0.864211091 0.230269696 -0.365777264 0.257530678 2.327448233 6.873552650 6.015090680 4.263072368 4.001342429 6.010018538 7.695770482 5.254018532 4.024026549 3.122716947 7.600260306 3.879887469 8.256278870 6.387612164 2.505696340 8.074251961 6.958302966 2.640682586 8.569263509 3.209623830
-9.981185092 1.325428077 -7.859133439 0.585317118 -0.781979184 -0.214220318 0.004699303 4.263084080 7.631239721 3.868457524 7.063490729 0.727980920 1.879375874 1.890779450 3.054337828 1.673203015 2.249212124 -0.368774933 3.863575243 10.363523977 2.819907308 -0.364527340 3.416898427 6.200637768 8.099278692 2.801663068 6.703365272
-11.839859962 -0.643987335 -6.649053918 -0.531455304 -0.736624368 0.342123640 -0.240605934 5.954509035 -1.288205955 0.882239324 3.421244763 0.269317388 -1.317523373 5.209635769 4.715008424 3.098656603 10.274885500 -0.288892079 3.077863636 8.278277266 7.140458477 1.917472801 2.283040214 2.129836202 3.213731962 -1.856091451 3.875380576
-16.436245592 -2.185851847 -21.236405113 0.042489440 -0.632934044 -0.577942932 -0.513391771 11.825587599 4.765848153 6.081363538 5.821431353 11.189810292 3.721391909 5.491100448 5.803798275 3.916564381 -0.891346336 5.311539951 0.719353886 3.617523254 7.945815017 1.988412115 0.935877756 4.471862098 4.895099461 3.659033375 3.161584608
-8.376774968 -5.321878142 -21.198722636 -0.173138896 -0.112631153 0.749809829 -0.628587597 2.933083838 -3.663656108 6.507458044 4.608042018 5.061298836 7.778711720 5.548499926 2.377068860 1.922915875 9.270422012 3.508626356 3.482695998 4.753067659 4.234084378 3.327866485 2.316549118 5.143291754 7.102230611 7.815100227 6.649728029
-17.316637322 0.899693995 -20.896488057 0.259940833 -0.661926358 -0.614344331 -0.341855677 -3.909671436 4.810024338 5.194712027 3.326468031 4.229804170 0.467001534 2.979176181 8.514685401 0.101567372 5.773098061 4.214408975 0.843589991 4.081535379 6.124261898 3.224406315 1.685966750 4.149300470 2.307617387 2.720876594 -0.862633386
-4.854196307 -3.909658561 -10.146228371 -0.408263187 0.230280471 0.132268965 -0.873382503 5.288105155 10.656788488 6.126503526 5.806254777 -0.958055674 7.457695794 -0.236534056 2.929973869 5.988257464 7.254198587 1.713884703 3.756182077 3.215753978 2.695174075 6.622342241 -2.903682748 4.912446385 3.430831785 3.779171954 6.058435829
-13.754680672 4.004902084 -13.297622211 -0.607040152 -0.619721981 -0.395787570 0.301328924 8.993594120 2.974895521 -0.067265440 1.971532376 8.262172737 4.780574023 9.597206377 -1.531239570 7.471887842 7.774485977 7.043166592 3.562441805 5.645996116 1.825776592 2.154086926 6.478900826 3.482871347 6.979542752 5.219430020 3.655637748
-18.839345450 -7.404319737 -19.722276454 0.547476754 0.756886337 -0.320014887 0.158059321 -0.130641563 0.811660024 8.234308053 5.038434739 -1.327166025 2.934524106 11.435351180 4.453369696 7.874557510 1.180753879 2.216687907 4.828526145 -0.392612268 10.006192279 0.299046205 4.286082905 1.263549391 6.113562414 5.363236823 -0.801041085
-16.467576973 3.160243883 -18.879028199 0.054308888 -0.416714858 0.744241447 0.519137689 0.199153501 4.590808029 2.178995495 6.848118576 4.767507170 7.299999541 10.160151443 0.498791501 9.009402676 5.854331562 4.333438605 0.448496879 1.556999601 4.318194153 2.505285925 6.160191889 -1.411512500 6.069779550 2.265394372 3.202771061
-6.030443571 -8.435751294 -17.630913293 -0.735568963 0.184944367 0.385425079 0.525529629 5.462325471 7.781645789 4.038642787 5.423193774 7.356847189 4.394561639 4.632487938 -0.118567116 1.844879207 0.916171846 9.564272982 2.728376560 6.451578666 7.708671436 6.986283782 -2.217157445 2.777600798 0.338870787 -1.841081388 2.231372421
-14.610498334 2.620888472 -14.383932444 -0.330099387 0.091933433 0.865479145 -0.365415502 2.525298569 -1.012983147 1.487831638 0.291334414 2.959159390 11.094855549 3.381968783 8.127395833 1.323075791 2.349619725 6.759550913 1.315253647 10.565379054 5.154253296 5.512034057 -0.141074940 1.112104707 8.339328900 3.940798966 3.461873793
-11.129757851 -8.020829031 -24.265234290 -0.047977609 -0.697902662 0.552121439 0.453642966 2.819221099 2.562002949 -0.118173549 3.624693745 5.183566916 7.772046988 0.786799792 9.609364515 0.971690245 8.113547246 3.087057475 10.541084503 5.964575651 9.410937552 6.589011304 2.407790497 6.691806001 2.369927511 5.648295485 6.673247093
-16.295024305 -5.835295224 -18.014157660 -0.283518575 0.294574043 -0.159767918 -0.898508522 -1.349441215 6.610725786 1.077908538 1.480587909 5.215815855 0.449767861 7.103816758 6.106943816 8.682616817 5.888491968 1.218603161 7.585628778 3.154772992 3.519853274 6.906166217 1.239313239 3.742334104 1.155412735 4.553783083 4.630731750
-8.602433536 -2.446854154 -11.779811760 0.683666124 -0.331056260 0.647417652 0.062070662 0.810600082 1.903440139 3.335342272 4.224438446 4.430789133 5.290991746 3.426359123 10.049319447 5.060353992 5.102438449 4.020231264 4.313014060 9.913121409 4.727908329 6.747198077 5.892060773 3.762455821 1.639379355 3.799053717 7.097201670
-4.337066837 2.374868173 -15.079063966 0.244419457 -0.330314236 0.372701338 -0.832012829 1.145908013 2.064375618 1.970068955 -1.620736033 5.697512321 4.887423417 3.166411071 3.714746871 2.126474675 3.573615695 4.259174872 0.208803493 0.884055748 1.158798056 7.553744199 4.776110363 7.014668318 7.274342383 -0.555243720 5.120341627
-12.719253444 -12.163146890 -18.069918668 0.459461499 -0.576585679 0.579086460 0.347998501 3.061950448 1.896075920 4.886907686 0.568804231 8.416334101 5.888963221 6.925553077 5.629730552 -0.554258629 4.418062939 8.125883698 -1.329795073 -1.010452201 -0.150978599 -1.674368178 3.522164060 0.340415969 2.045151271 6.070696666 -2.122668737
-10.236135823 4.839656509 -16.339760770 -0.567810526 -0.672557406 -0.293298817 0.373140116 6.334220097 0.213443787 -3.140946257 4.885983601 2.464730900 5.460248490 0.284676918 1.950187495 4.266548009 3.849049084 7.677684919 4.277859449 1.985876409 3.685285245 2.906569499 0.888824297 7.171964237 5.332700613 7.537980062 6.465983182
-6.843731659 -7.251705435 -10.753827047 -0.485757226 0.185538167 0.719935716 -0.459682576 4.215005711 -0.227116752 2.986367903 3.914994292 4.283796672 1.248448487 5.655409948 7.414931409 2.730015607 2.189675412 2.957860071 3.839643217 0.552187739 4.345119813 3.703395681 3.916046704 11.753888814 0.647772755 4.878372091 9.520646773
-14.968920692 -5.766947732 -24.508967111 -0.852058549 -0.266148686 0.443806897 0.078718124 5.468733775 10.208611231 4.022742445 6.252135207 4.003186590 -3.747244251 1.965555263 0.729204353 7.769673319 6.464963732 6.122052905 -1.106791973 6.567625644 2.884970648 6.258016199 3.420846228 4.507513901 3.451732558 4.709440723 0.002556164
-11.085584562 -4.862274902 -11.787155372 0.235971635 -0.668159574 -0.694775003 -0.123157895 1.657550107 3.088891193 2.002377622 -1.230567603 4.386968747 6.493911677 5.653767526 4.835668255 1.910776088 10.861928205 1.803812873 2.421544939 -0.379559363 7.585026203 6.333194831 9.779812452 3.743945923 5.274346215 5.232703676 2.876741336
-13.900692509 -11.625483512 -18.168666474 0.691723859 -0.659061782 0.087946442 0.281817481 4.917774925 4.734246547 7.829453699 4.909157553 8.847079998 4.294589881 3.854613642 3.452623386 8.085112138 0.856802152 2.126325816 3.614651029 6.230107401 9.976313554 3.761707392 4.873742997 8.421032683 6.705781293 3.815775028 4.523202527
-14.977692527 -2.284975674 -24.089453230 -0.184342459 -0.860242601 0.466259090 0.092752285 1.202781809 3.395666149 5.190911092 4.320874946 1.991989007 1.257158167 3.501845172 8.614645987 3.157233155 5.138524832 6.818172103 2.527371256 -1.118018775 6.422371825 6.963838209 3.569407517 7.123462606 4.711436097 3.602083664 8.671385177
-14.419821572 1.236476274 -21.524435814 0.523035148 0.301679992 0.795844581 0.045330117 11.864629455 0.098171708 4.356217857 1.224595763 -2.365258257 6.345022077 4.650104016 -4.786028479 1.622531441 4.740676756 2.978927386 1.731342334 5.056614374 5.134751690 2.107889211 0.088065754 7.333149282 8.017592648 2.228096528 6.668672599
-18.907247891 -4.476592127 -10.283909987 -0.074856272 -0.698604586 0.632991761 -0.325068612 5.125672273 3.809005053 -0.663331226 5.985019536 0.138237878 4.924366228 8.178454469 4.989436606 2.009374821 3.330200161 3.887752392 8.677720346 6.081988521 2.794134539 0.452663562 4.781177960 0.858705263 3.381595285 10.213097183 7.260387458
-8.492820368 -6.522522295 -19.988705441 -0.070122010 -0.834097127 -0.419736327 0.350979062 3.227922956 8.885296349 6.048795330 -2.770651915 5.229312611 7.361607446 2.595370143 4.480848546 7.163481287 6.823331457 4.844720479 8.399941907 3.881889670 5.123744494 3.567012587 2.423484169 2.329407517 4.333456676 7.629090092 5.949792993
-14.244598588 -6.655246095 -14.334441461 0.098449005 -0.420817678 0.714831531 -0.549760091 -0.231464113 5.893022203 10.473018599 2.226982954 2.415132453 1.009701138 4.242075207 5.108048714 4.143940613 1.642197857 7.403920602 6.389257646 4.693449952 1.455775607 7.620806529 4.349675580 4.751064846 3.649006950 2.696138412 4.340788400
-5.567845091 -5.215256580 -17.616899500 -0.417947758 0.120828145 -0.900386316 0.004971209 6.262992133 -0.860821881 5.434751474 6.345391987 4.710576666 6.520952283 1.042095307 5.205245717 4.708383132 2.354807907 1.881898857 5.509237842 3.014564809 -0.281557536 5.606061023 7.400521835 1.472510881 4.347327384 1.640755071 2.339328261
-19.712352525 -8.084738203 -18.902404875 -0.737712979 0.233555475 -0.461995181 -0.433349575 4.174906004 3.421496253 6.356745313 -2.053625808 4.128359441 4.523174713 6.189594822 3.285540012 -0.289390173 5.992228381 2.327176751 5.281951066 -3.008192248 2.653747389 9.154851383 2.554069871 6.514569973 10.538449827 6.590769851 3.478976555
-10.902582979 -0.586680130 -11.158444896 -0.396934778 0.512097032 0.584088420 0.488917303 0.626181893 3.673237163 6.092011405 4.837348046 8.161251766 8.833373980 0.928337081 -1.427047452 8.909752337 7.656733048 6.755155366 2.411320506 4.677381744 5.851415098 -1.811718106 5.116548809 3.113573159 4.470854356 0.418225595 1.776142528
-8.957905431 -7.742058105 -8.653305581 -0.483266494 0.423454815 0.111249631 -0.758131278 1.075702421 1.147754639 -0.651255453 9.913310279 6.586182645 0.875604642 6.619416808 5.444132361 3.405504955 6.993548481 2.012482936 3.607202347 2.938625628 2.125784297 8.186908009 5.961853678 6.588437562 5.681105584 2.601748646 -0.742620892
-11.073227303 -7.997228470 -8.303870422 -0.707346783 -0.164794079 -0.301231419 0.617869786 4.713190487 -1.461464855 2.232382966 10.280243560 4.605048246 -0.674081045 5.759048796 2.343936320 7.523261073 6.147330684 7.506085047 -1.579276884 6.976646189 -0.581531267 4.926801054 1.665300140 5.695170242 2.061108606 1.659134385 3.023842516
-17.866497511 -6.780177224 -11.099857219 0.599804888 0.208684212 -0.164457532 -0.754744140 3.673597296 7.896573985 2.425094140 6.464091166 0.977992232 5.098781898 0.805273112 2.728004610 6.929396725 2.900810058 2.332959702 1.312515115 1.285694535 0.598980429 3.022812547 -1.193656096 8.532195140 -3.894578099 6.654802955 4.812213592
-5.616889874 1.928616335 -20.565704584 -0.426090910 -0.343817271 -0.688081146 -0.476214823 6.454431892 4.703357192 9.116553286 3.903407117 8.106193049 5.655676803 2.304937053 5.331743658 6.649503541 7.793149202 7.351034428 6.767866892 3.564419250 4.547560111 4.077446771 6.348905850 -3.066956390 6.717168650 -3.749276401 10.616884243
-5.948653179 -7.063899763 -20.173309315 -0.418903622 0.837354791 0.154036450 0.315641382 -1.382362144 2.732488119 0.511662731 7.416318435 5.149278189 1.150340010 6.275266031 7.331730014 7.758990182 7.410588239 2.873775708 5.968558217 4.851137926 6.778617497 1.757075307 7.079149693 -0.876246629 5.253294253 -0.512996175 5.618080384
-18.605879675 -3.870783695 -8.763229714 0.828115182 0.555008485 0.019898563 0.076124066 1.936044564 7.077525399 6.140818587 5.536064235 5.814737571 9.096464454 3.998022682 3.353147966 1.821872381 3.528013679 7.051320847 3.264008940 8.824267634 0.265979198 -0.957110114 2.295652795 4.526771512 3.812979780 7.307163413 1.629967504
-5.613885856 1.895102220 -10.387592869 0.169723699 0.517796543 0.837533804 -0.040221046 0.109739885 6.207421253 -1.654725024 5.620184536 5.427815860 7.319516664 3.553005211 0.814998357 2.611488677 4.092570216 1.510910063 3.923825232 5.482996003 4.574427706 6.649019242 6.125754342 3.095630411 4.282374532 4.521626107 4.089552833
-15.837505355 -2.925442913 -16.420880371 -0.040642452 0.702252400 0.649032715 0.289734866 0.684702305 4.142122241 6.864300060 4.666089120 3.448600742 4.272336044 3.861838967 6.308977539 1.399656734 3.929052171 6.000038913 2.125827600 7.519761008 2.004659404 3.420725535 7.198409757 4.182530477 -0.717692685 0.760003872 -1.674768459
-20.529299753 -0.697060460 -15.916484074 0.567499733 -0.521307163 -0.584457592 -0.254149993 2.005371757 3.304469124 1.340388855 8.091750721 4.005496243 6.443508684 2.683603853 2.656094740 4.158714258 5.344777443 1.941163486 5.348014213 1.211068343 7.023756364 2.116924104 1.550156358 2.095150082 5.290859406 3.770879810 -0.141057943
-12.652355728 6.081283288 -21.283099001 0.026638624 -0.081115308 0.567627045 0.818846890 4.338644546 4.599754941 9.463301110 4.936224706 2.822529790 3.670097548 2.732078185 -1.265532072 3.637912983 1.050959190 1.304799116 4.808288381 6.665713551 -0.679934511 -1.260904782 0.439230121 5.489123703 2.696418977 2.865586795 1.239612474
-16.499577510 -3.622777958 -15.831073047 -0.086679090 0.108094837 -0.631800832 -0.762646674 -2.155537241 6.060834573 4.702932585 1.298065094 9.097136246 5.563707198 0.944601629 6.287051803 9.313481756 -1.507560950 2.098741001 -0.596750824 3.617950027 5.453127643 0.509930649 2.356391005 7.111606473 5.030235820 3.013079123 4.008587119
-9.022269346 -5.986647538 -19.085629811 0.646715509 -0.687370477 0.041552842 -0.327954630 4.966528169 7.213768488 6.459989364 2.443564545 2.172700011 11.508326746 2.225988688 4.921085856 0.797980032 2.661225645 3.978336258 10.182658497 3.154501656 2.143787625 2.233821267 7.377678770 -0.573041015 5.117852019 6.098333386 4.975908771
-9.524389133 -3.865216900 -16.504885220 -0.372745267 0.596791283 -0.049625490 -0.708828923 3.781813587 7.035510929 7.055053187 10.114566841 3.819555227 4.428776291 3.748907395 0.052609056 6.556394687 4.828521853 7.943214237 6.251713222 3.181063218 4.598837723 1.980698442 4.873206923 4.471768312 2.757888878 3.504212459 4.109470049
-10.573910467 -1.693050953 -8.078021877 -0.371320939 0.886613199 0.179591052 0.209248296 2.330546959 -1.335443028 7.357532046 -0.917320677 1.052318201 1.374623237 2.414480092 6.395925306 2.100216324 0.826819039 5.070274340 4.877041635 3.295344362 -2.692027460 -2.772882950 -0.767248531 6.841328308 4.290953958 6.922796446 3.708702149
-10.650291591 -6.773486136 -13.290827621 -0.511938180 0.186080230 0.262169808 -0.796593020 3.741471061 7.877952836 5.012104806 1.230598625 -0.393400063 3.050043391 3.085858903 5.190895270 5.134276101 3.390578883 7.423746136 4.931812354 3.832814070 3.978348387 6.529702971 0.131147478 4.952350364 3.654337766 -1.847137683 1.269527887
-20.310551642 -5.437782115 -20.758901485 0.068681727 -0.883470947 0.341136525 -0.313668261 4.275976025 10.424618816 3.896675900 4.035906494 8.816841970 4.355005713 3.557552044 5.345003090 12.021062412 1.809862653 -0.875422603 1.775199059 8.355690545 2.852061016 4.595753987 3.655855227 0.441438924 9.143155694 3.472555638 4.238524270
-8.190982187 0.472600832 -21.146456328 0.565403920 0.509645626 -0.399609151 0.510776144 5.713708899 0.841073265 3.820845220 2.926638568 3.160018436 3.611344730 4.221552826 4.068079923 4.768960177 2.947319067 4.151078997 -2.747333756 6.772977450 1.280973483 1.926292916 5.240605179 -0.322557370 6.384817992 1.776227587 3.956979681
-8.241213640 -10.909014882 -14.985993108 0.573197281 0.138697696 -0.755982641 0.284074062 3.212327259 0.636786427 5.251811668 -1.889676882 2.293081562 5.550390456 5.012315011 4.480619878 1.752301684 7.683671745 7.481652909 5.167896007 -0.380473923 5.554241186 7.288003860 3.007271461 5.925201807 2.584373837 5.459758612 2.835463069
-12.500328510 -1.058595279 -14.477163012 -0.800393668 -0.548210534 0.167369275 0.175563984 3.982862213 7.806891099 8.221377584 3.723728320 2.039277645 3.412308252 1.404339482 7.758315738 5.812445295 5.914700586 2.349844586 -4.051977673 3.428350714 10.001025657 2.912367534 4.009230893 2.610201491 2.806408715 4.188668134 3.775355957
-17.601567509 -1.073638987 -17.198050801 0.602902716 -0.769693321 0.137053341 -0.159049956 7.669119163 3.558920021 2.054097740 4.029880994 2.659709170 4.890870444 -0.442382647 4.137482818 6.843259501 9.446531046 2.018571595 5.353523960 6.152721631 4.920059313 8.254547547 1.876031181 -0.770838962 4.642336092 5.717728540 -0.081245096
-7.686051435 -1.402650459 -16.423030625 -0.218186381 0.568531956 -0.383870830 0.694124848 6.091567957 4.042429434 4.362172567 2.298582558 3.618961583 -2.738672957 6.298107169 1.853392360 -0.679286923 2.400827679 1.588078794 -0.562740653 3.091844240 3.091122202 2.277686150 5.327741647 0.585319550 2.700391457 6.165142658 7.374988625
-18.895957920 1.602542037 -10.334300904 -0.722350510 0.212776183 -0.025895556 0.657468977 0.415913700 5.108442823 5.021924743 1.247460697 5.361222529 7.053989688 2.987512671 6.380106718 4.329395620 6.661398810 2.687540790 6.302827533 9.366304209 6.120736368 0.012242162 -1.177317957 2.430815445 5.681301601 3.781450271 6.137353251
-10.243308607 -10.304415832 -14.855825692 0.879374346 0.433669033 0.176105338 0.087285959 4.456138929 -2.346538105 5.009554854 -2.834901277 2.218056842 4.077650685 7.471149922 3.741380614 6.518337994 1.417499266 5.149200911 4.168857186 3.127773505 7.895516796 1.471597919 -0.088128817 2.006868543 5.322395934 9.814167530 3.472669709
-17.091325057 0.749345181 -13.729136757 0.008601429 -0.290458748 -0.513294974 -0.807519660 2.696903492 -2.361721716 1.031256487 1.879171103 5.169726744 6.362966624 1.708295170 4.034822964 5.567488230 0.261263419 6.638995237 3.569945062 4.331469522 1.103512407 6.387935718 2.293772970 -2.268138130 3.838641818 8.413579436 1.068356269
-6.926778317 -7.213822064 -19.036650750 0.202600397 0.438507149 0.817115024 0.314622943 0.972642083 -0.086511855 8.354508738 1.680028832 -2.483037646 4.152114263 6.390489101 4.418575650 6.365876668 1.155251125 8.504076681 1.936218467 2.403115486 3.428620474 -0.528965707 8.270088071 -0.034826983 2.097512420 3.722772713 0.825786148
-12.072775688 -3.212823148 -25.648348273 0.151167103 -0.431762673 0.099668643 0.883626427 8.619366337 3.708274156 3.664092563 4.989521387 3.973617679 1.759137104 8.018991562 2.596612123 9.136066215 1.075417762 4.675217860 5.480060134 6.304279528 6.535211120 3.234243401 2.488334094 4.975577433 5.167534246 -2.290724158 1.896291640
-9.380616372 -9.759533098 -21.487930924 -0.426550763 -0.827966535 0.355280834 -0.079381309 1.884971662 1.576557263 9.433009874 9.806872181 6.395730720 2.135771352 4.842279556 8.258411702 4.843501269 4.655476254 7.986785979 10.513946827 0.798035062 7.086557614 -1.478834072 -1.443817133 3.005426610 6.321284134 -3.784510618 6.686119686
-7.263007250 0.629358635 -24.210460778 0.147789621 0.412933406 0.292327242 0.849817047 1.642633105 4.050520725 1.819949150 5.405264828 2.914135075 3.638842659 4.258016970 -2.712497369 4.054457888 4.655307182 5.274593221 3.338214301 5.059049538 5.773454568 1.662843345 -1.374575192 3.400149092 2.478767439 -0.043350142 -1.760760941
-14.494348282 -2.113384368 -19.465080834 -0.369421728 -0.540903134 0.392884990 -0.645439983 6.539332691 4.041195827 6.029963355 0.417899830 5.482925114 7.888740933 4.057734567 5.342344881 1.063574691 5.576213770 7.933654462 -0.123290502 0.833377933 -0.151018595 5.775090324 5.829331953 3.848343685 9.560021250 3.421397346 3.948309776
-7.550420104 -6.201395066 -11.715143232 -0.354429166 0.387002438 -0.838234439 0.148229904 6.491094670 7.871742988 -1.644156728 5.337880200 7.845549586 -0.157514457 0.292633803 6.506877080 3.403520355 2.056926106 6.966736422 3.398191746 0.013968529 4.237042497 10.299243108 -0.600303389 5.353018687 10.034497560 5.501332146 3.731084496
-9.599690891 -1.526889786 -12.679382657 0.027169186 0.877561258 -0.059493269 -0.474982763 2.644930718 3.149165536 5.269452579 -0.909634057 4.654188104 4.414252089 7.250142143 8.184660181 1.309311633 6.855004024 1.821425567 12.362564207 3.345399811 1.431383503 7.669056661 3.104133137 5.886389668 6.712494712 -0.437018380 7.558810711
-14.020061376 -9.061795554 -14.398622028 -0.862545066 0.237562200 -0.403968757 0.190760201 5.889314832 3.845909545 4.244454366 1.387375896 0.409397988 3.132105847 6.919206932 5.931603850 5.651402799 6.372288991 5.645100301 -1.242451654 1.346422082 2.271334872 3.283068518 3.917581969 5.650629759 0.740984961 2.837589262 -0.395145121
-14.245748298 -2.862481254 -12.194409202 -0.236477531 0.627526722 0.470649133 0.573391650 2.710944651 5.257707283 1.432284515 4.166188918 1.821675205 8.390329396 3.395263578 6.727281440 4.687718324 -0.754825784 6.112399873 4.270935374 4.398493868 4.993750748 2.137368700 3.073967991 3.336581362 4.589655064 4.356071101 4.642426977
-16.147227497 4.571894107 -19.741901601 0.340958184 0.376109081 0.321072193 0.799501171 4.552944167 2.113979914 8.149821658 2.321275608 5.334215216 3.751169224 2.054435110 1.816842165 0.246624225 6.293719055 7.744063394 4.874779878 6.166481619 -1.038697701 8.609164627 6.888575247 2.028171285 1.991127170 3.037502713 2.417566421
-16.241103816 -5.536131397 -10.699034311 -0.230509125 0.766066799 0.416641689 0.431760240 7.664108445 6.370148154 2.560599732 4.062976548 7.124769658 2.011391384 4.906727179 2.863341118 -3.748140027 7.486348835 8.327113567 4.605200195 0.335139446 6.890995446 5.187432397 9.651494648 -0.603090030 0.866948530 5.562135551 2.919453073
-5.175271702 -2.229146254 -19.062540932 0.555691500 0.113407132 -0.209680905 -0.796479565 -1.513417351 4.463344917 7.809163197 5.206906603 3.405091874 5.144182113 8.156787283 4.556592890 4.255696587 2.589626814 6.713173042 7.167814304 4.940264684 5.681029534 2.585240315 2.985765634 6.275749771 -0.552716300 -0.742396044 4.261819235
-7.109594291 -0.009528647 -11.241270186 -0.496361636 0.859203309 -0.101957865 -0.070706397 3.787219218 8.186244662 1.991500709 4.125672705 0.017030758 4.932551431 11.918413196 6.726185374 2.596937235 4.682327528 5.047594028 0.562487959 1.526180806 6.065665581 0.628974309 2.248412675 1.885771444 7.042008820 6.007176271 4.945655237
-15.233839745 5.243728811 -16.043893198 0.448365053 0.514523934 -0.482646285 0.548895677 2.596513618 4.306536185 3.803289072 5.810741202 0.006220501 4.387819866 3.147712527 5.348853796 0.603820893 2.639393387 2.344406633 3.986185776 3.824340605 2.106572616 8.131036562 6.894064475 5.832165090 3.371944382 1.086928864 3.385417150
-12.531208820 -0.913533317 -24.830723953 -0.630115307 -0.378753155 -0.003355639 0.677856538 -0.268592379 1.914126228 3.236827162 5.351750496 5.543034883 0.834701589 8.769664181 1.660572334 4.213834105 4.755854722 1.072609598 4.776463232 7.887341968 7.790330062 6.725515201 0.077876764 8.205267077 -0.269144095 3.954227268 3.827949366
-12.119430756 -6.008548334 -13.864298953 -0.898458063 0.270521145 -0.018516614 0.345323840 1.102857092 7.089637667 5.322344170 3.215730302 4.801272084 5.787243518 0.520757809 4.411818554 1.843032211 9.288399680 6.753246706 0.089644245 6.170257400 1.655801278 5.918660236 4.407292267 2.685219870 3.142994480 -1.271177509 4.980024282
-8.232753862 3.732653193 -18.002437176 -0.261018768 0.037769792 -0.390838203 0.881866285 4.109383533 -0.748289939 5.475335084 2.861009384 4.919045533 6.412572855 3.357438895 7.874159984 3.286166792 -3.149559326 4.574932281 -0.889586189 5.159948877 1.870228876 0.156809242 3.390971208 11.646744636 7.840302163 7.674529383 1.627070154
-11.285184902 -10.780599559 -14.443368209 -0.435425412 0.688797892 -0.176100764 0.552223411 4.842082805 0.863139277 1.946206258 6.528147500 -1.134594625 1.362114939 11.269313774 3.244115060 6.558720347 7.242008580 2.924728593 8.079950308 0.047857229 6.854185941 9.909539167 -2.040953939 8.205690434 2.495589910 7.333253012 5.685027081
-16.472416750 -2.521829782 -19.350768910 0.091949897 0.637341166 -0.391345161 0.657411909 3.877381081 1.570278694 2.889827907 5.600817379 2.356851497 3.601478613 -1.311241102 -4.328936571 4.957252995 1.595246747 5.115936375 3.754623379 7.097072348 -0.706206222 9.118756921 -0.004068916 7.368262293 4.128995566 4.302185260 4.572121732
-14.365881663 -0.083591760 -22.765646282 0.472921903 -0.000749474 -0.739388020 0.479217767 4.088208133 9.681326104 8.224213887 3.065901755 4.004574045 8.882531485 1.571107375 1.446691932 6.776563699 5.058224051 1.645709834 1.636696417 1.402292712 5.562716466 0.857538587 4.257094400 -1.007410091 5.775427120 3.126081620 2.393114042
-12.300417243 0.502163327 -14.563586258 0.141298212 -0.084159130 -0.633614052 0.755966460 4.356239863 4.882566638 7.549797413 6.292919515 11.146420071 1.646303053 4.787365590 3.989914416 1.508465363 8.196589279 0.639452409 6.966421879 4.374906618 1.268253146 4.816287767 2.890464955 4.183066546 3.534084521 0.044777807 5.465053259
-15.490147242 3.498893839 -18.727641466 -0.779536817 -0.511026747 -0.022422703 0.361484766 3.312248621 6.876293902 3.310329621 0.154768027 3.182381662 4.655769796 8.426945045 3.726745262 2.553039082 3.499051227 4.822167215 7.568483289 6.613796912 5.158247495 8.126211594 8.536991304 1.338868335 3.947135731 7.667269776 6.318811812
-14.579544597 1.845617858 -9.299434843 -0.578120320 -0.406909665 0.698155496 0.113050097 7.292559911 -3.109649100 7.594452130 11.129543910 -1.355617770 9.035458753 8.896212780 1.135985048 8.594726944 5.430818958 1.749244126 0.417215910 -2.054907046 -2.328123698 5.409362101 0.899746476 2.506113214 1.625437293 3.548544904 4.894854591
-16.675146427 -8.656645521 -10.584182179 -0.436659991 0.735725958 -0.363789479 0.368364739 4.525758994 -1.048893401 2.173240198 1.228584402 2.707991907 7.102301085 1.918016745 0.843466197 1.364993323 3.485119815 2.291166960 5.721161423 2.063830931 1.075560318 1.618111934 6.966076527 5.255231337 7.823544504 5.302382517 1.400183836
-16.326594925 3.398108987 -15.823074134 -0.298186018 0.728677757 0.469535983 0.399561993 1.452772722 11.607425343 3.660782063 1.949361058 3.047265993 1.137041240 2.630136123 4.201532777 8.715437737 2.486888101 8.496456572 7.496500689 10.089249936 6.961810851 2.629014423 3.374982019 2.335783681 2.802773456 1.441664826 4.266467914
-12.393564357 -10.450240157 -12.034134811 0.660516060 -0.090206754 -0.722702636 -0.182434032 0.308934795 7.406896016 1.959492924 1.069628036 8.267824849 6.408147309 0.445695975 5.014381281 3.191756771 4.179944687 8.595078580 5.657578909 1.774620871 7.701739919 7.613959933 2.894624696 2.009892725 3.401017007 2.802327073 3.364334037
-10.521885282 0.840423592 -19.615101236 0.338160152 -0.710847806 0.611928766 0.076722183 6.549855361 5.303011346 7.580244844 4.198494882 3.702293381 7.538331825 8.162632431 -2.219895113 5.646318958 2.412809825 4.835259983 2.007930336 5.296125012 4.443240685 4.618428214 -0.158652499 -4.078757858 10.317495781 3.344329353 5.380998051
-20.235923659 -5.336201497 -19.804972779 0.305939201 -0.275845029 0.076037023 0.908035845 5.504723458 -2.025245274 5.265655815 8.674552840 5.662933525 6.096920295 0.963897353 7.114836517 6.511377862 4.129046066 6.363007172 5.191358655 3.407509060 6.881406704 1.651539131 3.323767770 -1.879104454 5.350146000 2.036139288 4.855996378
-16.262419813 0.570462817 -8.778317618 0.313456568 0.159273652 0.871574545 0.341664595 6.115208340 4.767118906 3.232805418 8.891518949 6.619294050 8.036817361 3.831725112 0.745602576 3.008366177 5.037468087 2.021491283 10.245828588 2.600410834 6.921306266 6.547132415 2.339953707 7.868849957 1.160982863 1.066862281 -0.048248799
-13.126967782 -7.905679407 -23.303022434 0.481130222 0.413708783 -0.037881828 0.771960957 0.317027712 5.289663900 2.508930653 2.984707423 5.441826022 5.190253082 2.433134142 3.908417083 3.151488527 1.816581972 12.031808994 6.736883306 2.099926150 0.763078362 6.344467322 9.752567786 5.399286171 -1.420748431 0.798856022 2.248392325
-6.999701013 -5.791548709 -17.796237317 -0.884687955 -0.324610473 0.302340525 -0.143336908 6.079496379 3.634624112 1.906373727 2.443851199 -0.797435394 6.861927195 5.081312445 3.450238327 10.761936533 8.839213322 4.751690378 5.669717261 3.395530495 5.163007407 5.270228752 5.453186574 -0.580511127 6.255111813 3.958227668 5.345457914
-7.759123029 -5.741692176 -19.939411386 0.201607421 -0.610542415 -0.730452654 0.230285319 -0.245849329 1.184236294 0.598673558 0.758856802 6.447630848 6.878068886 3.623095856 4.324235718 5.981938329 -1.539253996 2.134103016 5.541589170 -0.211094697 5.109995934 4.480297771 1.647276000 6.498566914 0.505973340 1.750948296 1.919876231
-12.665628358 2.722239628 -9.114773297 -0.192301156 -0.737377470 0.330890204 -0.556602556 2.943648549 2.128797727 4.242261467 5.077362942 5.006842167 4.230809990 3.708006510 4.572913968 9.677174361 1.049870982 8.988943638 8.156367734 8.090840511 1.714969346 5.681306580 3.332737798 7.082827993 3.642239332 6.737338313 1.339183318
-12.163172459 -10.849739595 -14.858964867 -0.161117009 0.347641095 0.915441530 -0.123100706 1.286555992 3.584266508 5.456791804 5.059849536 5.563078120 6.073576009 3.758385900 6.291521912 5.294591882 1.977530649 7.496539688 6.502885238 5.042234089 4.003452114 1.482929482 1.820641286 7.862774823 1.061435570 3.392003729 3.073686426
-11.021678182 -1.993795431 -20.807709000 0.205562722 -0.660979724 -0.680337275 -0.240813130 3.613830818 5.005913889 0.434157344 1.500577741 0.821561263 3.481248095 3.821328910 3.266314366 7.435797548 6.371173782 -4.735401840 5.546722508 1.911966054 5.416270559 1.222570496 1.595571635 8.453872038 4.393756281 7.783442557 7.368296759
-8.071967160 1.520672732 -13.210246130 -0.210624456 0.462830787 -0.778790754 0.367300915 9.321303111 -2.358927958 -0.029475847 4.711352814 5.702227011 3.296006169 1.060218361 5.919976014 5.373565956 6.695013188 7.665627753 6.928977673 2.584616578 4.214851314 5.832225954 4.454521836 -0.441063258 1.279733767 3.267709783 3.978631551
-14.568693960 -6.040683589 -10.196820320 -0.047279647 -0.040511928 0.884842997 0.461710179 8.477047533 11.796446518 4.254344694 1.954849543 3.887311608 7.554223364 6.537693991 4.206220383 0.938204676 2.151797760 2.247402278 -0.034948171 5.170723220 6.967798184 2.478427310 2.734136085 3.650949195 -0.805142312 3.108553491 5.960715556
-19.083663503 -1.170888396 -19.496352064 -0.136749898 -0.893363424 0.427244782 -0.025751771 5.544731399 1.994204134 5.687530710 3.758554507 2.401509445 0.979150345 0.919612099 6.228195593 5.538059107 3.185784739 5.728891443 2.423684887 7.106407235 5.826900093 9.222493354 7.016381414 2.667973980 4.242816771 4.132243287 5.295806067
-4.282509386 2.700428183 -15.127305754 -0.151284501 0.107495137 -0.957677090 0.220028152 5.424336883 3.307205099 2.936435261 -0.596380209 6.530982741 4.019470831 5.915327757 6.098995497 5.809246136 4.078379972 6.417428190 4.329849705 6.055179422 3.329606247 3.713245774 5.335292098 1.416683115 7.619772050 1.038860232 8.774191944
-16.994460146 -4.315311203 -12.375061932 0.454772574 -0.113514651 0.498105010 0.729511980 3.559363865 0.879779958 2.370853570 7.148144273 1.578365975 1.966341497 2.698080122 5.956733159 -2.754595558 6.398206377 5.163626414 5.933879992 3.339622802 5.587710899 0.488035059 2.899786462 8.443503699 1.492697644 7.154722991 1.576310106
-4.311659469 -0.464887538 -16.032607998 0.364270676 -0.486038907 0.586995124 0.535266083 4.602333205 0.787354963 2.372057985 2.077482748 -2.301390882 3.241150207 4.056384882 2.015798773 -1.118467941 0.111992807 5.160394273 0.067910632 5.327258988 0.573298270 1.832280132 5.941364530 1.962721872 4.067404828 -5.388752894 6.173619123
-11.241286646 -2.483876758 -17.959875671 -0.948415149 0.204938231 0.233490825 0.063174847 3.935468245 2.309340744 2.300975798 3.053958134 6.342261186 5.366999880 7.393591559 9.371392340 6.750665060 4.951668860 9.074545836 6.696085703 2.529900366 5.897825316 3.267338263 2.836316420 6.295386959 -3.701579696 4.841631652 4.406448389
-13.618315130 1.895498078 -18.102596485 0.592848069 0.537105156 0.461341680 -0.383683557 0.345982526 7.713278671 0.917542868 4.821236841 9.375173429 4.579083468 3.853876044 7.036001204 5.420511711 1.758135574 -1.369063850 5.073138234 1.922004740 1.934958525 11.610151276 7.391475363 8.517445757 6.057526755 2.309444686 4.161811756
-16.181267580 -10.201346548 -14.983753341 0.286443111 -0.011996106 -0.433871205 -0.854144142 5.613124218 7.649018965 3.928950927 2.803477207 4.925657891 -0.706781865 3.201492371 -3.089437844 4.081777343 4.073236905 7.930235868 1.844303351 5.119996267 -1.827523090 6.205461491 4.038875846 6.482975176 3.688475889 6.428910159 10.866014994
-13.857696541 0.510049614 -24.804514493 0.163039945 0.204387235 0.771156742 0.580483517 6.221628263 1.715217288 0.637741917 7.197395748 2.913179766 0.246213802 -0.761993711 1.933625278 0.869122859 2.963427061 3.165933561 9.379167489 2.852764992 1.434648194 5.327663260 2.988930898 4.239802538 5.476842915 8.280535735 0.486051311
-11.339194533 -0.920778460 -16.001162131 -0.959480395 0.264000306 -0.035579761 -0.091843834 2.336226697 6.012986649 3.123146135 -2.776805443 7.892788262 11.709947163 4.457220694 2.939001227 0.810075093 5.703462833 6.830219253 8.718613103 9.412398860 8.680678783 4.193539038 2.493903572 7.720977597 5.244868805 5.832160639 -0.577194906
-7.744068270 4.190072751 -18.848625972 -0.843799232 -0.361159246 0.035951258 0.395315523 7.537014651 4.484770957 10.802793449 1.935718427 9.674791128 6.892421021 -1.703333285 1.555584162 4.218505027 0.989919014 5.576332451 6.220092755 8.641279396 6.833930364 13.914033878 6.232138284 -0.413870437 5.168644560 4.945553942 1.632850899
-17.337230700 -7.419060553 -18.554058934 -0.244044810 0.072040213 -0.882795050 -0.394873698 6.298102507 7.399142448 4.497730046 3.182752130 5.490114640 9.196536132 1.519764075 1.921744181 0.473452471 0.395017428 1.524795334 1.671985076 5.645144784 0.558964903 1.019141776 7.359555458 6.225477068 2.593997344 7.688014473 0.040189961
