22.181882843 4.821921856 5.711860892 -0.475118732 0.173919876 0.330265682 -0.796830375 9.586692243 4.127394991 2.567651286 1.542267869 2.483647160 3.068022192 4.931125055 6.439219990 2.295607570 4.704404506 4.312147916 5.256111346 1.755438687 5.144920765 2.991260615 3.761936183 3.882507428 -0.594321400 3.174294803 6.401527151
28.148376434 9.317924947 -2.873881994 -0.556975764 -0.684106451 0.416707684 -0.219387940 2.902876682 6.534353918 1.872131118 5.622001192 1.962205939 3.914455861 7.450849833 6.998375667 3.639098570 0.727611349 6.672537960 2.423285547 2.543956177 -0.219740717 6.546528438 -5.250501567 2.595995476 6.807565502 9.918237641 5.985840903
24.974550238 -2.038537681 -1.564171415 0.312164247 -0.586144308 -0.506791365 0.549682495 2.595444957 4.109763968 7.170689760 1.764076925 5.145995024 8.221418259 3.812623778 -0.147353064 4.282717515 4.427528212 6.916713572 12.081005200 1.210780322 -0.370556767 4.326759322 5.177750081 0.390927125 2.519489480 1.540100665 6.313921524
29.088750150 7.188745432 2.402547274 0.265199908 -0.065013388 0.602300881 -0.750117269 4.801375845 -2.262958967 1.470083525 3.261385305 5.564628899 7.330216263 1.143847783 6.915693339 4.113644583 0.869620040 6.998864624 2.353474103 3.724203896 4.110807273 0.345869674 10.348948422 7.308602858 3.834302322 2.971067214 1.465019547
24.616222783 -1.773208641 -0.875245220 0.636302533 -0.383117859 0.669581374 0.000759023 5.892874501 6.014325764 9.441515218 -1.207105323 2.905467375 1.194575669 9.643871918 -1.115657959 -3.754499207 3.467490188 5.538726597 1.305485023 2.753085306 6.464583638 4.116638532 3.862948427 2.973903624 1.596126206 5.006741072 1.767607070
27.397172826 -5.179226678 2.719601988 -0.475313151 0.387683255 -0.731693119 0.297328575 0.844474865 5.174240170 4.364792242 2.266809406 0.196791509 2.262440377 0.903069918 5.910935906 4.612115779 8.514041515 8.007816479 5.802354211 -0.731722379 6.956909737 7.904623594 3.540690557 3.241379384 1.759574014 4.592834697 6.468306607
22.431689128 7.763115257 4.079116125 0.762171910 0.231361928 -0.591343470 0.126010071 5.262809901 7.070207625 7.517994211 2.774595004 5.579793331 8.681025814 6.230205302 2.507543719 8.009587611 5.744259772 1.616837861 2.492518477 9.579890564 1.350898919 5.563152707 2.133909509 -0.685461615 -0.693668070 4.416296153 0.230430128
35.049318114 2.868597860 4.295186581 0.335034248 -0.879587862 -0.337729493 -0.004004547 -4.730931140 5.726552953 0.375141295 4.802169186 5.224272478 4.836802550 9.213648099 1.106593157 0.873483013 8.783945678 -0.732655832 -1.078781182 -0.913771118 2.660944980 8.551628639 -0.501406222 3.428299858 0.073905955 2.736817461 0.326486730
32.672124656 -2.111335080 1.536940846 0.193648767 0.889410867 -0.405464443 0.083946716 2.284923063 10.078595037 5.541309393 6.073159189 9.343028517 4.697873571 1.399585880 9.338158874 2.556906584 -1.029211714 3.625656789 6.603400816 0.820548275 1.346146795 3.222901903 7.965944714 6.466330939 6.845594436 3.477339995 -1.242438536
31.117296815 -0.919618434 0.855413931 -0.573946563 0.535114592 0.208574449 -0.583724606 2.070647135 7.239316159 5.805548227 1.258173052 -0.268862790 9.954083155 1.761059687 6.713704913 -1.956643598 10.300872282 8.411923913 5.900068717 3.183648693 5.493680132 7.851893680 3.386721192 3.371734522 2.388210114 -2.454525590 1.337029736
28.486571386 7.510351804 2.863670790 0.706645700 -0.326910305 -0.236793972 -0.581128317 1.980598883 6.917596054 5.811499151 3.082694835 2.784155377 4.194494431 1.754866024 6.991457752 0.588978165 0.966325836 1.856581740 1.201473956 6.230523734 -0.492191446 5.465292133 -2.675506208 3.291304316 11.677110808 0.941914502 4.525840261
29.618097727 -4.501439117 -1.163309787 -0.364476705 0.335597898 -0.701063995 0.512874309 5.584333826 6.837191154 5.075424014 4.516454481 6.479120880 2.990426663 4.802189794 1.299665238 2.730474585 3.771893455 -2.401031930 3.199132138 2.847433813 4.943226017 2.040638535 3.522553345 0.935021467 7.260490881 0.649914408 5.004132016
27.211512583 0.405614040 8.670899538 0.559492741 -0.017348386 -0.374280949 -0.739310948 3.194138806 0.705333063 5.779207704 0.887795105 -1.669418898 6.401994076 4.448692378 1.432677717 1.638042440 4.561053631 -1.791659960 2.314327108 0.588182728 9.069101713 3.256585202 1.388656596 3.294662301 -2.335990808 8.144363541 1.147720528
27.081599983 -2.723350151 -1.065732349 -0.326196222 -0.841386562 -0.370364316 -0.220215694 5.112553620 2.880182697 -1.820337794 0.986582232 7.191917172 4.033168046 2.590240559 3.382223294 8.075214098 4.843368876 -0.613320219 2.996025123 1.836719825 2.066084690 7.490810387 1.556266510 2.399904625 4.089338528 3.146908836 4.230122381
26.431008133 8.455222846 5.978225917 -0.731722328 -0.182390293 -0.488506582 -0.438950493 1.086960972 4.705078729 5.370381154 6.276769536 4.461376190 2.697592678 6.905250374 2.923828132 7.081431106 4.209562239 -0.251555269 10.430366286 2.913606843 6.971159197 4.364672437 3.316899592 3.796877602 4.101473832 4.539390784 3.131884974
31.784513405 -0.504296065 1.147066722 -0.226220343 0.939031336 0.013698200 -0.258566947 7.511154176 7.257804731 -0.587742983 0.107071670 8.011326977 3.511658570 5.004218932 11.827073141 4.148834458 5.924791446 1.254821640 3.942669700 4.069712611 6.367101358 8.027146084 4.540481033 1.114101376 2.792966497 4.301560889 1.403718153
38.386063447 2.660557366 1.917197775 -0.599912762 0.039370186 0.563176026 0.566910425 0.235785489 4.091674704 3.776872528 1.650002468 7.236227424 10.708989408 5.553597191 5.239672568 -0.081978140 1.038384014 3.101500334 3.451462405 6.567662399 4.837700330 -1.341919571 9.801637317 3.265750070 1.239229691 -0.701711465 2.785564892
25.313784345 1.849074447 -2.488999182 0.615738712 -0.255346807 -0.713654954 0.215314778 7.674030691 2.715639315 7.151952044 6.268691450 3.841379806 2.779840657 2.151073464 2.859717411 10.107853553 2.538904503 4.399484868 1.524824833 7.026703090 0.361289198 6.865800296 4.811200169 10.477867558 4.155067268 5.029394930 4.936292998
31.013717614 -3.944938370 4.460763993 0.693759165 0.057704173 0.640843443 -0.323555452 1.135220548 5.405355958 0.063583664 6.133210375 6.936235336 4.730157675 -1.612439724 6.787060687 6.850569292 6.393761075 1.631111028 6.855942349 7.325670273 3.453890365 1.214406225 2.234085039 -2.508932533 7.381494122 7.574598282 2.812291844
23.063295384 -4.791812593 5.271408150 0.817184873 -0.141875139 -0.127194844 -0.543968565 3.795439317 9.495995164 6.550395144 4.933580683 9.553832352 1.878010496 11.765170445 6.058776785 2.968379015 7.315148733 2.684854457 3.524946495 3.745256848 4.813166610 6.136877417 8.101106119 5.854960607 5.687045817 1.327838773 3.735821016
26.381833675 5.960346508 4.651335526 -0.043342395 0.522526886 -0.789693153 0.318546409 1.168468660 -3.127599530 5.191501111 6.096935959 8.584439282 1.632721076 3.317955351 5.358245577 7.017399565 1.408326577 0.883266220 6.347669366 1.728580748 -0.635347444 2.075206379 -0.775756274 5.711738454 7.340888601 6.070273133 5.068230960
25.357737069 8.456697905 -0.904957566 -0.324288326 0.538041669 -0.428931571 -0.649127069 8.667125983 7.559526415 -3.311367929 0.739767361 1.288596136 0.384184168 2.596377442 3.737024731 9.095271243 1.800203104 2.301406697 1.535157266 1.426312994 7.162378476 4.946236338 7.342241575 2.092462479 -0.909336341 2.382144373 -0.486029161
33.274790111 4.330157657 7.479854912 -0.567622936 0.778533317 0.025459194 0.266536876 -1.237722314 3.659555379 2.609634200 3.649794140 6.398148806 0.375677373 -0.261588753 1.114905886 0.859578375 1.918491881 8.488793326 3.829804931 3.473488290 4.168931893 1.674210244 -3.845982689 5.009124370 4.307342906 6.016057921 5.203515097
33.326875191 -1.075075103 7.316314165 0.016576199 -0.629050627 0.237709360 0.739942429 9.157986096 4.413395308 3.287184339 7.104593795 8.953612428 8.178023586 7.347742817 2.262279964 2.838465740 4.411520208 1.368493065 6.070431670 4.652973118 7.472121463 2.792264634 2.823019601 2.006847138 6.074186797 4.987341412 5.334857747
30.080292891 2.183194535 0.796670103 0.667773038 0.662751988 0.097315369 0.324605439 4.465110454 2.721087166 7.063693896 2.690730519 2.121966429 6.478642737 6.501669842 3.893126123 3.129858193 2.723068286 0.853243469 4.436307035 2.430877839 1.344633958 3.891256041 -0.301803041 -1.128262519 4.457543294 5.159902570 3.541794236
32.163401465 7.101411539 -4.736292606 -0.633752478 -0.479839969 -0.297491714 -0.528781694 4.542565883 5.700654323 5.058953857 6.390914431 0.597975302 0.273537983 8.771645586 4.268913786 2.209314262 7.653600659 3.308163451 3.215477098 2.726893597 6.614791014 4.303576752 2.647277873 1.503548019 -2.178665703 -1.806431665 0.997078980
25.545864929 3.122648733 9.777162228 -0.598871368 0.595025877 0.151273845 -0.514211547 2.145714113 9.089851360 3.037945112 3.177008008 5.534983021 10.030815596 8.222695555 8.228414358 6.180639367 0.536613399 4.100405532 1.845262911 4.568779457 8.531084354 2.157434517 3.925050314 -1.521612628 2.041967049 2.931522341 1.097388358
35.954426484 -3.094447963 3.547483746 0.543661962 0.555923912 -0.626091056 0.058225979 2.070672702 8.146516959 8.233903440 0.487348323 5.689054094 5.578164946 8.182390305 6.521967047 5.351305987 2.027776839 5.854162049 3.544290504 4.564728050 0.867897077 5.883753335 5.677226903 0.206827102 3.852072374 4.549753702 0.869102579
23.953041435 9.683871401 4.081787694 -0.111515699 -0.069445717 -0.870768863 -0.473817610 4.567352042 3.306266895 8.624821885 6.578974544 2.613622754 7.696103975 0.415651624 6.457962420 9.475595434 1.743890822 7.901505578 -1.604331689 6.403781692 5.441725045 6.665016508 4.652149750 2.761441572 1.525492767 4.008705962 3.856332029
27.927702634 10.802061773 -1.947381072 -0.672230298 -0.079489486 -0.056650487 -0.733879125 9.012865197 5.522090658 5.315316890 1.827810798 1.422510023 6.837081009 4.939657836 0.304366085 1.760195209 2.887253824 0.211719516 1.957884055 3.776503722 -3.369275889 8.094690926 7.508877182 6.689205000 2.170781061 6.083447505 6.492452204
26.512050867 3.510697405 7.408756518 0.349525620 -0.170226568 0.210627603 0.896934094 9.847343543 12.355220343 -0.487100521 6.437225065 10.093787620 5.200152139 6.832142333 0.913211484 3.380208080 2.851443412 5.114254503 2.003996133 2.726679444 5.642004940 3.702039003 5.789532510 3.367469472 2.153293429 -2.343145233 2.523708551
35.732771416 -3.076363701 -1.789481443 0.054251443 -0.717848320 -0.155755936 0.676380557 6.648799091 1.794967353 -1.056589982 6.027896668 2.822750861 5.682865858 -1.054495473 5.208645458 4.116656148 4.786099415 3.087325106 2.314559925 -3.338702620 6.929422556 3.217745931 5.458199199 0.953449874 3.530243573 2.270404236 4.291600685
22.476424584 3.112114430 8.276172526 -0.577740983 -0.088286037 0.654899499 0.479090364 4.794963787 3.928767808 1.137928477 3.422619864 6.600732999 1.248035704 1.783352337 -0.546905481 4.788271080 2.674890287 0.963425992 5.003667281 2.445737752 7.634698124 5.677346911 1.407772983 4.781427026 3.411051991 -2.053876476 3.171794674
28.458721990 0.353546435 12.027095121 0.321853812 0.587966509 0.740422545 -0.049799227 8.488072686 4.149615520 5.821976710 6.639890871 2.522879210 6.840848737 2.217984443 6.932710170 7.484428421 6.350790103 3.297241034 5.095855256 2.672654233 1.699942234 3.388265810 1.528296735 3.700504888 2.038295013 6.211057276 -0.127304624
25.654328172 -1.523875419 -3.884707940 -0.308083447 0.653528380 -0.294697648 -0.625410699 -2.349960175 5.052145562 2.686549994 3.473860900 5.352944022 6.858924692 5.530099195 5.183831414 2.457756418 -0.806165946 4.797760670 -1.899570267 1.948806307 1.541753846 2.239052850 2.776421242 7.781290133 -2.030720635 -1.628131191 9.381357831
32.944995088 -4.262711579 -2.476161331 -0.931432924 0.346273204 -0.084464098 0.073439717 8.173927718 2.583553786 1.569798164 4.295176258 6.700081524 4.394688058 -0.982735319 1.866527476 4.064301379 5.355381630 3.100489189 7.191640524 0.939483643 2.299258752 6.698550437 4.367165414 5.761977063 7.820008902 3.996393777 2.842766462
20.299185313 5.430844890 1.078214011 -0.083536276 0.435108082 0.805002988 -0.394553972 6.333634798 1.676897994 7.269175904 7.301127876 9.219527659 2.530384692 2.914492635 4.725942757 6.982214657 3.681790027 4.003460846 0.614989478 10.262022765 5.661397420 6.647518944 7.243485075 4.911285486 7.210645482 5.745142618 6.619264192
19.980700998 2.833723513 1.371197015 0.166953023 0.190391337 0.688237340 -0.679858214 4.149269263 4.999418710 4.034659627 5.044235614 2.912752691 4.566489136 3.085560510 3.072400794 1.935736708 4.859966367 1.616526288 1.312546287 0.067591331 0.142598054 3.607721807 8.971422181 5.254051162 2.261515263 5.628751245 5.474356364
29.640309783 -2.694918555 10.841598554 -0.457468654 -0.381815377 -0.802663406 0.025901846 2.645117459 4.436180341 0.322376633 4.305095773 2.268346607 5.470970790 3.947066772 6.473046392 1.846070591 5.311269061 -4.143069484 2.839546044 7.030109041 3.637554619 3.063087136 1.249501044 1.872918562 5.197227129 9.490995088 5.300177041
26.169045791 5.320049167 0.442466620 0.805708640 0.285886500 -0.501745908 -0.131732837 2.778030237 4.490333609 3.192386284 -0.890718040 4.763327768 2.618484234 7.960632650 5.181250172 4.788245758 5.404587875 -0.647637655 6.466537889 4.874969651 7.007990684 0.884316724 3.715641689 -2.653239133 8.687870445 8.165059164 3.902119870
33.950694111 3.302622129 7.918496093 0.519713894 0.031387642 -0.367975263 -0.770393724 1.483044452 1.954928421 7.773617489 3.650599079 3.410260165 7.508233835 0.711011199 0.809732213 3.383064853 3.993753942 8.875357830 8.694594942 1.506897385 11.671972431 4.448296488 1.715617701 8.369538298 3.628936776 5.277814467 8.181099703
29.959887347 -0.048384464 9.267712394 0.845686086 -0.079643139 0.503821487 0.156958346 4.532226529 9.230060649 6.098496074 7.135355546 -1.564384291 2.899672165 8.198004608 3.825471988 7.212766170 3.025611639 3.821463723 3.048656710 2.696742058 4.581498733 4.639026500 6.408409588 7.787546215 5.164827545 4.120823167 3.435349910
30.645785573 5.287013707 5.923037608 -0.116279813 0.474998848 -0.136226329 -0.861566879 -1.177695074 0.584210018 3.056270757 6.259277281 4.190717157 -0.962929215 5.448156522 2.024559664 8.803473917 10.139394612 3.703015617 -0.388356307 -3.399604708 4.540630905 4.493019679 2.408505200 6.373559895 2.494607539 6.409555320 4.802011275
31.743331348 2.997765501 6.268091672 -0.062078758 0.994411685 0.053300637 -0.066713352 0.765012912 3.901754938 2.564335831 2.888800043 0.821107449 2.729480043 1.496993608 1.911427330 -3.263366824 6.139060112 -1.185196527 -0.990519099 2.586448626 -1.284825092 0.212027956 4.004365934 -2.764213018 -0.997660983 4.381766022 1.082284236
27.180900951 1.913412505 -6.204590591 0.263158746 -0.217365802 -0.753647972 -0.561706611 2.813910532 2.160780293 3.482460089 0.777988105 0.182109867 -1.461976471 3.386365235 12.354720598 3.472805122 5.263464574 3.257685640 3.449702887 -0.593469209 2.587549404 3.273006897 6.651110650 7.762022493 0.335888466 2.018282698 4.608499381
32.135000416 1.894108056 10.365061923 -0.006818024 -0.261673513 0.688978031 -0.675862235 11.162648348 3.505892382 2.814650600 2.629008211 1.400158867 4.536066224 5.809669358 5.694821501 5.885299057 5.576070865 4.884253809 0.408186212 2.244557516 7.060535299 5.117270083 3.976495077 4.578046512 0.712346954 9.408159632 4.220388399
20.460514468 2.441007772 3.826802555 -0.582129024 0.081897009 0.609036383 -0.532440948 3.320361186 9.596372587 7.863753725 5.341115436 5.149905468 5.280076858 4.654139239 12.369733512 1.716105004 3.247532370 7.416380469 3.785559928 1.247310818 5.564820517 3.197378188 5.278412125 4.652939804 1.327171303 5.552049390 7.460115856
23.828119139 -5.475165715 0.085723055 0.895687593 -0.068542207 -0.023881602 0.438720151 0.209572864 1.951321002 2.348858802 5.381533362 6.477127895 -1.119470728 1.858110208 14.514583375 -2.741767125 3.498797344 4.672364586 4.812621228 2.884523190 1.773387227 -1.381531445 6.853263262 2.600468032 8.695604431 2.747286362 5.504718392
28.449670405 1.483412436 -6.579545472 0.299317153 -0.191858835 -0.923144425 -0.146300377 0.348257189 5.600735076 1.179593943 2.522170209 8.458395772 3.296554836 -0.268523116 -0.746817976 4.506253388 3.714602919 4.420804731 3.239442183 4.640406708 8.950173546 9.110227890 5.762116282 3.049625709 0.519130723 4.676928913 3.675293685
24.806149843 9.833960941 -2.163531351 -0.541354509 0.295699756 -0.786625442 -0.026783642 1.496798208 6.374446569 9.163448446 2.689981268 4.925235876 8.369133535 3.808294294 5.649566442 7.011375006 3.519335656 4.587719077 -0.748948458 5.460912867 1.179113236 4.445511749 6.954559542 0.311028849 3.169537491 1.387281336 -0.268622042
28.875495058 -4.063601100 5.418024373 0.145211969 0.294767604 -0.942556631 -0.060104419 7.421196359 5.878187325 4.280189865 4.139045538 5.851398693 6.176612872 7.017582286 7.058445366 6.605763901 5.347096274 3.356922824 1.214785236 -0.031646379 1.789557014 0.656598786 6.527765911 1.540632849 3.162993520 3.183697257 -3.590535541
28.453229779 3.511595590 8.290712882 0.136294177 -0.633095782 -0.532588786 0.544942946 3.351707274 8.271924186 -1.378470080 2.337069319 7.402866824 4.285585922 -0.273059406 3.984480987 4.201668887 4.910913180 2.220132346 4.761593094 1.172492304 2.255874838 6.437834476 5.121741090 4.662825254 1.284613825 3.488334032 7.401177125
24.074288777 4.671041734 -1.187757230 -0.062641422 0.512947165 -0.851508919 0.088847172 1.352847601 5.271683984 5.824358879 5.114261688 10.962941588 7.584849153 3.045511774 7.472310974 5.048617045 6.000330599 3.044391783 0.445491820 11.857083814 5.042612544 5.621641363 7.839074576 8.077525723 4.513524716 3.769172904 -1.852709751
31.565388768 4.916828611 8.469546261 0.831180506 -0.416712787 0.096935289 -0.355095719 5.434325796 6.330708547 4.558214287 -1.521982230 4.581138497 5.845368331 6.915294423 4.795123834 3.337364037 7.722238886 4.451891093 3.310632723 2.087285053 2.690173221 1.230119888 1.960303054 -0.570251676 1.710347624 -1.256821870 3.871480682
30.305034495 -3.017517870 -2.401149649 0.447951731 -0.853367116 0.234185310 -0.127518828 1.552389499 1.436865480 3.782457557 7.564951390 6.335263552 7.735134370 1.579633245 4.389596424 7.383878714 2.745875526 3.796808759 1.303438140 5.665320941 8.419248961 6.120181145 -1.143766782 4.698641217 0.408685164 6.846834455 3.452387885
34.760358568 -4.056301573 2.720940633 0.174220122 -0.973835940 -0.011447144 0.145464336 1.581174719 3.508601195 0.983802580 1.593103600 4.424049778 4.946975293 4.996003919 2.598257619 5.556853447 11.348334896 2.297570801 9.860198642 6.181818357 -0.315970633 3.804272048 2.811198046 0.106721909 1.090646789 3.670952549 3.871789732
27.285389586 -1.336752465 10.461930336 -0.371240824 -0.369388968 -0.778540719 -0.345841566 6.387133658 5.317734849 4.734529278 7.872746002 8.648953431 0.251006580 5.019534197 -0.147891745 5.407615471 5.253853344 3.477871618 3.146128872 2.573006901 1.872256796 0.636256351 10.081579792 2.927095472 2.180252638 4.952554966 2.113913487
26.439270284 2.423883826 -0.287723960 -0.458957230 -0.293329208 0.637871941 -0.544459019 6.556149258 1.469797541 2.502770561 5.794116488 4.430676473 4.449310273 8.231345496 2.718189652 1.046668554 3.855748539 4.915394934 5.381635492 -0.092965447 -3.450760650 3.327919074 2.575079327 -3.197186943 1.427722397 3.241479855 4.721637063
26.438490639 11.124308229 3.855880426 -0.204858891 -0.086670497 0.199709214 -0.954273173 1.508841170 6.962565841 7.164546742 3.915527581 4.572883572 0.783646987 3.572584425 1.013867664 4.661389186 3.087195647 6.920480649 -0.310919386 5.680476053 7.779880692 0.956000209 1.597823880 5.333042277 5.410398496 2.795097454 4.831440746
33.356201911 -3.360100083 4.219474610 -0.409242832 -0.233729230 -0.043798445 -0.880893097 7.025715335 1.576783839 1.468532639 3.532178366 6.166809390 1.444406333 6.360204763 4.089578613 2.061384974 -1.798628962 6.331614359 3.894821319 0.231772101 2.735886120 0.728396268 4.851729023 1.004830072 4.201383266 0.508845926 5.309790110
28.349099884 8.160938154 1.676120602 -0.170117421 0.408826478 0.858391393 -0.259008088 6.143417060 6.760673757 7.927836837 12.411419373 4.913839892 5.086375043 2.100292124 6.738428704 2.255332971 3.648422006 -0.966381047 5.291774679 0.779182816 3.821994238 8.589666080 1.061603902 7.432238489 1.772856173 -1.097687723 2.515160678
21.372808906 6.713016909 0.240186124 0.850117805 0.394024124 0.267884703 0.224237582 3.106551598 1.060982955 5.556793237 6.542051035 4.972687805 1.451975978 1.562183676 0.970138193 4.855313546 5.558752857 0.700798164 7.047695050 3.143606634 7.332444693 0.336603059 0.419116414 2.276696105 2.998277276 -2.010836231 -0.040463720
26.958243914 4.760639752 10.714220520 0.022906267 0.001247355 0.631037590 0.775412991 2.157122316 2.770447868 2.742622254 9.188564639 4.731288909 6.180037654 3.199233695 4.676897206 12.161883559 1.440117189 6.938163160 2.901965280 8.747459796 8.104283288 10.548943661 5.157409313 5.244634302 0.161521060 8.837063929 6.786964519
27.031590645 0.587665935 -5.385073063 -0.243793742 -0.830308650 -0.369443003 0.338620769 6.684417225 -0.221358334 4.500883308 4.366689561 7.354650466 4.265438009 2.385384342 6.460177633 3.339839980 -3.020817137 2.831445513 3.744686133 3.667770925 3.237653438 1.424647052 6.135805382 4.652416574 3.758417001 4.422292361 -0.156918515
30.870406269 -1.050447119 11.677461255 -0.228174521 0.846345571 0.414569616 0.244474121 4.253012474 -1.888197274 2.422933328 2.704070993 7.402218828 10.375790194 5.695136640 5.578607384 8.157863741 11.666307861 5.679821754 2.382229559 4.936002689 3.831562931 0.469463933 2.625288203 1.229184562 5.132486103 -0.953302478 -0.644568788
20.524292820 2.037376379 -0.704956403 -0.102045143 0.302494466 0.899386211 -0.298644155 2.563052850 2.418745780 4.286320152 0.514887850 3.055263877 5.814720451 6.251418282 3.607021836 8.466173547 4.390913224 2.407826930 7.192348489 3.064875494 1.400445004 2.263867278 4.080701593 3.409444840 4.789788771 8.845049857 2.570943779
30.236089165 3.023026634 -4.429697594 -0.262624402 0.635966126 -0.342005596 -0.640006002 0.404924207 2.740168910 13.965287175 2.641067450 1.988313804 3.928958554 7.127660357 4.321000006 0.007321075 3.753789374 0.974001185 4.216931477 8.450561761 5.574959093 2.001778325 7.514810903 4.160141690 9.320372664 -1.992656951 7.448614335
28.655836245 -2.502818021 -6.022501031 -0.059253239 -0.729335076 -0.678474325 -0.065053746 5.778818100 6.244296529 7.850738867 2.413134303 2.639923275 6.373041748 2.069298596 2.147146883 6.827258009 1.731885643 6.888592999 -0.761926933 -0.725181267 2.782756058 2.666565988 -6.173066196 5.896035830 4.213236222 3.345693838 4.957139064
22.304474725 0.000600260 5.608844450 -0.392163286 -0.644203727 -0.063476017 -0.653590323 2.334636532 2.830109804 -0.371632041 1.283414521 2.979577212 1.949102101 2.373053278 8.127051816 6.332158658 3.483941825 0.841076824 5.032205333 3.251777513 3.585303286 2.974638462 3.306054721 2.397474434 3.271000207 5.749545224 2.588658417
37.001975892 -1.217377047 -0.179786359 0.883096013 0.328598078 0.313533266 0.117735406 7.803948855 7.630348695 3.220386852 4.808366206 1.604298365 6.808025537 1.961817030 6.904728691 1.713943790 5.227637727 4.761518634 4.888007390 7.957472092 4.077864932 8.512347197 4.124247414 -3.271604091 7.932352699 4.930169221 6.468963264
28.539211004 -1.118521129 2.521379067 0.432131976 0.508530151 -0.744694918 -0.009408500 4.181021155 3.928571848 8.372101996 5.237044428 3.452600814 3.831380732 1.245219648 3.737895530 10.198805406 7.048364931 1.807245699 4.317935977 2.432679234 -0.124249007 4.304611468 -0.604059330 7.222046302 6.976129819 4.656917739 3.418442206
21.683616226 3.861116857 5.414952574 0.656220104 0.483493936 0.513517342 0.268158029 4.208273123 1.759032137 -0.668527498 5.810889145 2.020288342 -0.353084853 3.797927746 2.608789985 0.832071994 4.348631181 -0.846412503 4.349393240 5.298311087 6.689816668 5.492924560 0.057965250 6.024521041 1.092247393 4.405899032 10.623295236
28.197846940 7.311897361 -1.803244614 0.342919724 -0.480046581 0.700977313 0.400739503 -0.817979407 3.560192526 4.325145543 4.485230324 7.225782476 10.446618371 4.821948327 1.553479834 10.673869313 7.055625472 7.570675055 5.314243428 4.611011982 -1.208699298 -0.926168320 3.208253527 0.877340684 5.447078172 1.356024470 3.556750055
27.041619403 8.448806674 -4.855658485 0.539195229 -0.587877745 0.248732690 -0.549363552 4.826824815 7.302554147 3.741951197 2.567795526 2.332026816 6.204803338 6.263708947 7.140563562 3.764421533 1.836222449 12.958520110 3.862098998 4.450036944 3.721255137 2.958325609 4.240354841 5.878325545 -0.887602415 9.663166198 -0.480018164
23.488830568 5.597684942 -3.803063642 0.326189138 -0.856744149 -0.031878330 0.398213362 7.907891972 -1.065923797 6.414296055 5.932385010 -0.149503659 6.482476107 9.718606516 2.482919135 3.180200889 0.944926776 7.412569528 -3.223627137 3.223283587 3.285939660 0.100029977 4.672393131 6.063320030 -1.195407658 4.080850543 5.174105195
34.049001939 5.406195210 -0.872904168 -0.393454314 -0.772502752 -0.255103798 0.428200015 1.101156048 7.445054382 3.996750023 7.281273482 1.759427646 4.016126892 6.195689141 2.021346805 0.714664476 9.028020492 3.514426241 5.398311851 7.513737358 5.725814192 3.546597782 -3.836593402 3.544253852 4.321375588 4.221193162 3.454121700
32.074406110 5.106262951 4.727783257 0.271422863 0.511706398 -0.286139151 0.763289315 3.785043586 3.268903949 2.470108040 1.189673220 4.226095466 4.513096740 3.392595427 3.976930046 0.625157624 -0.451380619 2.852683842 -0.752076797 4.601236201 8.597002836 1.641579684 8.144012008 -0.309794433 -0.144944154 3.956749369 3.255954305
23.009363595 8.491040489 2.211328859 0.727333556 0.305896812 -0.492340183 0.367442762 6.120953723 4.003964908 0.121516571 7.919787134 4.614830516 -0.984078178 3.177747308 1.332533890 2.887834176 2.681753365 7.193081402 -1.471032653 7.659245050 2.442145212 8.535123221 8.321630121 -3.398344661 1.772373881 9.810528221 2.242755207
27.877463745 7.037288651 9.139859544 -0.139677407 -0.375604452 -0.253977865 -0.880287886 1.732544131 3.561351139 3.517632458 3.192126519 2.871249306 5.668801764 3.368248141 4.974075525 6.178611742 4.946244621 4.569290635 4.307599726 8.135082969 4.929842477 7.962858022 1.798951745 4.007064249 6.756896151 4.563609971 4.163513828
32.352618845 0.502445847 3.754686583 -0.782553534 -0.257991432 -0.397549053 0.403738946 3.994821117 0.610923908 7.540015577 1.447939984 11.943993922 8.257123383 1.634135411 3.183757184 4.965181539 6.569349930 4.474619243 -0.922089258 8.158918844 5.802902263 7.819677344 1.452773711 6.323139623 1.076195726 5.491248659 3.802164765
26.210761237 2.123451153 10.792109778 -0.325625722 -0.439825034 -0.796432709 0.257326191 2.516370807 5.524159187 3.146121831 2.424644773 1.418345242 1.496415557 4.718934556 3.390821304 4.123121229 7.084095784 3.824865270 2.155977166 9.644815387 7.548413785 2.086623344 2.659283269 2.630652436 2.348817865 1.724308215 5.407445531
22.845402142 -1.407496533 4.515585314 -0.173146415 -0.417306933 -0.006024550 -0.892098059 6.786229589 5.118845500 5.673911343 0.354325695 4.601276740 5.249579872 1.112120774 5.348461119 0.016893946 2.765132123 1.509168894 3.204273816 5.754823303 5.266265531 7.541531403 0.324004908 5.679110103 11.174161064 0.828901782 6.857365104
37.336055203 5.044087539 6.106741237 0.757243974 -0.013726765 -0.190707613 0.624518811 -0.358728490 5.091649453 2.283545373 6.710412291 3.098071231 4.850601941 2.335825433 1.504580247 5.175817921 1.295408767 2.992012669 5.122427269 5.643530896 7.841790427 6.806785136 8.366673330 4.607732574 7.943276150 2.169652353 1.606967611
33.288793138 3.699563215 2.781311743 0.699486049 0.495157400 -0.278672730 -0.433451179 5.206093783 12.350263136 7.895327816 -0.876331953 4.084179233 3.200183690 3.081306755 4.630689624 -2.067292915 2.801759675 2.302836128 0.670122054 5.322453543 1.923927729 6.626847356 2.232941983 2.054574080 -0.366681817 7.536101255 -1.365319582
26.626586537 3.291601533 -5.478063481 -0.753969850 -0.318218697 0.568081428 0.086889681 -2.642489482 4.699078107 5.167685975 4.410543650 4.715317363 2.846084328 5.151788940 2.743613431 6.533205177 4.759136614 3.931537413 3.025240678 1.836897267 2.173552185 2.192332725 3.460594181 5.522672778 -0.839996677 1.976029362 0.263805058
30.763890595 0.482772922 0.294719442 0.131532418 -0.639936886 -0.005873477 -0.757063741 -0.186975645 9.231625621 6.461297697 6.539063631 4.786164351 8.239373218 7.044297115 3.089257472 -4.588697520 0.944230830 3.928699450 7.896941142 8.714563244 2.114750952 -1.426663996 8.656504737 5.700070471 5.467048956 7.376389355 -0.545553922
25.065601252 6.040946558 8.311312925 -0.511086129 -0.193344713 -0.700670007 -0.458770457 5.276156476 5.047721646 3.462513090 5.834221278 3.546132682 2.162791800 5.464054042 6.019716381 7.744587745 4.362878018 -3.140307844 4.120533551 1.404907515 2.155876785 2.518521722 2.810319777 -1.307099731 3.291361558 5.149405264 7.704438062
36.258132193 6.581349692 4.794769792 -0.293190292 0.680747250 -0.260578181 0.618645008 5.565430295 0.240822956 5.623645783 6.562036678 2.206721137 6.084644796 -0.662635641 2.866014678 8.557157741 5.934844142 4.713562079 -3.590384812 0.355564559 3.596738593 1.709908310 3.550396674 6.966662840 0.907075837 7.643474808 3.452826626
31.300078847 3.279717261 -4.718488746 0.421364566 -0.188269366 0.863456421 0.203591646 2.824332288 6.473164942 3.086359328 2.995727962 12.628073113 9.228053632 5.008820629 1.291732115 5.482974914 4.739099377 4.200662913 1.839375526 3.115586113 3.129809850 3.236736637 2.605179504 2.732109779 0.702387018 0.877575378 5.138232620
37.476394920 -2.792342508 2.331995387 0.415839594 0.106225975 0.198883736 0.881044115 6.083319929 3.224618535 3.588015158 1.465273759 6.142928050 -1.249229238 4.440571588 6.947716088 9.527720911 5.914700336 5.111126050 1.514075229 8.048127661 10.577854154 5.086234778 6.958708864 9.252308458 8.733651031 1.555239175 -1.172545503
30.991610546 3.763919743 10.219077597 0.553683661 0.121138555 -0.151563936 -0.809807525 6.079836124 1.122669335 8.141084299 3.810101267 6.388404465 4.268850066 7.211479063 6.457979736 5.100477380 5.934293720 8.726372745 8.104266180 3.396686555 2.812750052 2.819079551 -3.707282358 0.476223172 4.308513422 0.648559165 1.495685467
30.763376611 -2.964266751 2.829878593 -0.216419854 0.729141232 0.212275043 -0.613559139 5.405616665 3.025478324 6.479759458 -1.931929803 3.062816778 -3.791560043 4.263996368 5.847437569 5.162325561 -0.307223997 5.398421008 3.957375270 4.131630083 6.471677670 7.421553448 1.184797967 8.611772965 4.207645857 2.819832912 6.900619857
24.972905007 -2.382257694 9.308415307 -0.027672155 0.492987846 -0.525132961 0.693132462 5.756302911 0.083862840 0.299740087 1.338695547 5.265788441 1.243259295 -0.648730155 6.072777229 3.813988349 8.009233637 3.484001572 2.679340212 3.642786320 6.112008053 5.259776826 2.639804556 1.298175821 4.197133216 10.184692401 4.122046778
20.997295722 5.830456050 -0.514584365 -0.841133156 0.139210067 -0.139437621 -0.503659330 3.687593973 2.803291759 6.940399190 3.634624055 1.158127531 3.777157226 1.494477871 3.707726595 4.959014089 7.685442833 6.058500634 2.330094452 3.282193043 9.311211569 0.776947598 4.830916481 4.821577041 6.168989305 7.128516167 4.603091985
22.850187107 -4.148555415 6.985995215 0.421208989 -0.709616359 -0.369937679 -0.426818140 6.337506117 -3.264480575 2.986285726 8.025096994 2.668453358 9.635008350 6.592120338 8.700956789 5.099790091 1.926008566 7.100243784 5.739041307 5.099784421 5.486701030 2.991819470 6.890493846 5.620639375 2.972995221 3.061438482 -1.243386921
26.289630592 8.808772173 9.072495843 -0.415060605 -0.096699831 -0.399099457 -0.811845712 1.473769174 3.646686686 5.689700693 3.284219835 4.042900449 0.902381966 5.407101643 2.955438126 5.081389466 6.970526583 1.419608659 11.163033378 0.228244758 9.957965869 6.999200666 5.548190068 11.487880652 0.100025878 2.030294358 8.819554121
24.051478609 2.781509802 5.188031307 -0.111538266 -0.655609836 0.503996654 0.551110090 -1.407186314 0.666995199 6.402413802 5.198617848 0.028315417 2.463657429 7.292752423 4.066423849 8.189351473 4.510816980 4.054226506 7.835364720 5.288114452 8.446497777 2.957239870 5.553161185 -0.357215277 3.999341095 9.431831814 3.103018410
30.348685322 11.558061359 5.178873762 0.566854720 -0.333183637 0.713217572 0.242868455 -1.027738100 3.910322392 -1.495194171 0.200926607 -1.306114519 2.602892503 7.847346084 1.042950458 6.755344456 2.672734081 6.487854503 7.112540766 1.917345097 1.134843887 1.415884756 4.521305028 6.284909413 -4.832685727 -0.711170930 1.785878859
24.772254168 -3.435064396 1.299883573 -0.387346719 0.408438913 -0.819362890 0.108557029 0.428479446 6.204953054 5.984137549 0.512656873 -0.046787020 0.860703781 3.496130815 5.131244417 5.821904208 4.898725072 7.617854252 1.748995442 8.171122728 4.204712335 3.647618641 5.581452030 3.230454315 3.429767226 3.659576127 10.235828425
36.687633330 3.128831969 7.311995552 -0.508995973 -0.045808062 -0.110523310 0.852413819 4.824629073 5.575526699 7.557709713 3.586122089 1.575249912 4.530994553 1.361323615 2.689146329 5.670926202 6.044064762 6.987867606 0.977721582 8.524602781 6.887305266 1.435260773 5.168824448 6.737307709 2.748785902 6.925831204 4.801940870
23.532032702 3.380768400 0.948975226 0.557253748 -0.111640168 -0.627569167 0.532129377 5.461303269 -0.131909135 0.467748362 4.283325743 5.878051562 3.786451198 5.699566766 0.561036617 2.909691565 5.087423779 3.516971840 11.697511765 4.264405754 2.298971067 0.192073373 5.390367860 7.569194821 8.152112006 3.712944823 4.314117469
23.538647020 -2.642119017 2.937663494 0.563565826 0.528258513 -0.287696598 -0.566186516 2.024461019 2.518646416 3.628151428 3.679009991 5.003843023 2.340847782 4.953607052 1.922386186 3.586036629 9.944259667 1.995258452 0.813422082 2.716348585 -0.165679026 0.912266235 6.387387593 3.895434718 2.607072131 1.362180847 4.195247315
26.642822710 -5.216465019 1.007847021 -0.854260461 0.329255477 -0.050888540 -0.399049186 3.097958750 6.806434172 5.765466525 6.189803792 5.504000116 4.753088313 1.847704273 4.935811716 3.039616470 9.149330571 1.009147578 7.769336150 5.613155891 3.982011433 4.623568889 8.757796233 -2.500192091 1.547524164 -1.022272749 2.186324191
37.956965108 2.852349583 2.256341904 0.715859872 0.590478281 -0.191170837 -0.319896473 6.673007529 4.852774317 7.037427458 2.808922858 4.373384444 2.263210521 11.822990678 2.249940896 3.742839291 3.506965115 7.727019941 1.489099440 3.322648699 0.291491114 1.422580050 5.646278264 11.307556718 2.722470934 3.981213489 0.380349620
25.482686865 7.354978220 3.854165834 -0.034660230 0.865853404 0.361618378 0.343989390 4.044549914 2.525117301 3.456667123 7.353585393 7.809265926 4.879995762 0.663112887 5.265655429 7.375916658 5.787198201 5.520512488 5.287968788 6.558366489 8.410531586 2.778332671 1.481314081 1.395075429 4.591032127 1.209962367 3.741529658
26.927673077 7.789545758 -0.993667352 0.508246039 0.385570307 0.743246529 0.201509550 2.412517382 4.212488339 4.794881467 4.134223094 4.707378540 8.888002084 4.902959521 5.225717833 3.625264079 -1.100681631 1.563979500 5.636379878 8.372094257 6.630609595 0.972716085 7.039258233 4.022663195 -0.910879601 4.502603371 3.221644136
34.980804666 4.012698020 10.213725917 0.070721165 -0.015388386 -0.374102476 0.924558842 7.191801658 4.674329147 1.601721713 4.749733221 -0.466545503 2.752792962 4.834277267 2.327890269 6.290716862 -2.421280738 2.734663594 5.812424825 4.275692536 10.720370037 4.079068989 3.538750939 10.433741094 2.212370569 2.242678722 7.809446957
32.635000229 9.052341118 1.631202005 -0.944520935 -0.131900178 0.178535923 -0.242089798 4.156257528 3.003636379 -0.807740328 4.553180331 3.689397770 0.033960196 3.771570310 -1.640077523 5.382033631 5.772426902 3.006907134 4.432264538 4.808444196 8.628724758 -1.408926259 7.455381336 0.549397545 0.323638739 0.289163508 7.660972053
33.870356744 0.925090311 5.415894883 -0.526204766 0.623002554 -0.531015722 -0.230214392 9.881874989 4.398801575 3.340807171 3.849227502 5.122305705 4.269871543 8.327477655 5.833842206 3.159880380 0.363306470 2.955049478 -0.159610471 2.816898900 12.454836916 4.290382551 1.931158185 1.479299525 2.139788207 1.576692539 2.027811625
27.480053062 1.705460711 1.927551901 -0.054640582 0.366081348 -0.479464850 -0.795683550 7.171825795 6.944859593 1.340105956 4.109208891 5.359431308 11.385455204 0.085344793 4.915589934 3.188079349 0.640586797 3.142350666 7.575747677 -3.636460918 5.428188390 1.121890784 3.319491832 2.031954959 2.129099749 6.808003544 7.279103363
22.066109581 2.172458108 8.284057633 0.402289020 0.089252373 -0.433612036 0.801360194 9.868820036 3.753818283 1.290892482 3.483010249 -1.545399818 3.690778213 9.870193156 6.649213291 6.020291010 3.606879642 2.453147905 9.853535278 -0.751334530 5.876283225 3.805297002 3.772786321 2.230302538 3.625053317 5.502704045 -0.268451155
23.274640229 9.428821963 2.758631298 0.312959064 0.498466423 -0.518131428 0.620586555 4.157320283 -1.064108737 -1.612500923 8.767842182 4.366473096 0.603162494 2.223643212 6.557827933 0.816129949 8.562772600 5.860036267 1.878433808 7.163947211 8.740916081 1.174201479 4.925799927 1.981955162 5.106741197 5.493878639 2.182192906
29.574381127 1.587068481 3.998085694 0.410056456 0.364117698 -0.748005657 0.373844275 5.787821120 4.538919732 8.911335521 2.211213064 6.528947508 -1.260218291 -2.761386132 1.042158114 1.201460224 6.932223622 4.797954861 9.814030388 1.736293621 3.820497829 -1.484543734 2.577938120 4.140244705 6.419497122 5.449978574 1.830110379
24.613262145 8.015549088 4.889942446 0.266386326 -0.851099661 0.113689715 0.437883936 2.479962563 5.551835602 2.021238618 5.271175440 9.502248635 3.893398349 7.529142826 6.558951388 4.432690757 6.431868909 3.972129483 3.096714583 7.270888161 2.477307610 3.622676017 6.473004898 0.634579721 9.412695061 3.398924154 5.801192213
30.762459298 0.461989860 2.200484497 0.891117250 0.435616427 -0.098004216 0.080892201 3.580539598 2.073709025 4.026023598 0.024310905 6.146651674 4.202370211 2.281822812 5.494696069 1.070358346 5.374720475 5.850144411 9.714984133 1.535545609 1.394794449 1.751122933 0.297316771 3.907340694 0.436942925 6.394609527 6.790112176
34.242789068 6.856327795 2.231550387 0.147303744 0.029984774 -0.518113075 0.841998433 6.219332571 0.528100266 0.459365818 6.793777087 4.283204991 4.529724853 -0.640851207 0.566221991 5.759441991 4.174136320 0.587107572 3.859912881 7.066476291 8.144735370 7.700176955 1.545198907 4.647077207 3.722168575 8.898534568 3.295890729
29.034187161 2.501541306 11.585655640 -0.295242980 0.655891784 -0.691964418 0.061828752 4.892078230 5.646511942 5.802957843 4.696686615 2.509209022 5.972062780 2.866413165 6.906104679 -5.823161915 4.108841530 9.576236837 2.102967021 1.825258615 -1.717714281 5.677667217 7.484680796 10.174978882 4.628998631 2.781088883 2.537936849
38.156384411 5.264560732 3.201450467 0.429885105 -0.618711087 -0.627076570 0.197915039 4.971696179 2.740133085 6.608218912 2.519315291 6.558139358 2.969257043 5.644684178 1.205252356 5.777589459 1.842926023 1.378734557 5.485909429 5.075679161 7.411552586 2.109503366 0.730060275 1.621941985 8.951241931 0.460793974 0.518930733
33.308811008 -2.524824865 2.565862108 -0.674654247 -0.355922151 -0.514852960 -0.391263976 3.314602206 3.484229956 4.779814643 0.766872729 4.565278307 1.868347056 -3.862005960 1.438981670 3.316117691 -1.797364766 3.752693032 5.204065547 8.284200190 1.646697244 1.728883374 5.310299262 4.303170990 3.400598536 2.902603320 2.910686816
25.503583199 4.238378967 8.167053070 -0.157382144 -0.024000209 -0.837259148 0.523117549 4.373310545 9.572605489 4.154765018 5.705898784 8.044015035 4.015732060 5.248599290 1.932486214 2.737877422 6.426657816 3.718367469 7.493406850 5.814534253 2.088627790 5.333720344 2.586200994 7.235200434 1.587347974 2.814871010 2.950111963
32.853129271 -3.014973821 -3.385040276 -0.697719272 -0.153370216 0.023291497 -0.699373220 3.813758496 4.152560884 -1.202945265 9.358227894 4.714930564 2.599275965 1.921892186 2.299685634 2.293279156 5.809085843 -1.218253975 -1.229104951 3.491714703 5.969168630 5.950236370 5.626870360 5.759733522 6.550116114 2.231674260 3.423895282
29.121473922 -1.820317366 2.176942881 -0.149695823 -0.777628980 -0.605716697 0.077405515 -1.202901038 4.000179425 5.101502758 0.959426952 3.472923072 2.478704700 7.990426789 4.197777201 0.313835051 -1.719727590 0.537070736 3.998003498 8.880910324 9.233935031 5.096025016 5.137679805 5.766979189 7.506239360 1.437695848 3.108671150
29.016634028 1.719978043 7.170012404 -0.022990391 -0.229390320 0.151819092 0.961146444 8.212704859 4.601953708 6.189485382 10.002823144 3.417884506 4.851779730 4.330530246 3.990338440 -0.245020200 -0.183362977 2.156794319 4.267840443 3.736052676 6.669085644 1.722906136 1.942996734 0.585005410 3.435901521 6.441987522 4.419560224
21.249148506 4.625231924 -1.568679434 -0.176570634 -0.753779388 0.602792357 -0.193082415 11.437439293 2.263715253 7.298141822 -0.841546069 2.769835130 -0.719484148 5.180228672 2.160412830 5.052645922 5.796600911 4.178590613 10.477088661 2.889229125 7.771951750 3.694354542 5.980158656 5.979574674 4.075593385 3.254990459 1.213335854
30.753359242 -1.939241152 4.905446787 0.330675332 0.020271051 -0.657524888 0.676685991 3.024186081 4.136822338 4.943074103 3.169486775 9.022739915 -3.739647886 2.183230782 11.866161649 6.662602278 -0.009849789 -1.449371931 4.921503506 2.100544747 3.832701557 3.577883708 3.685235612 7.135661494 0.154056893 3.261464203 6.965029181
24.160709224 0.022538058 9.568942570 0.283241862 -0.044911828 0.806338017 -0.517277467 2.849058614 1.817429808 0.140221443 2.084649138 5.976124650 4.450838431 0.649570840 6.690832622 6.386917312 1.347587678 6.785738367 7.534327327 3.553540338 2.442023976 1.885313978 2.199958980 1.493153501 3.744075773 5.481545876 6.745310749
29.862190673 -1.945127933 1.082472149 -0.219991464 -0.524299992 -0.795149758 0.210832009 2.334438288 5.372946736 7.545252806 11.636644328 5.572777039 6.400010217 3.122592574 7.990812251 1.437380802 5.893915473 6.997866793 6.515826840 0.124644821 6.268316928 3.756345338 2.210996313 6.020364638 6.008835976 1.348553992 6.141942421
24.592465886 -5.852320110 -1.360780729 -0.309070551 0.038595007 0.654228020 0.689181774 5.136831455 2.335104966 6.723739320 1.286440893 6.002373867 -2.791454649 4.250335708 4.688805976 0.150533123 5.324629981 7.259837524 6.370259796 -1.781635062 2.853829196 -0.735310574 2.940688536 7.971950690 5.922354093 6.043281082 4.718758431
33.211098995 9.787612701 4.820005856 0.662588733 0.726655727 0.097578754 -0.153055587 4.312630558 4.098820402 2.304561417 4.095211532 8.014646153 -3.642063983 7.903362531 3.311227180 9.603543253 4.776930283 0.546176377 3.482952886 -6.452571326 5.756527701 1.172494983 3.596368244 2.612656601 0.877466663 8.976973662 10.213639348
26.581173483 5.708811509 4.262014110 0.676894793 -0.710335682 -0.091061557 -0.170130686 4.760616608 2.970656560 3.166663109 3.065346675 4.655202379 1.651901378 6.145345267 3.330303245 5.157411812 -1.816422127 7.541136582 -0.110759073 4.660339835 3.967613761 1.835496369 5.839469150 -0.270311859 3.993966875 2.459702965 2.958362662
34.970095124 3.895529412 -4.719769126 0.509658110 -0.227714097 -0.614418245 -0.557570732 3.557279832 7.616359467 6.445485699 4.995974515 3.106286647 7.992973487 4.441005107 5.829365292 1.672674297 -0.484381683 -0.430202504 -0.789660751 2.747327780 3.906429702 2.390323711 4.368952512 2.726778007 4.684256047 6.334374901 2.126649703
30.124978559 0.941076073 6.334857487 -0.543432558 0.618938115 -0.168046215 0.541624532 9.757645377 -2.072868838 6.528201736 5.735209071 8.304825785 1.964443173 0.535503723 6.443954303 7.659219663 3.566642330 1.899141468 7.895118363 5.362883984 1.979785149 -2.217830368 4.925959623 4.631394399 4.866367213 4.337134509 1.364598399
29.379872604 -1.676143575 -5.792428302 0.323114107 0.320570480 -0.755118882 0.471833991 -0.796056942 4.043953267 3.970677699 4.070302899 4.731235704 -5.301598635 5.104272036 1.358735237 7.968089790 5.725563823 4.048311138 0.362331922 2.456283708 8.344081622 5.469534998 2.180221028 5.644942695 4.763280025 0.465248266 0.548253272
25.694560618 -0.467350129 -0.951935367 0.213788880 0.468940225 -0.831676152 0.206649846 4.053038523 8.689107849 -4.325966007 7.968076534 4.004243351 3.156554491 3.678979681 6.006943012 7.897577041 2.528940581 0.105119270 9.596700305 9.181989270 1.927926211 4.221427807 1.973570333 4.301022571 10.668062605 5.111251112 7.129966117
22.972738680 5.899178965 2.724310996 -0.816105946 -0.198479069 -0.485482655 -0.242659712 4.827772356 -0.957689579 3.664080036 4.678193381 4.319197831 4.973967574 6.508958245 0.273179018 1.910902745 3.379270437 4.970062125 3.559295076 4.190338138 3.596752773 5.924468230 7.875068098 0.628901812 -0.445358261 -1.712523829 0.904741100
27.615343226 1.954400941 1.958606498 0.391299421 0.517612082 -0.299934705 -0.699286542 3.947742493 0.941916222 4.060040915 4.965793407 4.149382413 6.303214135 3.166677181 7.670509709 1.223474637 2.819193123 7.856679418 5.325798290 3.277863998 2.400672599 2.791807162 -1.377566753 7.993953787 10.313488918 3.061708043 2.004350229
21.454657716 7.581179978 4.128708440 0.568686223 0.623955583 0.476256011 0.245877250 4.182641950 3.654252159 7.662833958 7.811125353 1.680428572 2.009286562 5.145786948 0.605124445 7.011990392 6.667914247 4.215117286 6.740984343 5.886271151 2.789591122 -0.183207149 4.839575264 4.909674122 5.836476156 6.257138985 5.974437058
33.186218638 6.850272862 6.658094337 -0.823795954 -0.269501510 -0.462214204 -0.187315756 2.659658087 8.224959616 5.902149397 5.518898444 6.805721443 1.364204648 6.400717284 -0.506602826 0.162644722 2.897439595 -0.267844261 4.792106589 3.333711521 7.386353339 1.333544499 4.124032075 0.983713542 3.593171923 4.620806672 8.943401156
28.338195426 -5.097918273 4.224138157 -0.607201257 -0.407121025 0.638377444 -0.240901105 3.526789057 8.218210841 9.446753384 7.096462939 0.367793010 4.929689039 4.505392155 3.751059807 4.485150800 2.985670183 7.348197598 4.986610074 5.420017159 4.909204841 6.810064465 1.058890025 -0.165623532 8.350901677 2.111100018 5.487554839
29.165835360 -6.683688322 4.274725558 0.698802039 0.228894206 -0.652650088 0.182567839 2.510603215 8.506781524 10.326897213 3.836208313 0.281321553 1.035120718 1.500323410 5.857008037 2.391444375 4.726821336 2.125327395 -0.416204515 11.243628198 8.832104656 7.558088533 1.384076006 1.721868666 3.988394065 1.343210992 10.665002097
23.179582230 -0.218637270 9.632963100 0.945054134 0.316469432 -0.019641005 0.079586514 5.607316601 1.559908965 1.292214087 -1.339962534 6.120085739 5.019203440 4.270878333 8.553370459 2.874589732 2.364848609 6.166996975 1.722426560 0.305450047 5.676950285 3.414933529 1.881614000 9.107277924 3.704262346 6.556281823 6.288483649
30.541069047 6.601261644 -0.726521387 -0.588540816 0.428132601 0.537864532 0.425469070 6.180107599 -1.645469375 7.209651564 3.515045856 9.137936453 2.884336393 1.261522718 9.258383107 8.048502679 1.543081903 10.533871044 9.241377193 7.649385904 3.695598752 1.251683831 9.369173023 6.448859228 1.353032909 7.770536048 2.296868828
20.626404253 -1.078926456 2.988336495 -0.447240576 -0.874356698 -0.164864737 0.091081564 6.085685298 3.403171459 1.137101285 4.857375323 2.597950200 2.187045788 4.329276757 9.024916217 4.032830940 1.507333579 -0.933816056 5.134577364 8.537220158 2.835552253 4.639664234 -0.465554884 -0.581256825 5.405742184 2.294859975 8.057920976
31.560901155 6.283948763 -3.451161668 0.114587753 -0.479037183 0.625704470 -0.604885890 1.720088291 9.965861784 3.067223160 7.365494532 3.360993102 -0.788723847 1.177393493 5.768549263 1.143517083 1.267461223 6.790626291 8.366438588 6.743606223 1.248633460 8.069127967 3.210923240 3.014748308 2.204925889 2.961238941 1.260969520
26.059482936 9.732336681 5.142327941 0.578632347 -0.540155448 0.610520339 -0.026107765 5.350181554 3.340626113 4.661120566 3.550443818 3.458234711 6.071819416 4.635396698 6.561937423 5.389859505 4.980891167 7.163177131 6.071624549 6.251474124 6.253848769 -0.922481087 2.172142211 0.746405053 7.044991683 4.410164321 1.352876013
23.387730737 4.103405143 5.250194388 -0.668228901 0.321422757 0.152265860 0.653431446 2.364311329 6.564885123 2.940904888 7.307419687 4.123770421 2.077055369 8.669308909 8.023583302 1.544880547 5.567570822 5.348614922 3.383583922 6.061534487 2.699767907 1.937604874 3.064195800 0.999905972 0.981866192 4.492865760 1.763416080
35.390266857 4.928727384 1.132619097 0.345065771 -0.046208590 -0.404628456 0.845618231 -1.946478772 4.566696980 4.709028204 7.979793253 6.173276702 3.251449705 3.055487185 3.974696519 11.152280993 0.116070941 3.859018382 7.823137901 7.139128265 -2.428967843 -2.052830092 3.662424765 2.849116111 3.674362988 5.447178828 3.890736796
24.402562503 8.416427256 5.633874145 -0.562211533 0.799798817 0.207022471 -0.037171771 1.950113161 8.339267902 2.230902810 3.023400445 8.123045518 7.126529936 8.766282072 1.448620602 3.651328827 1.254955634 2.429917169 4.701742756 6.466649267 5.178045986 9.499172444 6.790235164 6.604107401 4.222471201 1.959421755 3.436247100
30.301111909 9.351677610 2.982183093 -0.660869134 0.408136526 0.520585789 -0.354495416 3.104006254 6.574074078 5.190129390 7.457366023 1.237898399 4.355129589 -0.220184593 6.189832742 6.930414072 2.399550535 6.933361714 2.290969172 2.055239712 2.734020938 3.976183333 8.255593770 6.324587315 6.426866100 3.308560207 2.957255841
23.237338860 2.092540299 -0.272554362 -0.231073686 -0.397552136 0.887264777 -0.036310702 9.155314974 2.801902620 8.355535950 5.862985040 5.809513379 2.739754483 4.400037276 5.962196020 6.302474014 -0.376135520 5.943458587 7.387418928 1.941559450 -1.434766063 1.227556497 5.814296774 1.062044624 9.231876552 -1.524086279 8.626827913
21.390379654 3.189989271 -0.152265348 -0.270288301 0.093542781 -0.769373397 0.571190475 4.324398454 1.541940981 3.682944707 5.335251806 6.292564835 -5.136275497 10.143148364 2.392347955 3.404558172 2.507540202 5.299810047 7.016934598 3.973590954 3.891818151 4.263795565 -3.210699938 4.776433584 7.770445226 4.572774472 -0.171540381
33.007195428 -3.326777724 -3.846038209 -0.618351302 0.362464749 0.373865655 -0.588630143 7.526309716 3.783103322 8.061146119 3.105098735 4.364974090 4.186618406 8.330606289 5.534150454 0.884044257 -2.705076357 4.503020143 6.971281002 4.535793683 4.299789677 7.427913359 2.606349903 1.854147184 2.884043549 -0.341304384 7.157444283
22.992175866 6.980104074 1.759684997 -0.651788120 -0.136306580 -0.464477400 0.583826607 4.438656966 7.099561623 -0.044758365 -2.209933548 7.911441832 6.019157846 -2.252504167 -3.322535337 6.800247475 9.623514699 1.923135314 -2.570352301 8.261343112 -1.788895444 7.593536199 1.901501012 0.014668352 8.646766419 8.009531094 0.881005113
30.692946651 9.116513288 -2.508110902 0.084316431 0.575959177 0.057548240 0.811079506 1.115070410 7.059879977 5.779976386 4.301312258 2.244175749 3.319016849 3.312907273 4.812681159 4.208770236 5.782856414 2.764791636 4.359139662 0.235464873 2.165599173 5.977201996 0.360593723 2.876839473 5.974186780 6.570391353 2.212259898
21.077804279 2.439242260 2.711221111 -0.401303863 0.850100319 -0.024511405 0.340123283 7.229836313 4.908233814 2.979766524 3.938223956 8.962500622 5.931725682 6.391247854 11.491451220 1.319745224 3.754164843 2.173713079 5.788629428 2.342934205 4.438653227 2.026531107 3.333155561 4.919861084 0.311428561 1.978338474 3.657688533
28.495846117 -1.985992364 11.497105681 0.059254207 0.440370984 0.067427581 -0.893317332 4.941573190 5.607543887 3.791277913 3.038588974 2.274107086 2.333046491 4.453494861 4.339855882 5.180975023 6.699440310 5.542584268 -2.219836461 3.779832083 4.566348257 2.193234041 5.589113221 7.477316859 3.784449254 4.238845579 8.115737127
34.798371066 7.501093366 8.271160978 0.795109660 0.079218905 0.050535304 -0.599142034 4.607734864 3.508639625 7.468596560 -1.929317665 8.260794670 0.685508445 6.604710752 3.956499592 5.728696307 3.779860694 2.315277080 3.401392689 1.687625467 5.815815123 3.742381559 5.112431836 -1.128510325 2.900901353 4.162473341 3.850548630
33.094573290 7.187696569 9.657863928 -0.381439925 -0.422925319 0.770502196 0.286293771 7.193373678 6.840992583 10.704196794 -2.851960909 0.163284415 4.594529929 1.486987270 6.209184345 -1.807377999 5.370099220 5.922188174 9.151766654 0.714321297 3.577834393 7.458871985 6.912176668 2.238997289 10.918593809 0.450849490 10.026585578
29.702807646 -4.448791973 -3.272795753 0.520546812 0.498388416 0.056824337 -0.690949346 5.376367260 0.863800843 2.094210077 2.417282742 6.180539639 5.156219518 11.852418656 0.000885506 -0.182939548 3.053230205 3.632612853 7.069620360 1.220480804 7.850093470 4.824529861 2.234086208 5.088228033 8.109104122 1.582692650 5.553679422
26.318152558 2.485321871 -3.088739572 0.036636773 -0.686308392 -0.717829758 -0.111170933 3.432115132 3.412229120 -2.144116265 4.955256847 2.140499967 1.361083848 3.457100453 5.706077725 4.297653437 5.013661507 2.994601368 2.784316286 2.727363464 0.304631927 11.021379497 5.433544737 7.270063348 3.003741081 8.962537537 5.873627972
30.523271383 0.992393633 -3.471551302 0.162258045 0.423249735 0.023837173 -0.891046451 5.663910096 4.310257779 3.378935488 6.372318495 9.701502179 4.167823440 6.544721286 4.881428869 1.424598890 6.407464423 3.249002594 5.442753613 3.014009415 4.675137498 4.936483617 2.403384606 7.118260948 6.406578127 7.972516948 3.368450318
34.555293388 -0.604539952 2.343954522 -0.652469154 0.653726450 0.321915314 -0.208077539 7.143720775 5.737416481 3.423483414 0.532533690 5.221659742 -0.892485287 12.591830653 5.569610496 3.926402281 8.460392064 3.804206039 4.619689478 6.821220350 1.050949626 -0.996850090 3.672638915 0.912394520 1.228703527 3.733860155 3.788951595
32.113482991 4.327285643 -1.698109088 -0.181142577 0.692634926 0.531856555 -0.452297282 2.357114942 2.158135521 7.339241351 6.320513583 1.873086511 -1.221061912 3.249611754 2.038733892 4.737290707 1.822108903 7.559611137 3.171191602 1.811953010 6.124216000 5.777858876 0.814841985 5.457565173 3.629977150 9.804643865 3.381698928
37.026176847 -2.291859368 3.038668118 -0.490197647 -0.079670376 0.808868836 0.314785807 1.027326381 5.885103440 9.052266299 6.880668539 6.833062905 1.532082555 6.987048383 7.883225572 4.875668847 3.548291987 4.788673115 8.749068533 7.026289751 5.206457064 2.569845255 5.288030590 4.507694422 6.785784467 6.271614126 4.934228002
26.528254633 -0.040576053 9.978954201 0.392881923 -0.856686671 0.265918564 0.202531626 2.994883018 7.922136976 2.394412919 2.177882804 8.168463838 1.931359802 4.226306799 3.730642076 -0.053655044 0.205633769 5.136566009 5.347051336 3.084108158 6.566570400 4.139980820 2.771315645 6.333407444 -0.607656190 5.960667252 7.350317097
24.867360147 10.291829784 3.224070141 -0.184418375 -0.231983329 0.269787039 -0.916181506 4.092143130 4.745825813 5.285267582 7.741162580 5.838165988 3.538132802 -0.719149575 -2.789988001 5.902742791 -0.073517788 8.464017480 6.995419208 5.183555181 2.190663347 1.299454426 2.669458715 8.970321417 -0.793721817 -0.919003845 1.118036249
22.196771301 4.624016171 1.163953294 0.784361753 0.264316451 -0.551953646 -0.101294754 1.849989506 4.056113645 -0.821443222 7.584187402 5.109372376 0.480306603 4.854486017 8.844831805 7.117255335 1.258294947 2.642841418 3.804312999 5.188455022 -0.402559067 -6.011057716 -0.232735921 4.770730927 5.326525538 -1.679338183 6.554409024
24.635686576 8.490173597 5.076805864 0.633676185 0.024356557 -0.565944225 -0.526847592 6.766485152 0.711733433 10.728027100 4.961121514 3.823628769 3.199674920 7.151126465 5.194647390 4.528559999 12.185484836 1.104634344 4.989614319 1.920022773 2.425536928 5.657266216 1.090073380 7.334097149 -0.509738307 3.667793796 1.660537920
33.516217096 -3.456790322 0.003768800 -0.420006441 0.813097906 0.384741131 -0.120169239 8.137399707 2.292589472 3.109122134 3.166829376 4.065972105 10.138267496 2.128591348 3.779310012 2.491387605 -2.076087971 0.570742930 3.468542664 10.414715815 1.695399571 9.624333862 5.721580671 4.891485215 4.059421294 8.545428727 6.076918580
29.030918952 0.052431422 -4.432921990 -0.441466575 0.654820500 -0.578198849 -0.204947470 6.435723900 1.583184288 4.930349786 5.230995480 3.002462226 -0.818761836 1.246501678 6.040600999 2.124852977 0.705675131 4.542380725 0.773199389 6.732094833 5.023866162 0.194402002 2.984389336 7.388885678 3.459996774 0.701480489 1.780692915
32.056661811 5.726423657 -3.616942633 0.244419962 -0.349520925 0.277054196 0.861008117 7.426398075 1.842791146 3.763650410 3.481681733 10.029088776 3.878957096 -3.155004875 7.591505387 5.365044831 3.708180356 7.487439764 5.434305686 0.455115999 1.858370360 7.152729689 8.206092892 -1.480312996 3.109677438 3.248478537 7.350952700
31.770891384 11.122325860 3.663826239 0.501410464 0.481146771 0.108540616 -0.710847569 0.694157325 5.121156731 2.254444478 5.680923131 4.111172428 5.768484124 3.912154340 0.213003788 5.059918312 5.116000872 6.164497211 5.553392462 0.236239112 2.987305802 1.650050231 5.053875938 4.988592938 4.087422618 7.557547688 9.032441675
35.613782781 0.344110552 3.772376718 -0.107125318 0.877934970 -0.430127988 -0.180953774 5.204393412 5.462575315 7.231433071 6.268782578 2.313188039 4.266353534 8.615552464 8.862136582 6.422801981 8.488430134 7.736570357 3.767191821 11.266694726 5.114529916 4.761174630 4.075151081 4.402403719 2.087254508 6.486457341 6.276798086
25.552653816 2.577612320 3.261052716 0.470520607 -0.430391783 0.768051093 -0.058913422 4.267598894 6.707798590 4.412258690 2.163855978 3.570131997 11.103230152 1.499086727 7.002396232 5.809937730 3.121969517 5.743514779 -1.507614829 2.499517192 1.448620868 3.821900555 6.819176284 3.353956418 -0.237443682 -0.179274523 0.139198217
33.207260577 4.681143271 -0.761035514 0.744667370 0.375505604 -0.478633170 0.274547516 1.024020892 6.912455255 1.646706090 6.427839586 2.549910027 7.176695148 3.212817392 5.416853717 -3.839492684 4.391509563 10.126872001 -0.166562372 3.415819474 2.885253902 0.694507268 1.448338784 2.783275253 6.980446695 0.365010153 3.206247435
27.140421111 4.294902595 2.776151230 0.031560795 -0.826420390 -0.054909861 -0.559480261 -0.662946506 6.405288160 6.873055806 3.886685363 0.471458015 7.949193654 4.153214342 2.353044416 3.517784051 3.954087387 5.706934329 5.120612978 7.155820495 1.175097026 2.854923219 1.541502827 1.012452416 -0.218636450 6.904241401 3.402599477
34.349384042 -4.545318492 1.447519443 -0.416157072 0.352992750 -0.837559024 0.026538486 5.687634639 4.747611306 1.150342154 1.519050485 2.372379656 1.272920046 1.249689301 -1.330030713 1.833640977 3.466991453 6.543517068 5.734542262 10.046562696 7.814592835 5.205395619 6.448930039 3.403316474 -1.219810109 4.939007070 1.119488403
20.708978349 2.141851045 7.334644435 0.703716591 -0.376791216 -0.407412499 -0.443651209 5.081181595 1.774340896 4.483296143 4.164510343 -1.227344491 -1.603449500 7.554392749 3.533803607 7.662268826 5.427704135 2.288929375 5.383346794 7.447885829 -1.801921609 6.062457902 0.940215150 5.687412133 8.161072747 1.796484997 -0.360221324
29.304374305 -4.430042562 8.928539921 -0.141601744 0.367732487 0.655852097 -0.643878708 10.099823025 -0.600325715 2.134361827 5.510414342 2.385071828 5.087558038 5.834517949 4.182865354 3.601155134 7.861458242 3.817853419 7.097830087 7.260327372 1.928686598 0.794200756 1.173330616 1.166675830 0.434504986 1.807246591 2.153413746
29.095915087 2.207646737 -5.267635491 -0.474237752 0.055279322 0.875340299 -0.076302762 6.513535817 2.564203739 5.089951263 4.074357211 -1.098841563 3.068653153 6.812499278 5.457543354 5.025888819 1.396569424 8.537373668 3.741750744 -0.859849534 6.198486921 3.251885133 6.884654802 -0.313811780 5.298925265 1.353162605 5.012345010
27.033321677 4.715960051 -0.597242882 -0.178799419 0.190937467 -0.751658037 -0.605461681 9.637143872 4.961568317 3.004985446 4.144653380 8.017628380 9.632442542 4.481896733 3.054880141 7.189315673 6.081959023 -3.735207402 -0.415386751 8.162662467 3.173970065 9.459907077 4.233720552 3.630774528 1.175016936 5.064008411 8.273363562
35.319003061 -0.952449993 0.366764476 -0.030601862 0.037530854 -0.972443287 0.228054849 1.186532086 1.859137366 7.405729980 4.513073359 7.885997721 4.148157311 -2.494036334 5.598271942 2.935991300 2.287365759 4.199252846 2.980645520 1.810245491 1.060815296 -1.007580905 6.744163094 3.333250529 1.683656280 2.405449146 3.229096199
24.687463487 8.813748901 3.495575096 -0.017042122 0.017252952 -0.727527854 0.685649418 0.159459454 3.256168811 3.732722964 3.478367692 9.915854875 0.578935794 1.030380787 4.728667245 3.464575743 2.722539945 8.427849196 2.968183204 4.892933398 1.713400284 -0.780967038 7.981528113 8.433785686 6.491495203 6.223037684 7.356322326
33.902364011 5.617522506 2.799581193 0.503193470 0.164764115 0.816796616 -0.229112215 4.553261695 2.052416966 1.221583391 4.191011353 0.442466352 3.490682798 4.358363470 7.583332736 8.917941986 2.050724576 -2.489638269 6.174266403 2.471055368 -0.247101534 3.706759343 -0.615117392 -0.086198346 1.663119163 6.318859770 6.943237510
21.906567536 8.043072253 6.441594431 0.177985309 -0.522965162 -0.781458620 -0.290088081 2.449464022 8.408264239 4.450589085 7.106978874 9.045694727 11.066113424 2.077103576 5.645406265 3.054919855 7.015137634 2.887375597 6.728437156 0.617771366 0.684382320 0.949473359 3.828641212 0.358168546 1.032347965 5.255378957 5.425128510
29.045438125 -0.275829238 -1.246234682 0.785281514 0.272800687 0.500898526 -0.240859700 7.183388065 2.162096442 8.619887510 6.508630023 4.829726604 10.033761679 5.419776691 3.203925480 2.465500556 6.879630070 3.059328233 5.107700998 10.576522926 0.906225157 8.794815479 4.090848614 3.454880469 4.274175316 1.488022476 4.630766158
31.478097078 2.354451842 5.435400992 0.372950550 -0.756521125 0.510119335 -0.168410031 3.891390002 0.731752354 8.383081906 6.507191207 5.209604484 8.784839997 0.704407955 3.536311124 4.247834990 -0.174833664 1.952978589 2.057994858 3.230784176 5.721227492 4.531926417 1.228457602 4.647677712 0.053854347 6.980798555 4.985240459
29.196799817 3.245708266 -3.165867593 -0.090155986 0.084727346 -0.389442859 -0.912703366 3.513042783 4.980092741 -1.827936612 4.279680006 0.684134866 3.278555637 8.655457839 5.906016199 0.429268037 1.778406579 4.529889579 4.941897004 3.387268548 7.050221139 2.403365391 0.345611382 -1.699558164 3.264940140 1.664775964 8.445311687
20.961877973 5.763877893 6.883721830 0.459930679 0.632728272 -0.529378314 0.328446807 4.143519051 2.548156086 2.364222239 1.078814124 9.659556050 4.229181390 2.888020672 10.651261218 2.628808203 7.526041221 1.314039488 13.766229713 3.284182877 1.783988679 5.726817635 7.734625109 -1.021257457 7.258549198 4.672635274 1.992919794
28.628358983 1.632047011 4.424937886 0.675190507 -0.415570496 -0.311744097 0.523674097 2.791721156 4.802037303 8.314457049 2.563040701 7.321988516 3.227681484 4.817029294 2.969799919 3.881155625 2.356272224 3.346748070 3.665388242 6.587832827 6.378534869 2.300443742 3.853602455 4.772130101 3.970365929 9.929809887 2.095099474
32.828568272 5.447600515 8.351818245 -0.925985755 0.020653737 0.060294588 0.372140253 0.519296678 6.536860045 0.553656119 3.904153381 2.592304646 -1.190443003 0.007258280 1.268473579 3.321989416 5.627598581 3.279824852 1.108790136 3.729652581 8.472936122 5.228483038 4.566594286 4.848353258 4.466199278 2.481689854 5.237603650
36.670213847 -2.249889403 -1.290517848 0.072165715 0.824605485 -0.537795727 -0.159980187 4.508577581 10.649139090 0.068448904 8.300404525 2.459523728 7.635725072 6.239328452 5.056348597 -2.057801212 7.002775522 0.152431557 3.746959418 6.846334795 4.387235763 -0.791743177 3.173659028 5.977064733 5.634753415 4.928317634 7.621583411
32.951800289 5.690044070 10.489030507 0.520175146 -0.165477007 -0.110489613 0.830558380 7.144522192 10.260649056 1.771723569 4.591162214 5.146256175 5.206290872 -1.272541085 3.559497139 4.980205965 6.646824668 3.544070507 9.770256483 8.473096738 1.631098930 0.970238096 6.948227010 3.932027255 -0.825136722 5.607137144 6.362667785
35.279411315 -1.629737078 -2.189885226 -0.576687773 0.480738192 0.499162534 0.432618501 2.468833289 4.552167262 5.762053533 4.089955996 6.026283956 5.209034997 2.822632203 8.540651742 2.513733545 4.206330495 7.701023889 6.778331678 -0.488521658 2.894994645 4.847875989 -0.663339509 -1.242575674 1.714444455 4.781303353 2.132260140
26.369566129 3.334880805 8.009837581 -0.641793801 0.057369681 0.735681657 -0.208762871 2.878118927 9.460902201 2.097432327 6.028439740 -0.253256654 0.920165456 1.236196956 3.822551753 5.592248207 4.996815208 0.804952501 3.936206971 4.689678752 4.623871975 7.522808650 5.047018956 -0.492303147 2.479805060 3.071429881 1.624926618
24.286641864 -1.419954726 -1.350620253 0.916574746 -0.286371641 0.006368631 0.279000822 6.017545319 6.260706934 3.199999126 6.108206818 5.907152732 6.635954913 6.593372918 2.142938919 5.510093694 0.700606936 2.085758568 -3.029795562 6.577627427 1.123426775 4.394700973 7.997061055 6.997535378 6.339034504 6.761308999 0.213179685
25.801992575 0.202541492 5.082952549 -0.886769005 -0.400065340 0.185070266 0.139059165 7.529308795 1.985137917 2.308979187 2.336547789 1.831349702 5.206571629 1.108398453 6.320578211 3.407037752 5.080542148 -0.301256244 -0.161040416 5.377164404 8.262700205 1.826906660 2.841988308 5.600007262 4.687401982 3.474414513 -0.783669395
33.128271936 10.678160220 0.328585240 0.523555092 -0.817098448 0.225954777 -0.084762200 7.572078729 -0.944282990 6.441003284 9.415069427 5.781460436 0.864954649 1.077894035 6.367668710 4.068925276 7.422785605 -0.875386577 0.592603327 3.782706138 7.378024216 2.865927436 -0.271217971 3.610691657 1.232132693 5.312188547 4.032703955
33.873779301 4.929323289 9.905624346 0.330050187 -0.836466739 0.318140600 0.300294569 6.711486042 4.907164163 6.922066566 2.050809358 2.897838361 8.853039348 1.314789204 4.054424340 -2.397053520 5.708160238 4.924519229 3.807633499 6.554748941 9.812516055 -1.607839468 6.454373260 -1.909262152 3.251805242 4.527094396 10.273495062
29.860533210 -1.584026135 3.869905063 -0.066243937 0.033016987 0.722875187 -0.687002972 10.152750536 8.235251687 8.872847444 1.157000146 1.771228069 2.362312328 0.949561024 8.136242394 3.343427816 3.575119563 3.201424730 0.752783495 3.354459848 3.906568504 1.136719372 6.346545775 2.252211538 4.829842597 2.856850339 -0.449293450
