33.468097651 20.113162398 -0.212041876 0.518974090 -0.840241237 -0.042091688 0.151290604 3.109382667 5.172246021 11.342965068 0.557960413 6.063359656 3.844319032 0.994599435 2.054198740 2.681253290 4.695504548 6.761234800 2.311329409 4.121523451 2.902108171 5.695273254 -0.043469611 5.980814297 6.690101818 8.968589517 -3.562740691
28.437620820 8.732158926 -4.928999265 0.426880507 -0.316224082 -0.402793606 0.745340643 3.142185768 5.208418054 2.096459609 3.797661277 3.570532638 6.418412683 2.228011002 -1.062288070 2.426869176 0.586187756 -2.313801915 12.728789914 5.959513766 3.326137268 -0.765868823 4.883725965 3.136556818 5.931304409 7.742580451 1.816328995
32.138167078 8.253977134 -1.718141817 -0.397634949 -0.708422345 -0.488439314 -0.318514152 -1.899389249 2.159044442 -1.170173350 5.958938692 5.579094359 9.220434959 5.153038411 3.136059790 2.561514534 5.512748712 5.582772494 7.719633728 4.343779615 8.329448444 1.395240600 7.594978629 4.816172171 4.533618519 7.370738447 3.080751931
22.262717234 18.079273281 4.375795376 0.259195429 -0.487510778 -0.764672552 0.332305369 1.336706965 4.596286239 2.441398525 5.960145027 4.516646660 5.463167729 5.978145056 3.991354705 4.156408307 1.524467464 5.104587299 8.456666993 4.528182874 4.619102093 3.293108499 -2.576987549 2.817763011 2.895214484 4.823848228 2.430947801
29.852907381 19.237012643 -4.955146518 0.024190147 0.958351742 -0.279378046 -0.054080337 4.660477609 4.993727871 2.159809113 6.639676554 2.194142988 9.553374915 1.635351854 4.685545885 2.401747182 3.061055239 1.659699529 1.560384651 3.413882049 2.623886895 0.377922894 3.519294181 3.336107686 2.956992872 6.885789779 0.348248483
28.609692146 15.303358004 3.992068541 0.256730495 0.493643797 -0.417677141 0.718297334 3.864838660 4.726105795 4.881210093 4.941911006 5.845679531 5.803784330 -3.374447326 4.117247531 2.462389317 0.284861857 -0.180882287 6.156274606 3.758619028 4.705945249 0.690237110 7.919134812 1.593888013 3.646712608 2.387954006 2.073641237
31.201580098 9.379564860 6.551151347 -0.008895422 0.974270346 -0.140295078 -0.176168825 6.629283624 1.436680229 6.033597199 1.638608824 1.619317075 3.637737486 8.194552492 5.661459878 -0.071235585 -1.380149117 2.932187718 4.810272557 3.651959921 4.809821902 6.341415075 6.834956975 3.384430193 2.354335863 2.662190209 1.365748125
23.945366285 13.841915862 10.591991110 0.390938763 -0.375277163 0.486693938 0.685173660 7.722811101 5.948457918 4.387648185 0.682467032 -0.322631301 4.559291718 6.842179531 4.811968234 5.673983400 1.328109175 2.701976385 -0.147881524 4.921962703 2.706677537 4.570071789 3.870219227 1.918406177 3.100244178 4.418962709 3.507025429
29.848006140 19.782030533 5.949628235 -0.026175177 -0.113328525 0.531837346 0.838820924 3.101207151 4.965402910 -1.156107018 -2.090243843 4.849871487 -5.208111078 2.078406589 1.457033540 0.782602644 4.476696511 3.472730429 9.464934892 6.859390148 5.527129898 5.272087261 6.018865851 3.103343861 -0.045301228 2.885104331 0.999758560
25.810292223 17.938933595 -2.623523409 0.468675182 0.781271329 -0.322736700 0.256514535 7.725519710 5.473267235 5.877929755 6.693202848 2.042025550 0.148444168 3.934902176 -0.193938415 8.200651107 7.611563915 7.696897735 0.492048860 5.032036101 8.107775797 8.598503166 1.495655915 8.464630657 3.385375372 0.481148298 8.401028143
31.852581251 8.417201728 3.843025360 -0.677689578 -0.139360925 -0.646366678 -0.321753766 4.919645586 2.873787348 4.666788205 0.119816655 1.916994106 1.880838478 1.452949010 1.072102103 7.240862941 3.567834475 6.318148248 5.370097648 1.585729125 5.944483695 0.548276753 6.483783658 0.939384005 4.028065379 5.468832913 6.671848452
31.067195338 13.704533684 7.074104697 0.605422503 -0.515481769 0.560696156 0.231002076 4.239947528 6.892116234 4.869558044 7.204762149 5.372575115 5.476819103 -0.311692378 3.653811817 3.501047355 -1.186591011 1.348156588 10.506745012 5.782004698 3.684713030 2.315232650 -6.369950161 6.357332873 1.072757857 3.057562782 6.649531337
28.194806088 5.407975130 6.408865252 0.061925111 0.896811431 0.414344567 0.142172847 4.879100581 -1.155767593 1.344844134 1.206455596 1.608845755 9.398435292 2.255471414 4.286062733 5.927736356 5.181675951 2.434515588 2.710143008 0.275852953 -2.126431618 -0.130087416 2.394565949 6.400385614 6.184912237 2.488011233 -1.095478961
21.125587626 12.878012354 7.460981592 -0.736506594 0.283621874 -0.346142253 0.507249653 4.758586331 4.654953942 3.864042393 7.375800480 0.654671401 5.939915044 3.821967060 5.673951194 4.781792650 3.020652062 -0.830722253 1.585359316 6.754051834 2.553809648 4.219500160 9.256036934 1.864004838 -1.292054854 4.577114388 -0.516243272
25.734277321 17.313419122 11.075580784 -0.365385845 0.443701366 -0.541524366 0.613492984 4.061166048 4.143961422 1.321288995 4.303048189 7.654884052 5.677771868 4.026246462 3.363649137 6.068934231 5.894918001 1.183843057 2.120717047 5.393444177 -1.889932509 3.077715733 -1.920120843 7.529897529 3.219744278 5.712838351 5.398721074
29.294327852 7.415535001 -2.909291729 -0.552082389 0.083084961 -0.564739757 0.607758942 4.844869020 2.323910234 5.649740823 6.278680613 6.070762786 1.845173221 -0.386673017 -2.101857359 5.553895014 5.430846903 2.084601369 0.862049634 0.634694345 0.633995669 5.370172115 5.853989112 -0.828043386 6.211988676 2.362707537 5.634395694
24.318133273 9.667436902 4.980200528 -0.320197330 -0.218058966 0.032808276 -0.921329243 6.525394139 4.482047107 0.928486041 8.317999285 7.062720593 5.784885491 -1.566642903 6.342837005 2.991695128 2.413196182 2.034500118 5.976615324 3.821259395 4.525541088 1.440768389 2.437890926 3.225866361 6.581822740 4.670031052 2.667215976
25.581859353 10.156833016 4.001436569 -0.249898696 0.450260177 0.399511745 -0.758423879 -0.740732123 7.548739844 -0.094286071 3.115997115 -3.979864486 5.503886290 9.026656215 2.698908494 11.352559949 7.972839159 6.715363960 3.068179441 4.815838857 6.688004527 4.713400291 5.356515743 7.603580866 4.504245809 3.361031192 6.561552052
32.214268266 14.637756624 7.790925537 -0.628315663 0.435316607 -0.252765329 0.593151387 -0.157490342 -2.159355025 8.388023948 1.828154862 2.302213149 1.949050674 9.468373284 3.231803638 2.917348895 5.801948775 1.652229883 1.810425003 10.677243489 -0.610172484 1.639611032 7.793685100 2.239023208 5.090868944 6.205563502 4.144392359
36.174696938 12.475829098 -2.252038731 -0.373310313 0.072348035 -0.922842843 -0.061369853 3.288173502 5.253480919 5.486455347 2.055037824 5.137729873 8.828550147 1.929342635 -3.231799258 -0.050756034 -1.526513984 2.598776708 3.169839251 2.959540151 3.186508271 4.703831644 3.737336264 -0.295588244 7.460358472 -1.717205619 7.575094135
26.243210930 20.043603576 -3.850246970 0.107056124 0.403564738 -0.836929946 0.353868273 4.624644767 6.340877530 1.209260217 4.388697109 5.563466060 7.237531611 5.937668942 4.745428374 6.472155422 1.125685807 6.128365247 4.999190738 7.288488892 -1.881775822 4.538507381 -0.516719718 2.742410937 3.213055804 2.409072247 6.732871586
29.510518041 14.189830111 6.090612562 0.193447492 -0.252221823 0.316928061 -0.893598805 9.125604212 3.287278733 2.945336375 5.521943587 8.048863992 5.953325076 3.312390300 5.147867171 1.696928536 2.895560547 3.380649187 4.904544777 4.736155577 5.768430709 2.260857898 3.667069179 3.536408075 7.211822077 5.799077069 6.945766125
25.280278790 19.655369490 10.035508725 0.161900355 0.216018611 -0.962068677 0.039345842 2.291513874 5.968576063 6.066719500 6.191725368 5.130789614 1.948223866 2.253643308 3.735017693 5.665778350 6.432839200 5.941748652 -0.165894905 2.272880092 10.267662390 2.477540137 6.840862947 1.695777422 3.067554717 5.357842606 1.719452544
24.140603475 19.302192704 0.161555121 0.018134179 0.924826553 0.379775960 0.011714046 3.640900165 6.306168943 2.664709795 4.958391450 5.002154618 5.689919992 0.384743795 8.042366131 5.782110750 3.139132942 8.976166495 1.825069119 2.082660849 2.083850151 1.896182217 -1.202114545 7.761451171 6.668954300 10.419716695 4.925603593
26.854117952 12.118299352 6.985565092 0.652242702 0.713241528 0.239819995 0.091391192 5.084594932 5.383346193 8.327678330 2.913546911 6.387769953 -1.790633690 4.904872260 -0.053065917 5.857559581 3.284528466 6.652380981 0.650446097 7.209643620 5.370924723 3.137533026 6.018246664 9.577662813 7.864533713 5.110203060 2.483799763
34.073293383 11.619862744 -0.099936168 -0.552234603 -0.079050883 -0.509726794 -0.654955339 7.973747376 0.585761050 2.629223165 7.176013477 0.732476388 4.236116643 7.411504135 5.082016980 4.558507138 3.811075553 5.498218163 5.759284136 3.926571175 7.018507926 7.293880389 5.095911229 -3.077337932 4.598000718 3.217304894 1.362962416
32.069817323 9.151040453 -4.822452566 0.420316316 -0.732638117 0.349594551 -0.405412425 4.617975035 3.217826076 5.882428174 6.803275336 3.786127259 3.301547917 5.385107055 9.611758226 0.238465696 1.910262995 11.233096760 5.593827073 5.558740075 3.420248208 1.599691989 6.195928823 3.597724373 -4.670173381 5.135159946 8.564223632
25.048671457 9.119186521 2.799957943 0.483690180 0.647268994 0.416942694 -0.416227641 1.321503514 4.455297826 5.559122634 4.169253705 2.888331972 6.258937189 -0.675602389 5.204958156 1.924069717 7.361682891 6.279613207 10.465933625 8.210282724 7.301750471 4.881174393 6.220946478 7.329136389 4.812789842 6.414014094 2.926045430
26.523227995 18.545616530 -0.250748007 0.713077189 -0.167930691 0.677601077 0.064629602 2.283348098 4.806478698 6.070006887 1.890453484 6.388798035 2.990926692 6.989494551 3.851992671 4.086215623 3.154947584 8.601373603 5.536470160 3.746049349 4.381373917 1.408258558 10.008390405 2.289259464 8.396819776 3.449183883 6.532562200
29.293705535 10.596227470 -6.430716503 0.900934959 -0.349048082 0.176016485 -0.188413992 5.691878423 6.079787058 4.043884097 1.367861782 2.843410676 7.531606376 1.828058569 2.746727542 4.462814205 9.360064653 4.787169421 1.366243143 7.405678334 3.399133047 2.986760749 -1.131188690 3.186461833 5.705577915 3.604115552 8.450713396
23.067326856 19.070798066 1.561066011 0.217510776 0.824686391 0.510802028 0.107994017 5.083492390 7.200959078 3.829447306 4.566665454 5.721723767 5.353487621 1.825052955 5.722457314 6.344942537 3.208827601 3.715184570 2.311170676 2.454376606 11.370996042 -0.673642547 4.476318554 3.135431507 4.223841010 3.474703100 0.918728046
26.067480388 10.909863777 7.137547040 -0.348283525 -0.661102662 -0.274870733 0.605052011 2.207756104 2.074388755 7.228437013 3.120059735 6.826465792 4.812383677 4.374422606 0.897013652 7.820683526 4.376831236 5.354761406 6.493208972 3.473067686 5.390949154 4.324095340 8.024044783 3.225527321 3.619248962 3.517970851 4.290047665
34.170739508 10.440847451 -2.854765859 0.444003432 0.080083494 -0.311441371 0.836332385 2.899449823 0.853998577 5.878332124 3.045489436 7.664446292 2.470859471 7.893165045 1.923676305 2.699878269 3.512131451 6.167242760 0.682412050 6.751760814 0.865523041 2.900813898 6.738023583 3.256843067 -2.979708257 8.028029411 6.060475931
28.173700553 16.778622360 -5.954977359 -0.412714377 -0.666515964 -0.339426841 0.519819904 4.451113465 3.875552267 2.177773129 1.216919652 9.370554996 3.151962905 -1.861305661 3.266300142 2.167914494 4.584279738 7.440043114 3.617129072 0.923961978 4.683087746 7.609403543 3.885904594 -0.523658786 1.735089133 5.985928770 1.669440843
32.746198254 14.109433565 2.748250722 -0.148966297 0.177079524 0.680842826 -0.694913614 2.805620818 1.444974947 5.382049980 0.047746543 -1.579534647 4.642151174 3.046074917 3.906539353 5.159809188 6.004221835 2.082799809 1.428945097 0.790087014 -2.452175842 -1.520944448 1.530146597 3.860216599 1.432044553 1.081743937 10.622858645
27.114150543 22.536890795 6.128201832 -0.273652335 -0.234190444 -0.928827447 0.086883885 4.741349965 6.656415536 6.462872567 5.802210476 5.198950924 1.603789248 1.142561490 1.850891866 8.086433195 9.507371294 11.141444252 4.958475627 9.627361522 5.808625764 0.278917966 3.467412576 1.213656497 1.978112128 1.570409415 4.496535228
18.299686057 15.822983800 2.546582576 -0.372398149 -0.278971321 -0.879700065 -0.098093913 -0.052974219 5.118469734 3.533457499 1.840888085 1.048839983 1.642708188 3.556301565 5.138542327 9.693864054 2.093524959 1.064642699 1.957195396 4.981750510 -0.767858294 3.837389496 1.886129870 1.742587270 1.772804746 2.932876805 4.989713130
34.463445591 19.454830530 3.136936112 0.729606928 0.250232833 -0.306427386 0.557816741 1.372053884 6.842887940 4.048231356 6.430079234 -0.754253792 -3.422355083 -0.823481821 8.083245412 8.037646809 3.774560923 4.775892028 0.933174501 5.774575361 5.534471628 1.172333270 -8.172887191 2.547872822 5.780231100 1.087060211 2.042375047
24.517189475 13.188815105 -5.522367918 -0.502552712 0.300121477 -0.337847636 0.737039242 2.180033646 9.222100173 2.939921220 -0.518941668 9.741657249 6.527344201 2.805139763 4.830193596 4.546047197 5.530454769 -1.843302703 6.353109445 8.120314561 1.958656764 1.495419681 4.624128365 7.161007178 9.236723334 1.950462756 3.258558072
34.038107018 8.410554534 3.649885871 0.743548025 0.464002648 -0.384572743 -0.289726909 4.761282289 2.366313841 5.941215950 6.520697544 7.326239704 7.859361620 6.409088687 0.910611687 6.305532238 2.319093834 1.317823067 1.492635237 -0.222266325 7.338756689 2.081036597 8.687834447 -0.908622208 4.671928886 3.817368232 8.755001014
30.782744217 12.996406032 10.411984711 0.590492572 -0.129374787 0.719939618 -0.340980399 3.971609566 3.460389129 1.304320397 2.889504149 4.032381920 7.158658752 0.457803502 -4.042327630 8.912356592 5.073217012 5.500663678 6.380908342 5.204730848 5.154823076 3.484359384 0.486914512 -0.764073411 3.927782178 11.294926838 10.376549222
29.077259417 15.512650367 -3.391923914 0.530369665 0.833698906 0.028539211 -0.151127980 -0.174649217 1.860439728 4.587440227 6.926722129 -0.598676912 2.989152455 2.391193617 3.639862748 -1.360278840 4.210599522 4.704795355 6.048891561 -1.341975424 1.684934115 2.970388503 2.925405893 7.629683936 9.540715456 4.754928537 3.244888754
28.614367792 12.461831125 7.094052723 0.848725167 0.180528137 -0.337209110 0.365192003 7.884210346 3.940590863 3.399384935 1.619207679 1.460493385 3.316117975 2.316104273 6.695196238 0.189331343 0.724147979 0.714934237 3.759957235 4.393185016 3.502261955 7.975110940 4.803250552 5.739730361 4.566879736 11.466007357 -0.127872286
27.476930836 22.807478813 1.555092538 0.764505057 0.334402369 0.239661016 -0.496255650 -3.536364801 6.333516798 3.271054568 1.548838019 0.746341087 -4.278530370 4.513972870 6.484568367 1.236080435 0.923662386 3.756968410 8.343255049 2.992120566 1.929871752 1.436399769 1.543628998 1.621664840 -1.940733312 4.780273926 2.398187681
30.342786949 6.541780412 1.153567193 0.448532907 0.358866171 -0.024433441 -0.818190876 5.622862725 4.109030431 4.060448288 3.257119213 2.224669344 9.494446099 2.032264011 8.363933403 5.503315924 6.527892951 4.341874475 3.004143041 4.022911770 5.463648520 3.695188067 5.008012128 0.354651903 2.617372427 4.262423286 -1.147183102
23.155804858 18.722625273 -1.030286063 -0.244627930 -0.907927280 -0.331155879 0.078492129 3.802295438 4.748172628 2.789560781 10.576015516 2.062152607 5.127539550 2.100826773 4.810543486 7.112443648 1.903062847 1.429151166 5.270255748 4.872561740 1.185587879 0.532017407 2.009990169 4.945847618 5.069880286 -0.151002110 5.222610747
30.969053630 21.121690017 -1.034998150 -0.208745812 0.535834465 0.703856493 -0.417004375 0.917542563 0.167097769 7.355453304 5.663615987 1.126129898 1.718577593 7.149568251 11.192310193 0.382598960 9.153347802 8.209839051 2.124240533 5.459527696 9.022302651 3.176381263 2.371421958 6.143325514 2.882115252 2.186202694 1.546841036
19.714509101 18.457425919 2.844276098 0.114558800 -0.236861422 -0.791228343 0.552024146 6.999144889 9.236950150 3.811401231 6.107785402 7.256606741 11.231934178 1.126581073 3.003129903 0.943329394 0.622308571 5.803562426 1.683607075 5.384207339 1.202773728 6.139374077 1.134752539 5.419658910 -3.279032400 3.722952934 6.110408335
30.984122733 18.320384908 -3.802550367 0.552156305 0.184468726 -0.472434499 0.661740394 7.589656521 5.409277083 4.637687859 3.197430613 -0.781959564 5.744091440 5.773374907 1.171728544 5.841938943 -0.450624791 9.683774131 1.819430893 1.716135634 0.015294884 2.686152367 2.238819502 10.582875712 -1.475095310 6.122137312 1.539619341
31.450036472 21.705741019 -0.719041786 0.188538170 0.976111368 0.105405195 0.023445676 10.905394226 7.223827469 -2.752192371 1.690087767 2.076515135 2.326962417 3.917526740 8.505982297 5.094584547 -2.560788432 3.526520497 -2.300096081 3.663954619 4.641176601 4.409278587 0.502519461 7.326131088 4.476856893 8.785517184 3.400060428
32.910169563 19.391789396 -3.008127808 0.040285275 0.111829433 0.643655682 -0.756028199 3.807866382 2.777388239 0.880796424 7.574393221 11.018749199 3.575772932 6.113983392 3.072379114 5.341877798 2.086028803 5.377214029 3.850129694 3.167711478 2.096927947 6.419520361 2.952326502 7.882816330 9.361563111 6.854086692 -2.117932691
34.911310585 8.700280331 7.066199861 -0.189526404 -0.462319837 0.853586598 0.147411090 6.405431418 -1.091876782 4.846477917 6.643508780 -4.077728044 1.231656588 4.440885454 6.587200690 -1.212933397 4.218650335 2.148548405 5.243703548 -1.342315448 2.266337957 -2.044681631 7.152116383 2.749894871 4.379808017 1.004317346 3.931750255
30.601474202 14.798023721 2.017661906 -0.106212882 -0.367908629 0.255815267 -0.887648925 0.262253636 3.068927878 3.515266033 6.285659343 -0.137541837 -0.768268910 8.922034177 -0.251586090 1.461792268 4.542704473 9.759376490 6.608391392 6.404077451 7.327539218 7.132510274 3.430459178 5.390268086 2.176420564 4.367225011 4.084028791
32.838149736 6.644820484 1.644694272 0.310429537 -0.197085859 0.862600462 0.347435045 6.751588939 8.038156685 1.137383313 0.873038154 4.477553219 3.759531108 6.919515116 0.703788372 6.299276078 3.098192973 3.709691676 2.494672786 0.999490005 5.235086291 6.351928259 -0.907447379 1.706239410 5.795300440 4.426424418 -0.864941487
27.373558838 13.548218872 -6.945998426 0.635108761 0.111261254 -0.748941835 0.152787183 6.430490594 1.504636619 6.016815235 3.476367547 0.689458832 0.676447208 2.149058549 5.025012405 7.235885739 2.414320287 4.459809748 2.554834479 7.120348992 0.745987937 4.052473049 3.629870329 5.196984745 2.009200030 2.006521764 6.618474037
21.114772519 15.053713497 1.222082678 -0.182808907 -0.558722282 -0.744755686 0.315831098 1.645401320 4.817186395 6.780751782 1.025021056 2.061049739 4.397806142 -2.527907905 7.602849455 2.010218346 7.732468584 4.454029913 4.197878823 -1.456804675 4.837144935 7.155369580 1.749839705 2.666107428 3.310448003 4.752723923 11.017954296
24.917275007 17.434935606 0.927746465 0.363220048 -0.363006061 -0.849052089 0.124130363 5.145274173 9.666387513 0.826531407 3.049475939 0.862629164 7.441618830 8.338678407 4.691955213 8.289338177 -0.193327368 3.254967480 6.029062097 4.187498511 4.976457590 4.547363075 2.606645762 1.390123687 3.531630616 2.601738780 -1.447959566
28.942957317 14.252748541 -0.690842508 -0.603796225 0.534770363 -0.590234522 -0.032771740 3.435396757 2.247107991 7.407070650 4.818207283 5.362142862 2.222583152 5.105587289 2.792688399 9.817824815 4.143480754 3.056599469 5.647971953 6.429280214 4.578573397 5.668838827 3.539559421 7.420509880 6.093643136 1.051699059 5.151114816
35.034397982 9.549544708 -0.867246981 0.379956181 0.228422788 -0.681539963 -0.582202378 3.849727632 -0.492747747 8.250836155 5.036971511 0.325645211 8.681925192 11.883796560 5.487415952 4.714044680 3.626254732 3.904717123 4.995983391 -0.282776931 3.256531474 6.612832861 2.046908079 7.445108117 5.895452439 -0.686098485 4.305131454
28.385247141 19.487915619 -3.461535501 -0.918640353 -0.220956278 0.272202975 -0.182164119 1.731354191 4.505674844 6.948532057 7.838904785 7.743321419 8.188484465 1.230363808 2.468054632 3.856071507 5.927309419 2.880933523 5.443383530 8.033374575 5.205145861 7.176526853 2.990697797 0.320351257 0.218710674 0.278621855 5.771186962
25.997301919 13.107255003 -1.939997680 -0.118373449 -0.040843717 0.191242608 0.973522358 6.489181149 4.402774869 4.345243682 4.692927850 4.613225467 7.044287655 7.590975883 5.177945660 8.470629984 4.884656256 1.516797565 -1.418834904 5.240053733 5.763688530 2.402834612 1.529545928 5.295654461 1.813496593 7.073759126 2.749084822
22.380808669 18.959110131 0.200500512 0.074277927 -0.735400346 0.670571799 0.063265966 3.629524098 2.277683485 6.252748297 6.125245977 4.501412377 9.563216294 3.437637780 10.944439996 3.298299854 4.518104722 2.945550426 5.716256547 5.666340121 2.914601647 3.608586419 4.846957063 5.815773630 3.474502219 4.574023263 8.746114456
22.201332018 17.810169373 4.443448611 -0.702977179 -0.368068433 -0.363382936 -0.488161403 5.869135269 1.620339035 -0.242578856 9.058950329 3.117104543 3.787793961 1.675784060 -0.841501439 3.677192346 4.653153727 0.586876304 3.225256016 4.056076866 -2.533285794 7.267462823 3.880688245 4.541894013 0.170574324 1.144689986 7.381005946
19.155974813 12.525845445 0.295827972 -0.060452051 0.224769856 -0.676974016 -0.698233660 2.289604983 5.963565963 3.565660675 4.376971919 8.802321134 8.250565001 1.496550059 10.656651990 3.276952909 -4.192953314 9.332662023 6.675801755 6.667582537 6.901641173 3.319826272 6.194839950 3.292023541 -5.961646196 -1.260117290 -2.708968736
33.014377574 12.901678413 3.641938037 -0.751340269 -0.611308144 -0.232836559 0.087047629 -1.402101311 6.144265042 5.390134170 5.151580604 8.355693982 1.826486815 0.690786621 3.687874692 5.723081821 5.358030069 2.802050719 4.329367222 3.649500545 1.539652333 3.298149672 3.701096178 4.650451075 9.569631275 4.029212281 4.037078973
28.156250690 14.117109450 -0.579502204 -0.011136290 0.266224208 0.714763348 0.646617360 5.273223098 2.264087430 9.969600891 -0.096902209 2.462652674 -0.181518742 4.713252508 3.686885530 1.934539398 0.574987480 9.520100426 5.142727747 4.655958882 0.975269579 4.152846624 6.536946337 5.455297599 0.658349881 8.113314110 2.386978061
27.627131166 19.767608913 -2.041397520 0.313863243 0.528964604 -0.714168016 0.334141225 4.641625274 -0.991870587 9.171776575 0.797033498 4.981049688 6.139943007 5.036300652 1.729041789 1.183362283 4.430886666 -0.470480756 5.151103659 4.197667380 3.557408408 3.912785970 3.645784395 2.324389667 6.012077152 3.491963141 2.982729879
29.661338174 8.567972656 4.957046956 0.283049408 -0.344788331 0.496516664 0.744630944 6.495777468 2.925631610 6.617186195 2.591879133 3.443652529 0.602050608 7.517193888 8.439914546 6.247706550 2.465147452 9.503642388 4.535600362 0.974571699 5.057941847 6.406495964 5.571212222 -1.694460409 0.049955488 2.184363152 1.114014705
20.020690637 10.921190377 5.873595929 -0.841320194 0.412100477 -0.339030701 0.086091294 2.838487630 6.638497410 2.551228935 6.601840000 5.511439867 5.742681177 5.637576089 3.096571537 8.068199386 4.908617409 2.963859748 8.336195849 3.642875369 2.588065555 4.787516348 -1.682498032 2.085536609 5.023539764 0.553978376 4.590076793
22.748821636 11.280024482 5.859667252 0.239469283 -0.098586354 0.709571768 -0.655319082 2.805590698 0.037534822 4.065914830 -1.075763539 -0.447416236 2.270373491 4.037554866 5.021740466 4.115190220 6.757504713 3.918321714 2.928050935 5.766390327 8.295862654 5.694991813 6.626434514 1.953027245 6.247222518 4.346850452 -0.239002861
24.273136119 9.227508965 0.347622880 -0.310263037 -0.117153038 -0.046150737 -0.942274972 3.354952869 6.775209773 2.921135284 6.861292262 5.657921092 3.464430592 7.677125424 0.290157658 1.048195243 3.246243852 6.040292998 3.923851539 5.725740886 3.474756243 -0.213030271 4.128340213 3.856777968 1.609442439 2.134233984 3.679700525
23.836455147 9.392761140 4.446899950 0.176991975 -0.394336546 0.129671701 -0.892388805 2.416066309 4.745078031 3.470650421 0.620088935 6.013114651 3.046300072 6.105710985 0.585900933 2.083217517 3.567093241 3.993677078 -0.775739275 5.628244485 7.103310317 7.854268806 6.831168794 1.493634224 2.581110863 9.045005442 3.393161698
28.336591034 5.771345594 4.594245458 0.382271038 -0.629712137 -0.195043158 -0.647525787 7.919777803 12.048468214 4.336971821 4.811559806 6.380053258 3.090722992 6.838935240 -0.930820949 -3.709367472 4.268731035 6.210489465 4.378219980 3.158454288 -0.388354459 -1.080696974 6.597847525 4.603608464 8.872001770 1.984518162 -0.543076407
21.808340692 11.461146778 2.546439531 -0.356234881 -0.530880579 -0.651235731 -0.408845378 3.294215678 6.634207848 3.653869630 3.444051297 6.055626096 7.680569678 4.456363724 3.407686477 6.015060421 4.360521864 10.559760562 0.872402113 6.084412589 -1.007331405 3.777883230 1.134015112 3.374885912 8.693667320 3.425111265 5.041997426
27.767728898 15.381505752 1.496654946 0.260071353 0.556496690 0.572672426 0.542881771 2.669226279 3.126397672 5.454699666 7.261626769 5.417081657 2.613827120 1.372949982 2.691049212 -0.346263934 2.931146102 3.159332478 5.618164681 4.011835831 0.480814108 -1.643105575 1.259410755 5.692645566 0.145931775 4.919206004 9.640234323
28.999522031 12.620098648 -3.270383283 -0.317467469 0.614566747 0.666393359 -0.278284045 1.240809491 6.333845708 7.215190084 0.795479123 11.521161887 1.791457267 4.242784059 5.800467431 -0.603291588 6.480676664 5.758413558 6.347771606 5.754124997 1.167595744 4.522911987 3.712986474 4.985026215 4.714766316 5.168922060 8.017029844
28.795815873 12.119443191 -5.532613421 -0.803105299 -0.080965993 0.259018764 0.530448552 1.982102545 1.635523616 3.829663213 6.467967072 -1.487394487 6.037381126 3.044813487 6.793987467 -0.163413577 6.329354417 1.749586403 0.529266641 5.779454419 3.518167146 7.031100979 2.102372490 3.942370041 5.473363525 4.603808314 1.448602092
23.648941658 12.469651873 9.202184410 0.086330912 0.154463698 -0.666175054 0.724498956 0.021270190 6.280087091 3.793970796 4.144466903 6.778926575 2.242898048 4.418209640 3.912487659 1.690784288 5.345112017 3.823664615 -3.016575228 6.568328095 3.855807823 9.108603697 5.183774177 4.658267615 1.727219127 6.243972445 6.658280468
30.608896420 19.027684531 -0.465808380 -0.638512629 -0.176491424 -0.710202301 -0.238254258 1.276015373 4.147345374 4.819391812 2.216385057 9.948592693 11.987371315 2.455235902 2.664973842 2.449359510 4.005995281 5.525888410 0.822667964 4.683591284 5.793728616 -0.007743663 3.259114652 5.506598214 3.406213252 3.899376552 4.799112279
24.969831879 18.751258845 -1.334516484 -0.161695142 0.704792672 0.603314521 -0.336353326 2.212102640 7.104112457 5.131063579 5.996367726 5.812474102 2.316776740 7.120666069 4.892457539 10.326633365 2.655136199 4.303746838 -0.638830459 3.038015752 4.412761610 -0.409161369 4.892097727 7.387511638 0.439306301 0.534008749 4.247244328
27.254774620 9.048935524 8.789734164 -0.415615661 -0.403357044 -0.410630898 -0.704236454 0.969721736 5.245771056 1.916437474 7.551139167 5.214134330 0.414091960 5.322050985 7.233392274 1.607851629 -0.110385645 1.945018519 4.371865024 6.166951208 4.670089358 5.886885196 4.432783719 3.960804112 8.011102825 4.481397032 2.899858365
34.749899150 16.615441950 0.200672737 -0.535566475 -0.448518880 -0.391173033 0.599151920 -2.326251620 2.334202640 3.702524405 1.022284218 6.077527080 2.050654103 5.750427658 9.327483738 4.775136619 2.970880933 -0.766351256 5.178317563 5.072520789 2.870625732 0.665746856 3.459725301 4.444187794 8.872375497 3.849004718 2.337960474
23.580709361 12.117505482 -3.487265106 0.081609992 0.207505329 0.135443111 0.965368588 6.833569229 3.934632862 3.333386446 3.553783050 2.992568536 -0.848349445 7.103967605 7.144269185 1.332503984 3.938037364 5.770876669 2.746426837 0.137145208 2.535962832 2.476264469 3.800598592 1.518298970 5.385903875 2.945929932 0.069325469
27.559727933 22.250416943 3.519374454 0.950284230 -0.209129900 0.126810939 -0.192726629 4.336297588 0.113857391 3.971051113 0.145046830 3.350939230 6.817674706 1.313277943 7.239896720 3.885299064 -1.526670606 2.963287863 0.688895640 2.741543812 2.136526402 4.307891082 0.844015725 5.068115978 4.912412986 3.027228877 3.461960445
21.514139021 21.026971287 2.866503949 -0.518388803 -0.651150318 -0.495155621 0.249193143 5.980970925 3.890950818 7.574262830 -1.364207973 7.936142257 3.321338700 4.062392084 5.668734275 6.906245406 7.458053243 4.252162581 0.771634284 2.217145909 3.648169078 2.401237683 1.090378257 4.396241135 5.936337746 -1.434644324 3.303733738
31.184329878 9.771554613 -5.157851791 0.215566070 -0.466938463 0.693661635 0.504314662 4.834477363 -0.204442790 4.302620833 1.537806007 3.438457300 2.571784912 8.411520419 4.067399850 2.488140524 0.699005836 2.192552626 1.157735689 5.963349717 8.219711867 2.749341375 7.391717042 4.615297370 7.779289019 5.009024172 5.026550134
29.238199589 10.560363315 0.232804916 -0.028268016 -0.854676059 -0.485520057 -0.181659097 5.360908461 5.099276201 6.624791567 9.105637565 5.553486037 8.332076250 4.782535799 6.377529088 4.830068081 4.378626785 1.754243895 7.965033972 3.662246889 -2.173296869 1.816872698 4.169237518 6.344256197 1.137992718 -0.582650908 7.262697117
25.384252651 11.693269239 1.864261271 -0.125802050 0.894863711 -0.329478630 0.273562818 5.465282888 6.106657201 6.139620484 6.117272731 0.959748221 4.051068718 3.740437705 10.439300930 -0.806574905 6.213067862 1.603919298 3.951911689 2.828044653 -1.158689043 4.904191254 8.423811062 9.365176498 5.133565650 5.390201785 4.488319118
26.685346671 13.748408889 11.830649445 0.776678805 0.188189933 -0.227308721 0.556493781 5.677283122 5.233964303 9.080707153 1.346572366 4.842433646 4.450815097 3.488560585 -0.109870464 4.213100842 4.916495097 0.715588146 1.986826304 4.996791867 4.898464918 -0.377252690 5.564882822 2.172316192 4.046172761 2.576955585 8.542194095
22.518823961 16.565775428 -1.086362675 0.173052332 -0.957872316 0.167754881 -0.156178796 0.828002430 12.559467583 -0.016934799 1.824322297 3.129275118 5.634932430 2.077549753 6.545655192 5.347380123 -0.497521309 1.809736550 8.456556755 0.943859874 3.070218434 -1.074894755 8.110130390 4.790670666 0.012638532 8.833030044 5.731730553
20.883454288 17.459355469 2.945761288 -0.321772831 -0.126142806 -0.332008140 0.877679231 5.890003407 3.549158812 5.751071257 8.528906185 -1.474601670 1.014926109 8.350025264 3.403748906 4.750205706 5.493839831 6.363646820 4.060387486 0.973259036 5.500437029 5.807625803 4.563284867 9.439068005 9.465365757 6.879263236 7.258132440
21.220335897 15.157071738 3.353355924 -0.228100406 0.607623869 -0.361377439 -0.669454842 1.572269147 1.584507884 0.909622843 2.946395771 6.957638186 6.957934526 5.099880852 3.342240394 6.798856399 10.189282430 8.258241450 1.351538341 2.687612184 6.499936717 4.980496741 8.155405534 4.427492443 6.705416240 4.203373641 2.355355206
31.847940879 21.283277761 -0.272851671 -0.341398426 -0.847688040 0.403041355 0.049292678 8.190431494 1.452401632 3.819189342 0.583944229 5.479933421 8.221598477 3.597518239 -0.229658266 5.726513282 5.349842125 2.831107398 -0.047384378 8.769924295 7.411320412 -2.193435197 6.618971820 2.618874338 3.085068532 4.499930374 7.595234308
28.411767062 20.982356373 4.076022395 0.219494716 0.512860377 -0.586950082 0.586758813 9.638231548 8.244331177 6.775475475 0.217814775 0.291473685 5.658624462 3.379815170 6.237694056 5.460795430 4.035271948 5.681456694 -1.098543707 4.764006258 2.879350538 -2.095712254 0.059354641 10.011622481 2.969836702 8.714832007 5.541618184
27.092961452 18.502941272 -6.013857235 -0.780177708 0.381362318 -0.485897829 -0.098938495 6.274661572 6.034289524 -1.508904545 -0.822480069 2.556669100 3.334835432 4.133829644 1.351070406 2.216105253 7.503655476 3.576640787 3.839371093 4.563856673 2.472661072 2.044454834 2.151445705 5.806860985 1.233698567 5.391001743 0.997536318
30.522441369 6.329334231 -2.042379821 -0.669609364 -0.261158817 0.363152926 0.592907517 1.373293714 1.830555913 -0.592660754 -5.537098256 5.580031850 -1.482491591 5.210229637 8.328001064 2.288529028 3.114004776 -2.705607795 1.411700981 1.077500822 4.657038954 4.269781743 6.790022303 5.997206320 3.218185750 -0.618493929 2.781738503
26.026779866 4.672644948 -0.647912890 -0.238156675 -0.039032597 -0.963229892 0.118093308 7.045481147 6.809779622 6.311082940 2.665442227 5.279766326 8.077269042 8.594600402 -1.790050731 6.649088547 7.266915169 3.596289891 5.512821206 1.869655351 12.046311907 5.834325008 1.774743817 4.995831123 2.944995745 8.309009965 3.113646868
35.937002109 16.831337332 -1.259853456 -0.037772133 0.438723322 -0.521543287 -0.730813049 8.677828752 -1.543814765 8.774204043 3.201491419 1.897189853 3.217999281 2.303494102 2.576669816 2.121716749 7.241915067 1.620990001 -0.227578789 3.398873474 6.479461981 1.320209082 4.897745840 -0.330229032 -0.325442926 8.277947363 8.098402710
27.649858961 9.561169859 -1.885532849 0.066089620 0.810970254 0.101398311 -0.572431473 -0.255083232 9.706249144 6.748293623 8.768148859 5.554114892 1.477550310 3.368877467 7.837712791 4.484568407 2.929893904 1.774835643 2.404497165 6.074728046 7.567877050 -4.893127059 1.820256581 -0.271178481 -0.557406796 4.602236361 4.803927558
20.479349848 9.776963547 5.645226202 0.613057820 -0.279115960 -0.705670592 -0.219734854 -1.943134257 4.321113143 0.250640591 -1.278448259 3.087637692 8.924672720 2.503162966 5.141190148 5.746863707 3.562267275 5.904858268 0.800764265 3.660384457 6.183097653 7.458864597 4.449755399 1.565245005 4.941026192 7.557908411 5.198519305
26.122556030 22.609972214 6.772973209 0.170985145 -0.472390801 -0.091482360 -0.859791829 5.725255598 2.967575447 2.824161078 1.357779830 6.454727147 4.799414613 1.684917601 0.560711613 5.569915836 1.637078974 3.520354866 6.341355981 0.704933733 7.581545246 0.895103117 7.713497118 5.755162245 2.989218906 5.372695282 5.194293386
29.910608869 11.282952937 4.731971336 0.162841982 0.191633497 0.961771274 -0.108420975 7.712785406 4.507986993 5.515810766 1.967027555 3.604040547 7.374256027 7.674431522 5.138912706 6.977845119 -0.480692398 3.936998297 5.326864014 0.027431632 5.072856553 0.623939805 6.971743113 5.116132349 -1.013183438 6.134139525 6.154692077
28.015854057 11.044170703 -3.385291695 -0.498978843 0.245239416 -0.364962396 -0.746779882 8.576418121 6.755011858 5.893019326 5.328082852 2.538949258 5.339257326 3.386928200 2.519574237 4.844804973 1.563157833 5.838764878 4.479971915 2.150981347 0.317227978 2.150092033 6.218938867 11.420542426 -0.294737070 1.882866091 7.850410646
29.569065882 11.340718647 -4.838418937 0.318215588 0.945225365 0.068949609 0.023104125 -2.055488904 2.634006586 3.720070858 4.185992008 -0.997585459 5.877196808 8.671506240 3.682838640 2.397691463 5.412050663 2.977148283 1.464414665 6.936031365 0.627506052 7.463047613 2.264909041 1.425924460 11.012799113 3.726818716 -0.321735413
24.357341946 7.255949035 1.689326774 0.125493461 0.447939954 -0.782377817 0.414108852 11.990243920 5.058290971 5.813738784 0.588001258 4.480465598 -0.906135007 7.117398873 10.599269042 8.966458373 3.589375127 4.182707057 4.661307483 2.154426926 7.949781830 1.648759053 6.498981953 6.991878465 4.656754858 6.887847326 11.022727926
33.477085210 8.363159605 5.629422292 -0.781418387 -0.387867960 -0.297841906 -0.387600244 1.356521379 3.642800647 -0.600277508 6.886647567 4.400412829 3.514575189 6.790500271 4.732801311 0.865249301 2.679710329 5.862763012 3.862817534 1.327547746 0.902311281 7.305674374 -2.773369041 6.085066633 2.956147383 3.529224059 2.745954912
28.936551828 5.916168830 7.962879054 -0.669308038 0.411441027 -0.319009376 0.530071741 0.727616999 7.234215302 0.820320171 5.513245580 -3.507892203 5.577298587 6.113440511 2.883135265 0.716931745 0.533377805 8.296873493 1.247938896 1.220800503 5.618527213 2.407283772 3.310164962 5.224790605 7.113641231 5.432776347 2.248246412
26.030972234 10.664097192 2.361136997 0.159960767 -0.093605068 -0.695523291 0.694188732 -1.541353894 0.532481956 3.673803281 5.946598835 3.265369240 4.962933908 3.459209435 1.979703991 2.539971847 0.852459719 1.552056189 -0.889918602 0.866409560 5.563538642 9.484248616 10.415186328 5.487788198 8.802566973 7.865289060 1.013897144
30.154365064 17.244045652 6.504796282 0.960411034 -0.030167608 0.101439135 0.257702662 8.020404968 7.202113598 3.308747176 5.088304709 1.715028702 -1.505657719 1.344216269 7.630066458 4.012746757 1.289592465 3.979090895 5.562245843 2.802718672 2.479377324 8.341814266 1.424219607 3.972042890 4.800658583 3.246116394 3.545678769
27.021701032 17.504737516 -1.669018936 0.953784284 -0.204265665 -0.208946149 -0.070089831 3.316909983 2.295010505 1.091936713 3.396513517 11.057560618 4.197942412 0.271835477 -0.472803411 2.765659098 6.557519184 3.891684753 6.220390101 4.139009840 2.905557650 5.499765670 4.376919845 7.339528729 5.837962210 8.675284575 6.381044470
34.483211052 13.746006504 2.462655649 0.350334254 -0.262186578 0.888193195 -0.140131928 3.239548297 6.963863732 4.910745533 6.021330189 2.765814687 -0.978171188 0.256869110 4.791095694 4.349045185 5.547272240 5.630030547 6.136690079 8.241195887 3.633963793 4.202343343 3.775451447 7.892449435 0.936452802 -2.265563631 5.525836587
29.230544708 20.098279234 1.771158115 0.309174138 -0.903572350 -0.250093412 0.159441671 5.566643110 5.684916707 0.674796644 0.612966781 1.131407774 6.091203770 0.949754952 2.828025003 4.883054018 1.174192601 3.964273786 3.534493856 0.440234507 2.987492112 6.567645959 10.199708622 0.689422722 7.440280343 1.811338121 7.033185032
21.644900771 16.536727963 9.719161693 0.331593438 -0.756100386 -0.289704595 0.484178940 4.876679101 7.761340332 2.265357264 6.200328798 4.741646772 1.478077568 2.486410138 4.976044970 4.844896344 7.279143435 6.945197103 5.453155973 2.359162220 0.219745949 4.303985602 0.853045449 5.863566663 4.966835877 7.666223119 -1.685059587
19.698338597 18.906072652 5.688991535 0.316472264 -0.243843772 -0.715320395 -0.573325609 2.747559920 5.804672554 6.027779269 1.947809579 3.485246845 2.478249064 4.001434603 3.325084064 5.259382612 7.776904718 4.675047331 3.683993271 -3.219845638 4.562826025 3.553770222 4.712040265 5.285273381 1.398989550 4.717925665 6.042808627
29.592472560 16.772691214 11.745061692 -0.464530751 -0.609287279 -0.355105363 -0.535612149 -1.908916814 2.699299745 4.823771717 8.366583150 1.490061495 6.925814500 -1.071581968 8.310124282 -0.787838006 7.917215280 6.758323365 -1.190615421 1.281205099 4.030815859 5.954063948 -0.937302428 9.753268082 1.329154660 8.425171607 -4.327771854
26.611819196 7.796370946 8.894080831 -0.410233098 0.518515961 0.671451363 -0.334668599 3.691885422 3.407449107 6.303415657 10.005266054 1.111906968 3.100264431 2.376400503 5.889397219 3.743199805 5.853408547 7.687226367 4.515295501 7.463559232 3.078895151 -1.070823134 1.449365986 3.573282541 6.072250445 8.793434406 5.498621274
28.051293936 16.057970810 10.390052195 0.515724255 0.813979653 -0.252636844 0.087408480 10.378641261 -4.925749689 6.357775551 1.164833131 3.529815453 2.793343334 2.200346904 8.314611161 2.894065625 -0.909231223 4.814263947 -0.264291320 2.181243165 3.440715676 0.542498468 6.473991125 3.199382110 1.350956624 1.339624526 6.995209062
21.602929168 15.088909002 -3.006940783 0.889128762 -0.329224076 0.269336934 -0.168876190 4.832009301 5.425281457 3.200345233 6.747627372 3.958972542 6.923034157 6.337468697 6.282832237 5.585409521 7.147377405 3.872003942 7.368081994 4.028716327 2.293721781 6.648878559 7.108715152 2.825991924 1.734698433 4.738411743 6.885461828
28.841079206 12.746012813 -0.514562210 -0.003260773 0.832479521 -0.327777882 -0.446686551 6.900783127 3.498285973 10.441925292 1.687123387 2.093442874 5.579275109 4.495988669 6.529831538 5.103202983 3.586037260 6.722337370 3.790055046 10.824618487 7.913788535 1.615912290 -2.388042323 5.034495191 1.978975554 4.458752445 4.906275622
24.478245673 18.194814892 0.905851049 0.020845476 -0.539301504 0.796381149 0.272940323 3.679164041 2.680409637 4.233209575 4.542958215 3.943822698 0.962648008 -0.399064718 3.942186409 7.099344771 2.808892805 3.693049258 7.499898894 1.491393028 5.902857457 9.390108092 -0.079629382 4.582204131 4.071769400 3.045600768 3.875750551
25.961367073 16.977432636 11.807050013 0.255428324 -0.352260154 0.836262948 0.333666657 -0.356831677 1.415475754 6.860889797 0.098763480 3.616888757 -1.020546486 4.582697717 9.322473389 4.449325742 3.016191811 -0.379021916 5.149362896 2.349067621 4.470815134 5.168138826 7.248573067 6.800286671 -2.461882650 0.199286598 7.987643806
29.981046794 6.697131107 -3.460147599 0.137945620 0.480668810 0.683959105 -0.531157645 5.669805435 2.924285479 0.407208907 13.039044015 5.417255146 3.312501519 1.376831556 -3.450816079 -0.100855364 -1.887280459 5.192504201 0.392787044 1.258654734 -0.961617991 2.055963149 4.923327543 6.420152906 3.969219927 4.955501703 3.198348509
33.443404995 8.564849099 -2.705359781 0.360220430 -0.440991745 0.756436226 0.321825664 3.724751273 5.179734140 2.949305942 4.867987258 -1.026287074 0.040618269 5.795619637 6.314716662 4.778521077 1.554652699 1.599135580 5.897320895 0.042430707 5.138003657 1.536173023 6.368824272 3.539322343 5.807680247 2.107118588 1.590831715
32.966330673 10.064977795 6.538016335 0.522124093 -0.686444057 0.255431171 -0.436962133 0.839402841 6.113092074 8.587385701 6.098851301 1.987272021 1.008647873 -0.019663052 3.340643519 5.833099516 4.654217711 -0.279483225 -0.721549017 7.432174535 3.335495358 7.830783603 1.873794554 6.474053174 2.602330623 3.521977301 4.754896985
28.140252867 18.773134608 7.442499841 -0.131499819 -0.030847178 0.844038597 0.518994312 2.681983306 1.520431214 2.950600075 3.080945073 -1.209807993 4.759180801 5.461722462 2.920799474 3.704354286 4.440368011 3.186963659 4.187106029 2.201330613 2.002163034 4.955272701 1.802865337 8.028857836 6.289244695 5.700851518 0.205095356
29.736555297 9.741422150 3.789306676 -0.010814629 -0.243427394 -0.382164814 -0.891390040 1.853188971 -1.006865649 2.204038765 11.696252450 2.321143530 4.705404435 9.412897717 2.873583430 -1.520474836 8.055267192 3.492466512 -1.821255772 5.865374990 5.866341941 3.224434940 1.110425661 3.389611969 4.440485196 2.343642096 2.436392135
29.594388870 10.372228184 -2.548765652 0.544224153 -0.787885822 -0.038662931 -0.285589182 -0.015907629 -0.621038114 4.333272594 3.447021131 5.109045073 1.118520280 -0.480914612 6.766351011 4.795912665 6.847219933 2.870976908 5.272883449 11.771365431 9.161290266 7.144651005 0.533520639 3.971540824 2.351385965 7.442069751 1.553617657
26.575137793 16.781779587 -6.320240873 0.520139269 0.267693807 0.788972494 0.187929696 -0.688540027 0.915086602 3.766494730 3.820580645 2.322449128 -2.173287575 9.825148623 5.750302817 6.031727987 4.046934919 4.753831913 2.070417550 6.918238917 -0.251758545 1.566663591 1.656765707 -0.755724228 7.991894269 2.756810556 8.056397644
23.143846729 20.695504596 8.386525943 -0.535522405 0.610579874 0.193101301 0.550563220 5.561042020 4.711310997 8.266421045 2.914317568 5.519528073 5.018913867 4.386343988 7.769393780 3.918697254 4.267572030 2.289165038 8.894520932 9.562078027 1.652698729 -1.263547674 0.460715168 1.827477520 -2.576695048 2.207766548 7.953461424
25.716270685 4.746891048 2.281057582 -0.558297399 0.586991124 -0.125938568 0.572612357 -0.996792863 3.916255674 5.200624339 4.632226736 5.468008035 4.508512575 7.637420670 6.943769168 0.104464133 4.930085061 3.931449851 0.892088789 2.901293194 -0.355477541 5.640976660 7.380412511 0.951322495 2.771400071 4.154551081 5.030719121
22.537050720 18.877428493 6.237779602 -0.750796495 0.411250288 0.205992145 -0.474072843 4.756875463 1.678352313 8.714741328 4.023991625 9.726384353 5.192429651 5.027976716 5.979092561 3.569456630 3.330244684 4.630037455 1.301629956 1.262855334 2.760681886 10.224258618 7.508150427 5.578896041 2.016295840 3.432432976 -0.868360956
34.206515353 18.652165015 3.955058909 0.042734497 0.998959159 -0.013877433 -0.007859876 2.414792625 11.353105937 3.407229371 7.816451279 5.999570511 7.143196403 -2.373291239 5.277782174 5.677559296 6.214203478 5.889853428 6.007965173 7.192053727 3.466758327 4.413467674 4.285005924 3.080238827 2.499468591 3.384610070 -1.919628468
31.624015082 14.534558720 10.070326815 0.419957163 0.276982049 -0.740014149 -0.446425789 2.284671604 3.486947846 4.794076951 9.529406837 -0.678857806 2.944361239 4.974381542 0.116669297 3.308494323 6.815895457 4.965105235 1.178688533 5.540938494 8.578953197 6.110290408 5.503790096 1.277039532 4.648796319 5.976869389 5.090183107
23.089130041 16.060818141 7.475396772 -0.848391000 0.509942815 0.137990405 0.033907017 8.663253777 3.072159496 5.990131764 -2.329570219 13.862916522 -1.513318100 3.627819415 7.999676185 9.515907627 3.722256322 1.666464362 -0.000491234 4.359479147 2.465514032 6.060749982 4.547931602 -1.409648001 5.354700773 4.943561620 1.673190728
27.412796705 14.032035752 -6.258295646 0.463780707 -0.702530680 0.104732133 -0.529517969 -0.468011025 7.361815303 6.135847084 3.501711951 1.028079840 3.459237436 0.446585886 4.373846680 12.517131009 2.741112038 6.032310257 8.184135061 3.407722777 1.238364815 1.193684551 7.565438869 0.803000989 6.632284580 7.729838935 5.785418379
20.378974255 19.058075885 2.545189733 0.421170495 -0.566758819 -0.707590100 -0.026760140 4.727962883 5.004207686 1.297567666 6.581489642 2.814236265 2.050061509 5.525331069 1.233624371 9.479425316 0.505480865 3.167678736 4.748707124 7.651991519 7.874224254 0.832603693 4.148621688 5.631775222 1.875549028 4.692318877 4.253019779
33.377903612 20.118054893 0.786567729 -0.382219733 -0.018253042 -0.270108732 -0.883524858 7.866359320 4.124612094 1.495383751 8.224645973 6.549371626 0.937545471 -1.314619832 3.379895996 1.678177596 13.445139628 2.963848709 2.315339532 4.393736773 2.354329492 4.055224585 4.140354466 2.719432751 11.943242040 11.043071530 5.898805179
23.349298939 12.976676970 -0.994813133 -0.123744999 0.968542708 -0.168408646 0.135095244 7.640956673 -3.867486147 8.986993155 4.745862484 -1.182591330 5.019284389 5.004566427 -4.894343696 7.310728914 3.527016983 5.750158218 2.081276313 3.118694634 3.070784857 3.640461160 -0.057927972 2.000518117 7.793386987 2.333266254 4.964300451
25.115539420 17.314845567 5.598959682 0.094590951 -0.520389656 -0.541316417 0.653623511 8.736976808 4.906265142 8.178967455 3.396163628 2.083058036 6.711691555 -0.496795073 9.167126914 -1.906722044 5.267644995 4.978733755 9.147073312 2.840902749 4.143304490 -1.370379138 4.415964125 0.907376015 -2.664587308 1.333438910 0.923922986
25.762242265 6.144938403 5.774632350 0.525879682 0.347331707 -0.775445630 0.038669365 3.794722928 -0.691185639 6.267428562 8.805559914 5.597624386 -1.364581661 6.269170694 5.624571090 -0.462129508 -2.656664356 9.306269792 7.118187872 3.652976859 4.311922168 4.512280800 7.631798478 3.950448871 1.716938407 5.908390135 -2.290714082
32.328128814 16.195593542 5.988847197 -0.551039320 0.376062629 0.345836863 -0.659794991 -3.807030094 1.522335271 10.265629860 4.273787677 4.914960537 5.302952239 2.138007003 6.971437526 8.313845041 1.718665366 7.945281413 5.854831097 4.339114293 -0.197216894 7.418116896 6.585876143 2.308308726 0.647688339 2.849969543 5.644984128
23.641536252 13.857547755 4.872000857 -0.451795906 0.398744459 0.719306182 -0.345661588 4.993885670 -0.193068272 5.603704171 6.341518759 6.802826533 5.549037661 2.913436431 1.900434533 2.228442257 1.593995506 1.651359943 4.294565201 5.113153364 7.068949077 1.999857757 1.556331965 5.161815726 4.610922000 -0.440634625 11.282673909
27.736632231 11.536708225 9.103919690 0.362817388 -0.150978088 -0.764735890 -0.510635073 -0.017514665 -1.550818262 1.467600043 0.648888522 6.646810540 3.447259360 2.009327751 3.440642626 0.247666024 4.376175373 -5.615375041 2.651345902 1.912628110 8.913081303 8.613487907 7.309122547 5.944078801 6.884492986 2.025820516 7.330115567
29.098062899 21.299384133 -2.809889090 0.256760863 -0.966309727 -0.009288602 -0.015267395 8.708732153 0.919458492 7.430264826 0.790453346 5.502810155 0.878253270 2.946587890 3.778415831 1.839155694 2.270032035 3.591758852 3.294881846 1.781094928 4.911593438 7.816859862 3.257507248 5.175772625 4.947898679 2.650511261 3.568345356
27.610565392 13.239737303 3.167813931 0.067032772 -0.285360369 0.482950729 0.825127057 10.272186665 5.789039229 -0.479711118 -1.001998540 -3.909853049 4.712844842 2.412258378 8.272105250 7.518783720 2.218991441 4.860349423 0.097269140 5.688421914 -0.310775157 -2.191173460 3.484293710 5.193079487 2.894291121 9.506281543 3.490445722
28.994277705 14.609759663 -1.155662423 -0.772100231 -0.255361858 -0.565084824 0.139034879 4.960943134 3.624448897 8.252526243 7.247710109 1.599032913 5.745685463 7.736203179 8.528356725 5.364191710 3.403797856 7.176958517 3.901448556 -0.090900070 4.277442298 7.823676702 -0.949627439 4.548042214 9.623456077 2.008156426 0.624126936
27.922576728 7.302564500 -2.278076654 -0.337917932 -0.151342072 -0.386032470 -0.844917736 0.613422930 8.727334108 6.926711322 3.287678007 3.134922588 1.248370409 7.897462311 6.677490446 5.183705510 7.656084948 3.725610433 4.035145996 4.835203451 1.468912036 2.994509776 -2.419522322 9.089405502 6.258123797 4.390244373 4.049725814
31.568376455 10.734956780 -3.695784222 0.789863877 0.168989815 -0.535592433 0.246370137 5.254648622 5.749255239 1.709319555 3.338774010 0.344227594 0.006016739 4.951939694 1.134517523 2.531941980 -1.682773777 -4.593162273 6.773717111 8.020764472 10.561483132 7.586897645 5.608140978 4.667001171 9.634915289 3.439512501 3.785431062
30.656067626 16.526913729 -3.050868678 0.799000085 -0.322955857 -0.069904417 0.502405963 5.964836662 6.506906106 6.116706437 2.621295529 3.697080241 3.642506086 4.997532982 5.984240837 6.627881632 10.178412268 2.559644118 -0.798637680 6.585669361 3.820299954 10.405326987 -0.952373807 3.666357210 3.319286687 4.908526363 3.458060573
30.043324985 18.252660352 10.707624705 0.160174979 0.115061540 -0.637907393 -0.744431983 6.820986660 2.699303867 5.621657658 6.309101237 2.257674095 -1.420088746 2.392735257 7.334791781 6.971979923 4.703182646 5.023865911 5.653674764 10.328057760 3.808514052 -0.757670224 1.230399629 5.873238955 4.214839437 2.950072883 1.142780408
26.482047118 4.901429661 3.132973827 0.464674090 0.560527964 0.129164402 -0.673203497 4.898814100 3.339862013 0.686990432 6.137155454 0.635770816 6.083724431 0.665388329 2.585922101 5.604805701 6.731183856 2.406837039 0.304595765 4.470240794 3.588177464 -2.727524423 1.456804683 6.635340295 2.460601334 5.363336927 2.562825150
23.538409665 9.316023445 -0.124236045 0.369070201 0.740817121 -0.351865319 -0.437227603 1.655637836 4.057169775 2.981637538 4.019280093 3.932474585 -0.424686641 2.986629523 6.702377501 5.887189986 4.372090240 5.411640402 3.336043813 8.050459189 2.672591507 2.363702832 5.949870685 3.353834000 5.139034899 5.728522744 1.735878004
29.115777652 8.228319714 9.688850709 -0.220763990 -0.829739190 0.439447423 -0.263973672 -0.134266245 -0.913550640 5.199839794 8.309847360 6.327449495 9.457326634 2.763163470 1.810314887 0.665498212 5.703999422 -1.492387520 6.440231430 4.489607737 4.750773182 7.725285849 6.825117306 -1.313399883 -1.384863538 4.667793577 4.127895606
31.529935973 12.695700315 4.452994868 -0.298852657 -0.770915483 -0.391182517 0.404169080 8.906481915 -2.353110380 2.594913383 1.619222636 -2.544873926 3.497324472 3.988989632 1.713221975 2.046097701 7.956864054 3.009394407 6.411237659 3.559114009 3.501417304 5.903198745 3.390002683 8.549051725 3.835978188 1.546208661 8.160034444
23.075466526 21.665285411 1.245829126 0.372572476 0.088221855 -0.875216113 0.295640676 7.659400348 2.893489312 9.237187509 2.893665454 -0.020251989 3.043912856 5.204169707 6.821632473 0.018851413 2.367132057 -2.610957027 1.793876942 6.184747902 5.452376390 -1.930242902 -1.471955010 3.823465004 9.357551613 3.859780811 1.638981249
30.247175104 22.992910617 0.489806501 -0.802694372 -0.155773906 -0.533113102 -0.217270928 4.572439437 0.136475855 4.088602796 6.808850839 3.285116562 4.889828926 5.998177826 9.543641707 2.755267523 7.060352473 5.099260312 5.478523342 4.571561589 -2.894913117 6.806397470 2.441890853 10.435672100 2.242444836 0.439505204 0.720121735
34.880838203 13.463480827 -3.560919594 0.455062313 -0.167426883 -0.820942203 -0.301563309 7.122428517 -0.041041139 4.274126262 5.919920392 5.759982725 5.886437857 4.288581576 4.886200837 4.773467395 3.777512082 3.693490255 6.378014703 8.312115231 4.223564445 2.793685832 -3.990423024 2.781422828 6.445632546 0.100046710 6.947186126
27.020911313 15.629645995 7.468887267 0.054373490 0.083054320 0.423260848 -0.900553029 -2.913392587 2.100100952 0.318765665 4.002572614 -0.018708324 4.015328457 7.580124397 11.491597758 -0.774959354 9.867920125 6.366829615 2.686166878 -0.527502691 3.097027679 4.242396520 1.862932994 5.614178903 7.229243863 2.793141353 2.518758306
20.177203052 17.697185895 4.122742106 -0.042778254 -0.607082793 -0.788529689 -0.088551869 0.915663623 3.739842562 10.703736019 7.978712629 9.208339141 0.237929393 5.608128054 1.297937106 6.881029620 7.712152621 4.511311829 3.317488945 6.775436748 -0.516777030 0.617999145 -1.523972649 7.260368047 9.813977975 8.558224307 5.931069516
26.719245193 12.219662094 11.046070996 0.476517905 -0.816029789 0.288030568 0.155127241 2.914869199 0.607590129 8.691266211 6.168352808 5.090016248 1.715039181 1.331087539 7.615850944 9.376224202 3.365823571 -4.512056171 8.812807727 4.889617830 5.933608911 -0.549281622 -1.878878772 0.754995686 4.440089559 3.524826874 2.805212697
30.494853461 9.421803570 7.646900678 -0.683107583 -0.007825054 0.212204597 0.698764629 4.440249323 3.243498674 2.937167060 -1.226442981 4.579037242 6.887518086 6.700595727 -2.462719446 -0.097619518 2.060900125 6.203157561 4.462093803 2.342882516 2.229136751 3.140736509 -0.176858282 6.848078048 2.816439093 5.597917152 7.740557717
28.540345462 17.895394903 9.248567027 -0.116483178 -0.541396062 -0.152385378 -0.818596769 0.777719675 7.698303879 4.994151972 7.671526676 5.269526938 0.339041801 3.886463939 4.244669773 5.358010175 0.045294549 4.776812470 2.723312689 7.630463036 2.576448118 4.962915671 7.471978209 2.664388152 -0.420838671 0.510458327 -1.363099217
25.843685107 6.591401210 1.163275144 0.005666353 -0.007679025 -0.078577006 0.996862367 5.537330860 3.705526749 8.640572507 2.207735622 4.948771576 4.127344127 2.877137589 7.932053799 8.279113551 8.267735364 2.182341945 3.294871546 10.538691841 0.252880936 5.016189458 8.755767407 0.802328243 2.807963385 4.718262446 5.140965082
34.937886112 14.245261059 6.227741821 0.052826835 -0.225514027 -0.445062088 -0.865027448 6.264069701 5.096551002 5.644947005 5.899384458 3.023382176 4.517664473 5.386327929 11.527573894 6.159898945 5.943067260 8.054328053 3.827195183 0.983744719 -0.237216940 6.377799843 4.741410612 4.515171817 1.235278154 1.535286813 4.875983424
21.356549161 19.750903535 1.880563325 -0.814459150 0.223034289 -0.535483196 -0.013028625 9.177401259 1.730233639 3.102132519 6.798787731 1.198483721 7.840474516 -0.554132752 3.818771329 -2.052759458 3.983888562 3.706965746 3.261675158 1.370934575 2.844065950 1.812779622 5.986849951 4.911058408 1.581494361 4.661133423 6.184620554
25.738929134 4.819320903 -0.364472513 0.151773169 -0.360814764 -0.646565392 -0.654775385 8.683480455 4.019258523 3.099729170 -0.510455768 0.674339485 6.142764672 -4.299852705 6.859313655 2.568608686 5.517164424 5.960173882 3.210597203 2.718875055 1.696570754 3.987532706 10.289341476 5.689108470 1.711951096 7.706415943 -0.676159857
32.331611434 16.636614585 2.084280442 0.035071016 -0.721290282 0.671435005 -0.166389261 13.251438556 7.633155448 -1.949106161 4.043896374 2.716407455 -3.874993719 3.352915134 -1.869979038 3.941861248 5.833877495 3.953967174 3.925688374 -1.373730917 -2.356964178 -1.352022908 8.807312075 3.042678195 7.119495681 8.033134460 3.806013564
23.519341085 15.965538225 -4.843104007 -0.653358705 0.181962274 -0.479411504 -0.556935134 4.722401334 3.332823501 2.375647492 5.159973986 6.269860583 -2.363680065 3.595377503 0.236377768 10.863586716 2.058284903 7.194002232 4.857437390 4.654493526 4.917095266 4.586856844 6.612995608 3.603387099 2.480711932 4.444442141 2.104863710
30.408097555 14.575479739 8.734836803 0.016810681 0.397975524 0.452990758 -0.797578997 -0.593924904 5.542319253 3.376063726 11.242958586 5.840056850 6.799333481 -3.593414509 -0.841737065 2.650362779 8.748525711 3.353997748 0.529127930 9.852791554 5.710041223 2.641190259 2.094869603 4.036118667 -0.066508960 4.133903365 4.006243599
23.065526839 16.120321611 9.953751239 0.657807265 0.469418900 -0.499645733 0.311912872 2.002713357 1.008798562 4.504994353 7.777022143 12.976855416 1.157677431 -0.640504266 1.261029412 4.183458912 0.555885729 7.448253751 1.173552940 0.204629432 -0.381822668 1.845334556 4.660451161 2.839062608 0.769583805 4.945193629 1.498785834
21.541092918 19.902398628 0.477404850 -0.161624094 -0.750623086 -0.355809682 -0.532768341 3.411372713 7.110847885 5.724820870 7.014176472 7.293966701 2.421490909 -1.914192253 2.105182700 8.545318620 1.974494261 2.907256602 0.577685490 4.621903458 1.753662331 2.995650926 5.916127219 4.374177765 0.271750434 5.944694715 5.059304039
32.381892526 12.920575361 8.887308930 -0.805967475 0.394225284 0.380132015 -0.224727627 1.844886416 5.471961521 9.499922897 3.795482774 2.545582073 4.076527397 2.570043701 2.922402612 -0.844829698 4.584289645 3.495291205 3.350704933 4.675205187 10.090185076 9.926572218 -1.545389170 4.587707650 2.582145487 8.059137100 6.582502780
35.085354851 8.457915850 6.391642024 -0.104936391 -0.569780932 -0.810654574 0.084718391 7.898844727 2.728337712 5.503067242 4.584977393 10.165938639 6.662117041 8.133801146 4.142262850 10.423405256 -1.918602462 4.436064499 3.963029512 6.847089314 1.856222476 4.974980270 1.710019335 2.845094089 4.396195334 2.399021778 7.774376494
26.968120204 13.180128828 -0.696934264 0.061412882 -0.781553072 -0.612738741 -0.099772184 5.906947721 1.914498636 7.790362688 -0.170898901 3.912981762 4.555864153 1.822638505 2.945068336 4.362971026 5.583994259 2.637355964 -1.583469121 5.130466336 5.470607898 5.344927227 5.533599386 5.020294042 3.460513905 0.025186892 3.301832837
24.496596895 19.471429896 -2.284393289 -0.009173809 -0.469241879 0.616508881 -0.632174580 3.499372123 3.742107367 -0.863486271 3.084197595 1.182650485 4.134151771 7.437327999 -1.014978365 8.816350932 7.162114477 3.499560227 7.351659970 -1.192409903 6.073205334 3.554515408 3.035625751 0.763236912 2.632873729 3.621005240 -0.873227411
23.542120901 11.937894218 -0.495659658 0.047436103 0.120081135 0.466097490 0.875261942 9.058394129 3.815789957 1.197504094 4.131970637 7.857892020 9.319699495 3.752509078 1.367042222 -0.880329249 -0.445559857 7.969072407 8.747225477 11.828123948 0.457291163 6.854383451 4.283929658 4.128655516 6.419035344 1.649281833 0.153532707
28.793790192 4.108295284 1.598042907 -0.585239670 -0.322080158 -0.168466891 0.724829502 2.000170648 0.569664108 2.137372629 6.626632773 5.308225233 10.940400667 4.357261652 6.312006393 6.767077209 -2.924421163 10.733061153 -3.534223867 4.854405913 -0.248729984 2.277790050 8.697590149 0.425486688 -1.997751219 4.046185008 4.204563878
20.920642949 19.512386835 4.038842259 -0.729426290 -0.398650930 -0.172174845 -0.528555149 2.878416330 0.216099388 4.409032854 0.575857278 8.275482532 4.044818916 6.278214936 1.928823098 4.574617939 2.692428676 3.067225037 1.510890516 5.575611198 -1.719121727 8.358259700 4.357986651 3.499865709 6.086114463 1.920792963 6.336763724
20.875656357 16.744978006 0.315761198 0.515544958 0.254661222 -0.665924828 0.475294837 1.548965164 3.865390145 3.063693900 0.453693020 7.526840353 2.134594721 3.872623562 3.812128041 7.642710373 5.067630233 4.127682495 0.977425840 11.218122525 7.877168901 5.369896740 0.788188399 -1.758940095 3.600608257 -4.878901068 3.673807547
23.904552048 13.660029277 1.223528985 0.062610238 0.087114803 -0.109968635 0.988128468 9.604544481 7.611901579 7.426832176 5.609023284 2.831716151 4.422656608 5.266370752 11.813205022 2.901851496 1.423330622 2.475379730 1.765038050 1.446777341 2.930080756 3.473842591 0.171484793 4.456756361 5.328193561 -0.054459160 0.501220924
30.394851943 16.494863299 5.932217811 0.282675363 -0.259152917 -0.680840167 0.624012077 0.827832841 6.821196858 2.391248245 1.736599577 10.988077443 2.277713848 4.618089327 2.890970395 1.709679451 7.475275666 -4.410195171 5.645982702 2.934028169 6.317248607 6.293399930 3.013844911 6.901107779 7.129727476 1.859797324 4.610967786
29.877381011 6.241012554 1.597457896 -0.253574424 -0.204021568 0.610453642 0.722095258 1.497244054 6.752343182 4.788419088 -5.605547066 2.239051275 3.521655933 5.646751315 6.314939370 7.025863978 1.335411141 3.596399696 7.368890356 1.216185012 1.881488852 -3.250048199 1.767478344 5.419131955 0.722670477 5.915979841 7.140065648
32.384580547 7.762637889 4.780475128 -0.533693191 -0.315009853 -0.775527300 0.120406721 5.604002855 6.226237318 5.655683717 5.242902798 7.027459771 5.372838847 3.347471051 4.189388780 3.544086268 0.337441731 6.016630323 4.447885553 -1.911937179 1.757834217 4.363274301 5.604544863 2.263747765 4.402993155 3.505067724 0.723639190
21.806038183 19.805821335 -2.440615336 0.386345915 0.336495145 0.546994825 -0.662045703 3.046196585 1.625984887 6.854423163 4.935700839 5.848447190 4.397921169 3.955719634 -2.291449356 3.221248575 9.319705650 -6.629845975 5.671725550 7.380460381 4.021630546 2.855672748 9.038929180 9.083388261 4.550624085 5.549771007 5.042220336
22.505138001 18.726739439 5.026915913 0.567555162 -0.069143658 -0.429902037 0.698773591 6.717972981 5.332053057 5.989443282 -0.618953103 4.003552992 1.576747090 5.773610926 2.375426607 6.816482642 4.739873941 7.233914185 0.074934447 6.039445743 -0.442534658 7.961805983 5.387534259 4.968993557 7.523095769 0.397334634 0.426363983
23.836682611 12.505878119 5.521189077 0.079597834 0.724550500 -0.670736772 0.137123813 -0.291294054 5.148984721 8.709202323 5.327239734 1.917648555 2.289266890 4.791049978 5.370634685 5.703128712 2.503626394 3.266363350 2.771839477 -0.274507817 5.067140029 -0.461891960 10.253221997 5.972562993 3.338908292 4.480288572 0.298775083
36.531868571 16.659783950 -0.165200821 0.183543455 0.172484923 -0.485972458 -0.836893973 -3.737434435 5.476452502 4.448339250 4.643647809 8.354000184 1.119742755 2.883838194 3.437595417 4.050474291 8.225919275 5.614622268 2.010211904 3.391139460 0.821890076 1.475489294 1.364060968 3.853775436 6.634507426 6.580376946 7.201966668
30.360880891 15.182467234 -0.136948822 0.339500148 0.682798343 -0.050665351 -0.644948908 0.338299985 1.412229376 2.851731359 4.529426495 6.796485741 3.648846939 3.979113019 6.717639126 5.648242033 5.635495840 -2.105974147 4.592060878 3.271673577 -1.373378430 2.007487150 4.613404875 6.250209350 8.051368686 5.574466047 2.353878178
24.752370355 16.787430651 1.842525610 0.552714647 0.148171798 -0.555499067 0.603301271 4.259681575 2.095892091 4.100051738 2.592289296 3.687308112 5.148860493 9.239734324 2.544045366 2.638755621 4.214107893 4.330710092 3.133537959 7.480414011 -1.463467034 -0.637066096 3.427780531 3.322256977 1.387189057 4.676868919 -2.167953443
22.308850676 9.331684777 -0.362072453 0.423735581 -0.898703630 0.109301774 0.028862880 6.038522077 5.279431913 9.200707726 2.666722889 5.107318807 1.712608705 6.211909995 6.426372499 2.264507144 6.437260085 -0.826510316 1.185948493 0.009706850 3.501126550 -0.123649657 4.078521459 -1.051653780 2.313300778 5.744169325 3.533599186
30.062461725 21.585599507 -0.706861178 -0.652917823 -0.562522546 -0.397409708 -0.315170154 3.040556761 3.040025739 7.106939588 4.685872682 7.689032835 4.342744160 8.759845685 -2.252834754 0.669475889 6.995552291 5.579159853 0.663067863 -7.444085524 6.874868423 6.084810995 1.929774306 0.818350571 8.973867981 2.447213566 2.244356226
23.232296969 12.630316873 -4.004310874 0.900192380 0.241136108 -0.137280002 -0.335650500 4.861026424 0.215045848 7.457594407 5.171980480 2.674066816 -0.023297505 12.938100908 4.419703360 4.575652399 0.665515985 6.197676519 4.744268499 4.910746183 8.081296201 2.497017605 0.404770257 6.637050398 4.920272302 5.087649578 3.518985094
22.180126139 8.467127900 -3.244506898 -0.177000605 0.338871578 -0.091360912 -0.919505314 8.965682510 2.399507519 4.388420785 6.088709771 6.726648411 3.875074449 4.534538788 9.851830131 5.172412726 -0.560826349 2.920772074 -1.969661549 4.327745245 5.368409768 5.299831534 3.414755892 3.160963714 4.155326020 2.693405610 4.949179481
32.471167593 6.015671988 4.315296833 0.126102178 -0.784371350 -0.590034644 -0.143940771 2.364880329 9.286257090 0.968331140 6.125690649 -1.491872360 6.892346766 1.858958575 1.634439444 4.455449019 6.342952654 2.515581135 8.014619907 2.592208790 5.034410753 3.164643340 -0.017932948 4.164613657 -0.157230753 -1.224796880 5.502492331
28.163107315 14.754669652 -3.075091407 -0.076899316 0.404622263 -0.565685366 -0.714400018 10.886791542 6.484816886 3.341348512 4.781249496 4.844522339 7.412474286 9.757043846 1.479949071 8.545321894 3.540900042 2.605502771 6.957373925 5.548086399 4.102459499 10.022397351 5.679506367 9.672333295 3.867816443 3.052841398 2.534990163
28.017908221 22.890791394 2.932816049 -0.342666036 0.198105395 -0.878453161 0.267683179 -1.287706053 4.239445533 8.909559977 -0.696197003 1.531787476 2.902893777 7.957524121 6.419910986 4.700592386 1.589138134 6.133450769 4.106616121 7.254576872 -0.868269637 -2.798380274 0.173602442 4.081309050 3.511664561 6.532123032 4.741424225
32.577530742 13.152581655 9.172270007 0.436199141 -0.392618153 0.733559399 0.342741745 4.013119597 1.448108613 2.758204514 4.927567071 0.109917071 2.710016270 7.168481820 2.449199180 6.827547476 7.000462617 -1.255640031 4.834848261 1.988835526 6.918636970 1.571948101 6.080967355 7.926919988 6.733325847 1.486867299 2.739665630
36.889959126 15.550024778 1.076927622 0.703427436 -0.675353584 -0.057962012 0.213840558 4.856710352 3.981530008 2.445986152 3.676549777 2.572980460 1.330877848 7.991104449 6.172794701 3.850470356 3.759156947 1.825789502 2.396074711 2.518102454 5.255511835 6.038120465 4.945656129 4.583527248 -0.880193319 4.411281604 2.573946983
20.469187586 19.179258428 2.546263103 -0.238258076 -0.096642210 -0.946218123 -0.196378806 3.599379669 3.035858925 2.413901928 5.121210025 4.372217284 3.500690896 5.320654035 1.367897522 2.208003892 6.912104984 4.987422243 3.340473421 7.294195651 6.803389332 2.650434812 1.568322665 4.200326546 3.835268764 7.001524451 2.296366699
22.194518637 17.881330004 3.977211739 0.836498599 -0.131836348 0.118178554 -0.518577960 4.642571835 11.252443972 1.267871714 0.260999962 6.363626020 4.864067283 3.791597897 6.931473190 6.860531147 5.410050805 14.168793936 3.141714272 3.226669558 4.135276690 -3.188170520 1.794214547 3.576562923 0.508593777 -0.865918730 1.364128270
