-22.654408222 -8.302322772 24.575638833 -0.877490341 -0.342902231 0.115921672 0.314628237 -0.553323814 6.134084696 9.793829348 2.422746962 2.018573638 6.422060824 1.828193489 1.625672287 -0.306020800 1.840784807 4.283492205 4.268988196 4.124138013 1.144126469 10.641822022 3.214751204 7.119128439 7.086530838 7.447127415 8.147601986
-14.728692470 -13.258424214 18.578536427 -0.473630718 -0.133752115 -0.033054288 0.869880295 3.684257072 4.907670614 5.732944494 1.974891380 4.193311529 7.990779431 5.889721789 6.404443020 3.411799928 3.277247398 1.304075970 8.049380717 8.089776265 8.571044930 0.888571633 3.454053172 3.724093489 3.190329922 4.880522753 3.796559058
-19.945526172 -13.780740099 20.405463965 0.198812712 0.703597421 -0.681408316 0.033269824 0.091165114 5.034166481 -4.269302149 4.374233700 3.411414074 0.040679644 3.126489428 5.582584689 4.198340809 5.855043000 5.125361800 3.814054731 4.362545856 7.046680400 1.482303738 1.952089870 8.616345112 2.279188750 3.798802375 -1.378180894
-13.640973586 -7.875260249 22.189673361 -0.297507998 -0.326776753 -0.250874774 0.861259422 3.794444301 6.317592622 5.434161500 8.895994142 5.879298338 2.959959861 0.990562804 4.626712561 1.454659450 9.066670363 -0.272529099 7.301099259 1.302321963 8.729745814 -0.241323156 2.868164427 4.350645262 8.821131987 -0.566551954 7.571872608
-16.336101657 -5.806183505 11.124450779 0.204328740 -0.893939397 0.314086818 0.245909723 8.208086236 6.334363213 1.783712116 2.901321615 4.030960848 4.228201751 1.220907914 2.525366520 4.213174691 5.809775813 3.702611351 2.083695346 1.968593183 0.318440236 1.468206984 5.968827406 1.600655364 1.930152708 -2.869291079 -0.152306853
-15.471075433 -13.291750808 18.532352346 -0.476217971 0.598752605 -0.183334256 -0.617333227 6.510150571 0.408923204 5.666896609 4.649860621 4.979748825 5.552963363 9.245075606 10.033850592 0.825528067 3.634616428 6.175740938 3.905496580 7.190650969 4.986882073 3.406115892 5.495617705 4.246589754 1.238792462 6.688162505 3.549728723
-12.703048679 -8.878371883 26.781180805 -0.325099835 -0.361996383 -0.097894612 0.868150541 3.378239232 9.927779897 0.937491260 5.494305023 5.438584623 2.975494478 5.062908053 9.056468161 3.990476999 5.792397509 2.451644485 8.322059907 2.032392974 5.077297305 8.016512653 4.189703997 4.009332686 2.567805297 2.056012961 0.858549214
-11.142313076 -12.129393753 14.868056085 0.340413021 -0.658397181 -0.030354350 -0.670604757 5.101698510 2.533908679 3.927569441 7.661773089 5.474093292 2.373089430 5.968478369 4.708806494 7.306309241 5.470722654 6.331205852 0.077418343 6.446770730 2.521980568 1.004276660 -4.713583161 7.584734217 4.221299342 5.838291383 2.982916827
-14.264956859 -8.203907153 24.884200358 -0.238742179 0.373641442 0.806054583 -0.392007978 2.556379735 -2.087220084 5.625753877 1.431942977 0.022015637 11.358162172 2.902004272 1.964946248 4.792447718 1.533636275 -0.027930800 4.553948717 0.186198530 1.918910734 10.943023333 2.969429420 6.908463826 1.583092540 4.202681512 2.337737557
-10.608972260 -13.217336245 20.618739887 0.119817702 0.125670651 -0.973685970 -0.147601617 5.221293531 2.528885217 -0.189145920 1.898327662 -0.475645744 6.997334972 7.123133275 10.568697831 -0.844768260 0.173500168 3.432191593 1.313682509 6.388034444 6.948818314 5.552367765 0.516187891 4.482055383 2.130590691 6.274411806 6.046727743
-10.554319740 -3.365044830 22.153677565 -0.222962556 -0.308780110 0.441589110 0.812367897 3.702728933 0.148799286 4.043364594 2.644498139 2.226885809 4.982639012 7.234703938 6.623180844 9.903968309 4.638151551 5.767505807 0.759757577 8.694424907 -1.394897009 8.394235505 -3.573255785 2.327985631 7.677434342 4.883321950 7.487786182
-20.722261568 -2.665948339 16.896228783 0.113848041 -0.100019581 -0.903788765 0.400250639 6.459465776 0.051276057 6.024419061 3.851680350 6.360606732 4.194342463 5.825567759 1.896282511 1.926301482 4.429707789 8.675945706 8.436183135 3.080868688 9.618712716 5.830396167 8.058022560 3.144797710 4.135657128 3.448604253 1.979456345
-11.376581676 -2.413008481 23.276349161 -0.718586638 0.135828349 -0.504929211 0.458508882 5.742350781 3.329282138 -2.079782281 7.535343319 4.055529129 2.109545987 0.977856073 4.733974535 2.704750617 2.097098368 2.151310446 5.361625956 4.655937714 1.726944171 6.120505097 4.549373002 1.859865451 -2.655780945 3.937039623 -1.193424258
-17.799868374 2.116704596 21.603529357 -0.090089792 -0.768756751 0.620024630 -0.128321262 5.847844750 9.382393156 9.091700363 7.511853218 5.052589947 3.470923883 0.196150792 4.061328329 6.743290481 6.402198405 -1.011814149 3.099472292 2.941630719 -0.359967214 7.555777067 5.736967647 5.018209917 7.311971909 8.385589469 5.799256210
-21.282968663 -3.950392122 15.758711008 -0.412823988 -0.645838709 0.622273301 -0.158885671 10.878237491 8.304821253 1.674594825 10.152250983 2.992837740 2.679762945 -2.112706575 8.502312392 0.531697471 5.832672130 5.980469643 3.890562402 7.099596943 5.251488823 4.757708416 3.172386805 3.070298850 2.004093408 5.282361418 0.107338183
-21.073945473 -0.381819432 15.614059870 -0.307957172 0.769153984 -0.556264114 -0.064302142 5.871709586 5.091884450 5.727248674 1.207138263 -1.506298759 4.026708231 3.463187039 6.031467443 3.883769974 7.007961673 1.996346238 8.479653942 6.761091855 2.354483027 0.702054747 5.971360235 2.184124621 12.648605917 3.542458929 4.252397388
-11.485551599 -4.218796958 19.358886503 0.200952918 -0.078955652 -0.971723837 -0.095586165 1.112343860 5.802367876 4.901596314 8.859843413 8.196853682 6.531036211 1.334745902 1.505001787 4.552414335 3.404661374 5.622783014 6.881287905 2.402910764 5.083107536 -1.162379205 6.136140916 12.482880018 -0.960495813 5.409508508 1.252505752
-22.539684655 -3.616835963 16.366742960 -0.979067628 0.080505819 0.043303428 -0.181852154 5.707981985 6.678995964 1.594790165 6.483298948 2.141480033 2.277268011 1.558058596 5.754798700 1.432439650 4.758511947 6.914509688 6.522460430 1.976623554 -3.798472576 1.767852948 -0.034913356 5.458264569 1.900573451 5.750521501 10.239285723
-17.591609371 2.123676982 17.290263459 0.002714680 -0.970372441 -0.240039907 0.027400704 9.171572865 6.300906192 5.722368169 9.478481389 9.603704094 4.041757892 4.659123480 6.772948412 5.049145394 3.318515374 2.760869949 1.956885108 6.660975614 6.536753913 4.595965359 6.948959888 4.970718365 4.188778500 7.999741393 -1.145459980
-16.909751984 -2.163781529 15.447968447 0.768161112 -0.182542504 -0.393768495 0.470694287 3.051993489 -1.187789407 11.335104361 1.942518286 -1.224008639 1.995791039 2.384796136 8.263873799 -0.454749116 7.033293291 7.038502118 11.664828990 -2.999874997 0.891503848 1.524934278 2.537125398 4.478167917 4.387784678 0.312372663 2.667963620
-19.477177191 -4.940179810 16.432094356 0.924374778 -0.021830233 -0.166678305 0.342451535 5.877842246 7.488695528 4.524203101 6.385717222 1.884121980 4.432033329 3.330013725 8.720832762 0.809448076 1.188622264 9.937281046 8.957415734 0.828679346 7.459548217 -2.798499649 1.786612580 8.684600021 3.431608530 1.517468635 6.036107481
-16.584418530 -3.354038638 18.102184856 0.314857760 0.193425879 0.869810884 -0.326925139 5.289810354 3.924202747 2.295899660 8.586589109 1.084687137 2.053861698 4.933392534 8.284305966 4.397325993 7.060803447 4.227410035 11.431007535 4.032534976 4.580910847 6.207543277 6.507089132 -0.613942680 3.266756114 -0.876790694 4.174957222
-12.276589893 -9.607199015 17.554896451 -0.060813829 -0.610900259 -0.437172298 0.657254085 3.735982496 -3.221655761 1.535304467 6.501446011 2.940189142 2.107518078 7.851132621 3.544035796 0.043665310 11.576356060 2.323820063 9.263927034 2.159215329 4.076547529 10.796844706 2.879113078 5.415301021 5.377720630 -0.665598012 2.937651754
-15.202849229 -8.082639779 10.816474970 -0.866674371 0.349324628 -0.302483475 -0.188020172 3.583045519 6.023071711 2.309820026 0.106083759 1.352578057 3.679662619 4.651001933 6.865838398 1.290968124 5.983082032 -0.537668200 6.646876129 6.249714167 6.413298151 7.745508446 5.349965323 3.784594370 6.466104950 10.719416364 4.399785936
-16.847207552 -2.411333531 16.263293529 -0.324439785 0.374556104 -0.529210353 0.688754639 0.106072890 2.425945964 5.838126715 6.851470450 3.501607987 0.719127248 8.420550412 4.595276222 7.325926096 4.652723532 11.017228974 6.434306801 4.281118772 2.709176946 2.579440160 -3.665525777 3.968343612 0.340474994 3.398568136 2.139749202
-14.389902753 -14.848183431 21.463375907 -0.507015062 -0.560289101 0.654975729 -0.004317821 2.171814378 7.379979499 6.297059295 1.200322012 2.273553970 3.217863046 3.573496958 4.454008710 5.858663181 4.187247281 -0.914713739 3.207519602 9.739405984 1.267971610 2.921130363 2.449690335 2.994036741 5.436059099 2.442496520 5.365000843
-10.934750771 -4.308585344 11.571171958 -0.596040494 -0.201796457 0.676231971 0.383046004 2.168433751 2.818863486 5.306449724 5.827839429 3.888656623 5.930206781 6.562872887 6.809074740 2.689647233 4.176460391 8.906063820 3.982403356 6.284985858 2.648334694 4.160485223 -0.353543787 5.204453423 3.060418118 4.486169365 6.731939702
-17.534516946 -3.287266366 23.519459273 -0.798655430 0.123801464 -0.349893965 -0.473705515 1.867702519 4.069455148 -0.198409111 -0.432115837 6.612281559 5.290971069 5.254999486 10.681685604 0.089581830 3.352502495 5.453554822 5.033876102 2.390486590 1.497153539 4.428324495 2.729359710 6.043856204 5.336760527 4.756399738 4.512081601
-12.400388289 -1.899369972 21.214941992 -0.319353735 -0.513097911 0.302769731 -0.736935693 -0.719269356 0.333085507 6.584472851 7.166331271 6.316134622 0.184082901 8.829725518 9.903631902 4.099511728 2.925889701 3.056659996 5.339011322 2.075965515 0.964630885 4.404389068 -0.145135979 3.546961270 1.937408217 0.114744839 4.648600409
-16.956727861 -9.380519182 25.107470833 -0.547565740 -0.469834687 -0.594517609 -0.354930893 -0.038282689 1.309864340 0.946644776 6.554738471 4.994835507 -2.065260336 1.052297505 9.985524808 -2.126064429 6.388382989 3.924007007 3.743395668 6.810945807 6.158971871 7.061754605 3.201570123 4.790354476 7.583888934 6.829439327 6.293028056
-15.271489001 -10.987625475 22.880378057 0.680586952 0.092436028 -0.705614428 -0.174256306 1.400559834 0.282667045 3.849749763 5.900652188 0.626770161 -1.518077808 8.451501083 3.822619798 4.009670054 4.543163274 -0.304139029 4.211383976 4.201872985 5.225423504 1.926561136 8.586663178 1.521162192 6.029302914 1.031946276 13.341045221
-16.610251743 -10.036238165 11.638631267 -0.571370138 0.642338584 -0.503105663 -0.088442076 -0.131534286 8.419790067 8.575587709 1.588086310 0.436435348 7.466898381 -0.262640704 5.328268329 4.351302685 0.335442860 3.481139417 1.983679159 8.317865318 2.772944786 2.361738772 2.897476352 4.369944262 2.321105734 0.579792537 0.343938452
-15.328022341 -11.046568305 10.602731266 0.387553681 0.095402882 0.912728518 0.087333196 1.254493120 4.140292684 4.693028716 6.684666345 1.669928603 6.689278131 2.444203270 -0.151513525 3.287653912 2.840855251 1.627954962 8.607028771 4.118003863 2.782780792 -1.094206652 5.032367636 4.254333086 3.933468271 6.881612890 3.613929582
-16.289633905 -15.878614817 19.805288839 0.131655389 -0.524344772 0.627521257 0.560309281 4.718344228 3.039544407 2.512727899 1.930765476 4.534343529 4.005799489 6.464313097 0.132521927 2.783639535 -4.135624558 3.609426066 6.722557205 4.374306408 7.181812105 2.247227951 5.082613653 -2.453776400 3.612162191 3.566754979 -5.749607544
-16.653498405 -11.268737179 22.961569361 0.554569780 -0.791947435 -0.165131566 0.194944057 1.239657742 4.016399035 5.410845587 5.809325908 2.107230139 11.591601492 4.741453280 7.785259975 -0.599193458 7.177415320 1.663645192 3.482596252 4.448975306 4.742287762 4.687712213 3.476204910 7.026736233 2.209774773 1.259537624 1.705651194
-20.084291241 -0.961255332 12.851462383 0.819433740 -0.480625224 0.097590630 0.296654358 1.728521579 3.714729622 7.044120189 0.955882238 9.725376052 7.996977907 0.927105378 2.081660802 2.165799745 8.095325233 2.613596824 -2.511835064 3.988478315 3.374467949 2.010879259 0.065028612 3.251463232 4.790400580 5.126176910 1.752742222
-11.234979902 -10.837926475 23.120078385 -0.098823307 0.673655853 -0.080395906 0.727982310 5.243388398 10.802322855 4.287657824 4.892005311 3.105843967 5.098921921 5.540297337 0.839169520 9.359679987 4.386080936 8.019524551 2.061275856 3.978451872 3.966030251 5.788445888 3.804314284 0.814517971 3.200444971 6.082805497 4.709194682
-14.590337099 0.289161017 20.414428242 -0.089129906 -0.915112516 0.269512847 -0.286335064 5.581350830 0.219125705 4.142052434 6.697765056 5.410912083 -1.270339812 5.338483608 6.306568922 6.610792751 5.413501142 3.698791296 4.023728999 5.500692538 4.359955511 5.810164645 6.703631501 3.154436796 0.322246340 1.909962056 0.283143427
-12.751823319 0.232384095 13.175788957 0.630590383 -0.043499412 -0.760629435 -0.148008219 0.933134389 7.264211297 -0.813206570 2.600378468 -3.816140278 1.474571457 7.438172399 -1.819816376 3.380128153 9.542459662 6.921669221 1.813866732 4.372475547 3.638743985 6.323377314 1.106625137 6.773389872 0.812055737 1.634864499 5.163209373
-11.598057755 -5.559279723 18.322981405 -0.380576110 0.581617129 -0.563246580 -0.446807150 0.466809314 4.736495154 3.135885310 -0.799398311 3.678925096 5.013737311 6.572771352 4.145565231 5.480485811 3.490878810 2.127596183 0.709775899 6.258410205 3.849050532 7.707191603 7.586875036 1.521448740 5.030667964 6.520240355 2.550384823
-14.508824952 -13.518559825 14.374088891 -0.441426712 0.108776001 0.782633819 -0.425199419 6.549383419 5.136457215 2.190809933 -1.800814963 -0.730224584 2.480924713 8.470050956 4.675288831 11.682102643 -1.011105777 5.606506695 2.951585013 -0.672733023 -0.504580723 2.396476744 6.621664539 3.864750723 0.818752791 5.725877108 2.438797099
-14.453850185 -11.401612482 19.711622151 0.273857820 -0.303117053 0.678480144 -0.610562561 2.309944936 -0.287096595 5.769051207 2.980369419 6.290768594 3.655606637 9.402869014 2.343501683 0.450142304 8.232134005 5.128412925 1.017465177 0.307135549 2.898275058 2.473704115 4.262029528 5.743789189 5.589678031 3.053899543 4.871531176
-9.177802810 -9.158200826 21.613619844 0.839670578 0.017639552 -0.472831120 -0.266595008 3.359996606 2.799119219 2.456631510 5.300159225 0.916615821 3.122778353 4.111071019 7.392536938 2.445062734 2.332776669 3.947765797 10.518420318 3.050518414 -1.267063663 5.249280416 4.738944973 5.593727729 -1.069939516 2.251768834 3.733955939
-8.693179462 -7.812449160 17.073257977 0.898352660 -0.094480698 0.239942470 0.355617080 3.870603781 5.265565017 4.145293776 5.666951584 6.563852818 4.905061407 3.323169928 -0.485173106 5.591556106 3.840709829 1.148712934 4.570825666 6.800631562 6.877729896 2.495639466 0.459984233 6.847103832 5.031981218 13.489204206 2.683517839
-14.650187970 2.523142969 20.161172474 0.782895037 0.167334788 0.271670665 0.534106243 5.118877320 9.529871456 6.490274960 5.556791544 3.942869059 8.342177856 8.581481342 4.495531211 0.891531999 0.627714138 7.522852800 7.021124715 2.471813978 7.469837908 7.001959236 8.306267115 9.964085552 1.354113481 7.144523752 6.740313311
-21.029959380 -2.333400886 23.794594973 -0.242528839 0.497516406 -0.143887279 0.820337516 3.839755559 4.626833810 -1.207510761 10.214015338 3.706131976 5.208303553 2.102362876 -0.237579810 6.151175887 0.090182686 3.389338584 2.787575337 7.753312626 5.569951099 8.585926644 2.554469949 8.662027285 3.134810562 4.740932603 2.874946855
-13.299844919 -5.931259660 21.853730762 0.587273588 -0.707312704 0.325589517 0.220929712 6.265204921 2.350575067 4.886289047 6.828435007 4.667025323 4.607793338 6.448489869 6.247308618 -1.685786686 3.015442576 6.799751265 5.840927790 3.986447442 3.872137512 4.461968195 3.550096370 1.052966742 1.061014507 1.570751151 3.807254152
-22.308607241 -13.577717123 17.235534418 0.683305759 -0.307172949 0.651913679 -0.117245786 2.512246315 -1.996610819 1.940045968 0.173813911 11.310300047 0.640177354 -0.153373924 0.087415377 5.705335022 6.955751846 0.958121715 3.999599363 3.951268926 -0.702123065 -0.500108191 4.759734094 7.412261117 -1.407571786 4.204873598 0.868145718
-12.091557127 -9.331566274 16.696264205 0.069170868 -0.305497765 -0.168335861 0.934638724 4.176353843 1.029201213 1.409661537 7.392783553 4.870747506 6.269530264 1.745648906 8.563568291 5.381081709 6.279116865 -1.047192214 1.235855824 1.360462961 5.778641551 2.977810377 2.869577111 3.703699135 3.423713020 6.894594446 5.002221928
-20.221461952 -3.649349966 13.701712984 0.201263677 -0.370984803 0.451539876 -0.786113827 3.329576877 0.034840447 1.710259431 2.023959910 5.455378812 0.805815012 5.723577136 6.393783472 9.017589850 5.809987504 -2.703404867 5.270196964 6.030031937 3.380741641 -1.756168698 2.055762188 2.173035839 1.668891955 1.344654916 3.728565123
-21.102766779 -3.720804027 14.300675895 -0.335741978 0.215898005 0.840052929 0.367391414 6.344586806 7.148182602 9.640574785 7.247180307 4.473937033 1.239072961 -0.753792661 2.154137944 11.036002443 4.625058029 5.071999596 7.969615610 0.306930974 -1.458849374 6.541318958 2.374414975 0.078159309 7.331917875 1.896994419 2.876632774
-15.227113445 -0.652666556 15.563062345 0.464284930 -0.117254154 0.611333701 -0.630049263 3.228351778 8.143295137 3.903728909 -4.393894046 2.634688065 0.792879435 1.625892019 -3.347138070 4.472896926 1.855541494 7.050545798 5.067859030 0.088631078 3.765476499 0.260633725 4.283708115 2.886730323 7.061643560 6.371195216 -3.352232977
-8.887400008 -2.238312652 14.985079175 -0.381719591 -0.879778778 -0.126831626 0.253363757 6.654944587 4.985825404 2.281216445 6.761191806 2.096350657 6.989206672 5.520415517 10.976059149 7.631341564 2.855390350 -0.636966264 3.092635357 1.888801707 2.338776637 2.149874702 6.389549123 1.700989421 6.729188551 3.547642701 1.886752200
-8.743840386 -1.838613926 20.356105391 0.070993526 0.075187844 0.289946568 -0.951439801 4.307897814 3.566357191 4.137804907 3.588276287 5.715510944 3.526007789 4.546719863 3.388598181 4.233747053 4.815325275 5.325803162 1.033060428 6.019968465 1.449562370 3.639441786 5.003048150 2.922620512 8.745521634 3.911518336 4.261037407
-16.002433699 -14.126371984 22.437046814 -0.330906898 0.192656292 0.639036720 0.667095382 3.950376674 1.915646604 4.070330725 -1.511396416 6.069117221 1.582194802 2.066753087 1.811502841 4.150556960 1.962064408 3.773331275 1.935888743 3.856714377 5.797985514 4.480542941 1.104974235 2.704793859 1.595447043 13.159253905 3.968463432
-16.468665121 -6.878459018 27.665269312 -0.379854140 -0.917084302 -0.049664437 0.110456588 4.399892934 2.490845772 3.139116303 1.416745535 -3.434357907 2.962557910 6.046644004 5.420000587 3.070666577 1.074121274 6.945777362 3.340738367 4.491438919 7.829858734 11.540141264 4.003155781 -0.416057969 7.156273013 10.122312659 2.590307467
-19.563475193 -8.440330223 23.927028616 0.064846480 -0.128386821 -0.983555478 0.109226283 9.775665568 3.635717666 3.812209119 4.322538254 3.580805468 4.363585317 6.180410813 8.495608994 0.053348379 5.908816347 3.139210624 8.817813488 6.733296926 8.845202481 8.032247366 6.034430425 5.823344009 5.248116614 -0.370072537 0.533992316
-20.315571161 -11.286171783 18.277148791 -0.172415150 0.542339439 -0.483106200 0.665394130 1.256367734 7.731895818 2.126382535 2.158795973 4.983580281 6.847641908 3.046444670 4.926788400 2.854570358 4.928231246 1.422391166 5.125889167 2.734967412 5.689268401 1.165521304 2.135261534 5.744678845 3.635866119 7.181102653 3.595937323
-15.856782753 -6.913478043 17.445450296 -0.634898062 -0.468065911 0.003313028 -0.614660701 7.681378815 2.532574329 4.122560958 7.415422267 8.256664522 2.785556772 1.511818107 -2.248051345 6.616737159 7.799750777 2.158298460 5.000531840 4.675266750 6.486115978 6.261332154 -0.589693078 4.320944010 1.681720034 4.149735380 1.226206652
-13.008035456 -3.284885891 11.861516170 -0.655110369 -0.065450623 -0.276411858 -0.700102210 4.784023371 3.067488524 7.795609986 2.338793705 4.762416022 6.007230653 4.416740563 3.542702605 -0.940210168 6.506788139 6.595030199 2.081400924 6.581289312 3.966723894 -0.424136798 3.200797287 3.125314936 5.748834853 6.613813907 1.408680631
-13.757268757 -2.945576593 12.002360650 0.683660423 0.544172908 -0.359783948 0.327169349 -1.565429968 3.585026564 4.492663863 4.729866685 11.066915900 0.395855293 0.158479907 0.458339292 5.160300112 1.902264688 2.897992889 -2.017586055 -3.069889734 7.528804028 3.492822596 1.622741824 3.361593809 3.487159291 3.725920227 2.166284821
-18.117265168 -12.512111877 19.409955205 -0.355983723 -0.860594802 -0.360041239 0.054977109 8.471282176 7.976131869 0.100792283 7.019759150 2.316097692 -2.731642103 2.204567650 3.893725795 9.162024945 3.133380622 8.023786392 5.492209990 3.585960224 3.318571448 7.338858637 4.054722613 1.670044352 0.435422165 -1.379354102 0.576568080
-15.775144002 -9.389043341 26.135376741 -0.368125062 0.683844418 0.578182940 0.250090460 10.840233578 2.323442095 1.197414327 5.278755725 7.816739693 8.860557690 -0.384262378 4.472989148 3.121443002 4.273080330 8.157143759 7.718580541 1.712193533 2.738588670 0.676078522 5.039275694 7.321768491 11.942882569 -4.337976051 5.280450668
-13.020132815 -7.766770009 25.122060467 -0.723950626 0.209414047 0.278128636 -0.595554960 5.895832018 5.038354373 7.141073692 3.598506283 4.390478391 -2.319297545 4.596822956 3.980109363 6.506032516 2.346161361 4.361354035 0.165323107 0.655963394 4.224927971 3.919667370 3.608670421 3.758646443 3.821967101 4.064819852 5.281589311
-20.706407745 -3.766524058 23.263192716 0.197646035 0.672720977 0.393336681 -0.594700586 3.933867007 7.313537061 1.650985802 10.391410192 2.569431927 7.926431572 2.070674897 1.272967683 1.124574897 1.420306056 -1.076944348 7.838059643 10.085322678 5.201965263 0.338001479 0.433767843 -0.333766628 5.247051743 7.405294868 8.077627777
-20.027994760 -5.764256531 14.192051245 -0.703808515 0.412628831 -0.577680961 -0.025994803 3.099536741 2.081047090 -0.900537829 4.925352383 -0.603056396 2.212782777 0.356463577 6.607495787 3.824656671 4.574030158 6.939744031 4.435004461 9.459798132 6.198940939 4.608268148 0.118336101 4.213858466 -1.437145061 -0.076254610 0.089619490
-20.540174356 -5.706572458 24.929675240 0.314968430 -0.678849224 -0.390882674 0.535881848 -0.086066606 2.642635575 3.035619441 6.883598536 0.938768498 6.086779576 9.578541079 4.828768186 7.730521275 6.675122617 3.418148482 5.480356870 1.186114479 5.882496134 2.700513294 4.002719697 3.833786378 2.911707411 3.680724912 1.512255155
-10.208977136 -4.932477352 19.997233032 -0.537381796 0.598986058 0.160000646 -0.571695987 8.527445137 0.957108468 2.523163701 6.170110454 2.011052497 -0.990438118 9.323998550 4.777474088 2.806729465 3.316145507 1.849905378 4.083028866 1.319307340 3.137166112 -3.046665715 5.280883294 4.065675821 8.202982527 3.599684232 7.945235748
-17.986299694 -10.570537102 14.269444298 -0.697988233 0.484933620 -0.273445411 0.450421378 4.277536133 2.319795347 3.806713725 -0.343613858 6.328543143 3.363398033 4.070072534 -2.139867772 0.880972463 3.651406632 -0.174333712 3.987741779 2.279683137 7.794845735 6.844898089 4.252464139 1.601903028 5.888191714 0.928085032 3.593481015
-26.216265018 -7.189257777 19.502431348 0.046163700 0.379917623 -0.764696277 0.518431400 6.080763353 3.356745748 5.165108283 4.217348044 4.928139610 -2.286853290 5.537430678 5.094201944 -0.516906648 5.225728358 4.981361929 2.375536537 2.304881924 4.328425716 1.461449253 2.543380581 5.291892597 1.777778725 6.378072082 1.629711703
-13.568264966 -2.639056454 15.388802907 0.510566265 -0.422007624 -0.712258813 -0.232204730 7.890198481 3.521129613 1.179918364 3.349071424 10.528703923 3.555499423 1.614939856 0.411999661 6.724653137 11.051430830 -0.669820847 1.622584562 5.083189122 1.956147607 14.806522234 2.316585904 5.735092780 9.778790397 -0.567340314 6.702959665
-11.639684586 -15.427281187 20.429141832 -0.676859856 0.517512575 -0.519415962 -0.065180741 1.853457729 0.185453952 8.600844854 2.656148407 4.239977798 3.203386405 3.096973415 -0.710876892 -2.567486794 1.627425066 0.365598846 8.975750563 -1.132955856 8.865993636 -1.017398692 3.782813199 3.298718720 3.396908916 1.203199708 3.036123394
-14.052586421 -11.154746204 15.761758141 0.004813563 -0.217716683 0.888704067 -0.403461717 4.065831955 4.290418026 -2.670026907 3.798795841 7.164911155 -2.027319195 4.103227530 4.344342991 4.769897666 4.841335681 1.754753983 5.077787782 7.290002155 9.058666182 4.319664831 7.739900878 4.165193925 2.693351614 9.093432963 4.187851200
-21.707649486 -15.535966056 19.318162442 -0.009668403 0.891086020 0.376219231 0.253636191 0.199351173 2.211589339 5.638423115 2.108329940 7.123412906 2.805709706 9.061081417 -1.492888543 6.097328327 4.320353058 6.339857759 5.512315577 10.002124334 5.320244283 6.943297881 6.314510676 0.621127888 0.637118533 5.727987309 7.434453150
-10.856320539 -10.239179984 13.015128854 0.003757943 -0.835383962 0.246358286 -0.491352326 1.278688313 4.803833674 1.947057722 -0.383445562 1.331390153 7.798322232 2.961843762 2.692772393 0.401871807 -1.401034618 2.568958608 5.260070748 7.438294818 1.228764121 2.457096548 5.209505143 -1.346492486 3.936623457 8.062530341 -4.047671842
-18.400768853 -14.504805379 22.414002750 -0.001905569 -0.889573271 -0.170406533 -0.423812905 4.102495394 3.263574767 6.921074080 -1.240276959 3.207641376 3.043856856 1.407444779 1.770362544 4.207047752 0.276081654 2.949322356 2.116047475 7.790257042 5.279770104 4.563664313 2.441887619 4.260642840 5.451593576 6.052851722 6.049794363
-20.668775622 -5.636455469 15.964420164 -0.778714514 -0.266855839 -0.272399336 0.498186981 3.007263619 8.901483145 5.071196835 9.628746089 8.552295204 -1.932038423 -2.832244475 1.406780809 5.177521696 6.849560969 6.339538485 6.989675212 6.581452766 2.003309800 7.067989572 0.775113436 1.981463065 5.851327523 7.630165949 4.625355933
-15.555874470 1.173162877 20.681846559 -0.500952338 -0.172804526 -0.057441146 0.846100388 7.211122445 1.678753695 -0.247169502 3.220223666 4.683950572 -4.734432775 -1.623491005 2.008668934 4.907877006 5.480748844 5.022908449 5.891345576 4.949768761 0.476262471 4.529200982 6.606126061 2.424286361 1.147221241 3.196414819 6.511453412
-13.832027981 -9.912146068 10.776144002 -0.432911079 0.599036051 -0.395874583 -0.545001947 5.045713187 4.603242677 2.787998222 -2.929714660 1.539929233 10.667997779 0.750278593 6.753009441 3.929111055 7.454954394 6.252644660 8.541913927 2.346814747 -0.150050388 3.764592402 5.311352687 -0.606337722 3.768265494 3.445287485 5.359560655
-16.028698769 -12.772116590 21.544644473 0.493295412 -0.225937980 0.359320031 0.759276485 3.893279394 4.194322969 6.487657973 0.394949412 4.651137563 6.590627164 5.640340877 0.718883814 1.619375935 4.431552581 0.897676889 8.420606192 2.489650974 5.800145532 4.863238819 3.453593085 4.060679069 5.045276505 7.025645914 8.410382046
-23.541867428 -12.932824843 21.129931156 0.339485434 -0.513068470 0.484568555 -0.621855048 2.291680160 3.533234005 4.233078871 2.300590636 3.373345190 8.573824272 1.079269100 5.534354726 0.542576058 6.403540599 5.008552016 6.182996086 3.653470902 7.049361855 6.759216659 -1.912574623 0.713746927 11.490325914 5.212471419 3.820530870
-19.972460285 -14.362399973 22.533874042 0.619128573 0.658183936 -0.311532828 -0.293974512 6.041915297 6.556577318 1.150307853 6.255781033 6.998979421 6.297513401 5.491295091 0.577090822 5.672471632 0.793535226 3.666023785 -0.982969992 1.329141497 5.066003892 4.941954819 6.008133858 2.793470135 6.586611710 2.418843241 7.953234225
-25.926856138 -4.121710475 20.520930113 -0.043400138 0.435588336 0.598198711 0.671220926 2.839035045 4.398119019 5.359277868 0.475667852 4.600873036 8.130959762 1.487936003 2.560418996 2.460734931 7.316703359 0.918303463 2.417067021 5.383794057 11.194580618 5.125264880 4.487575874 1.780893010 7.827938106 4.265707191 4.464254552
-9.618279423 -5.425147563 21.108096774 0.918030643 0.186512302 0.103829647 -0.334144138 2.982817771 5.514481590 2.006389510 1.004578976 5.449221922 3.101788913 4.870530409 3.409168551 2.302537869 3.671559625 6.953242049 1.446916718 5.840287624 1.519655408 -0.000951528 3.404275802 4.346579953 6.206897699 4.312876646 4.814444550
-18.914870656 -2.525175885 12.496584499 -0.811182028 0.263126266 0.278007001 0.442109028 14.029212499 4.553983080 6.065732810 7.383590363 8.915339625 2.582174258 6.048907807 4.831702767 4.749283574 -0.687159997 6.055596554 6.457890306 6.838315520 4.837969887 2.132501139 1.669582979 6.399515066 4.255535026 3.593782174 7.856924012
-17.791949080 -15.521239344 17.771566926 0.327377492 0.068846144 0.910915312 0.241490125 5.450238781 1.352586391 1.452479103 3.025907697 7.489744860 0.595206807 8.669680344 6.130238921 1.446448687 6.595556650 6.066272293 4.985386272 10.044877106 0.361617137 3.459045776 6.556715112 -1.392825304 8.715327438 6.314130066 2.636267039
-13.904379805 -3.303765232 17.915287636 0.164176978 -0.221032037 -0.547649237 0.790108266 8.532460500 5.360698085 5.653468008 2.645284782 8.266801839 4.054896404 8.637812797 0.974836306 3.825206254 4.704310533 1.919970594 0.390998964 6.846160642 7.447720421 6.265278666 7.068738785 8.526339879 0.961987837 1.829288834 2.859631567
-16.869913728 -2.209553478 23.661954055 0.082300611 -0.903737122 -0.385860027 0.166126047 0.865265588 8.339504600 2.311962608 3.858916685 -0.039272510 13.028401540 -1.553455682 5.643258521 7.064509502 6.911780284 5.321646039 3.818044619 4.347218804 8.142291254 -0.570641043 4.575723442 5.740513714 0.889504720 5.366320750 6.908202204
-15.284856092 -2.300569447 16.919931565 0.620672727 0.144105985 -0.586498016 -0.500018909 2.856086591 5.038548255 1.457872574 1.761493038 10.295909288 0.196018922 6.074296727 1.772701941 2.921232435 3.402496453 3.597897229 5.306500074 2.334906375 3.377721139 3.084370814 1.568078414 -0.676009461 0.986899663 3.353698238 6.429946616
-18.402560035 -14.702792442 18.263266850 -0.647903933 0.337191738 0.681334144 0.048020933 8.224146769 8.729293207 0.662145073 3.295566036 0.899632968 6.714788955 1.238571644 2.174986500 3.068993592 6.732642003 3.464155056 7.739867983 1.665787945 2.875118502 5.249565572 -4.297202458 1.974140134 6.091198614 4.078455928 -0.682313416
-10.814134166 -12.015499386 25.074773228 -0.158904617 -0.143387348 -0.862304802 0.458933350 0.319626533 5.419598132 0.692115598 2.416471152 1.769551902 3.914133364 5.310489315 5.717282386 8.643471459 6.356235940 4.692295927 5.805816325 2.634061537 1.222030837 0.904630152 3.976441339 5.384623717 2.218502957 6.984753987 4.559626979
-14.966772694 -15.865605017 22.783176756 -0.812243890 0.002157367 -0.411571116 0.413357503 5.795749697 5.614341371 -2.896766432 8.014358291 2.330900483 6.885151632 1.347296254 6.031983931 9.090576640 8.792578296 6.707658691 1.980450683 3.358835569 6.559797419 -2.000029422 2.746762765 5.511606617 -0.999050273 2.877519223 -1.250878326
-15.860055391 -4.557477767 15.491169411 -0.646409285 0.048643774 0.000575920 0.761438434 4.418734256 -2.149770956 12.633332717 2.645862941 1.457371615 7.905154545 9.059356386 7.123418746 1.079751275 -2.156933199 3.965882816 0.320622505 9.891488449 7.827106577 6.873141549 1.219133229 0.493877934 -1.812676406 0.111596666 6.392699796
-17.425352399 -13.185383315 21.394720579 0.506517626 -0.407579670 0.740100705 -0.171958290 10.443770023 0.557936517 0.933879799 1.429910313 -1.040886071 4.551274857 1.892846549 6.565418928 2.753252995 6.121749168 8.895334073 1.892685743 -1.242515972 3.389135826 5.942663319 3.227935309 5.969518234 8.003253447 6.186215343 3.270399930
-9.579058858 -11.945178735 15.290870036 0.099377535 0.931664031 -0.239061692 -0.254903408 5.722284954 5.248110116 8.387862946 1.297643676 3.007483182 1.036256433 1.448174383 0.991731815 -0.742905241 6.489173503 3.104388830 -0.187481287 5.263610370 5.656963072 2.992187232 4.647509508 4.763709238 5.463772856 -1.235630381 6.113452179
-12.737706629 -3.403577706 11.497641344 -0.654951727 -0.386095335 0.300938096 0.575677765 6.195918810 3.579891809 8.763111658 1.084920412 -0.585489730 7.307608773 5.367319305 7.807867151 11.489188061 6.185490044 10.056753795 4.600804765 2.880209224 4.193849637 4.788487199 4.916204206 2.668765388 7.524704867 6.529367399 7.390703814
-14.027145575 -12.107442900 10.833060762 0.757564234 0.515680555 -0.399541835 -0.023158559 5.871953789 3.852953846 5.185816562 0.199128123 1.134160411 4.269307340 8.968537339 0.604023874 5.389457255 1.336133069 6.185558064 0.503876795 5.017349253 6.579283011 3.033665842 6.143202890 0.909482966 5.709260953 -5.340036889 9.174838212
-19.923506133 -5.745661298 15.238372901 0.283482004 -0.264616638 0.917896784 -0.084151540 1.059302763 -4.065582091 4.151042497 7.349425465 4.233142388 -0.912876235 6.756817898 7.623154327 3.919884404 4.378934893 3.705977937 7.462597036 3.711676807 1.439074165 4.479924291 5.211033941 12.157200812 3.854610554 6.598343584 -2.788336667
-17.937409850 -7.482987294 14.961019745 0.246772122 0.945177827 -0.104234373 0.186755429 5.259788317 6.617074267 5.021030671 6.235654271 3.443877596 6.295022983 -0.628191772 0.312907732 0.659937160 6.297652935 -0.559460220 7.333854535 6.273419752 3.065473934 9.525789867 5.104245542 7.453947663 2.447602016 5.252628172 5.234579886
-21.991505415 -5.063974002 21.674536496 0.508027152 -0.847517484 0.153587699 -0.005774662 3.206997967 5.280575732 6.305261781 5.717572418 -2.633872236 4.246734749 2.655247257 1.483211673 6.778003764 3.528010676 3.275343525 0.776233413 6.506915403 5.360125458 2.318331959 3.919273279 5.062875491 2.142574881 3.088001879 7.163557675
-20.784030835 1.802596216 19.133204380 -0.013087214 0.768017548 0.617074503 0.170870794 5.216322145 3.410682602 1.937706027 6.524864219 1.941675825 0.467882149 6.019869506 12.658033135 7.936093499 5.316413540 1.634946531 4.633240918 3.912461105 7.568415555 3.560494374 3.492736240 5.722833839 6.003023606 7.974402848 8.131126934
-10.277765808 -9.848161490 12.929390607 0.428082333 -0.215391832 -0.536520413 -0.694620559 9.018201485 2.575304987 4.464769138 -1.442616943 0.599138524 1.255624326 7.638201079 3.066823689 4.674341708 4.296258833 2.551429393 5.417806812 4.504534435 -1.192828758 5.690797919 7.213369365 8.812370908 5.826295228 -2.508663251 4.798431648
-15.156155675 0.173709403 23.298644527 -0.949703585 -0.166723950 0.250588861 -0.086437544 4.481804637 4.097778849 4.823646015 2.732342424 3.384751533 -0.436341047 8.588935492 2.793744556 1.318719112 -0.335517000 5.075070637 4.021299137 6.623820153 5.033762887 2.360298423 3.785702999 -0.894992756 3.423650217 4.224599662 1.412993768
-23.945077735 -7.295487142 18.180198585 -0.377078658 0.012859772 0.907229606 -0.185959015 3.197501947 0.207936562 2.805089377 2.204992103 4.938537346 -1.832751075 -0.157467074 0.469298963 2.150036293 0.896165279 7.200268235 3.308778037 3.452155770 1.740179700 2.267783242 2.940760417 6.025396822 7.788387810 4.439901147 3.864268146
-12.506534605 -13.612168745 18.280716931 0.402231577 -0.663933436 0.540038692 0.325208183 3.968266056 -0.376101251 1.850401599 7.453801683 3.518267316 -0.579816233 2.321298365 3.254408838 1.275118535 -4.499448123 3.800401810 1.036001757 -0.693246974 5.919572477 0.981871174 2.323295899 7.515395323 4.930727601 -0.347852378 1.312982943
-24.543607285 -7.821660136 17.725339649 -0.360809368 0.339299908 0.693535941 0.523163522 2.556431741 3.680281065 2.991240524 4.706642265 3.647731218 2.852754999 0.934588173 8.333924631 6.330986740 6.412623021 0.690037220 5.404574074 3.792796196 8.680583421 5.942457897 13.362748116 8.278806676 3.321943498 3.106904126 2.044986356
-20.800804442 -5.559243275 14.990707847 -0.727150967 -0.163226645 0.462249327 -0.480556025 0.582390343 4.268975739 3.768053766 3.439984328 6.574845553 4.843405506 1.587739334 5.720615643 4.063291260 6.699127506 5.140424287 1.150067748 1.727875167 2.557463619 8.996978738 5.268438999 1.656106923 5.164779227 4.587235501 3.375530689
-11.472166238 -3.824775364 15.678867137 -0.993438296 0.098918942 -0.021840707 -0.053088399 1.884706002 3.581141184 4.520137259 4.289909732 5.650879480 4.414125309 4.552184753 3.102870236 2.755856300 1.381368115 4.824272516 0.295109930 1.040722974 3.952187819 2.408469782 4.628694363 9.358692917 3.723465398 5.947354593 -1.196677520
-14.635564703 -7.008780037 25.368299539 0.110628153 -0.357582256 0.472356547 0.797982227 1.697538191 6.787661265 5.711799308 0.572265784 4.305438491 11.072491072 7.669603871 2.964517868 1.947669061 5.725324872 10.739456020 2.843121171 0.768560147 -0.106182064 8.539088713 3.541307163 0.145205896 5.785128499 5.424062578 5.592383899
-8.182412970 -3.991276507 17.427303147 -0.355069802 0.809230970 0.169827573 0.436152804 -0.605616441 4.537349775 6.378076860 6.428269756 4.317129315 4.634981156 3.472056870 1.618332058 1.346622250 9.195316081 2.830032348 12.082711086 2.647494076 2.142698350 3.821964740 1.467605314 1.035030552 7.663676917 3.130637014 2.797440833
-11.199707341 0.525447041 17.616066182 -0.687621104 -0.519158325 -0.301271103 -0.408518756 11.178577471 9.474708360 -1.034096286 0.113934992 6.608220508 0.878253199 6.312241829 4.419211911 2.330664813 4.751633705 8.058436583 1.970899446 3.634640636 -1.382394118 0.124413367 3.256585494 6.154545397 6.251668441 5.548731328 4.704759184
-9.497769800 -0.270442746 17.470404418 -0.189831225 -0.105125166 -0.901677128 -0.374020270 4.781202507 3.555331423 -2.307057909 3.374872900 6.536914167 -0.787176232 0.312583156 9.883343829 -0.329753325 3.399922472 0.788941576 0.547727381 3.036787171 10.022759586 -0.298356825 2.357519932 5.121104366 4.587176476 6.268341822 4.518306334
-18.569010875 -5.218206509 12.913645556 0.865042167 -0.312832529 -0.158110502 -0.358941399 1.410855232 6.592679543 2.204775395 2.980241981 5.687067555 5.919136258 5.384621503 1.122052796 5.511704949 1.508251695 5.798893149 -1.500257949 5.579746482 1.624789511 4.056007627 8.272236196 3.814473525 9.880420393 8.212371183 2.611205605
-10.352707812 -7.082594224 11.688826544 -0.346044518 -0.226192100 -0.557839468 -0.719656482 6.369004943 3.762928027 8.983750881 6.916995596 3.539713107 4.457711344 5.715151647 7.264526038 4.136682027 9.060353708 4.235234772 4.032250471 5.771220541 4.797221235 2.399890393 -0.446549149 0.490275463 -1.635272875 -1.610619306 0.648339590
-17.428653008 -7.507911786 24.841824478 -0.337975753 -0.223315308 0.913917220 0.025651112 3.196657893 12.044713025 10.788116165 -0.688175801 4.896681815 6.822667624 4.814431417 6.208606902 1.904716805 7.055330370 4.255251600 3.415570017 1.456774863 1.069125295 5.036987597 7.358124355 9.909545144 0.986918412 5.157396545 3.649422512
-17.750739286 -1.312046820 11.644462049 -0.776935730 0.371953095 0.092317290 0.499499034 3.634300740 3.175956059 4.963103996 5.511098039 2.743979838 7.017989776 3.535197754 -4.797732308 2.493624577 3.706264189 6.197465357 3.786047043 3.371269598 -2.402268991 3.521263261 10.124642155 7.608763495 10.923371587 2.855329866 2.398048180
-9.165245187 -10.197800231 15.550768857 -0.622601452 0.720386018 0.253133036 -0.171274876 1.423480022 2.259718406 5.283499825 3.249674784 5.964464648 2.447579621 1.066430016 3.072237176 1.558174109 0.621609278 1.268070761 0.366519965 4.200602489 3.719544924 4.921728527 2.581853677 4.138434352 1.711290366 4.806684476 4.599297178
-8.903906849 -2.033359296 21.572768069 -0.675941838 -0.707705566 -0.008620497 -0.205380501 10.476984865 9.859945470 8.156279828 3.216607242 0.192558247 5.467023752 8.568097349 5.024768191 3.650117752 4.676872101 -1.274501692 0.139200962 5.312752462 10.927486975 2.127758817 0.174145994 5.749751114 0.882236204 3.780065990 4.182136846
-18.417386332 -8.613836897 9.826742557 0.974888281 -0.003944587 0.126297760 -0.183374357 -0.249193213 7.426254799 9.470242399 2.851913905 6.701289855 7.266981248 4.885794104 1.934175578 2.347503917 3.634256232 3.143263201 4.587930744 0.605337833 7.461187417 2.986733448 6.648781347 3.105674383 3.148852626 4.036201243 5.887301644
-9.545610490 -11.403582513 19.682419406 -0.381829827 0.226112170 -0.081323821 -0.892449274 1.310801855 5.753884173 0.376358102 0.053343537 2.789373254 6.741304024 1.870090596 4.271680755 4.164691272 2.855873584 2.636640348 2.329538687 8.077414589 2.444437585 7.226407359 3.873694648 7.888374158 0.530687496 3.968319301 7.741058016
-12.602852276 -14.635782614 22.764388114 0.640106808 0.455783722 -0.485059518 0.383720911 7.143613665 -0.504177930 -1.092722435 -0.389853438 5.923542218 7.174379631 3.531500784 8.150820579 2.214565598 4.849102920 7.715253815 5.251629205 3.481249936 4.330576917 -0.517987650 4.420319170 2.471601401 4.065966426 5.136032345 1.017689323
-25.825313064 -5.398814776 21.233339361 0.663986120 0.671446184 0.327646316 -0.030501576 3.207584536 7.321087492 5.835588788 1.424824945 6.613336430 5.897541657 -1.650793476 3.786420071 4.395111981 9.627766200 3.226761374 0.123760457 8.935771995 5.281288402 7.641305663 5.244107377 10.237266564 -0.041405809 3.917598010 2.798224351
-16.839045280 -9.809309009 26.388210647 -0.770590019 0.163524728 -0.200943690 0.582299166 3.556854404 6.563683120 -1.797735725 6.893102004 3.757186354 4.746370305 5.627958242 -2.672965585 -0.696527028 3.572880606 3.696597792 3.026197761 6.530622218 3.103754388 0.462563478 4.385400599 1.385112673 9.425665117 6.342549863 7.106759036
-13.394902476 -1.480810244 25.525585139 -0.211627187 -0.265094032 -0.147614322 -0.929058179 10.451712950 3.568002392 5.544330643 8.470057111 1.006033577 4.288709710 8.532919666 2.032787979 0.003054020 5.711738374 2.786192122 6.523048582 -1.171145758 7.088124493 3.504307839 1.054731045 4.155619740 3.596790477 7.281142826 9.089447021
-12.076126335 -2.977160410 13.976613137 -0.862256959 -0.019318784 0.345847585 0.369498538 -3.637175316 0.221420042 3.811659702 1.527360970 7.658052217 7.398387072 5.780763502 9.382285641 5.377681157 2.304785187 -0.985649647 8.554426203 4.102099652 6.320218330 4.920968248 1.304402225 2.707208599 5.262334836 2.867617122 2.155848680
-16.093809431 -15.351157330 18.889347169 -0.914596587 -0.080009739 -0.376029086 0.125354105 4.909181209 8.710333394 1.175988996 3.652058211 1.656749857 7.279789757 2.841426872 -1.915936530 6.530811962 0.890708854 2.950780196 2.412673577 1.693406883 10.139854229 2.490400782 3.623145511 6.406010319 4.358639583 4.493464304 -1.868176207
-20.445108389 -1.261385206 11.590291605 -0.729368070 0.298670234 -0.360054736 0.499178223 2.734655628 -3.274965344 6.846376392 7.942067951 -0.041243006 0.796974183 4.767020010 1.340389770 6.584955444 2.843416508 5.633771737 -0.354893237 1.779990479 6.959143849 3.826881825 3.534593247 4.206356357 4.304459130 1.442041429 1.016596792
-24.355920661 -11.719911035 18.836503458 0.216029327 -0.393148975 -0.889084883 0.091067474 0.050543906 4.983210149 -0.317396315 2.090809753 4.457789909 6.799062830 7.495666333 -0.292246582 4.795522361 4.918557364 2.497404123 3.141967826 5.674668963 4.464521841 1.040991999 0.176422991 0.096682453 1.685170868 2.260752759 1.751207891
-12.143357065 -8.300036595 17.701834926 -0.392159434 0.652778462 -0.216245365 -0.611006711 7.291382380 8.536232444 2.433095365 7.464495277 -2.198894344 4.054413607 2.073921597 2.317581944 4.942091950 5.970680115 7.140494218 2.280889709 5.233814147 -3.188713384 -1.315006089 4.120249181 4.602486960 3.528331293 0.599867016 9.426367594
-20.815342455 -11.492018201 25.815948228 -0.415032436 0.760137739 -0.016339347 0.499671613 -1.012605350 5.564576944 2.074459733 7.845475955 0.935229097 3.863771016 4.847255467 5.448674852 6.455867243 2.827910494 3.791888378 2.400987096 0.675559351 1.560226358 4.272008398 5.222812356 2.093614045 3.386027133 7.177961774 1.288851344
-24.777252653 -4.501641247 17.633806836 0.084792943 -0.207125087 -0.456553348 -0.861085591 6.730161070 5.959194436 5.369350108 4.050005143 3.011871472 6.247653583 4.119272543 3.154789687 -0.953652640 5.776208270 7.583894680 5.681351194 7.352983336 0.419708861 6.421189602 8.563415478 7.929312798 6.161223699 -7.323939266 2.924588940
-20.957393978 -3.870862315 11.393740377 0.075791177 0.779501125 -0.621052297 -0.030458799 5.696116474 2.963042803 3.459098521 6.789631988 5.246915658 5.130477702 3.726934280 5.581649613 4.232977134 6.523990647 1.429104857 -1.492930877 3.545192887 8.154229873 5.996907233 3.419766973 5.738099185 3.012897478 7.181787683 -0.640139719
-15.077291860 -16.587152214 19.501099718 0.069622824 -0.544161902 -0.694619393 -0.465343299 4.770191726 2.182443019 1.709649802 2.872098837 5.717655290 4.148251533 6.092323481 2.322460038 1.560699303 3.420037851 4.960250375 1.603376091 7.342293706 6.992612431 5.328960217 2.646944431 5.188556507 8.389773272 5.740192805 0.678830404
-20.829534492 -0.126998722 17.618669716 -0.638298298 0.650743500 0.052534735 0.407858164 4.212098105 5.413001385 4.786237132 1.287460957 2.424712974 0.690752274 1.153332887 -1.164959800 7.231259182 4.231546307 -0.143109000 5.545581065 6.393967670 1.421582763 2.901146010 2.490961557 4.220375785 7.518607318 6.754801741 3.857488926
-16.403473326 -12.225187199 11.217767424 -0.863850049 -0.021004182 -0.242495964 -0.441041522 1.924186053 7.094529642 2.933557138 4.028136398 8.202867500 10.208409114 -1.447813044 5.200908790 3.631658063 4.717264778 6.678397869 9.734917878 8.445075691 5.470494448 4.318154477 0.818545645 3.684616971 6.991886619 4.434586845 6.822243707
-14.788136907 -0.454237129 25.439204314 -0.296684268 0.761898517 -0.289712169 0.497549950 -1.391462594 5.020341359 5.067572034 6.525200418 1.376518376 4.538509350 7.204185608 1.559959883 0.996837180 2.640760648 2.412189585 5.580853662 1.683210559 4.410104937 3.471833243 -5.051870801 -0.152519636 7.519403996 4.431023766 3.608954562
-14.645597547 -0.622815332 25.924106030 0.447333532 0.089904844 0.695002462 0.555681031 2.881443239 -2.799562877 3.626029970 0.902976073 2.591741087 7.466276836 0.802582436 -2.245009040 4.171589824 4.581413172 7.326118756 1.240104896 8.729821878 3.269060832 0.785924480 2.255176008 4.898678278 0.479659480 2.031948614 0.719903565
-20.770810342 -5.914396194 21.783218202 0.820164103 -0.035189130 -0.424900975 0.381512426 5.749917578 4.060672905 2.392449033 7.572444989 0.108176172 7.335437824 -0.463341550 3.563659655 -1.253889806 7.677818903 3.913151007 12.525021959 6.137400634 8.130416554 7.575458935 5.822726483 5.492055361 6.807652845 10.595468681 1.594618430
-20.055863395 -11.428457052 10.490720813 0.657389937 0.395536938 -0.305802059 0.563803247 6.207108626 2.771108768 4.399809619 0.916942610 6.802600396 0.252413187 0.492873423 0.673760699 4.911114545 10.351581181 6.990894325 1.947457913 3.200774046 2.281153437 5.807560920 7.801085561 7.401140269 6.224749745 0.851726570 5.085871419
-10.173005540 -10.910042714 22.341632704 -0.514266369 0.308248054 -0.619970749 0.506112150 2.976744955 5.570159826 -3.850711492 3.941928035 3.521862243 3.696964394 5.547986257 4.282908207 8.032485808 4.160016560 3.088295357 5.035903708 6.546982335 5.001175286 -0.335958021 4.209186199 5.863674177 0.669963014 2.631289019 4.203330394
-10.932919174 -6.581551658 21.850601327 -0.000882520 -0.012928439 -0.830525185 0.556830309 7.020557995 9.414610371 -0.400851634 8.395165104 1.132468865 4.329334821 4.674525653 6.452316772 7.884255630 4.961676402 5.500678704 8.736906024 2.783852682 4.414977288 0.490612602 0.788675635 6.113570305 0.396539586 0.677947652 6.960089352
-16.786919237 -5.028362306 12.010775132 -0.502340335 -0.279140641 0.762213057 0.297936144 4.824069974 -0.047161245 6.024667984 3.236262472 7.248383404 3.098705613 1.971688212 0.462007699 2.913289759 4.622915753 0.905233090 4.580240679 0.372678387 6.677962564 6.884288337 3.363687499 2.700379316 4.752011729 9.149430496 6.216603162
-19.524043736 -1.304875652 18.920805768 0.663260112 0.086122989 0.739148261 -0.079553144 0.667065403 7.043130835 -0.074183665 2.849375469 -1.382126863 4.887073713 7.842502874 3.326601886 3.723026620 1.753460429 8.225178805 6.143103302 3.414907416 4.121076698 7.906173854 2.655119787 8.654043944 0.102011881 1.010303582 7.289338438
-11.774389488 -13.579707588 13.919668188 0.257555433 0.938083152 0.080424131 0.217249068 3.114625316 0.416340054 2.763306386 -0.321673922 6.056349996 3.625755885 1.801550403 6.156873998 4.077049390 5.939236649 4.573251881 -4.768085165 7.684044217 -1.718233675 6.213423135 7.273914521 -1.527071678 4.715578550 -1.942236792 7.750034448
-18.109970654 -8.523812795 28.017861709 -0.120333254 0.123379462 0.712257577 -0.680431157 0.408138713 10.301743338 2.246035692 2.648547680 4.220868353 4.030475333 -0.179318001 5.999952649 4.344457039 3.684199358 2.062701875 3.905231260 5.149349427 3.454708770 7.158573427 4.519657031 7.790204370 7.230587481 6.403902674 7.043635916
-17.341799951 -2.350986162 22.277643953 -0.579506176 0.086509981 0.765185404 -0.266795638 -1.205311097 1.822313295 -1.658107305 2.071067332 4.733097957 0.202760102 3.682277940 6.489930877 1.036730309 2.282801351 2.663455621 3.448387663 7.297702966 4.492119804 2.605134680 1.464030229 3.133653753 0.977932592 8.327948083 4.971326629
-10.382441098 -10.272220047 11.864405420 -0.171962566 -0.128525954 0.369427562 -0.904120142 2.107231796 6.257368747 5.382641957 3.939135783 1.479215303 7.269757544 6.946258444 4.485276510 4.306324452 2.459227903 8.222430528 -3.255431251 3.970406252 0.694321773 -0.121453144 7.045434827 4.781382652 2.577084309 6.062379441 6.358146620
-19.202870343 -9.750692468 12.137100240 0.123707461 0.547271106 -0.524205496 -0.640624226 5.024288976 5.558787305 3.404937611 11.491082743 -0.621909678 6.000494954 3.005152607 -0.320079628 3.180975936 3.134449801 6.967230442 2.887527120 3.245184588 1.808121778 5.755141402 1.828581167 5.739608611 5.543925611 0.824802011 0.604018643
-17.095205799 -5.691447568 26.650894314 -0.393090494 -0.489063987 -0.727031954 0.278784536 2.504321703 8.877448106 5.989344090 2.162642919 3.199233009 -0.553987095 -2.166988945 1.303772615 6.749692671 6.788891377 3.948445636 6.058628170 -0.780537882 5.349327460 3.742262405 4.092093582 8.407147552 4.844574668 -0.901581975 0.228635234
-11.612160855 -12.610620410 21.434887287 -0.781671440 0.553949465 0.280681319 0.057859716 4.324399711 5.658945371 2.808698250 7.031725953 10.513576158 0.907843776 4.528444795 4.016912998 3.548890908 4.356301084 2.549203678 7.899386936 9.157843753 7.564435972 4.424177309 0.755450110 4.683741991 2.285817918 5.800880386 4.216551927
-20.421820706 -1.688784962 21.569662048 -0.771648584 -0.327693419 0.082538322 0.538853330 7.205453772 4.537413470 6.180142762 6.967863781 3.485250972 1.583814765 0.019722787 7.775324473 3.958155851 9.012720269 3.159148224 5.613931970 3.103724520 3.339199104 5.937599106 8.602456209 5.844897773 2.035225727 -0.642559217 8.935780995
-20.467371040 -3.088190314 11.893252511 0.415761462 -0.346248683 0.804016160 -0.246601440 1.077408503 4.271387182 2.281984712 4.043259758 6.126512581 3.600292630 7.579279330 4.303637357 4.290293428 -1.541752813 3.126218102 3.928210659 3.725795198 2.947228490 -2.795866996 9.339218060 2.247707833 4.373189086 -1.985455290 6.211370427
-16.616160380 -12.003562584 21.209312447 -0.866734565 -0.112888293 0.130889589 0.467862526 2.579253784 0.418997152 7.134466674 -2.932144106 5.485469573 -0.954394385 -2.937985984 2.651698453 -2.064211782 2.850110758 2.517350423 6.757097563 4.573356602 3.641066941 1.284378954 7.162554020 3.479114845 5.116562561 0.274483514 6.251862459
-22.712765876 -5.442019277 11.569701746 -0.561143048 0.398494685 0.024232287 0.725074660 0.254814568 2.798907336 -0.320693614 -1.776029014 4.241784024 3.230261379 4.988001989 0.132753578 2.170557295 7.635366548 1.316225703 4.853556996 2.118571946 2.399557307 0.665496996 5.247446843 1.202356321 3.099533299 8.782850024 1.891702299
-9.488372713 -5.591225047 16.739859798 -0.241956389 -0.940103090 -0.100437789 -0.218118171 1.698871590 5.337438296 12.703321215 10.418788057 0.498699041 10.153363223 3.684806110 3.533489189 6.006143870 3.799600506 4.151548986 5.269054965 1.435985736 0.861994570 5.116351871 0.126327520 5.764451581 6.663752065 4.168324006 8.719089121
-25.590627714 -4.055609205 17.452666980 -0.117032300 -0.467674568 -0.800719489 0.355573115 2.481548309 1.588349316 2.360078260 7.821457705 -0.637986472 4.713258997 4.228336974 14.581777053 5.298647237 4.230087226 8.956355524 4.902519852 8.099556666 3.750235280 5.156348468 2.109004388 5.012384545 2.288807559 2.548493209 0.584110167
-10.787978475 -7.332047593 10.910396148 -0.598828904 -0.148006898 0.568439242 0.544403095 -0.674115984 2.533282597 2.542176671 3.524149007 6.028172415 8.311332630 0.724610418 2.385847362 3.877171225 10.310600106 7.231578420 9.250361379 3.093713055 6.743344475 0.789438269 6.236489488 1.332212916 3.568439161 8.797067178 0.659812896
-13.877966193 -7.484085564 11.908218000 -0.710673622 -0.305421255 -0.154853371 -0.614557803 3.392252580 2.976313249 7.833692103 -2.102805049 1.996326273 5.002531107 -0.946616793 -0.795137601 3.518582703 7.035446301 5.319924219 5.434914532 2.784162117 5.789663932 3.227906739 6.780834947 4.703958175 7.259261072 0.458612323 2.912143330
-14.642917786 -12.912847273 21.862951059 0.373996244 0.243595478 0.878922135 0.168178277 5.323372219 3.663266751 3.271444556 8.258911294 0.815278914 4.401107919 8.550594391 -1.653757793 5.064590496 8.987775997 4.334051706 -2.020924236 2.999058850 7.817577279 6.296245483 2.924350272 2.782133462 9.208623011 4.895245547 7.577376067
-10.121689757 -6.822603461 18.270321408 -0.281078010 -0.487259998 -0.563276752 0.605220743 5.685388112 5.111658963 8.327737565 -0.338546919 7.738151047 3.878606367 7.647734365 3.129151189 2.962465491 5.136281159 3.636482615 1.663666988 2.397609810 2.795332566 5.018727862 2.472908360 4.305356144 3.220508074 5.171844129 4.954369781
-13.180943642 -15.907530128 21.920239886 0.573157954 0.139719034 0.800900601 0.102600087 3.090076478 -2.054390715 4.817941307 -0.147057081 5.420473057 -0.501224699 7.693464017 6.345907232 9.476641686 6.211361301 -2.592532463 0.527599498 5.216731573 6.976502854 8.088730585 6.766677325 3.623007433 2.503132163 1.815881741 3.434914974
-17.169451120 -0.638444249 17.183144787 -0.190808875 -0.571121091 -0.702145886 0.380005037 -1.501336428 -0.069915084 8.716627807 -1.183624893 6.572754190 5.597716777 9.132720266 1.936470453 4.120671232 1.343684284 2.991137633 6.807057794 5.264679248 5.199901724 0.658816437 9.099695095 4.834258486 2.868216385 -3.291080871 8.977708828
-14.282566478 -9.276686443 17.375385178 0.481792722 0.238078742 0.836634880 0.106001710 4.286057700 0.736623933 11.786373276 2.891258841 3.694168126 7.879419633 3.951160697 9.357149576 7.063041078 10.115543660 2.293156721 2.746750211 1.671501021 10.663115161 0.702584613 4.115011672 2.901943840 6.009761841 5.958912770 3.971308028
-11.653744904 -10.671242778 17.437389317 0.733868781 0.024852190 0.050646368 -0.676944552 5.481006140 0.703744348 0.169770608 1.005317881 2.711073271 7.928976716 5.323271898 5.204562675 6.505872377 6.903169413 8.138476018 2.388997645 3.899308335 8.653778678 4.365014862 7.671217078 2.192728118 0.936278752 6.414989334 8.850551652
-13.922425701 0.327357858 24.604099774 0.764848215 -0.317806979 -0.449395681 -0.334737889 5.249979944 1.566045592 5.164549090 3.484971610 6.893704708 1.191669463 5.469381181 3.944211870 4.518877365 3.814887640 2.180386598 9.576328226 6.126120894 2.174288064 -0.398003024 5.600666359 6.074535654 -6.106444117 6.051005203 0.675888206
-11.625681255 -1.964897094 12.540369654 0.939260038 0.183291686 -0.171715054 -0.233898866 -0.545228713 6.991192107 4.881629169 3.962752274 4.179711591 4.526061381 6.084434743 6.421987625 0.486302241 3.296335901 5.617678647 2.494335366 -0.635584999 5.703999937 0.226432091 3.056916220 3.806674508 5.333581672 3.354249206 1.114245979
-22.168447639 -8.678841281 19.466505740 -0.468628000 -0.087809734 -0.778483003 0.408217421 2.039051816 4.762156197 5.348436778 2.068773889 5.441555019 4.143918017 4.093044740 5.586300340 -0.863016953 3.696863137 4.191312745 5.970319492 0.791757727 -2.929096962 1.070069232 1.070612942 4.259364292 2.132116871 -0.378862888 2.388572563
-23.295081439 -11.088897400 13.600624836 0.910841499 0.372188101 0.169996442 -0.054267768 1.598248269 5.817751175 4.628709339 7.513241936 5.169468422 2.294409054 8.129327620 2.687427255 6.713089119 1.803726245 5.842311779 1.279238421 1.703214346 3.467582517 1.078231007 6.318545002 0.170945673 1.931934322 9.848111184 7.139007173
-24.554500882 -1.697639176 19.473769603 0.179953290 0.313131862 0.687900395 -0.629569929 4.960470850 4.172309680 2.856197300 9.061098920 -0.417495653 5.737816743 5.793390389 3.784726141 4.074803460 6.545982220 4.701834366 10.414240072 6.356700182 4.331359606 5.314764088 7.956016013 8.653209335 -3.966536897 7.166828522 5.778907801
-13.688112984 -7.998272846 13.293234607 0.192891565 -0.536563137 -0.564839570 -0.596530891 5.718314561 2.947809712 -1.303229759 2.671752736 5.193987006 5.976438892 2.701598637 9.587313314 3.961688750 0.698056109 6.416735801 3.450991212 -0.592437044 4.873474245 4.171062383 3.097302128 5.651575452 3.317508753 0.620943606 3.784344964
-19.504023912 1.843290038 16.811982654 -0.166470059 0.093747784 0.980593239 0.043999682 5.646171713 4.314089464 7.100211756 9.995746270 -2.272115117 6.387579308 -0.328415614 4.828417017 6.874791800 5.806596773 3.469725704 5.870545710 4.183313060 5.569086414 1.527024877 4.367632609 3.086060753 0.889959866 8.844422033 6.503413112
-19.349140464 -12.789950845 13.625497683 -0.142773939 0.978606296 -0.021766220 -0.146531743 0.956818220 3.151524712 7.556323195 1.765472008 -2.038343683 0.338694695 4.068874478 2.192795310 1.908024268 8.974609164 8.065230099 4.839573804 2.851486673 4.614852181 6.957251823 4.549948309 2.308079157 3.889245837 1.446194255 3.651139340
-15.143141561 -2.188204377 13.024609370 0.502843258 0.636245656 0.342435608 0.474423837 5.012154401 9.424974456 8.026220330 8.943968028 6.818182801 4.832004531 9.776680611 3.730113906 7.651928126 2.916262200 9.185888592 8.146447850 -0.155968757 3.712769308 6.050504366 5.651453802 0.494000091 5.430679009 1.189119011 12.644155418
-21.831333139 -10.725307163 11.418322429 0.464511376 0.569030459 -0.677831129 0.031280633 2.844737118 7.154165689 10.415939985 4.967956097 7.342504492 0.916018395 1.775153652 8.015002572 5.024799819 2.346652223 0.656521602 1.074034413 0.220581187 3.230513789 4.106909171 2.472177709 2.604597275 6.564790517 4.730670823 5.298158817
-20.893448727 -6.840690193 17.708716174 0.686739925 0.293650101 -0.481131098 -0.458988845 3.022763978 3.242495613 11.775934277 1.123964328 2.995408192 6.593904129 4.558147694 2.101100866 5.234950843 6.869034306 4.306121136 5.299202261 5.602977117 1.339950982 6.903556606 1.219206320 0.903103442 2.043873630 3.145380420 1.691317111
-19.470880276 -14.982633074 15.990649451 0.136938516 -0.489862858 -0.157987415 0.846358198 3.946923623 6.619276017 3.186336097 7.661424587 5.461091650 2.624542071 4.385480248 2.459039293 0.619076474 4.792527124 7.226562966 1.671137344 8.004919767 -4.279977323 4.104256793 -0.356273252 4.961225424 7.077412153 5.358145551 4.233225483
-24.631487806 -10.444776768 22.752177623 -0.942538494 -0.195249305 -0.120948843 0.242631972 -0.212104829 2.254132945 0.943103137 3.868610431 8.581838574 -0.018703771 3.670595234 -1.820705309 -0.609867784 8.509804016 8.268237333 4.236484331 -0.692171142 6.456482158 3.655952652 1.644286535 3.262548309 3.978803552 4.508091603 12.504624664
-13.785001578 -3.306475578 25.757704122 0.084003069 0.940143570 -0.110947791 -0.311069348 3.890199232 4.311679759 8.776622399 4.400560086 9.601979873 5.369851287 3.647808266 3.817393801 5.871570885 4.582559460 -0.622795986 2.845386024 4.256538981 3.665800596 2.373827365 1.587519400 5.812806918 2.649552892 5.843826049 6.325309252
-18.949324117 -4.600748893 24.178651954 0.268520437 -0.346102757 -0.787980814 -0.432661408 7.484065857 12.513387880 2.813239319 1.810521972 -1.900737301 0.209442581 4.061196274 -0.534259731 5.704420770 -0.113342041 6.951565900 9.986500971 1.618496930 -1.027056058 9.431298127 4.839546374 2.748770620 1.665584531 5.968749757 7.427138538
-20.876749863 -6.688970621 15.264139189 0.684079763 -0.426091608 -0.589805588 0.051089997 5.062131944 0.295471805 2.986985514 7.516976133 4.552024356 1.773137002 4.803398619 2.537736380 2.079648553 6.072222023 0.841534159 4.402716661 4.142640391 3.731218391 1.021384831 5.923079215 7.329636699 5.361177063 8.658528146 2.313728733
-19.757253008 0.335654931 20.798305358 0.629528915 -0.504246036 -0.443515033 -0.390798792 3.587258489 4.718981665 1.496126110 -1.288855209 5.496048410 7.262661987 7.605080158 3.877347652 3.758733337 4.762338989 3.534716639 0.890416901 4.870685671 5.322463284 8.142569906 9.524202512 2.844451200 6.128712316 3.401538460 4.977375296
-21.724434782 -7.074592739 10.279320873 0.016244909 0.613551243 0.781033388 -0.115229429 1.101772179 4.222341325 5.233190131 6.049154199 2.878573248 4.045783008 0.726796647 1.256029948 -2.064205638 1.545193799 8.060957297 0.087442636 6.674501529 2.907838348 6.577682512 6.626707939 7.418669957 2.657004002 4.598688765 4.453925986
-16.276694036 -4.514538137 24.577424753 -0.364846982 -0.322540955 -0.720371237 -0.493881861 5.971410655 4.218296052 3.901028395 2.764434226 4.069206052 2.709326445 4.239389582 4.070623687 -0.507704341 7.889595287 4.339968820 4.311793870 2.409200918 6.944379458 6.622423068 0.673105461 1.303701388 1.382586824 2.932782145 2.355927231
-11.446749233 -5.330206111 18.863628517 -0.509689979 -0.352357338 0.757628498 0.205084108 0.991464081 3.851593993 8.021280542 9.652422435 1.015699318 3.729131092 4.817987785 8.933825339 0.401044406 10.378418357 5.450193235 6.806092065 6.724670148 6.749558980 -2.309727778 1.895344114 2.819599401 -0.720721700 7.483696280 6.243506656
-16.527854894 -4.327795298 22.917050792 0.873501067 -0.155806527 -0.307309518 -0.343920153 4.231208106 4.906743717 5.936434602 7.582910993 8.416948282 2.310336870 2.565959112 1.692456488 4.725492733 7.026447379 2.361459379 0.390761212 4.413199657 5.816431835 5.613737733 2.771552689 8.470232057 5.461468256 2.928640902 4.518735433
-12.574984107 -13.111652918 22.996199718 0.089739473 0.097827689 -0.968625644 -0.210097433 6.617071953 3.387145511 2.203909434 3.722578340 12.129719468 5.583130266 -0.634728612 7.849104898 2.035260794 7.108455183 7.139385897 -4.300236058 8.577707575 1.716881762 3.292059115 0.445082133 5.331618643 5.685332177 0.624904008 0.530283247
-13.775523184 -5.228602562 20.490415542 -0.185830415 -0.551093131 -0.806814460 0.103989640 2.506847680 4.863550564 5.390805243 -1.762559708 2.561388687 4.054434864 0.067821244 0.847854578 4.133394588 1.511449305 7.049517085 4.959547269 5.776841933 1.506092524 7.668180082 1.991902940 -2.259978111 6.352964755 1.369570067 1.256990920
-22.444547766 -11.536181642 22.006840624 -0.037469698 -0.770961831 -0.628044836 0.098861320 1.657996006 5.653752175 5.000333672 -0.412800519 0.040431803 5.455115971 -0.140373540 -0.252156972 0.924744147 5.994230238 3.576016745 0.010675069 -2.208683711 7.496623190 0.601271936 8.802687500 3.558740573 1.540201664 -0.537910845 10.001781418
-11.863906266 -7.169907016 13.442997891 -0.128497171 -0.244111388 -0.679793986 0.679542673 8.644860801 5.900647611 7.171250504 1.699506711 5.919025486 10.414045254 4.687051982 7.986118690 1.845418238 4.663502112 9.953303135 10.813438369 -3.550080465 3.976815192 5.104929942 4.407407220 5.992768975 4.861558721 5.725918114 4.245063577
-22.518388681 -6.787084345 16.396216363 0.525688920 0.743603381 0.197154518 -0.363091265 -0.991630001 8.416903678 10.238365883 8.794349800 1.483438776 6.493897342 4.638275582 -0.742906063 1.391438354 0.764057055 3.697854021 3.157651709 4.541937377 0.160505491 2.763237264 4.351242791 -0.532262910 1.939286968 4.761456176 4.607926456
-22.997945638 -6.206991653 23.351950350 -0.731239647 -0.221130679 0.639342693 -0.087354000 3.462167726 3.830816886 -0.535555951 0.328807908 5.324654862 5.576409873 6.882914488 5.076955336 2.761761214 5.402030157 4.135940123 7.540285316 5.620274180 7.952700126 7.471333309 -0.619508903 3.996730299 2.698719081 4.924986762 6.360839545
-9.499847879 -0.077596524 18.982514571 -0.355160360 0.005820550 -0.488105771 0.797232711 0.723454741 4.057195531 -1.827221210 0.915361423 3.358298155 8.454149970 5.176218119 9.885022881 1.298115265 1.414813120 -0.021763835 4.474761140 1.148593569 2.732613658 6.976162263 3.526035584 9.170725864 -0.952573494 3.213638577 3.958107804
-20.699156226 -1.099917468 24.474790906 -0.860572421 -0.465334177 -0.200174515 0.053003548 0.320400680 5.282899339 5.506028157 7.249021660 2.624852773 6.110456941 4.380330539 0.430922387 2.988879982 1.530781389 4.072215959 -1.272147766 8.650996402 7.435675666 5.644034376 2.421242465 6.208576566 3.157678833 9.171583360 3.793354492
-16.737298592 -11.915425862 24.173308083 0.858902719 0.147705673 0.163451587 -0.462334006 6.117210862 0.755630374 3.929777886 1.722798180 6.930537249 1.805955497 3.637384671 10.221702636 4.520195274 3.432402165 6.753979689 4.587683278 4.637485159 5.286098490 -1.773085494 1.890635616 8.184040345 8.791340487 5.589903289 -2.680251774
-13.425298475 -12.952094841 18.246184871 -0.564505438 -0.232963336 0.203930796 -0.765162679 4.134289741 3.912371658 -3.908059295 1.688269358 3.107499065 -1.592134076 5.830447481 -0.478641659 6.286927369 4.389886883 3.677018983 2.473184736 6.643313198 7.268554816 6.734499237 7.815821783 2.247209344 6.342932546 2.722996102 1.215670073
-14.489306229 -9.869442448 11.489610308 0.105053483 -0.265987394 0.086741005 0.954301037 8.705333285 6.718998900 2.374587448 4.329271170 2.567588673 2.319327694 9.702863450 3.870805705 2.077035573 2.617656495 1.550423430 2.220575021 9.452203399 -0.088343581 3.427189541 7.292846494 4.221766732 1.122168725 -0.220043190 3.746792036
-15.644020152 0.162231785 24.135697389 0.854174743 0.234572825 -0.393834693 0.245469618 -2.237938855 0.852540295 5.365988413 4.302913426 5.253634290 2.039581011 7.078101299 2.691673869 0.157130012 3.452789681 0.275665407 4.304506361 3.322009424 1.754085681 -0.338828739 4.661212574 0.396857884 0.120632320 6.127807593 -0.062035777
-18.694757745 -14.985464368 21.857139805 0.306043172 0.920947891 -0.193025526 -0.144684848 5.092313582 8.367549450 2.246083297 4.211348181 4.580566382 0.476678120 3.392066528 6.560721150 11.854664425 5.217857043 6.249449700 6.911074633 7.704820476 7.520435818 5.118383412 1.057360672 1.903336498 1.930490083 3.016760918 5.262969984
-13.706452897 0.551587233 15.633396178 0.356120026 -0.665603154 -0.632828908 0.172274613 3.425367439 3.864352687 3.969729630 3.151781115 -0.473181165 6.254254422 -1.281154480 4.003331904 3.641580704 3.871570286 3.781991103 2.137728656 1.069865828 -0.083161520 4.163115035 0.505167280 1.079796907 6.292871329 -0.070029290 2.173994010
-20.172119679 -1.731446423 13.172036601 0.263358950 0.691950704 -0.538104275 0.402852425 -0.450401357 7.565896529 0.183109169 1.166747796 1.052785069 5.175263571 7.558105896 9.012245047 2.388056250 -0.355246495 3.184299156 0.855606748 -1.158162622 4.464335538 1.995170237 1.551533642 9.110816645 -2.387920387 10.317453912 6.299145113
