8.215096919 -26.429560348 -0.491152846 -0.185489886 0.416552430 0.783037116 -0.423001713 2.817546289 5.632830671 2.803789597 -0.789352973 0.050582319 3.186786128 2.597067306 5.126747464 6.809085221 -4.034212504 4.018890191 4.303819337 8.411556422 4.836551156 2.289824570 7.936709928 -0.673515869 1.922934288 1.233074883 4.750237738
13.010688559 -25.623137779 5.520000954 0.065915829 -0.350150310 -0.245754962 0.901473440 2.005965997 3.510597763 3.569326223 3.574061071 4.204411019 2.648447152 8.455930500 4.358090612 5.664018493 -0.770386790 5.374172174 3.415438307 4.523498038 3.869837128 2.661849962 0.682603374 3.279339377 -2.689227987 1.576622018 2.476186728
15.893915551 -23.640143215 10.621082342 0.496878966 0.082067161 0.574591903 0.645151470 7.885065091 -2.208577858 5.410014532 2.428128456 8.214576269 7.949242080 7.311414467 1.854692020 5.615492927 8.372561872 1.677563594 5.388639002 1.742505925 9.130874851 1.820963570 3.324243613 1.389104381 0.761783116 2.955852985 4.205059909
17.538434611 -25.569293912 -0.116893943 0.029238454 -0.508646215 0.455075695 0.730294634 -0.644691550 12.137979989 4.839624039 5.914805186 3.292142937 5.652889153 2.062228608 1.997276909 3.279224697 4.395777173 1.964527458 4.932028502 3.947838004 8.710500867 8.025593536 5.531691708 4.503385795 9.076091438 0.842317908 -2.842306399
17.650749239 -31.523039472 -1.713820160 0.048070433 -0.147230542 0.892009434 0.424654648 1.369603445 2.176151210 6.130279977 8.397635654 5.348786499 5.532702635 3.773622348 3.938522027 10.507517114 0.273675777 3.427734056 0.203753327 5.066678632 5.275212693 1.656999904 4.023109870 7.369394577 4.430672815 6.719663274 5.436826376
18.767427050 -29.209602301 2.302812403 0.403006312 0.905018488 0.092560655 0.099799667 4.874206771 7.102287465 10.715411419 2.519213647 -0.011579683 2.968046398 3.668989211 4.105371453 7.743912687 6.871866491 -0.232117497 4.553880155 8.380447983 2.382885782 6.899045007 4.835279980 6.045070770 2.124384925 2.629983888 7.451914030
14.934213668 -20.486403576 5.368309726 0.354936588 0.721409500 0.369669941 0.465760118 -6.930968821 6.739723763 4.453696694 12.479464283 6.474723034 0.106895055 5.183570733 0.669589369 3.549414441 4.574940390 5.453601959 6.994032862 2.208189853 4.474105697 11.815415707 -0.662049262 4.831109992 3.101417644 4.411235327 1.640130919
14.257389897 -37.307906705 1.435609427 -0.253789375 -0.163545565 0.952915995 0.028194124 0.809721855 4.045215553 5.747513868 7.130592033 4.307212704 5.848027335 -0.384043375 -0.307573372 7.004348118 5.167996816 0.959739301 2.640444933 5.116667241 5.286271441 2.276812223 0.474061725 2.325871776 2.497377303 1.919493309 6.177174590
11.258363826 -24.554600643 -4.687130517 0.647825383 -0.469003254 -0.516603718 -0.305743061 5.429193840 0.350657549 3.721420690 1.811845835 1.336344157 6.900905731 1.504536398 0.763450764 1.738134024 4.321735602 7.798075882 6.157697570 1.742550075 2.457999153 1.756687229 10.503684605 2.981512554 2.776622705 9.678393827 2.834618556
13.679455869 -34.083663025 4.974441675 0.074228570 0.882729864 -0.462916327 0.031409890 6.274523288 5.790461618 2.797798656 9.332768721 0.966035393 1.229760960 2.328855100 6.772997748 2.063717694 2.015559010 -0.806086130 6.679308591 7.077385379 3.859421095 2.430640775 4.690268753 -3.837354887 8.293354805 6.614553814 7.280303117
19.910483945 -35.837249908 1.449807281 0.361758038 0.714834619 -0.127879878 0.584627511 8.001689706 3.370543840 3.687939981 5.150566424 4.514787252 -0.178126185 -0.087518051 3.830247517 4.931749218 3.913885140 6.779619405 -4.896837695 1.073902683 2.137555822 1.641870474 1.301128971 0.192191607 5.240305922 2.089003839 5.663492584
16.808729576 -21.269519024 5.559557055 0.663364214 0.582957239 0.039997346 0.467449451 4.166882562 4.156572297 4.218105307 6.611608189 4.055069618 7.226602208 6.270418952 4.311550958 5.701488359 -0.109386615 3.477051198 4.244944397 6.043637865 2.146382467 7.678600023 3.081515955 3.617671677 5.504473809 8.715013888 1.476036527
14.351976226 -32.833448616 9.934005411 0.868999548 -0.457795531 -0.169141613 0.081572989 2.137522190 3.801796075 2.408655174 3.239850878 4.238498916 3.119416072 1.995411402 -6.049328737 3.979869208 0.690229851 6.370452573 5.270128268 8.697817637 4.177198639 2.009617976 5.945370724 6.639981810 5.105488955 2.216266626 0.585952999
16.149495340 -26.880734311 9.877011344 0.358293787 -0.549974073 -0.539330052 -0.527519834 6.539441314 6.417734514 4.831774181 1.878280486 1.638166594 6.160349221 7.317818741 2.475458505 -0.743712227 -0.049616084 9.763046182 -0.710247274 3.963378628 1.820240551 8.990673435 2.959990678 5.502920122 5.860609610 3.198229357 -0.485605479
19.491228458 -32.346153025 5.691758745 0.025200111 -0.197770816 0.502128439 0.841497885 5.099519634 3.574291119 0.821918238 8.854797984 0.801637093 7.445974909 6.908165762 5.467485770 9.050263697 1.763886517 4.756509731 5.832771218 3.147838046 7.352764229 7.646872048 3.340241474 6.483274387 6.838540245 7.487471329 3.066834265
14.802332715 -34.011215165 4.637133087 -0.655553855 0.178786196 -0.303139607 -0.668125002 1.738402437 1.563350551 5.327694776 3.061513326 6.974652113 1.410564320 -3.084001022 4.276377286 7.763298480 0.576939191 2.600390622 3.184175342 1.677068014 8.252744028 4.834114841 3.471781806 1.421949946 5.464913540 3.245969908 0.152923989
10.802043383 -22.965424546 -1.802644174 0.171224393 0.671705754 0.624279289 0.360234586 3.835945467 4.786992273 3.426643326 5.447163423 3.698399935 5.673837921 6.227150216 6.727968182 4.364699424 8.454587520 -2.475218832 5.271370023 8.406914893 -0.817581965 3.806021045 8.306552321 3.909127883 1.803551660 2.722308993 3.594963932
12.847974346 -34.071358629 6.784980633 -0.605070544 -0.743952189 -0.277714915 0.057438695 5.656587803 7.001860579 4.409818498 -0.523398649 11.095574618 5.714311655 2.731603852 3.944683179 6.683101731 -0.245005858 2.826588749 3.914647527 4.738590326 0.446704083 4.853962677 3.729189788 2.669475728 4.278027572 5.262378038 0.965094333
15.753220749 -26.608412667 2.099435184 0.034469817 0.345108390 -0.804732081 0.481786580 5.485256097 3.648607122 -3.024030283 6.429504483 1.432698162 2.775963761 5.986848513 3.869554850 2.730914070 2.656900714 3.829861878 -1.238654997 3.981914090 -0.427820765 3.833831240 6.918371127 4.473453012 7.217669133 8.544322469 3.327143084
11.515696446 -29.685659688 4.938845939 -0.876493490 0.136259560 -0.320998004 -0.331892716 4.788792524 4.158168445 6.244111919 1.202497704 3.945733692 1.454838325 4.628191889 5.537751821 7.979469865 5.971119117 2.872616618 3.282633108 8.939319858 8.310133909 5.578179754 2.195676106 4.650236987 1.311382422 0.273697927 6.177933970
15.338417506 -24.047070377 9.157762560 -0.423285427 0.675865070 -0.590345994 0.124609239 7.251833458 2.048226439 3.836325576 4.747558454 9.477377668 4.419697644 4.639202867 1.832606936 0.519364748 9.417193275 -3.204508963 0.846946093 3.207295570 4.042533787 1.606330759 5.520549835 8.276912511 3.577327464 6.685157982 0.477494653
10.695822074 -30.924293629 4.864941636 0.158389246 -0.124166672 0.806649430 -0.555708719 4.977476117 1.980447184 7.126051312 1.846592922 7.492392456 5.974516612 7.180101604 6.131601183 1.540946911 2.774020282 1.299493166 6.239551601 3.705277173 2.880229749 8.542481132 4.196627087 5.588315669 7.482445988 2.773950953 5.780096368
17.104611316 -27.574750521 2.182967631 0.789671824 -0.064720278 0.606270925 -0.068302715 6.594036601 2.235664009 1.810308836 9.435578795 13.099522971 2.348410317 6.762356029 4.370265281 -0.530275264 3.698092772 3.221750903 5.623360912 7.575803253 5.210134950 5.804871416 1.340140674 3.844142087 3.207114492 5.136820910 2.612896957
22.632789915 -30.320820346 5.473480596 0.785715402 -0.161348416 -0.189800467 -0.566210014 -1.021002197 7.324989342 0.353594123 6.652062079 1.468005624 5.788327123 1.973372616 4.081327732 4.251372145 5.100060376 3.940632269 4.241190451 8.177660696 0.353027372 5.945600009 4.547036017 -0.356840083 5.255117770 5.076350622 7.460464564
16.434296272 -34.428307672 10.455711979 -0.599863975 0.511995488 0.090154444 0.608190766 4.685261475 6.211618213 3.630008881 3.197829394 5.876975523 0.070610025 -1.955411063 2.371970089 0.460663676 6.032794743 3.597631315 5.944067174 3.933465456 8.387927377 8.697473239 4.326671614 4.188801070 3.107505519 3.932539797 3.711663619
8.748547783 -35.928556773 1.107000004 0.721934919 -0.208540267 -0.373008442 0.544229393 4.839909917 4.963118453 6.313638081 5.503888541 6.013224258 4.004010822 -0.350718795 7.191207372 4.785348911 7.304748914 3.170738621 -4.781950257 3.832574371 4.732530741 2.399480974 -0.141154248 10.624529322 1.786539912 5.294106526 5.661434347
6.799194159 -34.658667391 5.382192559 -0.160710577 -0.065918250 0.673247781 0.718724092 2.613387629 6.921664704 10.249210098 4.746761824 3.509047260 7.474154950 0.478986183 3.461464668 3.485810546 2.167445274 0.572892550 7.299073447 4.493377888 3.558589429 4.414968235 7.298117617 2.332644793 6.357993261 4.996509248 2.342112754
8.223904061 -34.357398023 -0.021657621 -0.304578928 -0.448507943 0.384707989 0.747042211 9.559955593 7.579006767 4.088245766 7.309474210 9.557604620 5.779090418 3.110208321 9.706278746 -1.298419435 3.652474466 10.257209707 0.609031000 4.821899314 -0.974903897 5.023823209 10.717492184 4.996235651 0.400087417 2.548026107 3.518130838
16.048393638 -31.479251738 2.494150807 0.659695522 -0.617370669 0.021829494 0.427993865 8.716446250 -3.379148280 6.139198416 3.150110154 -0.050180047 7.580220355 8.039790717 5.702584256 1.051001123 7.390817693 7.162493185 7.923798623 6.619457659 7.022390604 5.482748713 1.064159514 8.348841858 14.549697093 3.248574877 4.731219582
8.798090511 -26.799127754 0.131507844 -0.184566041 -0.259039990 -0.876467026 -0.361440469 0.032543090 0.742062372 5.577198941 8.525553520 1.362673324 9.414282771 1.144342386 6.001914873 1.566282502 6.758228681 0.023342532 0.575381988 10.427996259 1.431438834 3.947292875 0.768743959 4.305578226 3.242582214 1.528889527 1.090865483
14.342125171 -31.528924902 10.698528511 0.007369192 0.206620146 0.978097854 -0.024049900 8.655153802 -1.684975172 1.232496601 5.457088568 -1.353412400 8.126447884 -1.022669302 10.958931006 10.034318044 3.434355297 -0.991225072 6.116515213 1.919080686 3.974749208 4.690835770 2.403075166 10.064325474 5.039727661 3.626949492 2.113796703
15.235299220 -25.334861485 0.296185870 -0.525644140 0.742728415 0.202631712 -0.361929729 4.253583035 8.860661078 3.616465328 4.598105446 4.308742678 3.166933699 5.909841062 3.839807382 1.605335660 2.006314687 0.859858295 8.100873556 6.773668301 3.730222429 2.642061169 4.187707000 2.790610820 4.636664223 5.920439921 2.573911017
19.770375351 -24.428655574 6.871714680 0.508725759 0.592831572 0.065751470 -0.620826524 6.546772819 5.683135809 0.781710632 12.329497269 5.377559921 4.526070749 4.446519778 -0.598408653 2.619529379 7.029965275 8.008428240 5.043330144 1.229217635 5.475594361 2.704715237 5.256849998 3.071414466 6.538227847 6.389999668 2.408620269
9.257910294 -26.791637173 -3.386842721 0.294448660 0.811816237 0.503576646 -0.025786557 6.725449555 1.469944843 1.710881502 2.483241502 4.422048968 1.695463270 -0.789155331 1.296750029 -1.094215971 4.898527548 6.778797910 3.956814949 0.657950712 2.228340290 6.222780083 9.553969339 9.336912794 4.229203812 4.527371542 3.296350613
9.626958713 -25.575172645 3.957292948 0.856917014 -0.325961422 0.397449357 0.038423829 1.782015494 2.111790502 1.636532536 2.877026765 7.837395804 0.704753242 -2.116841177 2.704254114 -0.385690619 6.127582559 2.437986742 2.756702299 5.763007313 0.946287650 7.511200123 8.823902155 4.209613932 0.274983588 -1.673007412 7.737509446
13.641361672 -22.283362950 -1.721772322 -0.298939288 0.872888589 0.023006787 -0.384930515 3.659332117 7.179114950 5.061292636 4.957215237 7.693605019 5.746861317 2.435468525 4.244695966 3.261824121 6.051614589 6.461311391 -0.079222802 6.804072775 0.281679960 0.607066604 7.363324338 7.095410237 3.976194711 3.333364997 -1.826227776
14.465177941 -31.851044254 11.005978980 0.330298541 -0.664379575 0.419961097 0.522623508 -0.129401623 3.332007481 2.389138926 3.982395438 0.478633761 -1.302238580 -0.452331408 4.424055561 6.377918961 2.579031474 1.065562781 -1.730156693 6.034161909 4.108618556 1.998529709 2.528531908 5.384587693 2.529832790 8.780766024 7.456683563
12.853510750 -35.217269930 10.390298571 0.434366414 -0.425398966 0.083229636 -0.789578600 4.650898691 2.640151658 7.821030109 8.077804597 4.048023772 8.865589960 4.805370745 6.600872627 2.104318048 4.658529942 3.355487981 1.566330328 2.957592853 4.221492306 -1.188004262 4.663417508 5.051568955 1.137192401 5.452754459 1.586339910
10.477800767 -34.890893387 -1.277955026 -0.839612828 0.283322427 0.446108803 -0.125561290 5.406590843 6.658949678 8.381655204 5.666534546 1.124682337 7.181985204 6.744378072 2.438096967 -0.347271323 -2.815237385 5.621143375 4.224532339 5.116943951 3.555337225 5.102127438 5.652100398 1.890082433 4.221534312 5.058904014 3.794268783
20.905091103 -31.775780044 -2.801618859 0.086143000 -0.056055807 0.791218598 0.602835185 3.636210282 4.165710455 -0.007484779 1.489028943 4.181848082 7.635599000 5.881435681 5.470654728 7.913280547 0.934365563 0.775923493 5.299575926 -0.955495682 2.328750724 1.943902283 4.094947830 2.913861641 6.195267557 1.631161273 3.005897779
13.601049232 -33.762529716 -3.811013012 0.476834677 0.132378486 0.752161341 -0.435152783 6.316798449 3.910035902 1.634013586 3.391198403 2.646053488 5.923305417 1.373712587 6.016320654 9.945232927 0.011243791 9.088326205 1.375547256 4.694422712 2.361177587 -0.021844668 -1.231578597 4.339875218 4.184777249 -1.957897792 4.869936338
14.662146584 -37.245352066 7.692980839 0.708869426 -0.628531511 0.292106433 0.130866754 8.684886006 1.132461028 1.502090519 3.528039228 0.176218535 1.188248377 0.564192536 3.127561956 3.035490109 9.297256671 1.367213567 5.353509361 2.017087083 1.437557275 5.906433258 -1.141033724 0.830978194 -1.421532295 1.468945093 3.425461587
19.808611093 -30.268166758 3.401684970 -0.774107012 0.552580942 -0.122650718 -0.283495040 7.118128037 2.827988303 4.219804034 7.851044855 6.973767373 -2.304707826 5.101768251 4.487124400 4.359564804 4.138481457 2.126042846 5.055217831 -1.205391927 -0.320529698 2.659904322 4.486320281 3.068771527 1.989940221 8.640114126 11.480558725
14.025516753 -29.234111494 7.640414896 0.457971521 -0.409130187 -0.252488587 0.747746006 2.271683115 -0.440227273 0.620268977 4.101235007 2.381248377 1.897677041 7.744399042 5.745108163 6.697198239 -0.460060021 2.147552983 0.185729928 6.642194219 3.421067311 6.729097601 2.134305304 -4.789637696 4.999626799 7.013565218 6.719403439
15.721584744 -38.502123957 6.598222377 -0.069598205 -0.477946231 -0.229631663 0.844980940 2.244706376 8.454515213 0.885418654 7.325678223 4.215411674 1.963139855 1.824542998 4.253063285 6.828610061 -4.847504110 2.059355441 -1.274119289 6.957203300 4.607556911 6.230964679 1.622394022 0.923749724 4.337113499 0.771022833 3.869563189
16.039385205 -24.232457075 6.993775154 -0.134019422 -0.680790574 -0.620163980 0.366004955 3.015166845 11.240667483 4.952276855 3.240468669 6.231496302 2.911850401 1.505645444 9.140893445 4.084241884 7.155718177 5.224913558 -0.971081769 3.579358509 0.627495518 3.876342346 -0.605542893 3.682518866 0.328713964 -1.963751260 1.594214162
4.831202613 -27.343968175 7.254691912 0.047185196 -0.791667746 -0.560023103 0.239603549 6.590831666 3.562633603 0.991779940 -3.309095127 3.187895866 3.094080914 1.419799483 11.173768880 0.194578824 6.315665034 5.621005886 6.169508924 4.903536627 1.531834314 5.695101522 7.463912850 7.694059883 2.045604111 -0.096633665 1.424912121
16.805523437 -25.885362296 2.292376710 0.873521195 0.482334503 0.019452845 -0.062735441 4.807239928 3.418036309 7.472997867 -0.731854610 8.142812755 -1.477348260 3.367632019 -0.783793579 1.486673758 0.032847738 5.507644704 3.700108120 3.916667248 5.021944343 6.246956406 0.968034772 2.266968714 9.164945917 3.851491245 6.501147304
9.872072389 -30.835127765 1.861754936 -0.441667287 0.040178460 0.572313269 0.689763163 3.851969373 10.035314952 5.124061666 4.908119627 -3.394156895 5.146836322 1.094172859 7.626781149 6.576377442 0.748277078 2.268852018 3.524736226 5.044603828 0.895679308 5.508518202 4.906030938 3.304516489 8.236532735 1.733874931 2.396906692
5.364200851 -32.789794182 1.289943199 0.973634932 -0.206114369 -0.073342396 -0.064597052 7.289129712 10.566906391 0.356164888 7.702833822 2.899577128 -0.445172252 4.283636508 6.299556213 1.211987288 3.372108754 5.533600931 3.797402119 6.926087888 -0.731845068 3.138882754 4.274367695 5.048339147 1.552594555 1.836405820 -0.046846889
7.370639705 -34.497045138 -0.774155732 -0.861751537 -0.108495042 -0.205170786 -0.451129763 3.678729367 2.354844787 5.644609600 4.354946449 0.586109013 2.414076923 7.540319003 5.828815323 -1.126022124 3.867192166 7.378225198 0.924321318 1.730570138 4.542661910 7.827336802 0.503732846 1.009902752 8.512762510 3.150421257 1.112580573
14.670719970 -27.767914779 9.131567234 -0.816042406 -0.435277269 0.326338157 -0.195222687 7.188018315 4.508190689 2.522091119 3.380014700 4.997870959 8.860129931 4.566083399 1.680766973 2.151640081 1.405142635 3.563255141 8.915361555 2.808941555 3.827727798 4.433325801 3.219576434 -0.151334258 0.032286347 3.779261715 6.259499588
10.830078151 -23.455968332 1.071072283 -0.155690265 0.720131566 -0.196244821 0.647038669 8.641284781 2.137505042 3.209421780 3.451341275 5.773769355 5.926211480 0.219410391 4.679706682 1.055815970 6.555758551 6.745372406 -0.665642810 8.437185841 6.164653150 5.896095867 5.003008905 8.826078733 7.012322443 6.322164841 -0.760765061
15.368263880 -37.577727013 5.821266324 0.700111992 -0.449095423 -0.555101242 0.004371503 3.550407564 1.498439302 4.413708621 1.858167918 -0.516841410 5.114583853 2.908772445 2.663472784 -0.461254687 1.350237096 2.106911764 2.590658305 6.365178931 4.634311039 1.022956330 9.449378637 1.583197361 2.894691005 4.563724248 3.821648663
12.045202625 -33.956399139 5.419218777 -0.819633759 0.470209405 0.030467573 -0.325845582 6.140063842 5.396336334 -2.576794993 7.386968687 3.311311929 7.348595212 7.521763531 4.480459818 5.940808365 -2.286803969 2.519956917 -2.953027292 -0.544796565 0.052197294 8.546124404 0.247569166 6.720691188 3.931069542 5.657668678 5.111829481
6.485096860 -35.389076488 1.939890379 0.408616921 0.238951606 -0.641090971 -0.604099917 0.538771928 0.923666910 3.664462475 6.446559597 5.724756247 3.943378850 2.237865887 7.316056830 7.696863444 6.163875172 8.806212999 2.815554288 -1.612378888 5.124925433 3.220471069 0.230548932 2.292797104 7.848150499 9.189032128 3.134561461
14.451403296 -26.511322840 5.741838961 -0.040955877 -0.267789383 0.448310282 0.851838807 0.371584000 7.359776548 3.250255310 0.253196399 3.547681541 2.753639281 0.994432839 5.834780624 4.802837149 10.043853764 2.234354854 7.162658946 3.168520461 3.895537048 10.267573386 -0.815101381 0.836752856 5.175838614 3.019429917 6.677060564
7.056809139 -22.362750464 2.458365785 -0.118926558 0.786873997 0.598410901 0.092683219 6.622292603 0.762514055 5.472881423 3.402534415 3.221111333 7.209238611 4.799827155 4.830643275 1.949179880 6.144658384 -0.173614368 11.921027803 5.845618675 8.867811082 0.335597608 -1.292911848 -0.685355483 3.666509354 1.538525018 5.525676135
17.066433798 -31.537423380 3.352539645 -0.555066678 0.069864685 -0.630894763 0.537579488 0.329756666 0.813749356 1.244596583 3.218387832 0.818084209 2.888261509 4.327149061 3.583392816 3.923946717 5.143851508 -3.463967524 6.649998017 6.884998189 4.833540954 3.533402540 6.829552186 3.061973383 2.660748703 7.674891727 3.471463788
12.510610788 -37.864517144 -0.554749708 0.525084280 0.786649179 0.288528849 -0.149065996 5.329869619 4.048111736 7.972812304 2.371884175 7.525628343 8.274203404 1.959741608 5.890741057 5.905304270 7.518858011 5.231148782 2.089006155 -3.078689981 2.568384664 7.448310723 2.934596679 10.696081355 4.163570562 7.303290372 3.457755639
7.333817864 -27.863579453 5.243990976 -0.352355880 -0.572763538 0.305905500 0.673950360 6.407645247 0.779855387 5.463375866 5.756536890 -1.667992959 5.854800710 0.955832712 -1.978069700 7.500972840 4.923457269 4.880066613 0.498443124 3.427326681 3.627037744 7.995202225 4.223730500 0.325630297 2.610341877 2.977934239 1.729990874
12.574452589 -21.785951095 8.198557740 0.155343285 0.404434440 0.879502880 -0.196916051 1.595410009 5.567501469 6.909226404 0.243257872 11.353853270 5.458017650 2.154096894 1.035283110 0.255407242 5.024085589 6.073024081 5.141968947 3.832865957 8.882725822 3.834677797 2.123560041 0.316003105 8.123353848 6.734323366 2.980609477
14.743612492 -31.908920623 11.834448065 0.825378327 -0.221341967 -0.407325903 0.322248289 9.018273579 4.402725472 6.311541690 3.761318407 2.079010203 2.439753455 6.717630054 6.117348834 3.570361119 4.646823585 5.696477935 1.720122627 5.673618692 6.623071155 4.922953609 4.436206280 5.948439792 4.075785849 9.880398521 2.936093227
12.062837348 -28.265861522 -1.776244362 0.235242006 -0.081567424 -0.476304849 -0.843292146 4.091936926 0.838708525 1.041248479 7.633476865 7.527630366 3.071223359 -1.218879921 4.149655103 4.662784636 -2.532731392 0.650137656 3.061648601 3.720934185 -1.323666936 4.948888137 6.947112109 3.364938366 5.760277006 -4.601372588 5.450425481
10.439001883 -33.932517536 -1.886157535 -0.680913832 0.707881674 -0.160404563 0.097623076 2.994486981 3.643159364 1.532755486 -1.983427699 8.502492975 8.284574707 5.675982823 1.667101720 2.432882811 -1.758402065 1.701040027 8.549568169 6.212770071 4.772721717 6.942869731 4.729926599 5.671352705 -2.551103692 2.177650426 4.404848810
17.056239374 -28.967112610 -2.497493448 0.818953112 -0.261195293 0.462519568 -0.217183029 0.911687711 2.072860886 3.038133987 5.169648110 1.919640619 1.976312562 -0.749515575 2.481609585 1.612308061 -0.171358305 6.854771862 2.863982840 4.029547527 0.609663288 5.342420142 -0.178984537 4.570718326 2.079022284 5.188908206 1.232727518
8.865438421 -25.499798922 -0.998570348 0.399944515 -0.375922408 0.316416245 0.773697284 3.701054801 1.409568958 6.111847215 0.688628934 1.125457077 0.488192034 9.166173687 1.066834840 -0.118038939 0.502699380 -0.825911681 4.787788724 4.189280064 3.772389087 4.299584096 7.572133957 6.659368279 -0.164504822 2.541650156 6.930264124
12.399283916 -27.193458872 1.404710290 -0.836986194 0.268960215 0.441826420 -0.178616709 3.359188517 -0.608822289 5.334469781 2.575825190 5.844763128 5.247619755 5.804636770 1.864910092 2.264848258 3.397923780 6.044037068 4.632914748 4.385442276 11.523066378 1.518157805 4.605898609 5.160418297 4.228116748 8.611772051 12.941867841
11.016487310 -32.697615586 -0.733163681 0.162676291 -0.558295854 0.088894566 0.808665518 7.628146021 4.541561732 3.703477689 -3.798860311 7.389827089 3.566083610 6.728231680 0.335237446 2.478207942 4.316956583 6.666072131 2.365194377 1.262578344 4.980939991 6.097073622 -0.659962516 4.745751943 9.373514305 2.498827153 7.493304881
6.998026073 -32.795101564 -0.190345110 -0.652928069 0.408329956 0.628007666 -0.112062286 4.837109305 4.663517920 9.736327051 8.048813413 5.008855902 10.706718490 -1.453729992 10.612886713 7.076311513 3.989680639 1.299366516 0.354170179 14.931767415 6.568122008 4.140742917 5.468402931 5.668841801 5.137026760 2.948262589 4.564999238
11.280669144 -28.340200501 -4.666721338 -0.272862928 -0.542732119 -0.784257490 0.126205621 2.197712707 5.635941761 1.982469408 4.812314033 8.529366448 4.752046248 4.450631834 1.845112761 -0.216802259 1.741871763 6.512296815 3.156889036 9.980085867 1.802978609 2.361192553 4.596400599 6.398220933 2.185014201 4.174145537 -0.977050220
10.228510383 -25.331618473 8.098533456 0.270504258 0.100815873 0.951689936 -0.104641635 8.418018535 6.888176588 7.396694067 2.093681311 -0.099698645 8.817209324 5.277379749 5.030069925 3.771747502 9.145222483 4.784738187 9.295575684 5.383474352 9.363874127 5.569466325 1.390350571 8.131798248 4.223900077 9.726579575 4.097170240
6.676685938 -28.138393301 8.097661900 -0.114504996 0.195861933 0.275925990 -0.934019034 0.449694712 8.562346149 3.562270282 1.438668876 4.859760426 8.171871304 3.154962244 1.929916399 0.001693900 2.543285340 5.089968805 2.683597792 3.471731278 0.542278273 2.267054155 6.017298100 4.781937630 1.041151421 4.566889704 5.208043234
21.730060805 -28.770532148 2.955127587 0.608998152 -0.214078911 0.360170483 0.673475088 0.643754450 5.855843944 -0.067118763 7.329552650 -1.030253801 5.424457499 6.964633376 3.647313545 7.108768609 7.283237114 3.538538402 6.004203317 6.725764907 2.918933611 7.645193572 0.899970069 0.637971304 4.664300577 2.507853267 9.665518094
7.602279339 -34.849766685 -0.871623671 0.161957899 -0.779529690 0.483126009 -0.364269627 5.989295444 6.279954855 1.902909312 5.397649297 4.098224233 -3.979913528 6.109165453 8.499675254 3.174817310 8.275397038 2.604924256 0.700334051 -0.154563517 -2.391823627 5.000751080 2.130205286 2.511534715 0.894302244 4.477364954 -0.633151833
22.243590604 -30.313317285 2.768112616 0.096180226 -0.272776717 0.260530305 0.921122243 8.117044078 4.103276659 -2.121589402 8.529545560 6.799186007 2.383478147 3.940213172 0.096286988 4.364970241 3.276105875 3.998419705 2.758617613 1.428620597 1.950519024 2.867255481 4.774117715 4.790635897 7.142558746 8.376754401 2.838437696
15.293089827 -25.904836426 -1.923376552 0.105044441 0.394868307 0.892684980 -0.190153130 4.822529239 -0.183781673 2.851928600 6.789487083 2.780861063 11.589648034 9.038567813 4.855639907 1.287002182 5.888868965 1.162891478 1.841507368 2.299594008 6.599998858 0.337170055 2.488483991 1.660557642 7.856472744 -1.003007711 1.162744042
16.269837341 -28.788850366 1.570623931 -0.248040948 -0.798551820 0.362735135 -0.411356173 5.005382691 -0.587259066 4.724320599 6.939042538 2.721567590 0.939595594 6.411476778 5.381603950 1.311319690 4.126801822 2.720123268 0.446003843 7.345034117 4.110902804 7.259309450 0.315288467 5.752329267 3.077608498 1.615361022 6.741084450
14.437170088 -38.508776461 0.792374820 0.218961546 -0.639151578 -0.401449151 0.618368564 3.595977903 6.277249976 1.061403346 2.603453729 3.806177786 0.795768726 3.712837207 6.604434875 2.246856099 5.361972878 10.545489063 5.716936092 5.044034341 5.881623121 -1.395221395 -1.151640098 4.708118791 -4.797019199 -1.921433525 3.681917968
5.955950515 -32.086584657 8.013566925 -0.363969579 0.581848387 0.650352364 -0.325607743 5.395840210 1.149051073 6.560212662 6.068163584 0.692029594 5.655436670 -3.186314433 4.426310760 7.285085969 3.911650621 2.964976030 9.549303396 6.121856614 3.175237543 5.973024782 4.344983766 -2.451008511 -0.115253014 0.238871568 0.713285106
10.714978861 -24.812563746 1.615012090 -0.276700217 0.669053913 0.565485126 0.395006864 3.706391075 0.092063296 7.290820225 1.876700666 4.045577638 2.743176420 7.912136863 5.178839464 3.349451130 5.713437873 -0.985889232 3.709105657 11.474022983 5.476347597 6.265659224 9.319166758 3.291612920 3.753441141 2.957512685 2.589368050
19.449863210 -31.102732513 9.301152417 -0.957668912 -0.169210145 -0.101218901 0.209744883 5.199621561 0.747204886 2.408889058 6.315341494 3.474529134 4.846757373 8.108002324 4.980328610 11.079517719 5.495366015 6.609554437 -0.158356282 -2.305897380 1.515546816 0.193677032 0.355657030 4.711499980 5.145147992 4.008409595 1.418942035
13.330999380 -28.251100064 -4.095971159 0.719282926 0.092704274 -0.504656968 -0.468358127 0.163624196 6.293075919 0.495127101 5.277201743 4.461736822 -2.073261596 3.323470042 0.487041348 6.417079711 4.977322573 1.532300778 5.159006244 5.910298551 -0.165047563 7.948732862 -2.009445961 2.610383459 1.591886677 4.222985697 1.432980008
7.467780029 -29.753442212 2.682411638 0.669022794 -0.314713475 0.184253237 -0.647622324 6.166023381 5.473772560 0.515056036 5.604124446 3.229412518 11.746953298 6.224233153 5.334156367 0.254859356 6.611314392 3.605249864 5.533343085 9.283609820 2.377686113 9.067356647 8.352168285 2.456812705 3.257842853 5.197850305 2.011931604
10.211149397 -27.785948415 -2.139241024 -0.193636664 -0.533036340 -0.503012846 -0.652192594 0.516330053 4.981190481 5.294639455 7.816646254 5.407213875 2.799999960 2.915556932 3.370176356 6.346078404 5.181785063 6.722570712 4.239425045 2.838273937 4.381242298 1.030117238 5.531922290 2.898177790 0.303524058 4.483158243 3.568447168
11.458050724 -22.504124708 2.215317886 -0.074251483 0.048717610 -0.691286631 -0.717102577 2.433770423 4.135783169 2.545260979 7.664202085 2.036074873 1.587115960 4.997416870 2.632658814 4.139753817 4.776435193 0.946916218 3.673844870 7.816379979 5.728346307 6.603134264 8.315993993 2.230266325 3.903679064 2.385979704 3.061236013
9.288363554 -27.041343116 11.800251295 0.447056362 -0.330242014 0.461035215 -0.691756714 4.800708032 -0.421895776 2.104817034 3.950129223 6.921291201 0.120219221 -1.009271307 2.711190267 4.323555057 5.461438100 0.870159361 -0.853093371 2.885949239 1.905618268 -0.819208880 3.198610748 3.573107530 4.158448613 2.736153122 6.843415882
11.518161403 -23.709902450 -3.472262287 -0.142476964 -0.521363706 -0.827091184 -0.154273697 5.983293619 1.825441497 5.368695041 11.948047365 3.636725870 4.968997173 3.841933318 1.931191006 4.706976161 2.812722061 8.291033934 9.742061175 3.344015374 2.539469318 9.420871049 1.387881283 -4.687306009 4.866593666 2.562842579 4.964736851
13.185714684 -37.589461478 6.660595853 -0.517856854 -0.425924301 -0.210855666 -0.711303491 8.889309705 0.126546047 1.071721953 3.712847595 3.587962650 8.038357108 4.386582268 1.005629758 2.188952474 2.166667614 1.064445007 6.089481385 9.104131955 4.509570210 4.452555501 4.411974398 -0.969448457 0.931691672 11.241333859 8.993705210
9.336747247 -34.221730725 -0.361459243 0.111437168 -0.578360631 0.800496027 -0.110846057 1.958684874 8.293312210 0.809576265 -0.107516045 -2.820445788 2.043452600 3.846673901 5.527509354 2.378299631 3.327191181 6.784442657 1.094323995 5.006998821 5.046320500 3.409160398 7.353584058 1.804657997 5.999232827 4.039679157 6.521325833
11.170134739 -25.952080747 2.736213353 0.284048805 -0.858235670 0.185400775 0.385193930 2.139743180 0.822844575 6.371498952 2.161027210 4.383154129 8.750587948 0.447312221 4.976816941 5.286305554 4.230280097 4.120559899 1.573352847 5.170292495 6.017385359 3.493976674 0.586821123 4.539865033 2.436552311 1.292373788 7.356230573
11.255176768 -31.757303130 -5.454092043 -0.708883047 -0.283672620 -0.631756390 -0.133785399 5.474850345 5.818375792 10.759280861 3.191971667 -0.357963819 2.952880595 3.448403768 6.772978476 8.710510923 5.258733577 -3.164119182 7.183801387 5.529313158 7.003645086 3.033314616 4.343955852 10.961544654 0.854296039 8.464028744 4.443523237
13.552541054 -30.556516213 -3.135360877 -0.387935181 -0.182971822 0.398808966 0.810542421 5.648036009 2.963923607 5.993212725 1.884727263 6.768585844 6.509586765 4.911159416 1.070730232 2.744413233 -0.271516502 7.040988054 7.256079647 8.757997632 5.787400558 1.339654648 0.860523656 1.063611510 1.344339520 7.218459121 3.778143321
19.980996927 -32.409981771 -0.267738513 0.308717011 0.287795667 0.904626474 0.059316130 3.054561114 5.089133255 6.082467775 5.435372741 8.965220185 -2.228382560 7.073956962 6.718347868 2.379785089 4.532281837 5.116162002 3.468176636 8.043926811 2.472933455 6.815351241 2.107848548 2.092434405 4.470515294 4.341377761 4.117525764
18.853098592 -33.812856981 3.171999967 0.605822290 -0.727500141 0.320576375 0.030881792 -1.560282731 -1.463328195 6.629680325 0.740814913 4.172208949 0.297600374 6.310547592 6.902194525 5.729080112 5.224078693 -0.193140456 0.129845126 2.063505609 0.091267343 5.711522104 6.038416568 5.539766468 5.861797788 5.377916253 6.637664060
14.738617379 -39.092888149 2.034553371 -0.646919531 -0.667409279 -0.192334478 0.314749780 6.829258895 1.817166033 5.618238935 2.226592656 1.680598161 4.743729349 2.514911809 1.921930839 2.376419651 3.261206547 2.281696765 9.071538519 8.419914293 2.569617382 2.408633530 6.014342000 6.227331779 4.488849696 7.039506196 5.444909132
15.965060235 -21.451131095 2.047950249 0.334555212 -0.872116560 0.239335086 0.264960812 7.150858311 2.679953416 6.879646720 7.407341711 4.990606333 11.729106949 5.425556749 8.494440738 5.762709539 -0.193887786 2.891281023 2.267956062 5.794727675 1.895542402 0.809352092 2.602330676 6.703261836 9.519587203 7.032476924 2.372145930
6.042179831 -30.272021911 2.228563381 0.832527738 0.506163016 -0.224786474 0.012946367 9.680133450 2.621376315 3.615576626 4.461944234 5.201343497 1.412748813 -0.463911678 0.568970059 -0.687104980 5.016613267 6.178156665 7.105320742 3.335844894 0.928790365 8.097988836 7.829631938 3.964784309 2.871183565 6.312712373 4.721441562
17.259987454 -36.340049817 2.041182510 0.323074454 -0.067523393 0.090446172 -0.939618528 2.904861634 3.287448122 1.578957140 2.694701192 7.296379988 4.620008514 -0.270878309 1.479060855 -2.817627300 4.717682952 2.429055760 3.283557605 4.206208854 2.839733082 5.335645343 0.344806912 6.221516687 4.260680870 -1.321956516 1.127514572
20.457403828 -25.226993435 -1.434151076 -0.409940061 0.731029667 0.288100797 -0.463187546 5.513215729 2.326856921 4.977972610 5.990936417 4.944856455 2.744108964 3.496853882 1.450972673 9.081667920 5.055498649 3.324950710 3.952661727 2.904745705 -1.755392934 7.061776681 8.476717446 6.666668491 5.566302310 6.672999919 2.888204424
11.246017208 -32.025360779 2.384053633 0.524170577 -0.709068698 0.465069271 0.078596197 7.590889342 8.090469430 2.412752988 6.983681244 2.698155550 3.278476898 4.628387093 -0.504123624 6.725149263 2.005208301 5.664097555 5.032397287 9.946015312 3.534060319 6.300583250 5.240843068 7.120692194 5.780090355 -0.933382403 1.040107419
9.649030030 -23.592733164 0.443238267 0.414799917 -0.710595182 -0.257706059 -0.506540327 0.093590134 4.769702295 7.130651698 8.571900691 -0.945898983 0.936114650 4.019606237 3.657911936 5.601620032 4.680956423 8.058076125 0.074404122 4.291945571 -1.136307118 5.762942879 8.839779934 1.543961788 0.566092203 5.286742800 -4.517532455
15.991734404 -32.627109228 2.023354150 -0.046822868 0.108261343 0.139647542 -0.983150886 6.290044062 8.148484572 2.171273657 0.376196878 -0.219785406 6.332891982 4.457601105 4.510419954 3.678065639 4.284957658 6.481838124 3.192861722 2.327337950 8.889556132 3.606315669 3.112229193 1.774201337 2.982450364 6.254564275 6.359656865
17.414413326 -36.216337365 2.544234578 -0.673906337 0.252836826 0.694188483 0.005112612 2.337277145 2.770694419 10.478512092 7.880076885 2.433712415 4.383239782 5.571785753 3.606302575 6.604981139 5.162387943 5.651876483 2.726359582 1.961681618 2.665699952 7.709317738 2.904210037 7.463921090 -1.814907892 3.641673210 6.691216182
14.246186455 -29.891032462 8.684390257 -0.055018070 -0.412425320 -0.846294784 0.332661248 4.126222520 5.245925612 2.693119567 3.747028234 1.047166647 4.174035710 -2.158519664 8.315581752 9.997674539 0.390903134 4.417772280 4.741365724 3.237934491 6.520631335 6.082748924 2.077678527 9.381383341 4.301419693 1.694714019 5.109595008
21.048344213 -34.188094120 -0.001315814 0.163556179 0.046071216 -0.222497786 0.960011226 9.273458914 7.812693354 -1.546653415 1.258651951 -1.141357862 6.132418512 3.306063950 13.489717457 -0.928604581 2.201503041 6.753575376 -2.808279426 1.941748144 2.265420462 3.876506198 2.734307825 4.981358971 0.989999582 0.175569756 5.019039016
15.215668094 -31.903750820 4.291055359 0.301708961 0.129148247 0.778084838 0.535608456 0.189768406 8.574562716 3.136424831 3.283768147 7.842693899 4.083331620 3.464031801 5.416626898 5.736576884 6.167128548 7.898015317 1.749321762 5.535864165 2.323418341 5.847738984 7.979432358 8.523938727 7.573844922 3.040877360 3.243124867
10.433288906 -33.495410612 9.477016237 -0.005382622 -0.566402367 0.422961667 -0.707292594 1.483076259 -2.480719747 5.537551528 0.065772149 6.435292021 1.043734026 2.029953297 5.896880632 3.845678472 3.772457172 4.928610954 5.835075786 2.541040260 4.186246103 0.809452327 2.167464310 1.750110762 6.294455774 6.641524244 4.421629458
7.819199960 -22.615028556 2.442249208 -0.381585664 -0.127459485 -0.744559858 -0.532707311 3.999974075 4.826374236 3.686837322 -0.404292856 4.412243931 0.676474455 6.845489984 5.664713340 6.965487629 -2.627415154 0.988052696 2.981961883 1.644290917 5.859817352 4.887452100 -0.381944967 8.183013866 2.330585416 2.976662433 0.168448257
5.856553765 -25.894220991 -0.554671506 0.687218976 -0.219193666 0.117579192 -0.682538900 6.206234171 8.359966318 1.940213123 -2.176721574 9.845680037 6.808200534 3.632269021 4.327184344 10.434379215 3.993258769 -1.034329897 7.491417613 6.188648266 4.483467611 3.063628245 5.228529306 3.745367217 5.796018661 5.453190635 2.562150305
13.923058377 -21.239545191 0.976138074 0.085524114 -0.248181278 -0.879066458 -0.397911851 2.855948509 4.264928971 4.305745990 5.832134261 8.432640313 -0.309794001 6.746262507 7.867205503 -1.276796721 5.329039469 1.611529590 3.960757384 4.348097374 5.483525279 5.001968739 3.146922070 5.281794830 0.010975537 3.357188251 3.395616118
12.435303163 -21.121178576 6.335375599 -0.597630090 -0.386612782 -0.698996269 -0.069087253 4.229865012 8.250662215 6.155927895 2.697993625 5.155687701 6.510996945 4.936231334 1.484643314 7.140073301 4.534366697 1.474565666 9.900234614 4.066597717 -0.080433571 4.109530382 -0.765956901 5.383623161 3.440320737 6.079028234 2.306082791
15.683044230 -36.364803075 3.859685418 -0.026973469 0.623803425 -0.080317798 -0.776975398 -0.099227790 5.124958158 7.834541525 4.685543693 6.439558685 7.925873007 4.673234582 6.185851711 7.618961615 7.215350259 7.686040753 -0.162392204 3.002126892 4.190541324 2.062429399 -0.102170869 5.302540885 3.994793839 -1.260038309 3.889016591
20.258230180 -22.082126613 3.848913117 0.214206559 -0.316387173 -0.703028956 -0.599804129 2.870900777 9.757843369 0.421295997 7.208829865 5.695787265 3.354266857 4.419396429 4.596299882 3.818536297 5.379039279 5.534674849 3.038970852 5.586656069 0.752352663 -0.059489597 4.544617169 0.849925333 3.255335865 6.752308623 3.614784032
15.751590235 -23.837809766 6.109764287 -0.536044824 -0.225553796 0.190838094 0.790798491 3.666898337 9.031070492 3.726489341 1.188501909 -0.139278260 11.364160062 6.964984791 3.506973528 7.910558626 4.092821750 0.869043558 -1.424082495 2.871323734 0.191608329 1.733115452 6.627856153 6.552993214 3.399408750 3.517375828 6.346911486
13.653911172 -23.215902561 2.297538163 0.178108909 0.225705754 -0.927870278 0.237467631 5.850915573 2.770010452 4.336596793 3.050925652 8.658805969 6.231631328 5.895766080 5.386768632 -0.317335495 4.536549983 5.177580713 7.294456536 1.000974553 3.414825129 0.611108691 6.211148492 4.942192665 5.523420111 5.499248481 2.719023365
13.624788425 -30.072759140 -3.384799510 0.163749018 -0.953732107 0.247643050 0.047478917 5.721452587 5.847598821 1.925090480 2.790342538 2.006444191 3.489819262 0.995135711 1.967075451 2.326236235 -0.540743444 3.528105037 5.212824133 7.297380869 9.577408491 6.590761189 -3.015833133 2.509551303 4.454870773 4.545813832 3.623117943
7.972858333 -29.535314489 -1.843064092 0.107492074 -0.335443385 -0.930001046 0.104982116 8.028762236 1.556590201 1.906163706 8.479934424 2.150241732 1.029854802 1.842157561 11.052133535 3.509133144 5.718591854 3.180681646 3.541477025 3.592537104 2.061921063 2.774813853 0.241629021 7.250158093 2.350884875 6.773616173 1.511382616
9.003020956 -23.578732513 9.757796837 -0.433681091 0.009510952 -0.898832592 -0.062691504 3.900704592 3.907745098 3.536736067 6.347668172 4.624324584 7.319693474 6.014512737 5.528815605 -0.803714836 4.744507677 -3.669666980 4.637189082 1.877140639 8.259245394 0.148355166 7.128814468 3.779777153 0.224038659 4.011254860 2.268809522
12.127567601 -28.979371327 -5.617545165 0.698313980 -0.280276353 0.494760167 0.434758701 -1.073210444 5.624016777 0.788741945 5.425196941 4.603302631 -2.760508429 0.724768909 3.904688056 -1.335737463 1.795725444 2.239380187 7.224853057 9.999082582 4.697634416 -0.939063110 -2.939894342 8.261843455 7.464998530 4.517067325 2.645444616
12.939382099 -24.827523934 0.229036040 0.232095633 0.669841999 -0.558958641 -0.430126204 -2.388222185 4.174924151 6.857601376 4.533078078 3.753189567 8.171314697 7.737665092 9.827748061 6.082750085 2.887737073 3.379184181 5.691960225 5.538074194 -0.373307879 11.296750931 9.512752759 5.074841048 8.216145465 8.101280842 4.230131629
21.589455519 -29.546175939 3.425420760 0.235180365 -0.806791518 0.167488917 0.515485310 6.422777167 6.750646110 4.872640367 3.572523684 2.734240384 8.158579488 9.771527655 4.305165183 5.024670015 3.400516116 3.172818713 -1.459034759 4.243418487 -2.260564296 3.328369278 4.402579875 4.010361830 0.549450526 5.217481577 5.021067225
9.662793569 -32.569745972 1.267897543 0.630021523 -0.750968976 0.105743159 -0.167143240 6.169661422 6.295479416 2.327711285 9.657492542 6.321814149 1.876503726 -4.013966797 2.602209029 4.467412000 2.118075760 4.417030176 3.444938563 5.270004698 7.188358340 2.599446924 1.488612884 2.377386801 8.124071734 5.556947744 4.837318318
20.823931376 -30.027406562 -2.587296660 -0.513022770 0.809859170 -0.170447902 0.227779005 2.941589824 9.179428590 2.440594829 4.054010359 6.605671733 3.784858088 8.772244674 -0.324816041 1.269654039 2.648154305 5.975415325 5.754426248 4.589688844 6.220049665 7.757361327 8.079009117 6.098197196 0.541533252 5.673290662 7.726534283
14.242674730 -24.460719335 9.254285728 -0.049847102 0.225532447 -0.906500763 0.353421489 5.373359387 4.895132623 2.667045329 1.328856028 0.731405833 2.351657224 6.680661916 4.349921119 4.350537981 5.143566887 4.317241447 2.326415966 4.964805567 6.863053622 1.654388220 7.001759380 2.217009233 2.786645581 3.048686573 2.832311762
15.713572028 -32.891737921 3.099659310 0.134586241 0.025959207 -0.633589929 0.761430539 4.159174171 7.909952767 -0.418692575 5.913586913 10.759971835 8.706477042 3.732049587 3.755412149 4.319935562 7.274041922 6.890653196 3.844629468 4.675491366 6.883065201 8.787763795 1.428721863 6.257295542 12.137695443 6.368587134 -3.560304601
8.568406086 -25.499576580 1.877160248 0.504987369 0.809831811 0.099137905 -0.281659139 8.860474004 1.961215725 0.241509056 8.851135603 6.128485652 10.531921327 0.042786514 6.122155114 5.160562680 -0.634780968 -0.437513016 2.643810488 5.859513225 7.317865306 -0.744807313 6.536837456 6.412535838 -4.825402802 4.987581365 6.450833620
14.946624329 -20.787564379 4.552700956 0.736765204 0.225770657 -0.617462409 -0.157939286 8.395447134 0.715973297 7.148889793 4.685917880 4.179576612 0.581992402 6.713646995 1.261678616 -3.323887723 6.948178034 7.719419291 2.826758492 5.692317887 0.823373666 1.988226058 -1.740053420 1.105731631 8.550685667 -1.579480492 5.944473612
17.465460215 -33.973829469 10.936878169 0.411172237 0.088847646 0.463101890 -0.780115457 5.030145499 5.386285136 5.039643998 3.010897185 -0.983270793 6.400456315 -2.116473451 5.740228579 12.003877268 2.640506735 6.525587151 3.149745233 3.264395345 5.433994975 1.001305840 2.428369929 1.212528978 7.841086935 4.976974775 4.584630480
17.738302200 -31.374340805 10.660141832 -0.373921325 0.237018190 -0.566421034 -0.695106059 6.279875383 6.146231282 3.734304749 4.678719262 8.750888235 0.192024897 -0.593725664 3.200613793 0.916773528 1.564041406 6.128008642 4.147426577 2.431326979 7.941701514 2.969650253 2.031592560 1.259825943 3.215437917 2.411406706 10.410194606
18.924674824 -25.092758092 7.386397769 0.328783663 0.390337307 -0.703259229 0.494938933 0.273961481 5.641417071 4.062678328 1.713913202 1.632080753 5.595833685 7.805171500 5.303075346 3.944597768 11.155472740 7.902760489 5.911817861 6.613789416 9.047901483 6.031025378 3.420932698 4.771162708 6.751314571 8.338346340 7.866918803
17.718179926 -22.609905627 8.454115150 -0.911386359 -0.374294522 0.166223247 -0.040599837 1.391191239 1.901297181 -0.388656692 10.774934552 3.757803198 4.265034437 5.532312128 3.606369055 0.732257525 3.849638590 12.728009051 1.182216880 3.870919015 10.210357162 3.090796905 5.420406018 1.995226524 2.473121865 1.853042078 2.262288608
8.725493257 -34.253284793 5.865024618 0.391841818 -0.562264413 0.482989756 0.545013408 4.036933668 0.533241539 2.787394230 5.991206094 5.932816132 7.142436932 -5.590689184 4.890992424 8.243509918 6.536934726 7.664812564 2.725590679 3.732130579 4.624990524 0.683801206 5.042618609 3.753299534 5.122980440 3.532751417 5.128308314
8.254813190 -26.524628449 8.916828046 0.579319499 0.396450757 -0.348840608 0.620907357 1.444245053 -0.922917733 1.013685560 2.764381784 10.200656475 4.693650403 6.142147120 4.605803609 4.202169870 4.357571314 2.975331966 4.837864730 5.997933021 2.298038091 3.402509156 5.811266467 6.987936144 2.009413688 4.224276318 3.067720596
18.058209351 -34.905097595 2.604973377 -0.042441839 -0.828202123 0.481422715 -0.283746548 4.749717628 4.369910311 5.652470426 -0.235184739 6.593347290 8.171135783 8.151545159 1.995303982 7.299884797 1.140636468 5.406032049 6.776113107 2.040047390 0.835896637 2.726934160 7.213042547 5.684051104 4.323751134 6.240720999 5.735632066
8.348835717 -26.827447483 -3.111082081 0.530375083 -0.426458442 0.208844244 0.702295914 -1.826122962 4.134278378 4.874413928 5.226217298 1.180226005 0.757776647 1.838134830 5.077891019 5.207854931 5.636235845 3.348746559 -0.296077914 6.457285038 3.371588767 3.734755108 -1.274888783 -1.469733092 8.979736353 1.734713742 6.040563567
14.622865524 -27.983183663 -5.022258937 -0.561123032 0.822529565 -0.091609786 -0.013917785 2.816554738 1.670535875 4.617497202 0.838884833 6.689512409 8.347422343 7.805594166 1.217138428 9.455133432 6.104695316 -1.345669748 2.659414082 4.389150800 5.959517492 4.912321140 5.207819315 3.547167866 4.198799452 5.133051851 0.253365139
18.798592761 -29.423523120 11.815008983 -0.244440936 -0.427113482 -0.847407212 0.199308100 2.807646742 0.652493157 7.023517004 9.134661261 2.719806335 2.033829441 12.404060108 4.004784217 -0.748243614 0.956838480 4.582959569 4.844184595 2.718148893 3.655834415 5.755785741 5.572114396 6.233129845 3.545934688 4.578838169 0.571971369
15.958046676 -31.418996377 0.101867605 -0.890655778 0.167292356 -0.274063752 0.321923301 4.857084736 3.518838470 7.945681367 4.370176546 5.016388184 5.218283564 2.131167172 4.011519290 1.615489953 4.812852909 4.289166184 2.121613076 6.749950663 3.456256119 5.468478374 2.275980581 6.848953513 0.132199314 5.162796406 7.897447265
7.932997789 -25.048270090 0.638076059 0.383446271 -0.916263644 -0.055693714 -0.101627274 -1.956828029 6.057975510 7.549021420 4.041080829 2.501693293 5.084854493 1.521958484 0.153614456 -0.334329451 3.969202251 3.546186195 -2.796600129 1.680297420 1.287357777 1.528270583 7.771773687 4.661896243 -0.508192033 9.405884863 4.656292135
11.943882552 -30.319129172 2.924150735 0.197863212 0.362576426 -0.118465078 0.902969828 4.794288604 4.167611554 5.397947770 5.202461247 4.475004080 4.663840137 5.435762134 7.255670256 5.506765158 8.246041288 -0.588865649 3.801238455 2.913489879 -0.367396158 0.735056373 8.449239778 1.542091147 5.276343562 5.750666384 1.093157425
18.646924715 -25.749138290 -4.294021716 -0.309324685 -0.284016026 -0.351396621 0.836763737 5.082696149 -0.217864339 7.813958202 9.024386120 6.921997304 1.525040784 2.690279635 -0.742381994 1.548398439 5.185001203 8.359741659 3.957179819 4.189747558 0.504552290 0.465938796 1.129348895 7.667853856 7.205422035 2.793234960 -1.177359530
6.853603633 -33.146614064 3.346337203 -0.292031332 -0.755068579 -0.295865864 -0.507003483 2.382395335 10.009303333 0.309322707 2.033018842 1.889798950 1.784160761 4.209578562 1.878914382 3.606219217 4.980038864 5.372328632 4.109556972 7.081716476 5.994730514 2.326489612 2.050199830 6.782226975 2.617331174 2.017164800 1.684731871
18.891278437 -32.673378818 -1.293815247 0.213333665 0.239788901 -0.573999667 -0.753335525 6.270225534 3.570180965 4.537391775 5.443623453 4.028008631 0.239750914 -0.302117561 6.298793695 3.411110268 3.648763950 9.356678508 5.291751813 6.708162027 -0.274993289 2.281933435 2.920423809 9.713436612 4.642668762 6.172967420 7.871201651
16.393914994 -36.955943144 9.470703527 0.227515603 -0.096574829 -0.865982839 0.434722527 4.920067415 5.510870544 -1.313662913 1.057966155 5.592912862 5.936072962 5.613592840 8.672932354 2.936189386 10.776441879 7.197395302 5.220965711 5.181043101 3.564601654 -4.559406040 -2.660275268 0.077009351 0.260742049 4.727426511 10.066684464
14.103018316 -28.030464728 0.825693496 -0.181993588 0.194020299 -0.757673748 -0.595957170 4.258563321 4.070743783 2.498475918 -1.003125871 0.444907772 6.433660060 0.864730237 2.503290348 -1.543173254 3.001827741 5.783813188 5.327345613 4.314309557 0.266784965 3.521176901 -0.166233350 3.449452625 2.516127152 5.903308598 8.578400758
17.847151408 -30.278499813 1.249496977 0.749818012 0.173515111 -0.601985256 0.212789112 4.437668685 7.493021139 -2.346391102 -0.642399440 1.797821748 -1.053904678 4.253662329 3.934923454 4.326964100 2.454427217 10.228968581 5.593789938 4.305267571 -2.475340059 1.730520951 -2.365345690 -1.841158722 11.124086434 4.697174260 7.462344905
15.512430335 -35.862452038 2.750478764 0.513506924 -0.692930403 -0.342411719 0.372709419 -1.030149105 1.124804460 0.921830927 7.635626374 -0.734891231 -0.770170373 1.403753114 -1.527577427 1.175502527 6.276294206 3.438574848 1.455578808 -2.703823518 7.757122572 1.822215959 2.001550646 1.935537374 -0.261747341 -1.874015330 5.687370662
15.875187262 -20.801495888 2.899952635 -0.753190532 0.579406703 0.273824862 0.148363878 -1.081574482 0.281951947 7.869382871 2.225497214 2.518814831 -2.447181371 7.172794134 5.096923692 1.757676426 -2.446171290 6.893391632 -1.470935695 2.433237488 1.271149837 6.996029099 4.403110532 1.206631445 4.360719491 8.142772024 2.993438359
17.345498035 -27.020485561 3.672831160 0.687587971 0.609067104 0.304674981 0.251859488 -0.104624950 6.006971060 -1.835413267 5.596448035 9.391729727 8.780173446 8.713552467 2.383395893 1.845531109 -3.259268599 0.663997512 3.530410067 0.611589246 4.983946885 5.240417938 4.592222453 4.881855882 -1.228879275 3.409811303 5.614335773
15.291426118 -35.307106327 -3.679715801 0.344090483 -0.187812898 -0.497123485 -0.774077706 6.385714609 7.925377310 -0.795594262 2.721769773 2.391161675 1.675309291 1.898045950 2.319459101 1.241682216 4.545798002 7.329437845 -0.914663904 3.343897452 2.167499159 5.749174157 7.804122163 4.110778695 -1.763720651 7.780188533 6.776150537
20.519230659 -25.507700053 -1.986038022 0.981975678 0.165961560 -0.088394212 -0.019157047 0.126491702 7.177513946 -3.079895019 2.505865345 6.829120478 4.152044875 0.272006901 4.723375789 4.459133911 2.634212211 2.495164046 3.400479395 3.186452508 2.073234969 4.300987335 7.703081327 1.678107326 1.380719351 6.927591620 4.741299160
20.471403864 -33.000256214 6.674742673 -0.485908119 -0.337044976 -0.478583452 -0.649039184 7.245896356 2.715132634 2.718001991 2.635047786 0.678489017 0.086522254 5.662566980 1.829339236 4.033238648 4.471703848 5.210093497 5.058018657 -0.687144399 3.796231658 4.664043309 4.729443885 7.124026938 4.492817661 -4.965724113 6.242837234
11.114234681 -30.791327690 5.605633997 0.031146764 -0.804105447 -0.508114421 0.307024503 5.838080895 5.262768777 6.782961152 6.717797289 2.104131063 0.358352946 5.426192832 -2.013879573 2.565474885 2.024741503 6.740150101 3.522097534 2.209242027 7.973991823 5.111911537 2.736377298 2.815432008 4.926995409 7.268486116 4.430384373
5.899821981 -31.083464968 2.389607781 0.132423618 0.599210050 0.690278199 0.383310982 6.878971777 1.121687155 4.046667196 3.554595824 4.512027945 2.116346865 2.211157412 8.180912468 -0.588821684 7.070594192 0.018587243 8.803227235 -1.915854421 6.607852532 -0.047272912 3.732873001 -0.322548089 5.994447583 2.205737685 1.876657499
14.266368762 -36.223080323 -2.660302392 -0.192423551 0.324849497 0.780579605 0.498137995 0.772278651 7.232908033 3.900573261 -0.090478529 1.427769819 4.407780651 9.194997125 5.739144872 2.745361269 1.082167449 5.011536623 6.574844608 -1.354982689 -0.243967126 2.511794157 2.103437477 6.926921840 0.390180117 4.835608125 11.405513161
21.741459275 -31.987896811 7.186443606 -0.073540910 -0.048525439 -0.991374403 0.097024782 7.516378290 -2.057442460 2.929750180 11.642131012 7.776286135 2.999842461 5.895394668 4.239316741 6.247872313 3.510709302 6.030060877 3.666276267 3.874930226 3.473912274 5.426523101 5.992878692 4.122929989 4.594435567 1.237957086 12.285281726
19.584439291 -33.975914818 1.498876571 0.127208508 0.230058490 0.395120645 -0.880210635 7.959924996 6.431652851 3.632641356 2.571792648 7.576507935 -0.007481542 6.534988857 2.350240017 5.057525452 7.173414379 6.471673132 6.086041828 -0.128323175 3.025295463 3.335004311 4.459451091 8.134747663 5.975135304 5.140259197 1.287221168
10.881561562 -36.460236112 -1.309331798 0.209296486 -0.164603155 -0.689640986 -0.673421185 0.813869821 3.273947940 7.506666449 5.819390775 11.971920386 5.227807322 4.832144074 8.787536936 1.937370238 1.181920131 4.415520442 6.364427493 5.383447979 12.786143869 3.669110847 4.715510362 6.452358836 5.333903813 4.640367744 -1.761829834
14.772344623 -26.133638992 -4.568505803 -0.068185379 0.523515904 -0.824568305 -0.203393616 10.000607529 9.120493628 2.374233527 7.110128854 8.361350218 8.614641086 6.643305443 4.717224434 1.700747397 7.264836631 6.328534969 3.346627076 5.444650089 6.875848430 1.487769774 4.708847822 1.052255850 5.302697322 2.140637580 1.166049508
18.666874299 -29.760357975 8.967734027 -0.011109054 -0.079960982 0.905227874 -0.417187399 5.076547584 3.215945925 -1.960861840 6.499875179 3.060697642 4.349385036 5.530937120 8.805855193 3.949940192 -0.019697790 2.811462931 2.433461824 -0.907903603 4.912518798 9.804899528 7.322922122 0.824201819 4.926135636 5.757235360 3.470305760
9.837242395 -27.234794985 8.382025300 -0.297813009 -0.043410477 0.064143812 0.951477017 1.224052877 7.525024395 0.321885442 3.252543687 -0.288078312 -1.390459797 5.691058141 5.991595548 8.405487572 3.295380294 -0.192362515 4.895635473 1.808399772 7.393729868 5.180286243 3.000892917 9.264316075 2.352740051 3.154732432 7.413549703
18.097211549 -27.346500755 9.080445413 0.476547820 0.478710696 0.148387447 0.722301468 4.648191677 4.159283465 0.474247138 5.331561265 3.482765044 4.242267530 11.062502639 7.547548323 1.941868934 5.986356033 6.881597616 5.717525349 4.881275326 3.913260122 5.914387301 4.234991190 2.366736995 1.127155009 5.581309172 4.364733301
14.245990962 -39.165347422 3.353863511 -0.143075048 0.048644714 -0.001862610 -0.988513911 1.801375639 1.778368524 5.423452313 7.216833182 8.282321111 1.210625077 3.318065686 6.834833145 8.328341523 1.381159885 5.039603133 5.148180133 4.903703323 10.189581404 2.789165033 2.582130786 3.032946746 3.097217188 1.328454388 4.808307033
7.444834776 -25.980517868 0.898580971 0.739155343 0.094007821 0.105411925 -0.658559211 1.473569302 6.918240852 2.359474793 -4.053378240 5.261867873 4.415696491 8.266396861 0.763716886 4.326979552 5.132449338 3.960324055 4.357031344 -1.104593732 5.015144428 5.264472579 3.392054180 3.729642979 0.922916727 -1.498023410 -0.293108948
20.450527287 -25.232836751 7.803852783 0.087732398 -0.772709578 -0.528511001 -0.340439505 4.572353279 -1.530449633 5.816422254 2.721979893 5.013153671 8.745217366 6.066307841 6.976611921 4.873453792 2.638664788 4.492326936 -1.536938858 1.359854557 2.752043272 4.635959184 5.923603686 4.080829475 4.415604947 -0.206256444 2.344659455
12.526614874 -33.190496640 2.958398919 -0.253894104 -0.431418180 0.391017975 -0.772347772 5.025320533 6.352334343 9.369149140 8.436344237 7.237126517 9.856399151 8.326131359 -0.527626900 -2.744326377 5.952708310 5.341676705 3.061106707 0.961886939 4.700585670 6.715709902 5.475626427 4.736068222 6.143163512 3.446752241 3.350977188
15.411151427 -23.986091030 8.836941216 -0.852371875 0.284852303 0.219152395 -0.379859948 8.876392604 2.333349568 6.484747706 1.564929118 -0.277251614 3.335782064 4.005494473 3.192922245 3.830935173 0.665333008 1.659896624 4.365093124 -1.063969592 1.783391178 9.015685818 4.274825829 -0.670849590 0.244017999 4.446880795 10.623842477
12.912269731 -30.852096332 -5.927977075 0.622823412 -0.597654994 0.501202486 0.060791231 7.683115926 -0.810867671 0.615066561 7.107455915 0.803479316 -0.895987363 3.934764231 3.386048834 2.023527676 2.686852861 5.837985898 9.565679941 1.216406488 1.602041124 1.333692807 6.540291158 0.480649565 7.757781181 4.024753089 3.195967251
13.492869873 -30.319059962 -0.167155341 0.779963181 0.200307996 -0.515064471 -0.293671133 1.005374357 2.780296721 7.409368079 2.335037207 3.770006484 2.656368959 5.781736027 4.911620374 12.064017999 1.077399407 -3.480411844 7.760604314 2.277718846 1.677956653 5.409677629 6.993155566 9.309176613 8.907187393 1.487649258 5.074561221
7.255666010 -36.098843938 3.510214709 -0.675837747 0.312954953 0.172881164 -0.644526679 7.347942919 9.377350873 2.288781140 7.354599738 0.894031041 3.925369901 8.081177227 7.191775828 5.014534873 2.826550682 7.339378709 7.447640563 5.798231047 6.835193909 4.397624285 5.558513087 3.993015863 4.331459645 -1.050876629 6.163302143
19.442459242 -33.302639124 8.863606424 -0.387189251 -0.092044980 0.646609075 -0.650775622 0.907671459 7.435891756 0.321395652 1.705306222 4.571758640 1.697531808 0.880043617 -1.072224941 2.570090820 4.685646355 1.999032906 2.554238801 -0.897626134 2.868570564 8.008172849 3.120708892 8.523085430 2.594109257 0.928544960 2.744794424
15.692984798 -20.828484709 7.612026597 -0.782912309 -0.443485684 -0.416728496 -0.129252177 2.300259639 5.407840333 1.966804986 6.667899656 6.140542047 2.305097740 4.239573702 3.445593292 3.113384624 0.800658073 2.696686301 2.233478978 4.760412004 5.427255920 2.513472840 3.000151657 3.568654750 3.524062611 0.639610484 5.686068843
11.903933670 -36.818371014 8.273275373 0.270917852 -0.383845904 -0.078737486 0.879241860 0.920192075 5.628189400 4.750974668 4.351230918 3.753036948 0.874209814 1.870322101 6.334068149 7.143413754 6.706576658 6.759072043 4.777850632 0.010402853 2.694671421 4.793429979 1.493117684 4.446936590 14.280105097 2.133255052 3.882238544
18.329717851 -26.125173807 1.051564489 -0.397176587 0.263538075 -0.710146049 0.518161202 3.243038554 4.530240605 3.306974929 2.077922275 -2.169409954 3.439705124 6.215178409 2.920255144 5.600729639 7.179365825 4.811180565 -0.257663958 5.467365607 10.768145888 5.391770620 3.169296008 5.043924748 4.347049539 0.708168793 3.553971466
15.433595863 -23.953953424 -3.891601173 0.278528120 0.899994491 -0.116038644 0.314590267 3.668372883 -1.180546072 1.802210071 8.629987301 4.599267543 -2.121002987 3.956508320 1.029780280 4.669625772 7.820814914 -1.648060052 3.438970039 3.928495338 4.059438566 7.219025355 4.787577553 -0.532206928 3.031114555 1.168124582 -2.130101567
15.618233847 -33.143262710 0.072784029 0.293174246 -0.895271491 -0.231434528 -0.242849498 5.749094634 4.101701328 4.594888478 3.621990494 4.492701957 7.272435574 3.619876605 3.301060874 2.233287635 7.997651811 3.984836390 5.383721971 6.265347362 3.696202474 4.086715533 2.183595186 0.574034561 1.711893243 5.846692562 1.665782096
9.186470089 -32.935811791 -3.249791361 0.323573225 0.931381145 0.067131037 -0.152718546 5.743824307 6.897145789 -0.028752113 -0.950678585 2.694857022 3.867645159 3.418401518 0.641018947 4.635159335 0.856460329 -0.079491233 5.776539571 1.060208584 -3.972733058 -2.015284892 6.660210927 2.356380946 4.966288055 5.128194455 6.621710901
17.569198736 -21.471413152 1.465829981 0.115769948 -0.323948445 -0.589384916 -0.730944694 8.027887820 2.285319754 3.708022899 1.724385098 5.749553249 9.686865396 3.529899929 2.113313216 1.637730176 -2.264894112 5.187513332 4.515255704 2.304038810 -0.717437214 -0.562958177 5.485142093 7.588156958 2.993840096 7.873242162 2.224820105
12.646326154 -36.481084237 2.019488112 0.551445755 -0.788217191 -0.226283710 -0.153025885 -2.053660049 7.099764484 11.805042489 -2.249335767 5.284291662 0.087560159 2.352279809 3.086227098 1.524906466 6.446283506 -0.796184513 12.796393541 6.907765183 0.403842693 8.483350093 8.215667508 5.107842712 5.652769680 7.127916340 1.881121472
16.724814533 -28.390060036 -1.024392933 0.502269471 0.140124875 0.771373831 0.364791462 0.441564385 6.121467116 0.295189815 -0.771333262 -1.763906742 8.619322896 4.681547202 4.347871060 0.582716584 6.465355765 2.571852629 4.445009009 1.512417006 2.728894778 6.301622524 4.372489662 4.636743934 5.881353866 5.844765387 9.693729330
17.670282706 -27.810887327 11.854530832 -0.092166022 0.897274639 -0.142613958 0.407510621 -2.392908428 -1.723582770 2.461313805 11.237610585 9.889163381 2.905356946 3.370116488 0.975523451 6.313851837 0.809088362 5.032569605 2.028164248 -4.208334399 3.729171094 5.484776873 6.950479643 0.824906103 -0.990764000 5.523355365 4.982496736
14.848702067 -27.145816413 13.128693442 0.132449984 -0.930511370 0.237753873 0.245109543 0.572418631 3.847648572 4.604293932 1.699618810 1.979951883 3.611484965 1.688135605 6.338428580 5.062830775 5.066306579 3.243558228 4.201359338 5.269154454 4.551947345 7.702852786 1.232493682 -2.277838248 1.585098862 8.345518762 5.676322271
18.407113108 -37.996168140 2.200305344 -0.381755723 -0.285526105 -0.255794410 0.841015238 6.898518650 5.958508555 1.135001322 1.961151903 4.547382516 8.674184583 -2.195853167 3.295636614 0.940520875 5.214707696 -0.996622745 2.158710475 6.530681119 11.074273603 6.624500686 5.795770213 4.009817053 4.023624465 9.256147510 3.504840629
18.169658521 -33.306807995 -4.107500312 -0.896717088 -0.109543165 0.173952722 -0.391968379 2.945464816 -1.958819545 -2.562408124 5.614706913 1.924428749 7.728520340 6.501848105 3.360109827 2.732710949 4.591413364 3.469761376 1.293846653 4.851804410 11.031857226 7.022159632 3.623167638 7.915547958 5.250308965 1.641228966 2.726489062
14.590114323 -28.380055279 7.789063624 0.586912308 -0.773939237 0.236496566 0.024927379 8.801144919 3.653484076 -1.079416679 0.893324502 7.177026877 7.562960644 5.506842049 5.948506947 2.391133166 6.434309718 2.492220946 2.897264584 2.979078847 3.011018455 5.811905876 1.087124234 5.074724106 6.956650239 4.899526431 5.450005315
18.546400035 -22.029729194 2.401803978 0.015627203 -0.752475813 0.658352389 -0.010395843 0.631257356 3.783338780 0.792409931 1.790628571 3.454607114 -0.599887113 8.000500620 2.392163076 8.062299458 2.603270337 5.620442264 6.546448384 1.542261916 8.578529611 9.022194754 3.907683697 8.875096001 1.717682662 5.167520461 4.835910532
15.798983725 -29.558226262 1.863498149 0.291624857 0.780194836 -0.390984695 -0.391640051 2.251203473 5.800790738 0.704665818 5.186353486 -3.738104296 3.603396133 6.553293016 5.963566483 2.973060688 -0.446571018 5.610196180 8.224648855 6.492889215 3.876279840 -0.542818546 0.240102067 0.493425983 5.649492842 7.342572088 -0.523923025
11.157922183 -36.344657991 1.986580064 0.802634344 -0.164070923 -0.545119810 -0.178054024 4.997548340 9.014222655 7.595589436 0.467172797 7.640085786 1.737261357 0.077401330 -2.628517261 -0.478543240 3.784673851 2.148459000 1.375547693 0.968095902 8.629416937 2.690922830 1.691866055 2.587593886 4.199085854 6.309209338 3.371611192
5.138460876 -27.281204024 6.066533992 -0.242797327 0.153459666 -0.129106931 -0.949121167 5.272324328 6.289716123 6.891645408 5.163530973 -0.364523943 5.596821027 5.641561297 3.596668334 5.038761466 5.771413404 4.417315225 3.971097578 0.406627471 1.084956161 7.298130805 11.175803592 6.723853764 -0.671336270 1.858831718 4.791082071
20.287918423 -30.654066048 -0.335817861 0.269489493 -0.218451625 -0.855219877 0.385036704 -0.998457701 7.130519893 13.534234368 1.864130840 6.479086881 4.166892507 7.983731472 5.108674534 2.172982174 0.092052270 3.339249554 1.728353406 5.066370129 9.260307263 3.390277808 5.841815256 0.290170401 5.858938177 1.647014319 5.120243886
18.648419652 -34.130688956 7.437362411 0.775635212 -0.310403270 0.330037407 -0.439448676 6.300086963 2.081482606 5.653806562 5.969458203 2.523129563 2.876134620 3.922287356 5.251370891 9.339269771 1.753404555 11.061920776 5.167284370 4.051480939 4.335150689 6.074854305 4.203289335 4.652957979 4.643316099 3.639529875 4.358018253
11.924806667 -30.176975691 8.440087369 0.640368906 -0.021447503 -0.648288530 0.411326697 -1.935553926 2.174267028 4.016700769 4.206645951 6.103496396 6.876786302 6.940182075 -0.501082216 4.903079962 1.469902094 5.312205483 4.105158719 2.017813058 3.486074396 4.798148928 6.952694406 4.614429655 2.592038559 3.949731292 10.490803094
18.509965254 -27.332516109 7.062501010 0.585922188 -0.653239301 -0.211257403 0.430515870 5.921776089 10.227253671 2.725846701 -1.164352673 3.703006711 7.490760005 4.873128069 3.523492352 5.301871194 1.002078128 3.237298601 -1.726662603 4.894781176 9.663327310 4.246192469 2.465823885 1.780318812 3.456472853 2.992684093 3.996919785
14.572006812 -35.688569000 4.471228842 -0.474332366 -0.295492533 -0.713955996 -0.421852824 7.543101458 0.947540162 -2.115856369 3.961286135 2.440452044 3.918697276 2.524706270 5.358224405 4.687372328 4.217729986 9.637674261 4.904480825 1.183156731 6.224744688 7.396122869 7.682245939 3.994354306 4.242261321 -1.623574282 4.822417193
14.722800375 -23.580186532 0.499660336 -0.661392011 -0.216899469 -0.576887219 -0.427453348 6.744638992 3.200325161 1.029303232 2.614037430 5.529961247 6.787937748 1.815975581 4.970770485 9.200512309 -1.331823673 6.426490160 2.445547153 3.547907638 2.185687125 5.488079202 0.206385670 0.840898369 2.857057284 6.517288640 5.649157889
9.823116776 -23.879216248 9.432709061 -0.017961423 0.900584368 -0.250509833 0.354781633 5.663597616 1.132045598 5.499675991 4.485833425 3.310174893 3.502703046 4.090466572 2.821342357 4.462074084 3.411708225 -0.483122297 6.777633331 7.377053141 4.850142439 -1.957230475 5.501375224 5.691000380 0.781065091 -4.726978852 3.291569754
6.718507375 -35.114028013 2.984146339 0.091148000 -0.828072962 0.382382843 0.399713113 9.086203412 6.431237281 5.259362774 6.835358675 7.758679624 4.364101700 5.349300507 1.211112045 5.470695468 6.716361964 3.518070012 1.414334675 3.256684026 2.440175545 2.244173443 7.149244150 3.319792526 2.306294378 2.307934625 5.396569537
14.197992721 -31.442811960 10.576351565 0.067699031 -0.426649534 0.900477909 0.050264814 6.470282068 2.338621601 9.523082699 8.050606804 5.023869958 5.461538233 1.933977387 9.000719417 9.027739459 -3.726174063 2.838652337 7.252748515 8.842928578 4.230306430 6.116251902 5.205277417 8.861712963 6.439137637 -0.118054321 7.377347993
16.025953525 -25.510805634 7.886305629 0.028886994 -0.352563174 0.931147363 -0.088483543 2.778818361 -1.104893256 3.260675000 4.486590349 1.773192152 0.583253277 3.272889166 4.482357038 4.385615186 0.879444134 7.737114977 6.186622125 -0.553595581 6.662517314 5.473007218 2.754403120 0.841377157 6.097302596 8.624822603 2.675930214
